n,adm2,motion2,ms_ssim,psnr,ssim,vif_scale0,vif_scale1,vif_scale2,vif_scale3,vmaf,mse_avg,mse_u,mse_v,mse_y,psnr_avg,psnr_u,psnr_v,psnr_y,ssim_avg,ssim_u,ssim_v,ssim_y,input_file_dist,input_file_ref
1,1.0,0.0,0.99996,60.0,0.99996,1.0,1.0,1.0,1.0,100.0,0.0,0.0,0.0,0.0,inf,inf,inf,inf,1.0,1.0,1.0,1.0,/tmpdir/crf_16.mpd,/videos/BigBuckBunny-2160.avi
2,1.0,0.0,0.99996,60.0,0.99996,1.0,1.0,1.0,1.0,100.0,0.0,0.0,0.0,0.0,inf,inf,inf,inf,1.0,1.0,1.0,1.0,/tmpdir/crf_16.mpd,/videos/BigBuckBunny-2160.avi
3,0.9979,44.56571,0.99952,60.0,0.99957,0.99544,0.99972,0.99986,0.99994,100.0,0.01,0.01,0.01,0.01,67.98,67.6,67.06,68.36,1.0,1.0,1.0,1.0,/tmpdir/crf_16.mpd,/videos/BigBuckBunny-2160.avi
4,0.99453,44.56571,0.99857,60.0,0.99868,0.98815,0.99912,0.99955,0.99977,100.0,0.03,0.03,0.04,0.03,63.18,62.86,62.38,63.49,1.0,1.0,1.0,1.0,/tmpdir/crf_16.mpd,/videos/BigBuckBunny-2160.avi
5,0.99666,45.46544,0.9961,60.0,0.99627,0.98421,0.99905,0.99957,0.99977,100.0,0.05,0.06,0.06,0.05,61.09,60.7,60.21,61.44,1.0,1.0,1.0,1.0,/tmpdir/crf_16.mpd,/videos/BigBuckBunny-2160.avi
6,0.9991,0.19263,0.99404,60.0,0.99426,0.98624,0.99939,0.99973,0.99984,100.0,0.04,0.05,0.05,0.04,61.76,61.42,61.18,62.01,1.0,1.0,1.0,1.0,/tmpdir/crf_16.mpd,/videos/BigBuckBunny-2160.avi
7,0.99889,0.19263,0.99405,60.0,0.99427,0.98581,0.99935,0.99973,0.99986,100.0,0.05,0.05,0.05,0.04,61.46,61.3,60.83,61.68,1.0,1.0,1.0,1.0,/tmpdir/crf_16.mpd,/videos/BigBuckBunny-2160.avi
8,0.99918,0.34033,0.99405,60.0,0.99427,0.98688,0.99947,0.99977,0.99988,100.0,0.04,0.04,0.04,0.04,62.2,61.97,61.68,62.4,1.0,1.0,1.0,1.0,/tmpdir/crf_16.mpd,/videos/BigBuckBunny-2160.avi
9,0.99894,0.08989,0.99405,60.0,0.99427,0.9863,0.99939,0.99973,0.99985,100.0,0.04,0.05,0.05,0.04,61.68,61.47,61.1,61.89,1.0,1.0,1.0,1.0,/tmpdir/crf_16.mpd,/videos/BigBuckBunny-2160.avi
10,0.99912,0.08989,0.99404,60.0,0.99426,0.9866,0.9994,0.99974,0.99986,100.0,0.04,0.04,0.05,0.04,61.96,61.75,61.38,62.18,1.0,1.0,1.0,1.0,/tmpdir/crf_16.mpd,/videos/BigBuckBunny-2160.avi
11,0.99893,0.24831,0.99405,60.0,0.99427,0.98627,0.99937,0.99973,0.99986,100.0,0.04,0.05,0.05,0.04,61.65,61.32,61.14,61.88,1.0,1.0,1.0,1.0,/tmpdir/crf_16.mpd,/videos/BigBuckBunny-2160.avi
12,0.99914,0.35303,0.99406,60.0,0.99427,0.98699,0.99946,0.99977,0.99987,100.0,0.04,0.04,0.05,0.04,62.09,61.84,61.44,62.34,1.0,1.0,1.0,1.0,/tmpdir/crf_16.mpd,/videos/BigBuckBunny-2160.avi
13,0.99892,0.08958,0.99405,60.0,0.99427,0.98651,0.99939,0.99973,0.99986,100.0,0.04,0.05,0.05,0.04,61.81,61.51,61.24,62.04,1.0,1.0,1.0,1.0,/tmpdir/crf_16.mpd,/videos/BigBuckBunny-2160.avi
14,0.99899,0.08958,0.99404,60.0,0.99426,0.98666,0.9994,0.99974,0.99986,100.0,0.04,0.04,0.05,0.04,61.95,61.67,61.29,62.21,1.0,1.0,1.0,1.0,/tmpdir/crf_16.mpd,/videos/BigBuckBunny-2160.avi
15,0.99889,0.2019,0.99405,60.0,0.99427,0.98618,0.99938,0.99974,0.99987,100.0,0.05,0.05,0.05,0.04,61.5,61.16,60.8,61.78,1.0,1.0,1.0,1.0,/tmpdir/crf_16.mpd,/videos/BigBuckBunny-2160.avi
16,0.99917,0.31185,0.99405,60.0,0.99427,0.98721,0.99949,0.99978,0.99987,100.0,0.04,0.04,0.04,0.04,62.28,61.97,61.7,62.52,1.0,1.0,1.0,1.0,/tmpdir/crf_16.mpd,/videos/BigBuckBunny-2160.avi
17,0.9987,0.08743,0.99405,60.0,0.99426,0.98619,0.99936,0.99974,0.99986,100.0,0.05,0.05,0.05,0.04,61.48,61.03,60.74,61.81,1.0,1.0,1.0,1.0,/tmpdir/crf_16.mpd,/videos/BigBuckBunny-2160.avi
18,0.99892,0.08743,0.99404,60.0,0.99426,0.98665,0.9994,0.99974,0.99986,100.0,0.04,0.05,0.05,0.04,61.92,61.49,61.31,62.2,1.0,1.0,1.0,1.0,/tmpdir/crf_16.mpd,/videos/BigBuckBunny-2160.avi
19,0.9988,0.27478,0.99405,60.0,0.99427,0.98614,0.99938,0.99974,0.99987,100.0,0.05,0.05,0.05,0.04,61.45,61.09,60.75,61.75,1.0,1.0,1.0,1.0,/tmpdir/crf_16.mpd,/videos/BigBuckBunny-2160.avi
20,0.99916,0.28463,0.99405,60.0,0.99427,0.98747,0.99949,0.99978,0.99988,100.0,0.04,0.04,0.04,0.04,62.42,62.14,61.89,62.64,1.0,1.0,1.0,1.0,/tmpdir/crf_16.mpd,/videos/BigBuckBunny-2160.avi
21,0.99865,0.11186,0.99405,60.0,0.99427,0.98632,0.99932,0.99971,0.99985,100.0,0.05,0.05,0.05,0.04,61.59,61.3,60.86,61.86,1.0,1.0,1.0,1.0,/tmpdir/crf_16.mpd,/videos/BigBuckBunny-2160.avi
22,0.99894,0.05878,0.99405,60.0,0.99426,0.98678,0.99941,0.99975,0.99987,100.0,0.04,0.04,0.05,0.04,62.01,61.68,61.34,62.28,1.0,1.0,1.0,1.0,/tmpdir/crf_16.mpd,/videos/BigBuckBunny-2160.avi
23,0.99882,0.05878,0.99404,60.0,0.99426,0.98662,0.99936,0.99973,0.99986,100.0,0.04,0.04,0.05,0.04,61.9,61.71,61.39,62.09,1.0,1.0,1.0,1.0,/tmpdir/crf_16.mpd,/videos/BigBuckBunny-2160.avi
24,0.99916,0.13009,0.99405,60.0,0.99426,0.98737,0.99947,0.99977,0.99987,100.0,0.04,0.04,0.04,0.04,62.43,62.16,61.87,62.65,1.0,1.0,1.0,1.0,/tmpdir/crf_16.mpd,/videos/BigBuckBunny-2160.avi
25,0.99866,0.08189,0.99405,60.0,0.99427,0.98667,0.9994,0.99975,0.99987,100.0,0.04,0.05,0.05,0.04,61.68,61.35,60.97,61.97,1.0,1.0,1.0,1.0,/tmpdir/crf_16.mpd,/videos/BigBuckBunny-2160.avi
26,0.99888,0.08189,0.99405,60.0,0.99427,0.98685,0.99943,0.99976,0.99987,100.0,0.04,0.05,0.05,0.04,61.92,61.52,61.2,62.22,1.0,1.0,1.0,1.0,/tmpdir/crf_16.mpd,/videos/BigBuckBunny-2160.avi
27,0.99876,0.0975,0.99405,60.0,0.99427,0.98648,0.99938,0.99974,0.99986,100.0,0.04,0.05,0.05,0.04,61.62,61.18,60.84,61.96,1.0,1.0,1.0,1.0,/tmpdir/crf_16.mpd,/videos/BigBuckBunny-2160.avi
28,0.99912,0.0975,0.99404,60.0,0.99426,0.98707,0.99944,0.99976,0.99987,100.0,0.04,0.04,0.05,0.04,62.2,61.95,61.57,62.45,1.0,1.0,1.0,1.0,/tmpdir/crf_16.mpd,/videos/BigBuckBunny-2160.avi
29,0.99873,0.16413,0.99404,60.0,0.99426,0.98644,0.99938,0.99974,0.99988,100.0,0.05,0.05,0.05,0.04,61.54,61.0,60.74,61.92,1.0,1.0,1.0,1.0,/tmpdir/crf_16.mpd,/videos/BigBuckBunny-2160.avi
30,0.99899,0.22072,0.99405,60.0,0.99427,0.98688,0.99945,0.99977,0.99988,100.0,0.04,0.05,0.05,0.04,62.0,61.57,61.43,62.27,1.0,1.0,1.0,1.0,/tmpdir/crf_16.mpd,/videos/BigBuckBunny-2160.avi
31,0.99875,0.06897,0.99405,60.0,0.99427,0.98627,0.99938,0.99974,0.99987,100.0,0.05,0.05,0.05,0.04,61.49,61.16,60.76,61.79,1.0,1.0,1.0,1.0,/tmpdir/crf_16.mpd,/videos/BigBuckBunny-2160.avi
32,0.99886,0.06897,0.99406,60.0,0.99427,0.98716,0.99947,0.99977,0.99988,100.0,0.04,0.04,0.04,0.04,62.18,61.88,61.66,62.4,1.0,1.0,1.0,1.0,/tmpdir/crf_16.mpd,/videos/BigBuckBunny-2160.avi
33,0.9986,0.08471,0.99406,60.0,0.99427,0.98624,0.99937,0.99974,0.99987,100.0,0.05,0.05,0.05,0.04,61.44,61.11,60.77,61.71,1.0,1.0,1.0,1.0,/tmpdir/crf_16.mpd,/videos/BigBuckBunny-2160.avi
34,0.99884,0.10909,0.99405,60.0,0.99427,0.98681,0.99946,0.99978,0.99988,100.0,0.04,0.04,0.05,0.04,61.92,61.63,61.29,62.17,1.0,1.0,1.0,1.0,/tmpdir/crf_16.mpd,/videos/BigBuckBunny-2160.avi
35,0.99864,0.1396,0.99405,60.0,0.99427,0.98622,0.99938,0.99973,0.99986,100.0,0.05,0.05,0.05,0.04,61.57,61.39,60.94,61.79,1.0,1.0,1.0,1.0,/tmpdir/crf_16.mpd,/videos/BigBuckBunny-2160.avi
36,0.99924,0.1396,0.99405,60.0,0.99427,0.98774,0.99952,0.99979,0.99989,100.0,0.04,0.04,0.04,0.03,62.68,62.38,62.14,62.91,1.0,1.0,1.0,1.0,/tmpdir/crf_16.mpd,/videos/BigBuckBunny-2160.avi
37,0.99869,0.08126,0.99405,60.0,0.99426,0.98651,0.9994,0.99976,0.99988,100.0,0.04,0.04,0.05,0.04,61.78,61.6,61.08,62.02,1.0,1.0,1.0,1.0,/tmpdir/crf_16.mpd,/videos/BigBuckBunny-2160.avi
38,0.99892,0.06337,0.99404,60.0,0.99426,0.98701,0.99944,0.99977,0.99988,100.0,0.04,0.04,0.04,0.04,62.26,62.15,61.71,62.44,1.0,1.0,1.0,1.0,/tmpdir/crf_16.mpd,/videos/BigBuckBunny-2160.avi
39,0.99895,0.01691,0.99404,60.0,0.99426,0.98719,0.99942,0.99977,0.9999,100.0,0.04,0.04,0.04,0.04,62.34,62.3,61.9,62.46,1.0,1.0,1.0,1.0,/tmpdir/crf_16.mpd,/videos/BigBuckBunny-2160.avi
40,0.99941,0.00973,0.99404,60.0,0.99426,0.98841,0.99956,0.99981,0.9999,100.0,0.03,0.03,0.04,0.03,63.13,62.82,62.59,63.36,1.0,1.0,1.0,1.0,/tmpdir/crf_16.mpd,/videos/BigBuckBunny-2160.avi
41,0.99896,0.0045,0.99404,60.0,0.99426,0.98762,0.99946,0.99978,0.99989,100.0,0.04,0.04,0.04,0.03,62.53,62.29,61.82,62.79,1.0,1.0,1.0,1.0,/tmpdir/crf_16.mpd,/videos/BigBuckBunny-2160.avi
42,0.99906,0.0045,0.99404,60.0,0.99426,0.98763,0.99947,0.99978,0.99989,100.0,0.04,0.04,0.04,0.03,62.62,62.45,62.07,62.81,1.0,1.0,1.0,1.0,/tmpdir/crf_16.mpd,/videos/BigBuckBunny-2160.avi
43,0.99909,0.00354,0.99404,60.0,0.99426,0.98765,0.99946,0.99977,0.99989,100.0,0.04,0.04,0.04,0.03,62.58,62.32,61.92,62.82,1.0,1.0,1.0,1.0,/tmpdir/crf_16.mpd,/videos/BigBuckBunny-2160.avi
44,0.99927,0.00321,0.99404,60.0,0.99426,0.98816,0.99955,0.99981,0.9999,100.0,0.03,0.04,0.04,0.03,62.98,62.67,62.39,63.22,1.0,1.0,1.0,1.0,/tmpdir/crf_16.mpd,/videos/BigBuckBunny-2160.avi
45,0.99917,0.00101,0.99404,60.0,0.99426,0.98779,0.9995,0.99979,0.99989,100.0,0.03,0.04,0.04,0.03,62.72,62.47,62.13,62.95,1.0,1.0,1.0,1.0,/tmpdir/crf_16.mpd,/videos/BigBuckBunny-2160.avi
46,0.99917,0.00101,0.99404,60.0,0.99426,0.9878,0.9995,0.9998,0.9999,100.0,0.03,0.04,0.04,0.03,62.75,62.51,62.2,62.96,1.0,1.0,1.0,1.0,/tmpdir/crf_16.mpd,/videos/BigBuckBunny-2160.avi
47,0.99908,0.00253,0.99404,60.0,0.99426,0.98746,0.99945,0.99977,0.99988,100.0,0.04,0.04,0.04,0.04,62.45,62.32,61.86,62.65,1.0,1.0,1.0,1.0,/tmpdir/crf_16.mpd,/videos/BigBuckBunny-2160.avi
48,0.99917,0.02985,0.99404,60.0,0.99426,0.98764,0.99951,0.9998,0.99989,100.0,0.04,0.04,0.04,0.03,62.58,62.29,61.97,62.82,1.0,1.0,1.0,1.0,/tmpdir/crf_16.mpd,/videos/BigBuckBunny-2160.avi
49,0.99881,0.03617,0.99404,60.0,0.99426,0.98653,0.99937,0.99973,0.99986,100.0,0.04,0.05,0.05,0.04,61.73,61.36,61.01,62.03,1.0,1.0,1.0,1.0,/tmpdir/crf_16.mpd,/videos/BigBuckBunny-2160.avi
50,0.99901,0.03617,0.99404,60.0,0.99426,0.98707,0.99945,0.99977,0.99989,100.0,0.04,0.04,0.05,0.04,62.18,61.84,61.58,62.44,1.0,1.0,1.0,1.0,/tmpdir/crf_16.mpd,/videos/BigBuckBunny-2160.avi
51,0.99881,0.02825,0.99404,60.0,0.99426,0.98692,0.99941,0.99976,0.99988,100.0,0.04,0.05,0.05,0.04,61.91,61.55,61.03,62.26,1.0,1.0,1.0,1.0,/tmpdir/crf_16.mpd,/videos/BigBuckBunny-2160.avi
52,0.9993,0.02825,0.99405,60.0,0.99426,0.98814,0.99954,0.99981,0.9999,100.0,0.03,0.04,0.04,0.03,62.92,62.64,62.32,63.15,1.0,1.0,1.0,1.0,/tmpdir/crf_16.mpd,/videos/BigBuckBunny-2160.avi
53,0.99868,0.03848,0.99405,60.0,0.99426,0.98667,0.9994,0.99976,0.99988,100.0,0.04,0.05,0.05,0.04,61.73,61.33,61.03,62.04,1.0,1.0,1.0,1.0,/tmpdir/crf_16.mpd,/videos/BigBuckBunny-2160.avi
54,0.99882,0.03945,0.99405,60.0,0.99426,0.98696,0.99944,0.99978,0.99989,100.0,0.04,0.04,0.05,0.04,62.07,61.69,61.43,62.36,1.0,1.0,1.0,1.0,/tmpdir/crf_16.mpd,/videos/BigBuckBunny-2160.avi
55,0.99877,0.03582,0.99405,60.0,0.99426,0.98689,0.9994,0.99976,0.99987,100.0,0.04,0.05,0.05,0.04,61.84,61.37,61.02,62.21,1.0,1.0,1.0,1.0,/tmpdir/crf_16.mpd,/videos/BigBuckBunny-2160.avi
56,0.99931,0.03532,0.99405,60.0,0.99426,0.98839,0.99955,0.99981,0.9999,100.0,0.03,0.03,0.04,0.03,63.07,62.82,62.51,63.3,1.0,1.0,1.0,1.0,/tmpdir/crf_16.mpd,/videos/BigBuckBunny-2160.avi
57,0.99878,0.01783,0.99405,60.0,0.99426,0.98706,0.99941,0.99976,0.99988,100.0,0.04,0.04,0.05,0.04,61.94,61.64,61.0,62.3,1.0,1.0,1.0,1.0,/tmpdir/crf_16.mpd,/videos/BigBuckBunny-2160.avi
58,0.99908,0.01783,0.99405,60.0,0.99426,0.98742,0.99946,0.99977,0.99988,100.0,0.04,0.04,0.04,0.04,62.38,62.13,61.64,62.65,1.0,1.0,1.0,1.0,/tmpdir/crf_16.mpd,/videos/BigBuckBunny-2160.avi
59,0.99897,0.0105,0.99405,60.0,0.99426,0.98748,0.99944,0.99976,0.99988,100.0,0.04,0.04,0.04,0.04,62.37,62.13,61.74,62.6,1.0,1.0,1.0,1.0,/tmpdir/crf_16.mpd,/videos/BigBuckBunny-2160.avi
60,0.99941,0.0105,0.99405,60.0,0.99426,0.98877,0.99957,0.99982,0.9999,100.0,0.03,0.03,0.03,0.03,63.31,63.02,62.73,63.55,1.0,1.0,1.0,1.0,/tmpdir/crf_16.mpd,/videos/BigBuckBunny-2160.avi
61,0.99885,0.00773,0.99404,60.0,0.99426,0.98745,0.99942,0.99976,0.99988,100.0,0.04,0.04,0.04,0.04,62.35,62.18,61.71,62.56,1.0,1.0,1.0,1.0,/tmpdir/crf_16.mpd,/videos/BigBuckBunny-2160.avi
62,0.99897,0.00773,0.99405,60.0,0.99426,0.98775,0.9995,0.9998,0.9999,100.0,0.04,0.04,0.04,0.03,62.63,62.41,62.08,62.84,1.0,1.0,1.0,1.0,/tmpdir/crf_16.mpd,/videos/BigBuckBunny-2160.avi
63,0.99893,0.00455,0.99404,60.0,0.99426,0.98767,0.99944,0.99976,0.99988,100.0,0.04,0.04,0.04,0.03,62.54,62.43,61.96,62.72,1.0,1.0,1.0,1.0,/tmpdir/crf_16.mpd,/videos/BigBuckBunny-2160.avi
64,0.99938,0.00455,0.99405,60.0,0.99426,0.98886,0.99958,0.99982,0.9999,100.0,0.03,0.03,0.03,0.03,63.36,63.03,62.75,63.62,1.0,1.0,1.0,1.0,/tmpdir/crf_16.mpd,/videos/BigBuckBunny-2160.avi
65,0.99894,0.00266,0.99404,60.0,0.99426,0.98772,0.99942,0.99975,0.99987,100.0,0.04,0.04,0.04,0.03,62.58,62.54,62.08,62.72,1.0,1.0,1.0,1.0,/tmpdir/crf_16.mpd,/videos/BigBuckBunny-2160.avi
66,0.99904,0.00266,0.99404,60.0,0.99426,0.98796,0.9995,0.99978,0.99988,100.0,0.03,0.04,0.04,0.03,62.78,62.61,62.18,62.99,1.0,1.0,1.0,1.0,/tmpdir/crf_16.mpd,/videos/BigBuckBunny-2160.avi
67,0.99908,0.00151,0.99404,60.0,0.99426,0.98801,0.99944,0.99976,0.99987,100.0,0.03,0.03,0.04,0.03,62.81,62.79,62.37,62.93,1.0,1.0,1.0,1.0,/tmpdir/crf_16.mpd,/videos/BigBuckBunny-2160.avi
68,0.99937,0.00151,0.99405,60.0,0.99426,0.98887,0.99958,0.99982,0.9999,100.0,0.03,0.03,0.03,0.03,63.36,63.05,62.71,63.63,1.0,1.0,1.0,1.0,/tmpdir/crf_16.mpd,/videos/BigBuckBunny-2160.avi
69,0.99919,0.00079,0.99405,60.0,0.99426,0.98847,0.99953,0.9998,0.99989,100.0,0.03,0.03,0.04,0.03,63.13,62.94,62.55,63.35,1.0,1.0,1.0,1.0,/tmpdir/crf_16.mpd,/videos/BigBuckBunny-2160.avi
70,0.99924,0.00079,0.99405,60.0,0.99426,0.98845,0.99952,0.9998,0.99989,100.0,0.03,0.03,0.04,0.03,63.13,62.9,62.51,63.36,1.0,1.0,1.0,1.0,/tmpdir/crf_16.mpd,/videos/BigBuckBunny-2160.avi
71,0.99925,0.00049,0.99405,60.0,0.99426,0.98849,0.99952,0.9998,0.99989,100.0,0.03,0.03,0.04,0.03,63.15,62.91,62.54,63.38,1.0,1.0,1.0,1.0,/tmpdir/crf_16.mpd,/videos/BigBuckBunny-2160.avi
72,0.99933,0.00049,0.99405,60.0,0.99426,0.98869,0.99956,0.99982,0.9999,100.0,0.03,0.03,0.04,0.03,63.26,62.96,62.62,63.52,1.0,1.0,1.0,1.0,/tmpdir/crf_16.mpd,/videos/BigBuckBunny-2160.avi
73,0.99926,0.00038,0.99405,60.0,0.99426,0.98851,0.99954,0.99981,0.9999,100.0,0.03,0.03,0.04,0.03,63.18,62.93,62.57,63.41,1.0,1.0,1.0,1.0,/tmpdir/crf_16.mpd,/videos/BigBuckBunny-2160.avi
74,0.99926,0.00038,0.99405,60.0,0.99426,0.98848,0.99954,0.9998,0.99989,100.0,0.03,0.03,0.04,0.03,63.15,62.92,62.56,63.38,1.0,1.0,1.0,1.0,/tmpdir/crf_16.mpd,/videos/BigBuckBunny-2160.avi
75,0.99925,0.00037,0.99405,60.0,0.99426,0.98848,0.99954,0.99981,0.9999,100.0,0.03,0.03,0.04,0.03,63.15,62.91,62.53,63.39,1.0,1.0,1.0,1.0,/tmpdir/crf_16.mpd,/videos/BigBuckBunny-2160.avi
76,0.99929,0.00037,0.99405,60.0,0.99426,0.98862,0.99956,0.99982,0.9999,100.0,0.03,0.03,0.04,0.03,63.21,62.92,62.55,63.47,1.0,1.0,1.0,1.0,/tmpdir/crf_16.mpd,/videos/BigBuckBunny-2160.avi
77,0.99919,0.00072,0.99405,60.0,0.99426,0.98831,0.99952,0.9998,0.9999,100.0,0.03,0.03,0.04,0.03,63.04,62.84,62.44,63.26,1.0,1.0,1.0,1.0,/tmpdir/crf_16.mpd,/videos/BigBuckBunny-2160.avi
78,0.99911,0.00072,0.99404,60.0,0.99426,0.98801,0.99949,0.99979,0.99989,100.0,0.03,0.03,0.04,0.03,62.82,62.73,62.26,63.0,1.0,1.0,1.0,1.0,/tmpdir/crf_16.mpd,/videos/BigBuckBunny-2160.avi
79,0.99877,0.01096,0.99404,60.0,0.99426,0.98732,0.99942,0.99975,0.99987,100.0,0.04,0.04,0.05,0.04,62.11,61.77,61.23,62.46,1.0,1.0,1.0,1.0,/tmpdir/crf_16.mpd,/videos/BigBuckBunny-2160.avi
80,0.99916,0.01896,0.99404,60.0,0.99426,0.98798,0.99951,0.99979,0.99989,100.0,0.03,0.04,0.04,0.03,62.77,62.49,62.23,63.0,1.0,1.0,1.0,1.0,/tmpdir/crf_16.mpd,/videos/BigBuckBunny-2160.avi
81,0.99873,0.0229,0.99404,60.0,0.99426,0.9871,0.99943,0.99977,0.99988,100.0,0.04,0.05,0.05,0.04,61.91,61.35,61.04,62.33,1.0,1.0,1.0,1.0,/tmpdir/crf_16.mpd,/videos/BigBuckBunny-2160.avi
82,0.9989,0.0229,0.99404,60.0,0.99426,0.9873,0.99945,0.99977,0.99988,100.0,0.04,0.04,0.04,0.04,62.28,61.93,61.64,62.55,1.0,1.0,1.0,1.0,/tmpdir/crf_16.mpd,/videos/BigBuckBunny-2160.avi
83,0.99875,0.02087,0.99404,60.0,0.99426,0.98707,0.99941,0.99975,0.99987,100.0,0.04,0.05,0.05,0.04,61.91,61.44,61.07,62.28,1.0,1.0,1.0,1.0,/tmpdir/crf_16.mpd,/videos/BigBuckBunny-2160.avi
84,0.99922,0.02087,0.99404,60.0,0.99426,0.98801,0.99953,0.9998,0.99989,100.0,0.03,0.04,0.04,0.03,62.84,62.58,62.23,63.08,1.0,1.0,1.0,1.0,/tmpdir/crf_16.mpd,/videos/BigBuckBunny-2160.avi
85,0.99874,0.01892,0.99404,60.0,0.99426,0.98697,0.99941,0.99975,0.99988,100.0,0.04,0.05,0.05,0.04,61.89,61.46,60.97,62.27,1.0,1.0,1.0,1.0,/tmpdir/crf_16.mpd,/videos/BigBuckBunny-2160.avi
86,0.99887,0.01892,0.99404,60.0,0.99426,0.98714,0.99946,0.99977,0.99988,100.0,0.04,0.04,0.05,0.04,62.21,61.89,61.58,62.47,1.0,1.0,1.0,1.0,/tmpdir/crf_16.mpd,/videos/BigBuckBunny-2160.avi
87,1.00643,2.17052,0.994,60.0,0.99434,0.98726,0.99934,0.99961,0.99956,100.0,0.06,0.07,0.07,0.06,60.18,59.8,59.89,60.35,1.0,1.0,1.0,1.0,/tmpdir/crf_16.mpd,/videos/BigBuckBunny-2160.avi
88,0.9985,2.17052,0.99418,60.0,0.99435,0.98891,0.99937,0.99968,0.99982,100.0,0.03,0.04,0.04,0.03,62.89,62.25,62.2,63.27,1.0,1.0,1.0,1.0,/tmpdir/crf_16.mpd,/videos/BigBuckBunny-2160.avi
89,1.00211,2.99362,0.99443,60.0,0.99473,0.98872,0.99945,0.99972,0.99976,100.0,0.04,0.05,0.05,0.04,61.67,61.39,61.0,61.94,1.0,1.0,1.0,1.0,/tmpdir/crf_16.mpd,/videos/BigBuckBunny-2160.avi
90,0.98953,2.99362,0.99433,60.0,0.99462,0.98753,0.99804,0.99866,0.99922,100.0,0.05,0.04,0.07,0.05,60.96,61.6,59.4,61.29,1.0,1.0,1.0,1.0,/tmpdir/crf_16.mpd,/videos/BigBuckBunny-2160.avi
91,0.99656,2.15371,0.99454,60.0,0.99502,0.99085,0.99938,0.99968,0.9998,100.0,0.03,0.03,0.03,0.02,63.8,63.32,62.87,64.21,1.0,1.0,1.0,1.0,/tmpdir/crf_16.mpd,/videos/BigBuckBunny-2160.avi
92,0.98769,2.15371,0.99467,60.0,0.99498,0.98884,0.99786,0.99848,0.99899,99.54642,0.05,0.04,0.09,0.04,61.09,62.68,58.46,61.69,1.0,1.0,1.0,1.0,/tmpdir/crf_16.mpd,/videos/BigBuckBunny-2160.avi
93,0.99856,2.15425,0.99467,60.0,0.99487,0.99243,0.99933,0.99957,0.99969,100.0,0.03,0.03,0.05,0.02,63.48,63.19,61.09,64.44,1.0,1.0,1.0,1.0,/tmpdir/crf_16.mpd,/videos/BigBuckBunny-2160.avi
94,0.99113,2.15425,0.9949,60.0,0.99515,0.99101,0.99813,0.99858,0.99895,100.0,0.04,0.04,0.08,0.03,61.82,61.95,59.08,62.85,1.0,1.0,1.0,1.0,/tmpdir/crf_16.mpd,/videos/BigBuckBunny-2160.avi
95,1.00448,2.15911,0.99493,60.0,0.99524,0.99446,0.9999,1.00002,1.00004,100.0,0.02,0.02,0.02,0.02,65.28,64.89,64.38,65.64,1.0,1.0,1.0,1.0,/tmpdir/crf_16.mpd,/videos/BigBuckBunny-2160.avi
96,0.98677,2.15911,0.99495,60.0,0.99529,0.99163,0.9973,0.99774,0.99824,99.32748,0.04,0.03,0.06,0.03,62.29,62.84,60.5,62.74,1.0,1.0,1.0,1.0,/tmpdir/crf_16.mpd,/videos/BigBuckBunny-2160.avi
97,1.00695,2.07426,0.99526,60.0,0.99556,0.99656,1.00117,1.00117,1.00118,100.0,0.03,0.02,0.03,0.03,63.95,64.98,64.13,63.68,1.0,1.0,1.0,1.0,/tmpdir/crf_16.mpd,/videos/BigBuckBunny-2160.avi
98,0.9848,2.07426,0.99511,60.0,0.99542,0.99136,0.99701,0.99769,0.99823,98.93439,0.03,0.02,0.04,0.03,63.7,64.18,61.98,64.14,1.0,1.0,1.0,1.0,/tmpdir/crf_16.mpd,/videos/BigBuckBunny-2160.avi
99,0.99313,2.14715,0.9952,60.0,0.99579,0.99597,0.99888,0.99899,0.999,100.0,0.01,0.01,0.01,0.01,68.21,68.37,67.87,68.26,1.0,1.0,1.0,1.0,/tmpdir/crf_16.mpd,/videos/BigBuckBunny-2160.avi
100,0.99669,2.14715,0.99532,60.0,0.99545,0.99718,0.99992,1.00008,1.00013,100.0,0.01,0.01,0.01,0.01,69.01,67.6,67.71,69.89,1.0,1.0,1.0,1.0,/tmpdir/crf_16.mpd,/videos/BigBuckBunny-2160.avi
101,0.99895,2.19035,0.9954,60.0,0.99563,0.99916,0.99998,0.99999,0.99992,100.0,0.0,0.01,0.01,0.0,72.06,69.38,70.27,73.87,1.0,1.0,1.0,1.0,/tmpdir/crf_16.mpd,/videos/BigBuckBunny-2160.avi
102,1.0,0.0,0.99471,60.0,0.99479,1.0,1.0,1.0,1.0,100.0,0.0,0.0,0.0,0.0,inf,inf,inf,inf,1.0,1.0,1.0,1.0,/tmpdir/crf_16.mpd,/videos/BigBuckBunny-2160.avi
103,1.0,0.0,0.99471,60.0,0.99479,1.0,1.0,1.0,1.0,100.0,0.0,0.0,0.0,0.0,inf,inf,inf,inf,1.0,1.0,1.0,1.0,/tmpdir/crf_16.mpd,/videos/BigBuckBunny-2160.avi
104,1.0,0.0,0.99471,60.0,0.99479,1.0,1.0,1.0,1.0,100.0,0.0,0.0,0.0,0.0,inf,inf,inf,inf,1.0,1.0,1.0,1.0,/tmpdir/crf_16.mpd,/videos/BigBuckBunny-2160.avi
105,1.0,0.0,0.99471,60.0,0.99479,1.0,1.0,1.0,1.0,100.0,0.0,0.0,0.0,0.0,inf,inf,inf,inf,1.0,1.0,1.0,1.0,/tmpdir/crf_16.mpd,/videos/BigBuckBunny-2160.avi
106,1.0,0.0,0.99471,60.0,0.99479,1.0,1.0,1.0,1.0,100.0,0.0,0.0,0.0,0.0,inf,inf,inf,inf,1.0,1.0,1.0,1.0,/tmpdir/crf_16.mpd,/videos/BigBuckBunny-2160.avi
107,0.99335,1.66584,0.99544,60.0,0.99563,0.98904,0.99964,0.99982,0.99988,100.0,0.04,0.03,0.03,0.04,62.57,63.02,63.5,62.27,1.0,1.0,1.0,1.0,/tmpdir/crf_16.mpd,/videos/BigBuckBunny-2160.avi
108,0.99593,1.72684,0.99586,60.0,0.99627,0.98392,0.9995,0.9998,0.99989,100.0,0.04,0.03,0.03,0.04,62.63,63.43,62.74,62.42,1.0,1.0,0.999,1.0,/tmpdir/crf_16.mpd,/videos/BigBuckBunny-2160.avi
109,0.99762,1.9014,0.99626,60.0,0.99679,0.9888,0.99963,0.99984,0.99992,100.0,0.03,0.03,0.03,0.03,63.37,63.74,63.46,63.26,1.0,1.0,1.0,1.0,/tmpdir/crf_16.mpd,/videos/BigBuckBunny-2160.avi
110,0.9977,1.9014,0.99642,59.50913,0.99711,0.97524,0.99982,1.00019,1.00031,100.0,0.07,0.07,0.07,0.07,59.51,59.63,59.4,59.51,0.999,0.999,0.999,0.999,/tmpdir/crf_16.mpd,/videos/BigBuckBunny-2160.avi
111,0.98394,1.90274,0.99651,56.44098,0.99737,0.95997,0.99408,0.99607,0.99728,98.46538,0.14,0.12,0.13,0.15,56.65,57.29,56.93,56.44,0.999,0.998,0.998,0.999,/tmpdir/crf_16.mpd,/videos/BigBuckBunny-2160.avi
112,0.99771,1.90274,0.99672,57.64553,0.9976,0.96639,0.99933,0.99983,0.99999,100.0,0.11,0.1,0.11,0.11,57.73,58.09,57.71,57.65,0.999,0.999,0.999,0.999,/tmpdir/crf_16.mpd,/videos/BigBuckBunny-2160.avi
113,0.98554,1.87598,0.9968,54.85052,0.99781,0.95423,0.99383,0.99555,0.99667,98.66003,0.2,0.17,0.17,0.21,55.14,55.82,55.74,54.85,0.999,0.998,0.998,0.999,/tmpdir/crf_16.mpd,/videos/BigBuckBunny-2160.avi
114,1.0002,1.87598,0.997,56.13942,0.99803,0.95831,0.99944,1.00009,1.00028,100.0,0.15,0.14,0.15,0.16,56.25,56.72,56.27,56.14,0.999,0.998,0.998,0.999,/tmpdir/crf_16.mpd,/videos/BigBuckBunny-2160.avi
115,0.98686,1.89189,0.99698,53.72032,0.99809,0.9481,0.99396,0.99556,0.99653,98.86945,0.26,0.22,0.22,0.28,54.03,54.72,54.72,53.72,0.998,0.998,0.998,0.999,/tmpdir/crf_16.mpd,/videos/BigBuckBunny-2160.avi
116,0.99974,0.02194,0.99719,55.22977,0.99825,0.94998,0.999,0.9998,1.00006,100.0,0.19,0.16,0.18,0.2,55.41,55.99,55.59,55.23,0.999,0.998,0.998,0.999,/tmpdir/crf_16.mpd,/videos/BigBuckBunny-2160.avi
117,0.99952,0.01515,0.99719,55.34231,0.99825,0.9507,0.99893,0.99974,1.0,100.0,0.18,0.16,0.18,0.19,55.48,55.98,55.58,55.34,0.999,0.998,0.998,0.999,/tmpdir/crf_16.mpd,/videos/BigBuckBunny-2160.avi
118,0.99943,0.01515,0.9972,55.34856,0.99825,0.95068,0.99894,0.99975,1.00001,100.0,0.18,0.16,0.18,0.19,55.49,55.98,55.6,55.35,0.999,0.998,0.998,0.999,/tmpdir/crf_16.mpd,/videos/BigBuckBunny-2160.avi
119,0.99932,0.01524,0.99719,55.31233,0.99824,0.95057,0.99892,0.99974,0.99999,100.0,0.18,0.16,0.18,0.19,55.46,55.97,55.58,55.31,0.999,0.998,0.998,0.999,/tmpdir/crf_16.mpd,/videos/BigBuckBunny-2160.avi
120,0.99925,0.01524,0.99719,55.30479,0.99825,0.95056,0.99895,0.99976,1.00002,100.0,0.18,0.16,0.18,0.19,55.48,56.04,55.66,55.3,0.999,0.998,0.998,0.999,/tmpdir/crf_16.mpd,/videos/BigBuckBunny-2160.avi
121,0.99909,0.02187,0.99719,55.28629,0.99824,0.9503,0.99881,0.99965,0.99992,100.0,0.19,0.17,0.18,0.19,55.43,55.94,55.54,55.29,0.999,0.998,0.998,0.999,/tmpdir/crf_16.mpd,/videos/BigBuckBunny-2160.avi
122,0.99728,0.03342,0.99717,53.78305,0.99824,0.93547,0.99767,0.99923,0.99973,100.0,0.24,0.17,0.19,0.27,54.31,55.83,55.39,53.78,0.999,0.998,0.998,0.999,/tmpdir/crf_16.mpd,/videos/BigBuckBunny-2160.avi
123,0.99068,0.11243,0.99714,51.78211,0.99824,0.91397,0.99615,0.99849,0.99927,98.84672,0.35,0.17,0.19,0.43,52.72,55.81,55.38,51.78,0.999,0.998,0.998,0.999,/tmpdir/crf_16.mpd,/videos/BigBuckBunny-2160.avi
124,0.99758,0.12505,0.99719,55.17448,0.99825,0.94834,0.99859,0.99949,0.99979,100.0,0.19,0.17,0.19,0.2,55.32,55.85,55.42,55.17,0.999,0.998,0.998,0.999,/tmpdir/crf_16.mpd,/videos/BigBuckBunny-2160.avi
125,0.99158,0.21979,0.99711,50.83724,0.99823,0.90179,0.99449,0.99775,0.99887,98.96769,0.44,0.23,0.27,0.54,51.69,54.56,53.77,50.84,0.998,0.998,0.998,0.999,/tmpdir/crf_16.mpd,/videos/BigBuckBunny-2160.avi
126,0.99359,0.21979,0.99715,52.25942,0.99824,0.91738,0.99595,0.99837,0.99919,99.41592,0.37,0.28,0.41,0.39,52.41,53.61,52.01,52.26,0.998,0.997,0.997,0.999,/tmpdir/crf_16.mpd,/videos/BigBuckBunny-2160.avi
127,0.98939,0.31721,0.9971,50.67117,0.99823,0.8986,0.99452,0.99771,0.99882,98.6097,0.51,0.33,0.48,0.56,51.09,52.94,51.36,50.67,0.998,0.997,0.997,0.999,/tmpdir/crf_16.mpd,/videos/BigBuckBunny-2160.avi
128,0.99666,0.31721,0.99719,54.92973,0.99825,0.94559,0.99834,0.99937,0.99973,100.0,0.2,0.17,0.19,0.21,55.14,55.79,55.4,54.93,0.999,0.998,0.998,0.999,/tmpdir/crf_16.mpd,/videos/BigBuckBunny-2160.avi
129,0.98933,0.41566,0.99711,50.60569,0.99823,0.89873,0.99446,0.99765,0.99874,98.63802,0.52,0.35,0.52,0.57,50.95,52.72,50.95,50.61,0.998,0.997,0.997,0.999,/tmpdir/crf_16.mpd,/videos/BigBuckBunny-2160.avi
130,0.99244,0.41566,0.99713,51.57573,0.99824,0.90878,0.99551,0.99812,0.99901,99.25249,0.39,0.24,0.29,0.45,52.23,54.38,53.52,51.58,0.998,0.998,0.998,0.999,/tmpdir/crf_16.mpd,/videos/BigBuckBunny-2160.avi
131,0.98995,0.51681,0.9971,50.44095,0.99823,0.89661,0.99402,0.99748,0.99868,98.77901,0.52,0.32,0.47,0.59,50.94,53.04,51.43,50.44,0.998,0.997,0.997,0.999,/tmpdir/crf_16.mpd,/videos/BigBuckBunny-2160.avi
132,0.99638,0.51681,0.99718,54.8574,0.99824,0.94471,0.99827,0.99934,0.99969,100.0,0.2,0.18,0.19,0.21,55.04,55.6,55.27,54.86,0.999,0.998,0.998,0.999,/tmpdir/crf_16.mpd,/videos/BigBuckBunny-2160.avi
133,0.98941,0.61969,0.99711,50.60911,0.99823,0.89752,0.99444,0.99762,0.99868,98.73926,0.47,0.26,0.31,0.57,51.39,54.06,53.15,50.61,0.998,0.997,0.998,0.999,/tmpdir/crf_16.mpd,/videos/BigBuckBunny-2160.avi
134,0.99002,0.61969,0.99712,51.0543,0.99824,0.90218,0.99501,0.99787,0.99885,98.88008,0.43,0.25,0.31,0.51,51.76,54.1,53.21,51.05,0.998,0.997,0.998,0.999,/tmpdir/crf_16.mpd,/videos/BigBuckBunny-2160.avi
135,0.9892,0.72295,0.99708,49.88818,0.99823,0.88753,0.99383,0.99737,0.99855,98.70404,0.55,0.27,0.36,0.67,50.73,53.77,52.58,49.89,0.998,0.997,0.997,0.998,/tmpdir/crf_16.mpd,/videos/BigBuckBunny-2160.avi
136,0.9965,0.72295,0.99718,54.77456,0.99824,0.94393,0.99825,0.99933,0.99969,100.0,0.21,0.19,0.2,0.22,54.94,55.45,55.13,54.77,0.999,0.998,0.998,0.999,/tmpdir/crf_16.mpd,/videos/BigBuckBunny-2160.avi
137,0.98819,0.82539,0.9971,50.27922,0.99823,0.89339,0.99437,0.99752,0.9986,98.59958,0.54,0.32,0.45,0.61,50.85,53.03,51.62,50.28,0.998,0.997,0.997,0.999,/tmpdir/crf_16.mpd,/videos/BigBuckBunny-2160.avi
138,0.99125,0.82539,0.99712,50.96545,0.99823,0.90019,0.99494,0.99779,0.99877,99.18235,0.46,0.3,0.41,0.52,51.46,53.39,52.03,50.97,0.998,0.997,0.997,0.999,/tmpdir/crf_16.mpd,/videos/BigBuckBunny-2160.avi
139,0.989,0.92562,0.99709,50.10504,0.99822,0.89107,0.99336,0.99719,0.9985,98.76852,0.54,0.3,0.39,0.63,50.82,53.33,52.22,50.11,0.998,0.997,0.997,0.999,/tmpdir/crf_16.mpd,/videos/BigBuckBunny-2160.avi
140,0.99653,0.92562,0.99718,54.62342,0.99824,0.94243,0.99816,0.99927,0.99964,100.0,0.22,0.19,0.2,0.22,54.81,55.36,55.04,54.62,0.999,0.998,0.998,0.999,/tmpdir/crf_16.mpd,/videos/BigBuckBunny-2160.avi
141,0.98878,1.02679,0.99708,49.63209,0.99822,0.88398,0.99321,0.99704,0.99834,98.74255,0.61,0.34,0.49,0.71,50.28,52.78,51.25,49.63,0.998,0.997,0.997,0.998,/tmpdir/crf_16.mpd,/videos/BigBuckBunny-2160.avi
142,0.99016,1.02679,0.99711,50.7239,0.99823,0.89693,0.99488,0.99776,0.99874,99.07244,0.48,0.3,0.38,0.55,51.31,53.31,52.29,50.72,0.998,0.997,0.997,0.999,/tmpdir/crf_16.mpd,/videos/BigBuckBunny-2160.avi
143,0.98743,1.12361,0.99707,49.72571,0.99822,0.88466,0.99319,0.99706,0.9984,98.55598,0.6,0.34,0.48,0.69,50.36,52.78,51.35,49.73,0.998,0.997,0.997,0.998,/tmpdir/crf_16.mpd,/videos/BigBuckBunny-2160.avi
144,0.9965,1.12361,0.99718,54.37981,0.99824,0.94006,0.99815,0.99932,0.99969,100.0,0.23,0.2,0.21,0.24,54.59,55.17,54.92,54.38,0.999,0.998,0.998,0.999,/tmpdir/crf_16.mpd,/videos/BigBuckBunny-2160.avi
145,0.98743,1.22121,0.99707,49.43982,0.99822,0.88064,0.99309,0.997,0.99835,98.58734,0.64,0.37,0.5,0.74,50.08,52.44,51.14,49.44,0.998,0.997,0.997,0.998,/tmpdir/crf_16.mpd,/videos/BigBuckBunny-2160.avi
146,0.99033,1.22121,0.99711,50.64134,0.99823,0.8952,0.99472,0.99767,0.99869,99.18453,0.5,0.32,0.42,0.56,51.16,53.03,51.9,50.64,0.998,0.997,0.997,0.999,/tmpdir/crf_16.mpd,/videos/BigBuckBunny-2160.avi
147,0.98803,1.31578,0.99707,49.46147,0.99822,0.88037,0.99311,0.99702,0.99838,98.74193,0.65,0.39,0.56,0.74,50.0,52.2,50.63,49.46,0.998,0.996,0.996,0.998,/tmpdir/crf_16.mpd,/videos/BigBuckBunny-2160.avi
148,0.99637,1.31578,0.99718,54.17812,0.99823,0.93802,0.99801,0.99926,0.99968,100.0,0.24,0.21,0.22,0.25,54.37,54.88,54.7,54.18,0.999,0.998,0.998,0.999,/tmpdir/crf_16.mpd,/videos/BigBuckBunny-2160.avi
149,0.9885,1.40512,0.99707,49.33035,0.99822,0.87837,0.99302,0.99701,0.99837,98.86407,0.67,0.4,0.57,0.76,49.89,52.14,50.56,49.33,0.998,0.996,0.996,0.998,/tmpdir/crf_16.mpd,/videos/BigBuckBunny-2160.avi
150,0.99027,1.40512,0.9971,50.3574,0.99823,0.89044,0.99454,0.99764,0.9987,99.25066,0.54,0.35,0.47,0.6,50.84,52.69,51.38,50.36,0.998,0.997,0.997,0.998,/tmpdir/crf_16.mpd,/videos/BigBuckBunny-2160.avi
151,0.98753,1.4955,0.99706,49.43072,0.99822,0.87884,0.99261,0.99681,0.99827,98.72571,0.62,0.33,0.42,0.74,50.22,52.94,51.94,49.43,0.998,0.997,0.997,0.998,/tmpdir/crf_16.mpd,/videos/BigBuckBunny-2160.avi
152,0.99625,1.4955,0.99718,53.95388,0.99823,0.93551,0.99791,0.99921,0.99967,100.0,0.25,0.22,0.23,0.26,54.16,54.74,54.49,53.95,0.999,0.998,0.998,0.999,/tmpdir/crf_16.mpd,/videos/BigBuckBunny-2160.avi
153,0.98707,1.58372,0.99707,49.32684,0.99821,0.87832,0.99304,0.99692,0.99825,98.6887,0.65,0.38,0.48,0.76,50.01,52.31,51.33,49.33,0.998,0.997,0.997,0.998,/tmpdir/crf_16.mpd,/videos/BigBuckBunny-2160.avi
154,0.99035,1.58372,0.9971,50.25066,0.99822,0.88842,0.99445,0.99758,0.99863,99.3393,0.55,0.37,0.48,0.61,50.72,52.47,51.28,50.25,0.998,0.997,0.997,0.998,/tmpdir/crf_16.mpd,/videos/BigBuckBunny-2160.avi
155,0.9871,1.66942,0.99705,49.09136,0.99821,0.87281,0.9922,0.99659,0.99811,98.70321,0.69,0.41,0.54,0.8,49.73,52.05,50.84,49.09,0.998,0.996,0.996,0.998,/tmpdir/crf_16.mpd,/videos/BigBuckBunny-2160.avi
156,0.99595,1.66942,0.99718,53.68672,0.99823,0.93248,0.99781,0.99919,0.99965,100.0,0.26,0.23,0.24,0.28,53.9,54.5,54.25,53.69,0.999,0.998,0.998,0.999,/tmpdir/crf_16.mpd,/videos/BigBuckBunny-2160.avi
157,0.98752,1.75555,0.99706,49.08792,0.99821,0.87317,0.99233,0.99664,0.99813,98.82506,0.72,0.46,0.65,0.8,49.57,51.54,50.02,49.09,0.997,0.996,0.996,0.998,/tmpdir/crf_16.mpd,/videos/BigBuckBunny-2160.avi
158,0.99019,1.75555,0.99709,50.02154,0.99821,0.88414,0.99425,0.9975,0.99861,99.38138,0.58,0.38,0.51,0.65,50.5,52.28,51.08,50.02,0.998,0.996,0.997,0.998,/tmpdir/crf_16.mpd,/videos/BigBuckBunny-2160.avi
159,0.98698,1.84414,0.99704,48.91934,0.9982,0.86951,0.99229,0.99665,0.99818,98.76696,0.73,0.44,0.62,0.83,49.48,51.7,50.18,48.92,0.997,0.996,0.996,0.998,/tmpdir/crf_16.mpd,/videos/BigBuckBunny-2160.avi
160,0.99573,1.84414,0.99717,53.40599,0.99822,0.9293,0.99764,0.9991,0.99959,100.0,0.28,0.24,0.26,0.3,53.64,54.29,54.0,53.41,0.998,0.997,0.998,0.999,/tmpdir/crf_16.mpd,/videos/BigBuckBunny-2160.avi
161,0.98699,1.9372,0.99704,48.7658,0.9982,0.86667,0.99188,0.99641,0.99801,98.79149,0.75,0.45,0.61,0.86,49.36,51.56,50.26,48.77,0.997,0.996,0.996,0.998,/tmpdir/crf_16.mpd,/videos/BigBuckBunny-2160.avi
162,0.99043,1.9372,0.99708,49.78185,0.99821,0.88007,0.99382,0.99729,0.99849,99.49024,0.62,0.41,0.56,0.68,50.23,52.01,50.68,49.78,0.998,0.996,0.996,0.998,/tmpdir/crf_16.mpd,/videos/BigBuckBunny-2160.avi
163,0.98732,2.029,0.99704,48.70697,0.9982,0.86528,0.99203,0.99652,0.99808,98.90109,0.75,0.43,0.57,0.88,49.38,51.79,50.58,48.71,0.997,0.996,0.996,0.998,/tmpdir/crf_16.mpd,/videos/BigBuckBunny-2160.avi
164,0.99587,2.029,0.99717,53.03809,0.99822,0.92503,0.99745,0.99903,0.99957,100.0,0.31,0.26,0.28,0.32,53.28,53.96,53.7,53.04,0.998,0.997,0.998,0.999,/tmpdir/crf_16.mpd,/videos/BigBuckBunny-2160.avi
165,0.98639,2.12662,0.99703,48.53276,0.9982,0.86181,0.99157,0.99625,0.9979,98.7594,0.81,0.51,0.69,0.91,49.06,51.04,49.74,48.53,0.997,0.995,0.996,0.998,/tmpdir/crf_16.mpd,/videos/BigBuckBunny-2160.avi
166,0.98993,2.12662,0.99708,49.6053,0.9982,0.8766,0.99363,0.99721,0.99844,99.4845,0.65,0.44,0.58,0.71,50.03,51.66,50.5,49.61,0.997,0.996,0.996,0.998,/tmpdir/crf_16.mpd,/videos/BigBuckBunny-2160.avi
167,0.98662,2.22542,0.99702,48.46191,0.9982,0.86018,0.99143,0.99621,0.99787,98.84489,0.8,0.48,0.62,0.93,49.09,51.31,50.18,48.46,0.997,0.996,0.996,0.998,/tmpdir/crf_16.mpd,/videos/BigBuckBunny-2160.avi
168,0.99536,2.22542,0.99717,52.80709,0.99821,0.92245,0.99736,0.99899,0.99954,100.0,0.32,0.28,0.29,0.34,53.06,53.74,53.49,52.81,0.998,0.997,0.998,0.999,/tmpdir/crf_16.mpd,/videos/BigBuckBunny-2160.avi
169,0.98665,2.32359,0.99702,48.25471,0.9982,0.8562,0.99134,0.9962,0.99788,98.89134,0.86,0.53,0.73,0.97,48.8,50.87,49.5,48.25,0.997,0.995,0.995,0.998,/tmpdir/crf_16.mpd,/videos/BigBuckBunny-2160.avi
170,0.98985,2.32359,0.99708,49.4849,0.9982,0.87443,0.99366,0.99723,0.99846,99.56707,0.66,0.46,0.59,0.73,49.92,51.54,50.41,49.48,0.997,0.996,0.996,0.998,/tmpdir/crf_16.mpd,/videos/BigBuckBunny-2160.avi
171,0.98659,2.42358,0.99702,48.33852,0.9982,0.85775,0.99139,0.99625,0.99795,98.94259,0.84,0.53,0.72,0.95,48.86,50.87,49.54,48.34,0.997,0.995,0.995,0.998,/tmpdir/crf_16.mpd,/videos/BigBuckBunny-2160.avi
172,0.99534,2.42358,0.99717,52.46874,0.99822,0.91853,0.99717,0.99892,0.99952,100.0,0.35,0.29,0.31,0.37,52.73,53.45,53.16,52.47,0.998,0.997,0.998,0.999,/tmpdir/crf_16.mpd,/videos/BigBuckBunny-2160.avi
173,0.98622,2.56492,0.99697,47.97738,0.99818,0.85088,0.99093,0.99605,0.99784,98.92475,0.92,0.59,0.8,1.04,48.48,50.41,49.11,47.98,0.997,0.995,0.995,0.998,/tmpdir/crf_16.mpd,/videos/BigBuckBunny-2160.avi
174,0.98964,2.56492,0.99701,49.25772,0.99817,0.87102,0.99351,0.99716,0.99844,99.64341,0.71,0.51,0.66,0.77,49.63,51.09,49.94,49.26,0.997,0.995,0.996,0.998,/tmpdir/crf_16.mpd,/videos/BigBuckBunny-2160.avi
175,0.98639,2.70242,0.99692,47.82574,0.99816,0.84756,0.99046,0.99574,0.99761,98.99602,0.93,0.55,0.76,1.07,48.43,50.73,49.33,47.83,0.997,0.995,0.995,0.998,/tmpdir/crf_16.mpd,/videos/BigBuckBunny-2160.avi
176,0.99495,2.70242,0.9971,52.068,0.99818,0.91401,0.9967,0.9986,0.99925,100.0,0.38,0.32,0.35,0.4,52.33,53.12,52.73,52.07,0.998,0.997,0.997,0.999,/tmpdir/crf_16.mpd,/videos/BigBuckBunny-2160.avi
177,0.98653,2.82588,0.99688,47.71994,0.99812,0.84576,0.99036,0.99556,0.99744,99.06793,0.98,0.61,0.85,1.1,48.24,50.27,48.84,47.72,0.996,0.995,0.994,0.997,/tmpdir/crf_16.mpd,/videos/BigBuckBunny-2160.avi
178,0.98889,2.82588,0.99693,48.90178,0.99812,0.86479,0.99274,0.99668,0.99807,99.59701,0.77,0.54,0.72,0.84,49.28,50.78,49.58,48.9,0.997,0.995,0.995,0.998,/tmpdir/crf_16.mpd,/videos/BigBuckBunny-2160.avi
179,0.98579,2.95716,0.99686,47.6427,0.99809,0.8444,0.99011,0.9955,0.99744,99.00338,0.98,0.62,0.77,1.12,48.23,50.24,49.26,47.64,0.997,0.995,0.995,0.997,/tmpdir/crf_16.mpd,/videos/BigBuckBunny-2160.avi
180,0.99466,2.95716,0.99705,51.94226,0.9981,0.91219,0.9966,0.99848,0.99914,100.0,0.39,0.33,0.35,0.42,52.22,53.01,52.68,51.94,0.998,0.997,0.997,0.999,/tmpdir/crf_16.mpd,/videos/BigBuckBunny-2160.avi
181,0.98573,3.07743,0.99682,47.47873,0.99803,0.8411,0.99028,0.99556,0.99744,99.0529,1.0,0.6,0.73,1.16,48.15,50.35,49.52,47.48,0.997,0.995,0.995,0.997,/tmpdir/crf_16.mpd,/videos/BigBuckBunny-2160.avi
182,0.99478,3.07743,0.99701,51.79163,0.99806,0.91065,0.99649,0.99842,0.99907,100.0,0.4,0.34,0.36,0.43,52.07,52.82,52.58,51.79,0.998,0.997,0.997,0.998,/tmpdir/crf_16.mpd,/videos/BigBuckBunny-2160.avi
183,0.98524,3.21896,0.99674,47.15767,0.99796,0.83478,0.98945,0.9951,0.99709,98.99565,1.11,0.71,0.93,1.25,47.69,49.6,48.46,47.16,0.996,0.994,0.994,0.997,/tmpdir/crf_16.mpd,/videos/BigBuckBunny-2160.avi
184,0.98856,3.21896,0.99679,48.42457,0.99794,0.85638,0.99202,0.99637,0.99789,99.70959,0.86,0.61,0.79,0.93,48.81,50.3,49.17,48.42,0.997,0.995,0.995,0.998,/tmpdir/crf_16.mpd,/videos/BigBuckBunny-2160.avi
185,0.98574,3.36869,0.99669,47.04927,0.99791,0.83264,0.98937,0.9952,0.99726,99.17641,1.12,0.69,0.9,1.28,47.64,49.76,48.57,47.05,0.996,0.994,0.994,0.997,/tmpdir/crf_16.mpd,/videos/BigBuckBunny-2160.avi
186,0.99447,3.36869,0.99693,51.46356,0.99795,0.90611,0.99631,0.99837,0.99905,100.0,0.43,0.36,0.39,0.46,51.75,52.52,52.26,51.46,0.998,0.997,0.997,0.998,/tmpdir/crf_16.mpd,/videos/BigBuckBunny-2160.avi
187,0.98657,3.52164,0.99663,47.22755,0.99783,0.8352,0.99004,0.99562,0.99758,99.44332,1.07,0.66,0.86,1.23,47.82,49.91,48.8,47.23,0.996,0.994,0.994,0.997,/tmpdir/crf_16.mpd,/videos/BigBuckBunny-2160.avi
188,0.98393,3.52164,0.99658,46.5844,0.9978,0.82469,0.988,0.99446,0.99676,98.87661,1.26,0.79,1.04,1.43,47.14,49.15,47.94,46.58,0.996,0.993,0.993,0.997,/tmpdir/crf_16.mpd,/videos/BigBuckBunny-2160.avi
189,0.99369,3.66466,0.99682,50.63813,0.99785,0.89451,0.99551,0.99796,0.99878,100.0,0.52,0.42,0.46,0.56,50.96,51.85,51.54,50.64,0.998,0.996,0.997,0.998,/tmpdir/crf_16.mpd,/videos/BigBuckBunny-2160.avi
190,0.985,3.66466,0.99654,46.83616,0.99775,0.82875,0.98929,0.9952,0.99731,99.20639,1.18,0.72,0.95,1.35,47.42,49.55,48.33,46.84,0.996,0.994,0.994,0.997,/tmpdir/crf_16.mpd,/videos/BigBuckBunny-2160.avi
191,0.98266,3.82292,0.99647,46.04746,0.99772,0.81383,0.98678,0.99395,0.99648,98.77521,1.39,0.81,1.08,1.62,46.69,49.04,47.8,46.05,0.996,0.993,0.993,0.997,/tmpdir/crf_16.mpd,/videos/BigBuckBunny-2160.avi
192,0.99342,3.82292,0.99675,50.23397,0.99777,0.88861,0.99506,0.99774,0.99865,100.0,0.57,0.46,0.5,0.62,50.56,51.46,51.14,50.23,0.998,0.996,0.997,0.998,/tmpdir/crf_16.mpd,/videos/BigBuckBunny-2160.avi
193,0.98241,3.98133,0.9964,45.63443,0.99765,0.8058,0.98607,0.99356,0.99621,98.78254,1.54,0.95,1.18,1.78,46.26,48.35,47.43,45.63,0.995,0.992,0.993,0.996,/tmpdir/crf_16.mpd,/videos/BigBuckBunny-2160.avi
194,0.98645,3.98133,0.9965,46.89093,0.99768,0.82939,0.98953,0.99524,0.99723,99.63588,1.19,0.81,1.02,1.33,47.37,49.03,48.06,46.89,0.996,0.993,0.994,0.997,/tmpdir/crf_16.mpd,/videos/BigBuckBunny-2160.avi
195,0.98283,4.13179,0.99637,45.53576,0.99762,0.80336,0.98587,0.99358,0.99632,98.94762,1.56,0.94,1.15,1.82,46.2,48.42,47.53,45.54,0.995,0.993,0.993,0.996,/tmpdir/crf_16.mpd,/videos/BigBuckBunny-2160.avi
196,0.99297,4.13179,0.99667,49.78547,0.99767,0.88147,0.99487,0.99771,0.99867,100.0,0.63,0.51,0.55,0.68,50.12,51.02,50.71,49.79,0.997,0.995,0.996,0.998,/tmpdir/crf_16.mpd,/videos/BigBuckBunny-2160.avi
197,0.9818,4.32278,0.99629,45.1977,0.99754,0.79681,0.98497,0.99302,0.9959,98.82774,1.7,1.04,1.28,1.96,45.84,47.97,47.05,45.2,0.995,0.992,0.992,0.996,/tmpdir/crf_16.mpd,/videos/BigBuckBunny-2160.avi
198,0.98573,4.32278,0.99638,46.43029,0.99755,0.82034,0.98857,0.99493,0.99719,99.68051,1.32,0.91,1.11,1.48,46.92,48.56,47.68,46.43,0.996,0.993,0.993,0.997,/tmpdir/crf_16.mpd,/videos/BigBuckBunny-2160.avi
199,0.98192,4.53972,0.99624,45.01468,0.9975,0.79228,0.98484,0.99323,0.9962,98.99639,1.75,1.05,1.23,2.05,45.71,47.91,47.22,45.01,0.995,0.992,0.992,0.996,/tmpdir/crf_16.mpd,/videos/BigBuckBunny-2160.avi
200,0.99258,4.53972,0.99656,49.18854,0.99755,0.87198,0.99419,0.99743,0.99855,100.0,0.72,0.58,0.63,0.78,49.53,50.47,50.15,49.19,0.997,0.995,0.996,0.998,/tmpdir/crf_16.mpd,/videos/BigBuckBunny-2160.avi
201,0.98086,4.7449,0.99616,44.60877,0.99746,0.78423,0.98327,0.99232,0.99563,98.86334,1.94,1.17,1.46,2.25,45.25,47.44,46.48,44.61,0.994,0.991,0.991,0.996,/tmpdir/crf_16.mpd,/videos/BigBuckBunny-2160.avi
202,0.98446,4.7449,0.99629,45.90366,0.99749,0.81073,0.98805,0.99461,0.99693,99.66365,1.51,1.07,1.32,1.67,46.34,47.85,46.92,45.9,0.995,0.992,0.992,0.997,/tmpdir/crf_16.mpd,/videos/BigBuckBunny-2160.avi
203,0.98064,4.89865,0.99611,44.3814,0.99743,0.77856,0.98298,0.99234,0.99568,98.91673,2.02,1.21,1.4,2.37,45.09,47.32,46.66,44.38,0.994,0.991,0.991,0.996,/tmpdir/crf_16.mpd,/videos/BigBuckBunny-2160.avi
204,0.99229,4.89865,0.99652,48.57467,0.99755,0.86216,0.99367,0.99724,0.99844,100.0,0.83,0.67,0.72,0.9,48.93,49.9,49.57,48.57,0.997,0.995,0.995,0.998,/tmpdir/crf_16.mpd,/videos/BigBuckBunny-2160.avi
205,0.98313,5.0492,0.99619,44.95962,0.99745,0.79143,0.98522,0.99336,0.99631,99.51946,1.8,1.12,1.35,2.08,45.59,47.64,46.83,44.96,0.995,0.991,0.992,0.996,/tmpdir/crf_16.mpd,/videos/BigBuckBunny-2160.avi
206,0.98076,5.0492,0.99613,44.32173,0.99744,0.77918,0.98305,0.99231,0.99562,99.02367,2.08,1.29,1.55,2.4,44.96,47.03,46.22,44.32,0.994,0.99,0.991,0.996,/tmpdir/crf_16.mpd,/videos/BigBuckBunny-2160.avi
207,0.99171,5.19814,0.99653,48.25767,0.99757,0.857,0.99315,0.99695,0.99821,100.0,0.89,0.71,0.76,0.97,48.62,49.62,49.3,48.26,0.997,0.994,0.995,0.998,/tmpdir/crf_16.mpd,/videos/BigBuckBunny-2160.avi
208,0.98241,5.19814,0.99621,44.70883,0.99749,0.78605,0.98511,0.9934,0.99634,99.48167,1.88,1.16,1.31,2.2,45.4,47.5,46.96,44.71,0.994,0.991,0.992,0.996,/tmpdir/crf_16.mpd,/videos/BigBuckBunny-2160.avi
209,0.98035,5.33541,0.99616,44.08373,0.9975,0.77364,0.9821,0.99178,0.99522,99.08185,2.16,1.32,1.5,2.54,44.78,46.93,46.36,44.08,0.994,0.99,0.991,0.996,/tmpdir/crf_16.mpd,/videos/BigBuckBunny-2160.avi
210,0.99163,5.33541,0.99652,47.83021,0.9976,0.8497,0.99257,0.99677,0.99819,100.0,0.98,0.77,0.83,1.07,48.21,49.24,48.93,47.83,0.996,0.994,0.995,0.997,/tmpdir/crf_16.mpd,/videos/BigBuckBunny-2160.avi
211,0.97989,5.48748,0.99619,43.77927,0.99756,0.76659,0.98157,0.99161,0.99527,99.09152,2.35,1.47,1.73,2.72,44.42,46.46,45.75,43.78,0.993,0.989,0.99,0.995,/tmpdir/crf_16.mpd,/videos/BigBuckBunny-2160.avi
212,0.98378,5.48748,0.99633,45.01673,0.9976,0.79253,0.98593,0.99369,0.99641,99.91294,1.8,1.22,1.4,2.05,45.57,47.27,46.67,45.02,0.994,0.991,0.991,0.996,/tmpdir/crf_16.mpd,/videos/BigBuckBunny-2160.avi
213,0.9801,5.64122,0.99623,43.67067,0.99763,0.76368,0.98106,0.99144,0.99518,99.2126,2.37,1.41,1.64,2.79,44.39,46.65,45.99,43.67,0.993,0.99,0.99,0.995,/tmpdir/crf_16.mpd,/videos/BigBuckBunny-2160.avi
214,0.99159,5.64122,0.99662,47.59896,0.9977,0.84569,0.99259,0.99685,0.99828,100.0,1.04,0.82,0.88,1.13,47.98,49.01,48.68,47.6,0.996,0.993,0.994,0.997,/tmpdir/crf_16.mpd,/videos/BigBuckBunny-2160.avi
215,0.98103,5.80312,0.99634,43.77313,0.9977,0.7675,0.98266,0.99226,0.99572,99.53086,2.27,1.27,1.45,2.73,44.57,47.09,46.5,43.77,0.994,0.991,0.991,0.995,/tmpdir/crf_16.mpd,/videos/BigBuckBunny-2160.avi
216,0.99211,5.80312,0.9967,47.7843,0.99776,0.85005,0.99312,0.99716,0.99852,100.0,1.0,0.79,0.85,1.08,48.15,49.17,48.83,47.78,0.996,0.994,0.995,0.997,/tmpdir/crf_16.mpd,/videos/BigBuckBunny-2160.avi
217,0.99645,5.94872,0.997,51.67056,0.99783,0.91833,0.99727,0.99889,0.99945,100.0,0.4,0.32,0.32,0.44,52.08,53.08,53.03,51.67,0.998,0.997,0.998,0.999,/tmpdir/crf_16.mpd,/videos/BigBuckBunny-2160.avi
218,0.98141,5.94872,0.99647,43.78895,0.99777,0.77055,0.98269,0.99217,0.99568,99.6844,2.2,1.07,1.24,2.72,44.71,47.86,47.19,43.79,0.995,0.993,0.993,0.995,/tmpdir/crf_16.mpd,/videos/BigBuckBunny-2160.avi
219,0.9849,6.10059,0.99662,45.00034,0.99782,0.79706,0.98686,0.99424,0.99684,100.0,1.74,1.03,1.2,2.06,45.72,47.99,47.35,45.0,0.995,0.993,0.993,0.996,/tmpdir/crf_16.mpd,/videos/BigBuckBunny-2160.avi
220,0.98096,6.10059,0.99646,43.56001,0.99781,0.7644,0.982,0.99192,0.99556,99.68427,2.41,1.38,1.63,2.86,44.31,46.72,46.0,43.56,0.993,0.99,0.99,0.995,/tmpdir/crf_16.mpd,/videos/BigBuckBunny-2160.avi
221,0.99283,6.25693,0.99687,47.73079,0.99789,0.85128,0.99325,0.99726,0.99863,100.0,0.99,0.73,0.82,1.1,48.18,49.5,49.01,47.73,0.996,0.994,0.995,0.997,/tmpdir/crf_16.mpd,/videos/BigBuckBunny-2160.avi
222,0.98338,6.25693,0.99659,44.21948,0.99787,0.77828,0.98507,0.99354,0.99657,100.0,2.07,1.19,1.36,2.46,44.98,47.37,46.8,44.22,0.994,0.991,0.992,0.995,/tmpdir/crf_16.mpd,/videos/BigBuckBunny-2160.avi
223,0.98121,6.41012,0.99652,43.55956,0.99788,0.76471,0.98236,0.99223,0.9958,99.94642,2.4,1.37,1.57,2.86,44.33,46.75,46.17,43.56,0.993,0.99,0.99,0.995,/tmpdir/crf_16.mpd,/videos/BigBuckBunny-2160.avi
224,0.99345,6.41012,0.99694,47.96505,0.99796,0.85657,0.99382,0.99756,0.99885,100.0,0.95,0.74,0.8,1.04,48.36,49.46,49.12,47.97,0.996,0.994,0.995,0.997,/tmpdir/crf_16.mpd,/videos/BigBuckBunny-2160.avi
225,0.98157,6.53362,0.99653,43.46298,0.99793,0.76125,0.98227,0.99211,0.99567,100.0,2.5,1.51,1.77,2.93,44.15,46.35,45.65,43.46,0.993,0.989,0.989,0.995,/tmpdir/crf_16.mpd,/videos/BigBuckBunny-2160.avi
226,0.9845,6.53362,0.99669,44.65537,0.99797,0.78733,0.9863,0.99406,0.9968,100.0,1.94,1.29,1.47,2.23,45.24,47.02,46.45,44.66,0.994,0.99,0.991,0.996,/tmpdir/crf_16.mpd,/videos/BigBuckBunny-2160.avi
227,0.98145,6.66287,0.99653,43.32014,0.99797,0.75602,0.9817,0.99195,0.99569,100.0,2.55,1.48,1.7,3.03,44.07,46.42,45.83,43.32,0.993,0.989,0.99,0.994,/tmpdir/crf_16.mpd,/videos/BigBuckBunny-2160.avi
228,0.99324,6.66287,0.99699,47.55195,0.99805,0.84957,0.99334,0.99737,0.99873,100.0,1.04,0.82,0.87,1.14,47.95,49.01,48.72,47.55,0.996,0.993,0.994,0.997,/tmpdir/crf_16.mpd,/videos/BigBuckBunny-2160.avi
229,0.98031,6.78888,0.99653,43.04944,0.99801,0.75067,0.98113,0.99174,0.99559,100.0,2.72,1.57,1.88,3.22,43.78,46.17,45.38,43.05,0.992,0.988,0.989,0.994,/tmpdir/crf_16.mpd,/videos/BigBuckBunny-2160.avi
230,0.98397,6.78888,0.99671,44.26135,0.99805,0.77873,0.98581,0.9939,0.99678,100.0,2.15,1.44,1.69,2.44,44.81,46.55,45.85,44.26,0.993,0.989,0.99,0.995,/tmpdir/crf_16.mpd,/videos/BigBuckBunny-2160.avi
231,0.98048,6.90183,0.99653,42.89456,0.99804,0.74582,0.98059,0.99153,0.9955,100.0,2.78,1.56,1.77,3.34,43.69,46.2,45.65,42.89,0.992,0.989,0.989,0.994,/tmpdir/crf_16.mpd,/videos/BigBuckBunny-2160.avi
232,0.99264,6.90183,0.99704,47.26684,0.99813,0.8434,0.99314,0.99729,0.99873,100.0,1.12,0.88,0.95,1.22,47.65,48.7,48.35,47.27,0.996,0.993,0.994,0.997,/tmpdir/crf_16.mpd,/videos/BigBuckBunny-2160.avi
233,0.98065,7.01048,0.99654,42.7928,0.99808,0.74366,0.98036,0.9913,0.99531,100.0,2.86,1.57,1.89,3.42,43.57,46.18,45.36,42.79,0.992,0.988,0.988,0.994,/tmpdir/crf_16.mpd,/videos/BigBuckBunny-2160.avi
234,0.98392,7.01048,0.99675,44.10984,0.99813,0.77521,0.9852,0.99355,0.99651,100.0,2.23,1.49,1.8,2.52,44.65,46.39,45.59,44.11,0.993,0.989,0.989,0.995,/tmpdir/crf_16.mpd,/videos/BigBuckBunny-2160.avi
235,0.98077,7.11412,0.99658,42.818,0.99812,0.74436,0.98031,0.99136,0.99541,100.0,2.83,1.58,1.78,3.4,43.62,46.14,45.63,42.82,0.992,0.988,0.989,0.994,/tmpdir/crf_16.mpd,/videos/BigBuckBunny-2160.avi
236,0.99271,7.11412,0.99711,47.21048,0.99821,0.84301,0.99319,0.99732,0.99871,100.0,1.14,0.91,0.96,1.24,47.58,48.56,48.29,47.21,0.995,0.993,0.994,0.996,/tmpdir/crf_16.mpd,/videos/BigBuckBunny-2160.avi
237,0.98068,7.21815,0.99657,42.5817,0.99816,0.74,0.97998,0.99116,0.99526,100.0,2.99,1.67,1.94,3.59,43.37,45.9,45.26,42.58,0.991,0.988,0.988,0.993,/tmpdir/crf_16.mpd,/videos/BigBuckBunny-2160.avi
238,0.98327,7.21815,0.99674,43.66496,0.9982,0.76525,0.98372,0.99291,0.9962,100.0,2.41,1.54,1.74,2.8,44.31,46.26,45.72,43.66,0.992,0.988,0.989,0.994,/tmpdir/crf_16.mpd,/videos/BigBuckBunny-2160.avi
239,0.98072,7.30706,0.99658,42.51421,0.99819,0.73752,0.97961,0.99104,0.99524,100.0,3.04,1.7,1.96,3.64,43.3,45.82,45.22,42.51,0.991,0.987,0.988,0.993,/tmpdir/crf_16.mpd,/videos/BigBuckBunny-2160.avi
240,0.99225,7.30706,0.99711,46.53962,0.99828,0.82904,0.99213,0.9969,0.99852,100.0,1.32,1.04,1.13,1.44,46.92,47.98,47.6,46.54,0.995,0.991,0.993,0.996,/tmpdir/crf_16.mpd,/videos/BigBuckBunny-2160.avi
241,0.98031,7.38384,0.99659,42.41597,0.99823,0.73515,0.97959,0.99097,0.99514,100.0,3.15,1.86,2.11,3.73,43.15,45.43,44.88,42.42,0.991,0.986,0.987,0.993,/tmpdir/crf_16.mpd,/videos/BigBuckBunny-2160.avi
242,0.98356,7.38384,0.99676,43.49504,0.99827,0.76041,0.98338,0.99282,0.99615,100.0,2.52,1.62,1.85,2.91,44.12,46.04,45.46,43.5,0.992,0.988,0.988,0.994,/tmpdir/crf_16.mpd,/videos/BigBuckBunny-2160.avi
243,0.98034,7.45998,0.99659,42.33688,0.99826,0.73241,0.9792,0.99091,0.99521,100.0,3.15,1.7,1.99,3.8,43.15,45.83,45.15,42.34,0.991,0.987,0.988,0.993,/tmpdir/crf_16.mpd,/videos/BigBuckBunny-2160.avi
244,0.99201,7.45998,0.99716,46.425,0.99836,0.82736,0.99212,0.99689,0.99849,100.0,1.36,1.07,1.15,1.48,46.8,47.83,47.51,46.42,0.994,0.991,0.992,0.996,/tmpdir/crf_16.mpd,/videos/BigBuckBunny-2160.avi
245,0.98018,7.52457,0.99658,42.11655,0.9983,0.72753,0.97894,0.99084,0.99525,100.0,3.37,1.99,2.23,3.99,42.86,45.14,44.64,42.12,0.99,0.985,0.986,0.992,/tmpdir/crf_16.mpd,/videos/BigBuckBunny-2160.avi
246,0.98312,7.52457,0.99677,43.23924,0.99834,0.75461,0.98286,0.9926,0.99605,100.0,2.68,1.72,2.02,3.08,43.85,45.76,45.08,43.24,0.991,0.987,0.987,0.993,/tmpdir/crf_16.mpd,/videos/BigBuckBunny-2160.avi
247,0.98087,7.58451,0.99659,42.11876,0.99833,0.72726,0.97852,0.99047,0.99494,100.0,3.33,1.82,2.17,3.99,42.91,45.54,44.76,42.12,0.99,0.986,0.986,0.992,/tmpdir/crf_16.mpd,/videos/BigBuckBunny-2160.avi
248,0.99172,7.58451,0.99718,46.09965,0.99842,0.82063,0.99151,0.99656,0.99828,100.0,1.47,1.16,1.25,1.6,46.47,47.47,47.15,46.1,0.994,0.99,0.992,0.995,/tmpdir/crf_16.mpd,/videos/BigBuckBunny-2160.avi
249,0.98027,7.6475,0.99661,42.06753,0.99836,0.72772,0.97901,0.99068,0.99498,100.0,3.39,1.93,2.25,4.04,42.83,45.28,44.6,42.07,0.99,0.985,0.986,0.992,/tmpdir/crf_16.mpd,/videos/BigBuckBunny-2160.avi
250,0.98277,7.6475,0.99678,43.03864,0.9984,0.7501,0.98257,0.99243,0.99594,100.0,2.77,1.74,1.94,3.23,43.71,45.73,45.24,43.04,0.991,0.987,0.987,0.993,/tmpdir/crf_16.mpd,/videos/BigBuckBunny-2160.avi
251,0.98031,7.71546,0.9966,41.91444,0.99839,0.72324,0.97834,0.99044,0.99493,100.0,3.47,1.89,2.21,4.18,42.72,45.37,44.69,41.91,0.99,0.986,0.986,0.992,/tmpdir/crf_16.mpd,/videos/BigBuckBunny-2160.avi
252,0.99166,7.71546,0.99722,45.98662,0.99849,0.81852,0.99144,0.99652,0.99825,100.0,1.51,1.2,1.29,1.64,46.35,47.36,47.01,45.99,0.994,0.99,0.991,0.995,/tmpdir/crf_16.mpd,/videos/BigBuckBunny-2160.avi
253,0.97995,7.78389,0.99658,41.77732,0.99841,0.71975,0.97779,0.99018,0.99476,100.0,3.58,1.91,2.27,4.32,42.6,45.33,44.57,41.78,0.989,0.985,0.985,0.991,/tmpdir/crf_16.mpd,/videos/BigBuckBunny-2160.avi
254,0.98294,7.78389,0.99681,42.87936,0.99845,0.7465,0.98266,0.99251,0.99602,100.0,2.88,1.8,2.06,3.35,43.54,45.59,44.99,42.88,0.991,0.986,0.986,0.993,/tmpdir/crf_16.mpd,/videos/BigBuckBunny-2160.avi
255,0.98011,7.83701,0.99662,41.91567,0.99844,0.72344,0.97787,0.99022,0.99487,100.0,3.49,1.98,2.21,4.18,42.71,45.17,44.69,41.92,0.989,0.985,0.985,0.992,/tmpdir/crf_16.mpd,/videos/BigBuckBunny-2160.avi
256,0.99151,7.83701,0.99723,45.69876,0.99855,0.81212,0.99083,0.99627,0.99813,100.0,1.61,1.28,1.35,1.75,46.08,47.07,46.82,45.7,0.993,0.989,0.991,0.995,/tmpdir/crf_16.mpd,/videos/BigBuckBunny-2160.avi
257,0.9803,7.87294,0.99663,41.83643,0.99847,0.72275,0.97821,0.99046,0.99495,100.0,3.59,2.15,2.33,4.26,42.58,44.8,44.46,41.84,0.989,0.984,0.985,0.991,/tmpdir/crf_16.mpd,/videos/BigBuckBunny-2160.avi
258,0.98218,7.87294,0.9968,42.65138,0.99851,0.74101,0.98211,0.9923,0.99596,100.0,3.0,1.89,2.01,3.53,43.35,45.37,45.09,42.65,0.99,0.986,0.987,0.992,/tmpdir/crf_16.mpd,/videos/BigBuckBunny-2160.avi
259,0.98047,7.90683,0.9966,41.71622,0.99849,0.71865,0.97674,0.98973,0.99463,100.0,3.6,1.99,2.07,4.38,42.57,45.15,44.96,41.72,0.989,0.985,0.986,0.991,/tmpdir/crf_16.mpd,/videos/BigBuckBunny-2160.avi
260,0.9913,7.90683,0.99725,45.49002,0.9986,0.80776,0.99051,0.99612,0.99801,100.0,1.68,1.34,1.41,1.84,45.87,46.86,46.63,45.49,0.993,0.989,0.99,0.995,/tmpdir/crf_16.mpd,/videos/BigBuckBunny-2160.avi
261,0.9798,7.95301,0.99663,41.73668,0.99852,0.72027,0.97799,0.99028,0.99489,100.0,3.66,2.19,2.32,4.36,42.5,44.73,44.48,41.74,0.989,0.984,0.984,0.991,/tmpdir/crf_16.mpd,/videos/BigBuckBunny-2160.avi
262,0.9822,7.95301,0.99681,42.52412,0.99856,0.73811,0.98182,0.99208,0.9958,100.0,3.08,1.88,2.06,3.64,43.24,45.38,45.0,42.52,0.99,0.985,0.986,0.992,/tmpdir/crf_16.mpd,/videos/BigBuckBunny-2160.avi
263,0.97988,7.97521,0.99662,41.65907,0.99854,0.71776,0.97713,0.98988,0.99466,100.0,3.64,1.97,2.1,4.44,42.52,45.19,44.91,41.66,0.989,0.985,0.986,0.991,/tmpdir/crf_16.mpd,/videos/BigBuckBunny-2160.avi
264,0.9914,7.97521,0.99727,45.4209,0.99865,0.80672,0.99039,0.99606,0.99797,100.0,1.71,1.37,1.42,1.87,45.8,46.75,46.61,45.42,0.993,0.989,0.99,0.994,/tmpdir/crf_16.mpd,/videos/BigBuckBunny-2160.avi
265,0.98036,8.00245,0.99665,41.7349,0.99857,0.72123,0.97821,0.99034,0.99481,100.0,3.63,2.07,2.24,4.36,42.54,44.97,44.62,41.73,0.989,0.984,0.985,0.991,/tmpdir/crf_16.mpd,/videos/BigBuckBunny-2160.avi
266,0.98207,8.00245,0.99682,42.46654,0.99861,0.73731,0.98193,0.99209,0.99578,100.0,3.12,1.96,2.03,3.68,43.19,45.21,45.06,42.47,0.99,0.985,0.986,0.992,/tmpdir/crf_16.mpd,/videos/BigBuckBunny-2160.avi
267,0.97977,8.02872,0.99668,41.86874,0.99859,0.72442,0.97763,0.99004,0.99474,100.0,3.52,2.01,2.17,4.23,42.67,45.09,44.77,41.87,0.989,0.984,0.985,0.991,/tmpdir/crf_16.mpd,/videos/BigBuckBunny-2160.avi
268,0.99095,8.02872,0.99729,45.29167,0.9987,0.80485,0.99031,0.99597,0.9979,100.0,1.76,1.42,1.46,1.92,45.67,46.6,46.48,45.29,0.992,0.988,0.989,0.994,/tmpdir/crf_16.mpd,/videos/BigBuckBunny-2160.avi
269,0.97983,8.05854,0.99665,41.65737,0.99861,0.71993,0.97789,0.99014,0.99483,100.0,3.75,2.26,2.48,4.44,42.39,44.58,44.19,41.66,0.988,0.983,0.983,0.99,/tmpdir/crf_16.mpd,/videos/BigBuckBunny-2160.avi
270,0.98171,8.05854,0.99683,42.35706,0.99865,0.73513,0.98161,0.99189,0.99569,100.0,3.2,2.01,2.06,3.78,43.08,45.1,44.99,42.36,0.989,0.984,0.985,0.991,/tmpdir/crf_16.mpd,/videos/BigBuckBunny-2160.avi
271,0.97964,8.07559,0.99664,41.55284,0.99863,0.71809,0.97715,0.98987,0.99471,100.0,3.8,2.23,2.37,4.55,42.33,44.65,44.38,41.55,0.988,0.983,0.983,0.99,/tmpdir/crf_16.mpd,/videos/BigBuckBunny-2160.avi
272,0.99098,8.07559,0.9973,45.14823,0.99875,0.80212,0.99014,0.99592,0.99786,100.0,1.82,1.47,1.5,1.99,45.53,46.44,46.38,45.15,0.992,0.988,0.989,0.994,/tmpdir/crf_16.mpd,/videos/BigBuckBunny-2160.avi
273,0.97963,8.09215,0.99668,41.62144,0.99866,0.71945,0.97803,0.99022,0.99482,100.0,3.77,2.34,2.4,4.48,42.36,44.44,44.33,41.62,0.988,0.982,0.983,0.99,/tmpdir/crf_16.mpd,/videos/BigBuckBunny-2160.avi
274,0.98149,8.09215,0.99683,42.18647,0.9987,0.73164,0.98119,0.99168,0.99556,100.0,3.29,1.97,2.03,3.93,42.96,45.18,45.06,42.19,0.989,0.984,0.985,0.991,/tmpdir/crf_16.mpd,/videos/BigBuckBunny-2160.avi
275,0.98029,8.10166,0.99668,41.60943,0.99868,0.71966,0.97758,0.99,0.99474,100.0,3.76,2.25,2.33,4.49,42.38,44.6,44.46,41.61,0.988,0.983,0.983,0.99,/tmpdir/crf_16.mpd,/videos/BigBuckBunny-2160.avi
276,0.99077,8.10166,0.99732,45.00438,0.9988,0.79957,0.98992,0.99583,0.99783,100.0,1.88,1.54,1.52,2.05,45.39,46.27,46.3,45.0,0.992,0.987,0.988,0.994,/tmpdir/crf_16.mpd,/videos/BigBuckBunny-2160.avi
277,0.97962,8.10215,0.99669,41.5081,0.99871,0.71797,0.97799,0.99016,0.9947,100.0,3.83,2.33,2.27,4.59,42.3,44.47,44.56,41.51,0.988,0.982,0.984,0.99,/tmpdir/crf_16.mpd,/videos/BigBuckBunny-2160.avi
278,0.98164,8.10215,0.99683,42.09351,0.99874,0.72962,0.98124,0.99171,0.99556,100.0,3.4,2.24,2.13,4.02,42.81,44.63,44.85,42.09,0.988,0.983,0.984,0.991,/tmpdir/crf_16.mpd,/videos/BigBuckBunny-2160.avi
279,0.98025,8.08986,0.99672,41.76227,0.99872,0.72428,0.97776,0.98996,0.99465,100.0,3.61,2.18,2.16,4.33,42.55,44.75,44.78,41.76,0.988,0.983,0.984,0.99,/tmpdir/crf_16.mpd,/videos/BigBuckBunny-2160.avi
280,0.99065,8.08986,0.99733,44.86393,0.99884,0.79653,0.98962,0.99568,0.99773,100.0,1.94,1.59,1.56,2.12,45.26,46.12,46.21,44.86,0.991,0.987,0.988,0.993,/tmpdir/crf_16.mpd,/videos/BigBuckBunny-2160.avi
281,0.9802,8.05721,0.99671,41.54784,0.99875,0.71815,0.97821,0.99024,0.99471,100.0,3.79,2.28,2.27,4.55,42.34,44.55,44.56,41.55,0.987,0.982,0.983,0.99,/tmpdir/crf_16.mpd,/videos/BigBuckBunny-2160.avi
282,0.98088,8.05721,0.99682,41.98468,0.99878,0.72673,0.98038,0.99116,0.99516,100.0,3.41,1.99,2.03,4.12,42.8,45.14,45.06,41.98,0.988,0.984,0.985,0.99,/tmpdir/crf_16.mpd,/videos/BigBuckBunny-2160.avi
283,0.98017,8.0156,0.99666,41.44671,0.99875,0.71672,0.97707,0.98967,0.99444,100.0,3.8,2.15,2.0,4.66,42.33,44.8,45.11,41.45,0.988,0.983,0.985,0.99,/tmpdir/crf_16.mpd,/videos/BigBuckBunny-2160.avi
284,0.99058,8.0156,0.99734,44.83138,0.99888,0.79611,0.98971,0.99575,0.99774,100.0,1.95,1.62,1.55,2.14,45.22,46.03,46.22,44.83,0.991,0.986,0.988,0.993,/tmpdir/crf_16.mpd,/videos/BigBuckBunny-2160.avi
285,0.97924,7.96127,0.9967,41.42458,0.99878,0.71611,0.97756,0.98993,0.9946,100.0,3.9,2.38,2.31,4.68,42.22,44.36,44.5,41.42,0.987,0.981,0.983,0.989,/tmpdir/crf_16.mpd,/videos/BigBuckBunny-2160.avi
286,0.98138,7.96127,0.99684,41.99289,0.99881,0.72738,0.9804,0.99112,0.9951,100.0,3.48,2.31,2.11,4.11,42.72,44.49,44.88,41.99,0.988,0.982,0.984,0.99,/tmpdir/crf_16.mpd,/videos/BigBuckBunny-2160.avi
287,0.98027,7.91618,0.99669,41.608,0.99879,0.71976,0.97755,0.9899,0.99459,100.0,3.71,2.22,2.08,4.49,42.44,44.66,44.94,41.61,0.987,0.982,0.984,0.99,/tmpdir/crf_16.mpd,/videos/BigBuckBunny-2160.avi
288,0.99061,7.91618,0.99734,44.69836,0.99892,0.79321,0.9896,0.99581,0.99786,100.0,2.01,1.66,1.57,2.2,45.1,45.92,46.18,44.7,0.991,0.986,0.987,0.993,/tmpdir/crf_16.mpd,/videos/BigBuckBunny-2160.avi
289,0.97846,7.86262,0.99653,41.07366,0.99878,0.70658,0.97593,0.98922,0.99423,100.0,4.2,2.54,2.37,5.08,41.89,44.07,44.39,41.07,0.986,0.98,0.982,0.988,/tmpdir/crf_16.mpd,/videos/BigBuckBunny-2160.avi
290,0.97967,7.86262,0.99661,41.26536,0.99882,0.70871,0.97728,0.98979,0.99443,100.0,4.01,2.4,2.22,4.86,42.1,44.34,44.66,41.27,0.986,0.981,0.983,0.989,/tmpdir/crf_16.mpd,/videos/BigBuckBunny-2160.avi
291,0.97876,7.81075,0.99639,40.95881,0.99878,0.70197,0.97368,0.9881,0.99359,100.0,4.34,2.7,2.49,5.21,41.75,43.82,44.16,40.96,0.985,0.979,0.981,0.988,/tmpdir/crf_16.mpd,/videos/BigBuckBunny-2160.avi
292,0.98768,7.81075,0.99701,43.44522,0.9989,0.75952,0.98546,0.99403,0.99691,100.0,2.64,2.09,1.98,2.94,43.92,44.92,45.17,43.45,0.989,0.983,0.984,0.991,/tmpdir/crf_16.mpd,/videos/BigBuckBunny-2160.avi
293,0.97672,7.75867,0.9964,40.64801,0.9988,0.69534,0.97363,0.98809,0.99357,99.84375,4.66,2.89,2.66,5.6,41.45,43.52,43.88,40.65,0.985,0.978,0.98,0.988,/tmpdir/crf_16.mpd,/videos/BigBuckBunny-2160.avi
294,0.97892,7.75867,0.99653,41.1111,0.99884,0.70394,0.9762,0.98929,0.99419,100.0,4.2,2.6,2.44,5.03,41.9,43.99,44.25,41.11,0.985,0.979,0.981,0.988,/tmpdir/crf_16.mpd,/videos/BigBuckBunny-2160.avi
295,0.97777,7.70538,0.99634,40.72119,0.9988,0.69739,0.97277,0.98772,0.99343,99.97311,4.58,2.81,2.65,5.51,41.52,43.65,43.9,40.72,0.985,0.978,0.98,0.988,/tmpdir/crf_16.mpd,/videos/BigBuckBunny-2160.avi
296,0.98832,7.70538,0.99708,43.6495,0.99895,0.76599,0.98656,0.99456,0.99725,100.0,2.52,2.05,1.87,2.81,44.11,45.01,45.41,43.65,0.989,0.983,0.985,0.991,/tmpdir/crf_16.mpd,/videos/BigBuckBunny-2160.avi
297,0.97857,7.64946,0.99647,41.00884,0.99884,0.70361,0.97545,0.98906,0.99415,100.0,4.36,2.91,2.64,5.15,41.73,43.48,43.91,41.01,0.985,0.977,0.98,0.988,/tmpdir/crf_16.mpd,/videos/BigBuckBunny-2160.avi
298,0.97906,7.64946,0.99652,41.05276,0.99887,0.70252,0.97595,0.98919,0.99419,100.0,4.26,2.75,2.38,5.1,41.84,43.74,44.36,41.05,0.985,0.978,0.981,0.988,/tmpdir/crf_16.mpd,/videos/BigBuckBunny-2160.avi
299,0.97868,7.60033,0.99636,40.8811,0.99884,0.69965,0.9734,0.98797,0.99348,100.0,4.49,2.96,2.72,5.31,41.61,43.41,43.78,40.88,0.984,0.977,0.979,0.988,/tmpdir/crf_16.mpd,/videos/BigBuckBunny-2160.avi
300,0.98821,7.60033,0.99702,43.41649,0.99897,0.76004,0.98576,0.9942,0.99701,100.0,2.66,2.16,1.95,2.96,43.88,44.78,45.22,43.42,0.988,0.982,0.984,0.991,/tmpdir/crf_16.mpd,/videos/BigBuckBunny-2160.avi
301,0.97774,7.54887,0.99639,40.64545,0.99886,0.69664,0.97376,0.98818,0.99366,99.8871,4.73,3.08,2.86,5.6,41.39,43.24,43.57,40.65,0.984,0.976,0.978,0.987,/tmpdir/crf_16.mpd,/videos/BigBuckBunny-2160.avi
302,0.9794,7.54887,0.99653,41.00545,0.9989,0.70294,0.97607,0.98923,0.99413,100.0,4.28,2.65,2.4,5.16,41.81,43.89,44.32,41.01,0.985,0.979,0.981,0.988,/tmpdir/crf_16.mpd,/videos/BigBuckBunny-2160.avi
303,0.97889,7.50144,0.99636,40.75988,0.99887,0.699,0.97343,0.98802,0.99344,100.0,4.54,2.85,2.57,5.46,41.56,43.59,44.03,40.76,0.985,0.978,0.98,0.987,/tmpdir/crf_16.mpd,/videos/BigBuckBunny-2160.avi
304,0.98845,7.50144,0.99705,43.41818,0.999,0.7613,0.9861,0.9944,0.99717,100.0,2.66,2.18,1.95,2.96,43.88,44.75,45.23,43.42,0.988,0.982,0.984,0.991,/tmpdir/crf_16.mpd,/videos/BigBuckBunny-2160.avi
305,0.97947,7.44151,0.99649,40.90914,0.9989,0.70454,0.97471,0.9886,0.99378,100.0,4.48,3.04,2.72,5.27,41.62,43.3,43.79,40.91,0.984,0.976,0.979,0.988,/tmpdir/crf_16.mpd,/videos/BigBuckBunny-2160.avi
306,0.98008,7.44151,0.99661,41.10087,0.99893,0.70744,0.97694,0.98969,0.99442,100.0,4.25,2.83,2.51,5.05,41.84,43.61,44.14,41.1,0.985,0.978,0.98,0.988,/tmpdir/crf_16.mpd,/videos/BigBuckBunny-2160.avi
307,0.97879,7.37863,0.99641,40.73275,0.9989,0.69993,0.97388,0.98822,0.99361,99.95129,4.52,2.78,2.38,5.49,41.58,43.7,44.36,40.73,0.985,0.978,0.981,0.987,/tmpdir/crf_16.mpd,/videos/BigBuckBunny-2160.avi
308,0.98832,7.37863,0.99709,43.41452,0.99903,0.7625,0.98614,0.99437,0.9971,100.0,2.67,2.2,1.96,2.96,43.87,44.72,45.22,43.41,0.988,0.982,0.984,0.991,/tmpdir/crf_16.mpd,/videos/BigBuckBunny-2160.avi
309,0.97938,7.30525,0.99652,40.82432,0.99892,0.70523,0.97513,0.98897,0.99407,100.0,4.46,2.9,2.36,5.38,41.63,43.51,44.4,40.82,0.985,0.978,0.981,0.988,/tmpdir/crf_16.mpd,/videos/BigBuckBunny-2160.avi
310,0.97994,7.30525,0.99662,41.06036,0.99896,0.70825,0.97672,0.98962,0.99445,100.0,4.25,2.8,2.31,5.09,41.85,43.65,44.5,41.06,0.985,0.978,0.981,0.988,/tmpdir/crf_16.mpd,/videos/BigBuckBunny-2160.avi
311,0.97984,7.23313,0.99646,40.83841,0.99892,0.7032,0.97403,0.98842,0.99389,100.0,4.39,2.67,2.2,5.36,41.71,43.86,44.7,40.84,0.985,0.979,0.982,0.988,/tmpdir/crf_16.mpd,/videos/BigBuckBunny-2160.avi
312,0.9885,7.23313,0.99709,43.33513,0.99904,0.76146,0.98593,0.99431,0.99713,100.0,2.71,2.23,1.97,3.02,43.8,44.64,45.19,43.34,0.988,0.981,0.983,0.991,/tmpdir/crf_16.mpd,/videos/BigBuckBunny-2160.avi
313,0.97952,7.16334,0.99654,40.90531,0.99894,0.7078,0.97514,0.98886,0.99399,99.96694,4.41,2.96,2.4,5.28,41.68,43.42,44.32,40.91,0.985,0.978,0.98,0.988,/tmpdir/crf_16.mpd,/videos/BigBuckBunny-2160.avi
314,0.98068,7.16334,0.99667,41.20996,0.99897,0.71305,0.97702,0.98968,0.99437,100.0,4.16,2.83,2.45,4.92,41.94,43.61,44.23,41.21,0.985,0.978,0.98,0.988,/tmpdir/crf_16.mpd,/videos/BigBuckBunny-2160.avi
315,0.97909,7.0854,0.99648,40.81552,0.99894,0.70512,0.97425,0.98851,0.99376,99.81949,4.49,2.98,2.41,5.39,41.61,43.38,44.31,40.82,0.985,0.978,0.98,0.988,/tmpdir/crf_16.mpd,/videos/BigBuckBunny-2160.avi
316,0.9885,7.0854,0.99711,43.31942,0.99906,0.76237,0.98586,0.99422,0.99702,100.0,2.73,2.27,1.98,3.03,43.77,44.56,45.17,43.32,0.988,0.981,0.983,0.991,/tmpdir/crf_16.mpd,/videos/BigBuckBunny-2160.avi
317,0.97976,7.00445,0.99653,40.82415,0.99895,0.70717,0.97499,0.98884,0.99398,99.90226,4.6,3.33,2.74,5.38,41.5,42.9,43.75,40.82,0.984,0.976,0.978,0.988,/tmpdir/crf_16.mpd,/videos/BigBuckBunny-2160.avi
318,0.97998,7.00445,0.99669,41.17526,0.99899,0.71413,0.97716,0.9898,0.99449,99.99033,4.23,2.99,2.55,4.96,41.87,43.37,44.06,41.18,0.985,0.977,0.979,0.988,/tmpdir/crf_16.mpd,/videos/BigBuckBunny-2160.avi
319,0.98017,6.90403,0.99645,40.59263,0.99895,0.70087,0.97429,0.98861,0.99392,99.90571,4.77,3.21,2.7,5.67,41.35,43.06,43.82,40.59,0.984,0.976,0.978,0.987,/tmpdir/crf_16.mpd,/videos/BigBuckBunny-2160.avi
320,0.98855,6.90403,0.99711,43.24522,0.99907,0.76105,0.98573,0.99423,0.99707,100.0,2.78,2.33,2.01,3.08,43.7,44.46,45.11,43.25,0.988,0.981,0.983,0.99,/tmpdir/crf_16.mpd,/videos/BigBuckBunny-2160.avi
321,0.9794,6.8034,0.99653,40.77606,0.99896,0.70656,0.97407,0.98839,0.99373,99.68233,4.66,3.42,2.8,5.44,41.45,42.79,43.66,40.78,0.984,0.975,0.978,0.988,/tmpdir/crf_16.mpd,/videos/BigBuckBunny-2160.avi
322,0.98108,6.8034,0.9967,41.21455,0.999,0.71634,0.97733,0.98982,0.99441,100.0,4.14,2.88,2.28,4.92,41.96,43.54,44.55,41.21,0.985,0.978,0.981,0.988,/tmpdir/crf_16.mpd,/videos/BigBuckBunny-2160.avi
323,0.98063,6.69247,0.99655,40.92816,0.99897,0.71013,0.97484,0.98879,0.99404,99.8511,4.52,3.32,2.81,5.25,41.58,42.92,43.65,40.93,0.984,0.976,0.977,0.988,/tmpdir/crf_16.mpd,/videos/BigBuckBunny-2160.avi
324,0.98875,6.69247,0.99714,43.31013,0.99908,0.76409,0.98601,0.99428,0.99709,100.0,2.74,2.29,2.0,3.03,43.76,44.53,45.12,43.31,0.988,0.981,0.982,0.991,/tmpdir/crf_16.mpd,/videos/BigBuckBunny-2160.avi
325,0.99488,6.59042,0.99815,47.09323,0.99921,0.86276,0.9941,0.99747,0.99867,100.0,1.14,0.91,0.83,1.27,47.57,48.52,48.95,47.09,0.994,0.992,0.992,0.995,/tmpdir/crf_16.mpd,/videos/BigBuckBunny-2160.avi
326,0.98412,6.59042,0.99726,42.03199,0.99905,0.75751,0.98068,0.99136,0.99535,100.0,3.36,2.13,1.75,4.07,42.87,44.85,45.71,42.03,0.989,0.986,0.986,0.991,/tmpdir/crf_16.mpd,/videos/BigBuckBunny-2160.avi
327,0.98354,6.49026,0.99727,42.03077,0.99908,0.75176,0.98197,0.99188,0.99566,100.0,3.3,1.96,1.58,4.07,42.94,45.22,46.16,42.03,0.989,0.987,0.987,0.991,/tmpdir/crf_16.mpd,/videos/BigBuckBunny-2160.avi
328,0.98096,6.49026,0.99692,41.09355,0.99902,0.72691,0.97677,0.98941,0.99422,99.79319,4.12,2.53,1.98,5.06,41.98,44.1,45.15,41.09,0.987,0.983,0.984,0.989,/tmpdir/crf_16.mpd,/videos/BigBuckBunny-2160.avi
329,0.98937,6.3794,0.99742,43.65965,0.99912,0.77881,0.98646,0.99425,0.99707,100.0,2.39,1.71,1.42,2.8,44.35,45.79,46.61,43.66,0.99,0.987,0.988,0.992,/tmpdir/crf_16.mpd,/videos/BigBuckBunny-2160.avi
330,0.98113,6.3794,0.99697,41.48936,0.99902,0.73598,0.97743,0.98965,0.99436,99.76299,3.89,2.7,2.18,4.61,42.23,43.82,44.75,41.49,0.987,0.982,0.983,0.99,/tmpdir/crf_16.mpd,/videos/BigBuckBunny-2160.avi
331,0.9823,6.25436,0.99711,41.66996,0.99907,0.74023,0.98005,0.99095,0.99508,99.96265,3.69,2.43,2.02,4.43,42.46,44.28,45.08,41.67,0.988,0.983,0.984,0.99,/tmpdir/crf_16.mpd,/videos/BigBuckBunny-2160.avi
332,0.98187,6.25436,0.99699,41.36636,0.99903,0.73436,0.97777,0.98983,0.99444,99.82216,3.87,2.41,1.83,4.75,42.25,44.32,45.5,41.37,0.988,0.984,0.985,0.99,/tmpdir/crf_16.mpd,/videos/BigBuckBunny-2160.avi
333,0.99131,6.12944,0.99766,44.54519,0.99916,0.80253,0.9896,0.99564,0.99774,100.0,2.02,1.62,1.39,2.28,45.07,46.04,46.7,44.55,0.991,0.987,0.988,0.993,/tmpdir/crf_16.mpd,/videos/BigBuckBunny-2160.avi
334,0.9817,6.12944,0.99705,41.30614,0.99905,0.73407,0.97884,0.99044,0.99484,99.75303,3.97,2.55,2.02,4.81,42.14,44.06,45.08,41.31,0.987,0.983,0.984,0.99,/tmpdir/crf_16.mpd,/videos/BigBuckBunny-2160.avi
335,0.9836,6.00594,0.99721,41.95064,0.99909,0.74638,0.98157,0.99171,0.99554,100.0,3.44,2.26,1.77,4.15,42.77,44.58,45.66,41.95,0.988,0.984,0.985,0.99,/tmpdir/crf_16.mpd,/videos/BigBuckBunny-2160.avi
336,0.98132,6.00594,0.99701,41.30221,0.99905,0.73258,0.97824,0.99004,0.99448,99.57592,4.0,2.64,2.08,4.82,42.11,43.91,44.95,41.3,0.987,0.982,0.983,0.989,/tmpdir/crf_16.mpd,/videos/BigBuckBunny-2160.avi
337,0.99055,5.8605,0.99755,44.13144,0.99915,0.79219,0.98855,0.9952,0.99751,100.0,2.24,1.82,1.55,2.51,44.64,45.54,46.22,44.13,0.99,0.986,0.986,0.992,/tmpdir/crf_16.mpd,/videos/BigBuckBunny-2160.avi
338,0.98184,5.8605,0.99697,41.15043,0.99904,0.73014,0.97777,0.98988,0.99451,99.57474,4.13,2.67,2.14,4.99,41.97,43.87,44.83,41.15,0.987,0.982,0.983,0.989,/tmpdir/crf_16.mpd,/videos/BigBuckBunny-2160.avi
339,0.98381,5.698,0.99721,42.05026,0.99909,0.74916,0.98197,0.99182,0.9955,99.92654,3.41,2.4,1.86,4.06,42.8,44.32,45.43,42.05,0.988,0.983,0.984,0.99,/tmpdir/crf_16.mpd,/videos/BigBuckBunny-2160.avi
340,0.98204,5.698,0.99699,41.26965,0.99904,0.73305,0.97812,0.98998,0.99448,99.50871,4.09,2.87,2.23,4.85,42.02,43.56,44.65,41.27,0.987,0.981,0.982,0.989,/tmpdir/crf_16.mpd,/videos/BigBuckBunny-2160.avi
341,0.99049,5.52058,0.99756,44.16141,0.99916,0.79367,0.98859,0.9952,0.99748,100.0,2.24,1.87,1.6,2.49,44.63,45.42,46.08,44.16,0.99,0.985,0.986,0.992,/tmpdir/crf_16.mpd,/videos/BigBuckBunny-2160.avi
342,0.98282,5.52058,0.99709,41.70612,0.99906,0.7431,0.97914,0.9905,0.99477,99.56418,3.67,2.46,1.98,4.39,42.49,44.21,45.16,41.71,0.988,0.983,0.983,0.99,/tmpdir/crf_16.mpd,/videos/BigBuckBunny-2160.avi
343,0.98363,5.33103,0.99721,41.92208,0.9991,0.7471,0.98174,0.99184,0.99561,99.67715,3.6,2.69,2.23,4.18,42.56,43.83,44.66,41.92,0.987,0.981,0.982,0.99,/tmpdir/crf_16.mpd,/videos/BigBuckBunny-2160.avi
344,0.98305,5.33103,0.99713,41.90347,0.99907,0.74777,0.97982,0.99081,0.995,99.51159,3.67,2.93,2.32,4.2,42.48,43.46,44.47,41.9,0.987,0.98,0.981,0.99,/tmpdir/crf_16.mpd,/videos/BigBuckBunny-2160.avi
345,0.99083,5.13727,0.99758,44.22608,0.99917,0.79513,0.98887,0.99538,0.99763,100.0,2.21,1.84,1.59,2.46,44.69,45.48,46.13,44.23,0.99,0.985,0.986,0.992,/tmpdir/crf_16.mpd,/videos/BigBuckBunny-2160.avi
346,0.9841,5.13727,0.99717,42.1354,0.99907,0.75278,0.98024,0.99104,0.99506,99.58825,3.37,2.46,1.86,3.98,42.85,44.22,45.43,42.14,0.988,0.983,0.984,0.991,/tmpdir/crf_16.mpd,/videos/BigBuckBunny-2160.avi
347,0.98388,4.94356,0.99725,42.1472,0.9991,0.75294,0.98257,0.99225,0.99581,99.50976,3.43,2.54,2.14,3.97,42.78,44.08,44.82,42.15,0.988,0.982,0.982,0.991,/tmpdir/crf_16.mpd,/videos/BigBuckBunny-2160.avi
348,0.98185,4.94356,0.99705,41.48724,0.99906,0.73844,0.97847,0.99023,0.99468,99.02923,3.92,2.77,2.29,4.62,42.2,43.71,44.54,41.49,0.987,0.981,0.981,0.99,/tmpdir/crf_16.mpd,/videos/BigBuckBunny-2160.avi
349,0.99105,4.74258,0.99759,44.27501,0.99917,0.79658,0.98904,0.9954,0.9976,100.0,2.2,1.86,1.61,2.43,44.71,45.44,46.07,44.28,0.99,0.985,0.985,0.992,/tmpdir/crf_16.mpd,/videos/BigBuckBunny-2160.avi
350,0.98253,4.74258,0.99709,41.57597,0.99907,0.74169,0.97926,0.99057,0.99484,99.04697,3.8,2.62,2.08,4.52,42.33,43.95,44.94,41.58,0.987,0.982,0.982,0.99,/tmpdir/crf_16.mpd,/videos/BigBuckBunny-2160.avi
351,0.9835,4.53584,0.99723,41.99869,0.99911,0.75007,0.98173,0.99183,0.9956,99.17567,3.41,2.24,1.78,4.1,42.81,44.62,45.62,42.0,0.988,0.984,0.984,0.99,/tmpdir/crf_16.mpd,/videos/BigBuckBunny-2160.avi
352,0.98153,4.53584,0.99699,41.13211,0.99906,0.73085,0.97798,0.99,0.99453,98.71251,4.11,2.58,2.04,5.01,41.99,44.02,45.03,41.13,0.987,0.982,0.983,0.989,/tmpdir/crf_16.mpd,/videos/BigBuckBunny-2160.avi
353,0.99149,4.33213,0.99762,44.37928,0.99918,0.79957,0.98933,0.99549,0.99764,100.0,2.15,1.82,1.57,2.37,44.81,45.52,46.17,44.38,0.99,0.985,0.986,0.992,/tmpdir/crf_16.mpd,/videos/BigBuckBunny-2160.avi
354,0.98167,4.33213,0.99689,40.80357,0.99904,0.72379,0.97704,0.98958,0.99431,98.59346,4.43,2.81,2.14,5.4,41.67,43.64,44.83,40.8,0.986,0.981,0.982,0.989,/tmpdir/crf_16.mpd,/videos/BigBuckBunny-2160.avi
355,0.98268,4.13357,0.99709,41.70534,0.99909,0.74269,0.98018,0.99108,0.9952,98.74729,3.69,2.63,1.97,4.39,42.45,43.93,45.18,41.71,0.987,0.982,0.983,0.99,/tmpdir/crf_16.mpd,/videos/BigBuckBunny-2160.avi
356,0.98303,4.13357,0.99691,41.28079,0.99905,0.73323,0.97716,0.98968,0.99442,98.72386,4.06,2.82,2.19,4.84,42.04,43.63,44.72,41.28,0.986,0.98,0.981,0.989,/tmpdir/crf_16.mpd,/videos/BigBuckBunny-2160.avi
357,0.989,3.93537,0.9973,43.33982,0.99914,0.77153,0.98584,0.99404,0.99694,99.94861,2.7,2.23,1.91,3.01,43.82,44.65,45.33,43.34,0.988,0.983,0.983,0.991,/tmpdir/crf_16.mpd,/videos/BigBuckBunny-2160.avi
358,0.98041,3.93537,0.9968,40.80037,0.99903,0.72122,0.97512,0.9887,0.99391,98.09089,4.58,3.26,2.56,5.41,41.53,42.99,44.05,40.8,0.985,0.978,0.979,0.989,/tmpdir/crf_16.mpd,/videos/BigBuckBunny-2160.avi
359,0.98333,3.72636,0.99702,41.54533,0.99908,0.73701,0.97945,0.99089,0.99514,98.61725,3.97,3.12,2.46,4.56,42.14,43.19,44.21,41.55,0.986,0.979,0.98,0.989,/tmpdir/crf_16.mpd,/videos/BigBuckBunny-2160.avi
360,0.98184,3.72636,0.99698,41.63608,0.99906,0.74268,0.97838,0.99009,0.9945,98.29275,3.82,2.92,2.16,4.46,42.31,43.48,44.79,41.64,0.987,0.98,0.981,0.99,/tmpdir/crf_16.mpd,/videos/BigBuckBunny-2160.avi
361,0.98965,3.515,0.99742,43.72267,0.99916,0.78163,0.98722,0.99462,0.99719,99.86394,2.5,2.12,1.82,2.76,44.16,44.86,45.52,43.72,0.989,0.983,0.984,0.991,/tmpdir/crf_16.mpd,/videos/BigBuckBunny-2160.avi
362,0.98232,3.515,0.99696,41.31972,0.99906,0.73353,0.97772,0.99,0.99458,98.25836,4.15,3.16,2.53,4.8,41.95,43.13,44.1,41.32,0.986,0.979,0.979,0.989,/tmpdir/crf_16.mpd,/videos/BigBuckBunny-2160.avi
363,0.98336,3.30626,0.99709,41.90157,0.9991,0.7449,0.9808,0.99154,0.99551,98.42367,3.72,3.06,2.47,4.2,42.43,43.27,44.2,41.9,0.986,0.979,0.979,0.99,/tmpdir/crf_16.mpd,/videos/BigBuckBunny-2160.avi
364,0.98233,3.30626,0.99687,40.98714,0.99906,0.72433,0.97747,0.9899,0.99449,98.13009,4.46,3.44,2.61,5.18,41.64,42.76,43.97,40.99,0.985,0.977,0.979,0.989,/tmpdir/crf_16.mpd,/videos/BigBuckBunny-2160.avi
365,0.98937,3.08593,0.99736,43.53073,0.99915,0.77623,0.98666,0.99441,0.99705,99.55546,2.6,2.2,1.88,2.88,43.98,44.7,45.4,43.53,0.988,0.983,0.983,0.991,/tmpdir/crf_16.mpd,/videos/BigBuckBunny-2160.avi
366,0.985,3.08593,0.99712,42.29895,0.99909,0.75396,0.98018,0.99111,0.99509,98.55557,3.52,3.31,2.49,3.83,42.67,42.93,44.17,42.3,0.986,0.978,0.979,0.99,/tmpdir/crf_16.mpd,/videos/BigBuckBunny-2160.avi
367,0.98306,2.86805,0.99699,41.39459,0.99909,0.73233,0.97924,0.99085,0.99505,98.07251,3.97,2.71,2.23,4.72,42.15,43.8,44.65,41.39,0.986,0.981,0.981,0.989,/tmpdir/crf_16.mpd,/videos/BigBuckBunny-2160.avi
368,0.98072,2.86805,0.99683,40.90996,0.99905,0.7217,0.97613,0.9892,0.99413,97.557,4.56,3.5,2.77,5.27,41.54,42.69,43.7,40.91,0.985,0.977,0.977,0.988,/tmpdir/crf_16.mpd,/videos/BigBuckBunny-2160.avi
369,0.98925,2.65082,0.99735,43.42326,0.99916,0.77357,0.98636,0.99427,0.99697,99.28512,2.67,2.26,1.95,2.96,43.86,44.59,45.24,43.42,0.988,0.982,0.983,0.991,/tmpdir/crf_16.mpd,/videos/BigBuckBunny-2160.avi
370,0.98185,2.65082,0.99697,41.61006,0.99906,0.73833,0.97758,0.98987,0.9945,97.68054,4.01,3.42,2.66,4.49,42.1,42.8,43.88,41.61,0.985,0.977,0.978,0.989,/tmpdir/crf_16.mpd,/videos/BigBuckBunny-2160.avi
371,0.98334,2.42898,0.99705,41.98187,0.99909,0.74435,0.97892,0.99065,0.99497,97.87431,3.53,2.63,2.06,4.12,42.65,43.93,44.98,41.98,0.987,0.981,0.982,0.99,/tmpdir/crf_16.mpd,/videos/BigBuckBunny-2160.avi
372,0.98372,2.42898,0.99698,41.80818,0.99907,0.74083,0.97836,0.99029,0.99473,97.91551,3.87,3.43,2.66,4.29,42.25,42.77,43.88,41.81,0.986,0.977,0.978,0.99,/tmpdir/crf_16.mpd,/videos/BigBuckBunny-2160.avi
373,0.98836,2.20403,0.99725,43.09916,0.99915,0.76485,0.98527,0.99384,0.99681,98.85569,2.84,2.34,1.99,3.19,43.59,44.44,45.15,43.1,0.988,0.982,0.982,0.99,/tmpdir/crf_16.mpd,/videos/BigBuckBunny-2160.avi
374,0.9813,2.20403,0.99687,41.17502,0.99906,0.72682,0.97716,0.98979,0.99447,97.33009,4.38,3.56,2.89,4.96,41.71,42.61,43.53,41.18,0.984,0.976,0.977,0.989,/tmpdir/crf_16.mpd,/videos/BigBuckBunny-2160.avi
375,0.98284,1.97604,0.99695,41.43198,0.99909,0.73092,0.97914,0.99081,0.99505,97.54223,4.02,3.04,2.39,4.68,42.09,43.3,44.35,41.43,0.986,0.979,0.979,0.989,/tmpdir/crf_16.mpd,/videos/BigBuckBunny-2160.avi
376,0.9817,1.97604,0.9969,41.40517,0.99907,0.73098,0.97726,0.98983,0.9945,97.28225,4.14,3.3,2.73,4.71,41.96,42.94,43.76,41.41,0.985,0.977,0.978,0.989,/tmpdir/crf_16.mpd,/videos/BigBuckBunny-2160.avi
377,0.98824,1.74962,0.99728,43.1339,0.99916,0.76574,0.9854,0.99388,0.99682,98.59677,2.87,2.43,2.12,3.16,43.56,44.28,44.87,43.13,0.987,0.981,0.981,0.991,/tmpdir/crf_16.mpd,/videos/BigBuckBunny-2160.avi
378,0.98216,1.74962,0.99688,41.15729,0.99908,0.72606,0.97713,0.98987,0.99461,97.24767,4.27,3.18,2.5,4.98,41.83,43.1,44.15,41.16,0.985,0.978,0.979,0.989,/tmpdir/crf_16.mpd,/videos/BigBuckBunny-2160.avi
379,0.98423,1.51727,0.99703,41.95948,0.99911,0.74178,0.97994,0.99125,0.9954,97.58432,3.78,3.38,2.76,4.14,42.35,42.85,43.72,41.96,0.985,0.977,0.977,0.99,/tmpdir/crf_16.mpd,/videos/BigBuckBunny-2160.avi
380,0.9807,1.51727,0.99677,40.90189,0.99906,0.7182,0.97592,0.98929,0.9943,96.82916,4.5,3.26,2.6,5.28,41.6,43.01,43.99,40.9,0.985,0.977,0.978,0.988,/tmpdir/crf_16.mpd,/videos/BigBuckBunny-2160.avi
381,0.98729,1.28972,0.99714,42.78038,0.99914,0.75545,0.98356,0.99301,0.99632,98.12434,3.08,2.56,2.19,3.43,43.25,44.04,44.72,42.78,0.987,0.981,0.981,0.99,/tmpdir/crf_16.mpd,/videos/BigBuckBunny-2160.avi
382,0.98082,1.28972,0.99674,40.83011,0.99906,0.71609,0.9753,0.98894,0.99407,96.70551,4.68,3.72,2.86,5.37,41.43,42.43,43.57,40.83,0.984,0.975,0.976,0.988,/tmpdir/crf_16.mpd,/videos/BigBuckBunny-2160.avi
383,0.98293,1.06284,0.99694,41.87399,0.99909,0.73709,0.97845,0.99047,0.99487,97.0617,3.86,3.45,2.82,4.22,42.26,42.75,43.64,41.87,0.985,0.976,0.977,0.989,/tmpdir/crf_16.mpd,/videos/BigBuckBunny-2160.avi
384,0.98017,1.06284,0.99667,40.74343,0.99905,0.71245,0.9744,0.98852,0.99388,96.44706,4.74,3.73,2.8,5.48,41.37,42.41,43.65,40.74,0.984,0.975,0.977,0.988,/tmpdir/crf_16.mpd,/videos/BigBuckBunny-2160.avi
385,0.98689,0.83081,0.99705,42.4991,0.99913,0.74769,0.98233,0.9925,0.99607,97.78143,3.26,2.68,2.26,3.66,42.99,43.84,44.58,42.5,0.986,0.98,0.98,0.989,/tmpdir/crf_16.mpd,/videos/BigBuckBunny-2160.avi
386,0.97947,0.83081,0.99676,41.17341,0.99907,0.72084,0.9762,0.98951,0.99441,96.26605,4.29,3.33,2.56,4.96,41.81,42.91,44.06,41.17,0.985,0.977,0.978,0.988,/tmpdir/crf_16.mpd,/videos/BigBuckBunny-2160.avi
387,0.983,0.60913,0.99671,41.26271,0.99906,0.71942,0.97594,0.98939,0.99438,96.76997,4.24,3.29,2.7,4.86,41.86,42.96,43.81,41.26,0.984,0.977,0.977,0.988,/tmpdir/crf_16.mpd,/videos/BigBuckBunny-2160.avi
388,0.98063,0.60913,0.99666,41.10513,0.99906,0.71631,0.97571,0.98938,0.99436,96.35044,4.41,3.5,2.77,5.04,41.69,42.69,43.71,41.11,0.984,0.976,0.977,0.988,/tmpdir/crf_16.mpd,/videos/BigBuckBunny-2160.avi
389,0.98419,0.39805,0.99669,41.67981,0.99907,0.7244,0.9773,0.99027,0.99495,96.93666,3.96,3.31,2.76,4.42,42.16,42.93,43.72,41.68,0.984,0.976,0.977,0.988,/tmpdir/crf_16.mpd,/videos/BigBuckBunny-2160.avi
390,0.98353,0.39805,0.99663,41.56138,0.99906,0.72331,0.97637,0.98979,0.99468,96.78913,4.09,3.56,2.84,4.54,42.01,42.62,43.6,41.56,0.984,0.975,0.976,0.988,/tmpdir/crf_16.mpd,/videos/BigBuckBunny-2160.avi
391,0.98248,0.40535,0.99618,40.94416,0.99898,0.70242,0.96979,0.9865,0.99288,96.39953,4.6,3.76,2.91,5.23,41.5,42.38,43.49,40.94,0.982,0.974,0.976,0.986,/tmpdir/crf_16.mpd,/videos/BigBuckBunny-2160.avi
392,0.99494,1.91331,0.99897,47.2809,0.99991,0.88117,0.99376,0.99714,0.9984,100.0,1.06,0.83,0.69,1.22,47.86,48.92,49.77,47.28,0.993,0.992,0.991,0.994,/tmpdir/crf_16.mpd,/videos/BigBuckBunny-2160.avi
393,0.98832,1.67764,0.99812,44.55194,0.99971,0.82981,0.98213,0.99124,0.99487,98.46891,1.88,1.35,0.81,2.28,45.39,46.83,49.04,44.55,0.991,0.989,0.99,0.992,/tmpdir/crf_16.mpd,/videos/BigBuckBunny-2160.avi
394,0.98949,1.67764,0.99826,44.84259,0.99975,0.83607,0.9847,0.99249,0.99556,98.7675,1.77,1.28,0.79,2.13,45.66,47.05,49.15,44.84,0.991,0.989,0.99,0.992,/tmpdir/crf_16.mpd,/videos/BigBuckBunny-2160.avi
395,0.9879,1.64812,0.99813,44.5478,0.99971,0.83005,0.98167,0.99096,0.99476,98.36487,1.87,1.29,0.79,2.28,45.42,47.02,49.15,44.55,0.991,0.989,0.99,0.992,/tmpdir/crf_16.mpd,/videos/BigBuckBunny-2160.avi
396,0.99564,1.64812,0.99895,47.30207,0.99991,0.88197,0.99448,0.9975,0.99859,100.0,1.06,0.83,0.66,1.21,47.89,48.93,49.9,47.3,0.993,0.992,0.991,0.994,/tmpdir/crf_16.mpd,/videos/BigBuckBunny-2160.avi
397,0.98654,1.6838,0.99794,44.20611,0.99964,0.82523,0.97875,0.98916,0.99358,98.00887,2.05,1.55,0.86,2.47,45.02,46.22,48.8,44.21,0.99,0.988,0.989,0.991,/tmpdir/crf_16.mpd,/videos/BigBuckBunny-2160.avi
398,0.98737,1.6838,0.99802,44.45755,0.99967,0.82823,0.98105,0.99042,0.99427,98.24069,1.97,1.64,0.88,2.33,45.18,45.97,48.67,44.46,0.99,0.987,0.989,0.991,/tmpdir/crf_16.mpd,/videos/BigBuckBunny-2160.avi
399,0.98635,1.7136,0.99786,44.16596,0.99962,0.8225,0.97761,0.98861,0.99326,97.95024,2.1,1.7,0.92,2.49,44.91,45.82,48.5,44.17,0.99,0.986,0.989,0.991,/tmpdir/crf_16.mpd,/videos/BigBuckBunny-2160.avi
400,0.99185,1.7136,0.99833,45.43925,0.9998,0.84296,0.98754,0.99415,0.99669,99.33807,1.58,1.23,0.82,1.86,46.14,47.22,49.02,45.44,0.991,0.989,0.989,0.992,/tmpdir/crf_16.mpd,/videos/BigBuckBunny-2160.avi
401,0.98592,1.7295,0.9978,44.11084,0.99959,0.8215,0.97659,0.98781,0.99262,97.81847,2.16,1.91,0.98,2.52,44.78,45.33,48.23,44.11,0.989,0.985,0.988,0.991,/tmpdir/crf_16.mpd,/videos/BigBuckBunny-2160.avi
402,0.98711,1.7295,0.99802,44.47982,0.99968,0.82905,0.98139,0.99066,0.99445,98.23737,2.01,1.83,0.96,2.32,45.1,45.5,48.29,44.48,0.99,0.985,0.988,0.991,/tmpdir/crf_16.mpd,/videos/BigBuckBunny-2160.avi
403,0.98592,1.72119,0.99785,44.1466,0.99963,0.82157,0.97751,0.98865,0.99339,97.88648,2.11,1.71,0.95,2.5,44.88,45.79,48.36,44.15,0.99,0.986,0.988,0.991,/tmpdir/crf_16.mpd,/videos/BigBuckBunny-2160.avi
404,0.99262,1.72119,0.99849,45.89975,0.99984,0.85231,0.98977,0.99528,0.99736,99.57281,1.44,1.17,0.81,1.67,46.53,47.44,49.04,45.9,0.992,0.989,0.989,0.993,/tmpdir/crf_16.mpd,/videos/BigBuckBunny-2160.avi
405,0.98673,1.68287,0.99793,44.32043,0.99966,0.82443,0.97919,0.98957,0.99387,98.07119,2.07,1.82,0.98,2.4,44.97,45.53,48.24,44.32,0.99,0.985,0.988,0.991,/tmpdir/crf_16.mpd,/videos/BigBuckBunny-2160.avi
406,0.98749,1.68287,0.99805,44.59625,0.99969,0.82916,0.98179,0.99087,0.99453,98.29077,1.97,1.81,0.98,2.26,45.19,45.55,48.21,44.6,0.99,0.985,0.988,0.991,/tmpdir/crf_16.mpd,/videos/BigBuckBunny-2160.avi
407,0.98663,1.68213,0.99792,44.30758,0.99966,0.82285,0.97904,0.98961,0.99395,98.05592,2.06,1.73,0.97,2.41,44.99,45.74,48.24,44.31,0.99,0.986,0.988,0.991,/tmpdir/crf_16.mpd,/videos/BigBuckBunny-2160.avi
408,0.99249,1.68213,0.99846,45.87405,0.99984,0.85121,0.98956,0.99521,0.99735,99.52411,1.47,1.24,0.86,1.68,46.46,47.19,48.8,45.87,0.991,0.989,0.989,0.993,/tmpdir/crf_16.mpd,/videos/BigBuckBunny-2160.avi
409,0.9867,1.68905,0.99791,44.30246,0.99965,0.82326,0.97902,0.98946,0.99373,98.05418,2.09,1.85,1.01,2.41,44.94,45.46,48.09,44.3,0.989,0.985,0.987,0.991,/tmpdir/crf_16.mpd,/videos/BigBuckBunny-2160.avi
410,0.9875,1.68905,0.99807,44.59792,0.99971,0.82931,0.98265,0.9915,0.99504,98.34675,1.98,1.84,1.02,2.26,45.17,45.49,48.06,44.6,0.99,0.985,0.987,0.991,/tmpdir/crf_16.mpd,/videos/BigBuckBunny-2160.avi
411,0.98646,1.67971,0.99787,44.24029,0.99964,0.82079,0.97834,0.98915,0.9936,97.98736,2.09,1.76,1.0,2.45,44.92,45.69,48.11,44.24,0.989,0.985,0.987,0.991,/tmpdir/crf_16.mpd,/videos/BigBuckBunny-2160.avi
412,0.99257,1.67971,0.99846,45.84053,0.99984,0.85024,0.98968,0.99534,0.99742,99.54279,1.49,1.26,0.89,1.69,46.41,47.12,48.65,45.84,0.991,0.989,0.988,0.992,/tmpdir/crf_16.mpd,/videos/BigBuckBunny-2160.avi
413,0.98669,1.66727,0.9979,44.27549,0.99966,0.82232,0.97931,0.98974,0.99401,98.06606,2.1,1.86,1.03,2.43,44.9,45.43,47.99,44.28,0.989,0.985,0.987,0.991,/tmpdir/crf_16.mpd,/videos/BigBuckBunny-2160.avi
414,0.98756,1.66727,0.99806,44.58017,0.99972,0.82816,0.98279,0.99166,0.99515,98.35672,1.99,1.85,1.04,2.26,45.14,45.46,47.96,44.58,0.989,0.985,0.987,0.991,/tmpdir/crf_16.mpd,/videos/BigBuckBunny-2160.avi
415,0.98648,1.67093,0.99789,44.27178,0.99966,0.82128,0.97909,0.9897,0.99407,98.03171,2.09,1.78,1.03,2.43,44.93,45.62,48.01,44.27,0.989,0.985,0.987,0.991,/tmpdir/crf_16.mpd,/videos/BigBuckBunny-2160.avi
416,0.99249,1.67093,0.99844,45.79978,0.99984,0.84919,0.98952,0.99528,0.9974,99.51962,1.51,1.28,0.91,1.71,46.35,47.04,48.54,45.8,0.991,0.988,0.988,0.992,/tmpdir/crf_16.mpd,/videos/BigBuckBunny-2160.avi
417,0.98661,1.70882,0.9979,44.26395,0.99966,0.82158,0.97923,0.98973,0.99407,98.07432,2.11,1.88,1.05,2.44,44.88,45.38,47.9,44.26,0.989,0.984,0.987,0.991,/tmpdir/crf_16.mpd,/videos/BigBuckBunny-2160.avi
418,0.98762,1.70882,0.99805,44.5507,0.99972,0.82744,0.98274,0.99163,0.99513,98.38457,2.01,1.86,1.06,2.28,45.1,45.43,47.88,44.55,0.989,0.985,0.987,0.991,/tmpdir/crf_16.mpd,/videos/BigBuckBunny-2160.avi
419,0.98644,1.7082,0.99788,44.22348,0.99966,0.82017,0.97909,0.98972,0.99404,98.04105,2.11,1.77,1.03,2.46,44.89,45.65,47.98,44.22,0.989,0.985,0.987,0.991,/tmpdir/crf_16.mpd,/videos/BigBuckBunny-2160.avi
420,0.99248,1.7082,0.99845,45.82928,0.99984,0.84961,0.98972,0.99538,0.99746,99.5438,1.5,1.28,0.92,1.7,46.38,47.07,48.51,45.83,0.991,0.988,0.988,0.992,/tmpdir/crf_16.mpd,/videos/BigBuckBunny-2160.avi
421,0.98645,1.73585,0.99788,44.2348,0.99966,0.8209,0.97912,0.9896,0.99393,98.04738,2.13,1.89,1.06,2.45,44.85,45.37,47.87,44.23,0.989,0.984,0.987,0.991,/tmpdir/crf_16.mpd,/videos/BigBuckBunny-2160.avi
422,0.98732,1.73585,0.99803,44.51458,0.99971,0.82631,0.9823,0.9913,0.99488,98.31852,2.02,1.87,1.07,2.3,45.07,45.41,47.86,44.51,0.989,0.984,0.987,0.991,/tmpdir/crf_16.mpd,/videos/BigBuckBunny-2160.avi
423,0.98634,1.72224,0.99786,44.2013,0.99966,0.8193,0.97871,0.98943,0.99381,98.00647,2.12,1.79,1.05,2.47,44.87,45.6,47.92,44.2,0.989,0.985,0.987,0.991,/tmpdir/crf_16.mpd,/videos/BigBuckBunny-2160.avi
424,0.99237,1.72224,0.99843,45.768,0.99984,0.84819,0.9895,0.99526,0.99738,99.52056,1.52,1.29,0.93,1.72,46.32,47.02,48.44,45.77,0.991,0.988,0.988,0.992,/tmpdir/crf_16.mpd,/videos/BigBuckBunny-2160.avi
425,0.98656,1.71887,0.99788,44.24408,0.99966,0.82082,0.97938,0.98984,0.99414,98.07867,2.12,1.88,1.07,2.45,44.86,45.38,47.84,44.24,0.989,0.984,0.987,0.991,/tmpdir/crf_16.mpd,/videos/BigBuckBunny-2160.avi
426,0.9876,1.71887,0.99802,44.52865,0.9997,0.82603,0.98222,0.99126,0.99488,98.35786,2.02,1.86,1.07,2.29,45.09,45.43,47.85,44.53,0.989,0.985,0.987,0.991,/tmpdir/crf_16.mpd,/videos/BigBuckBunny-2160.avi
427,0.9864,1.7283,0.99787,44.20533,0.99966,0.81952,0.97887,0.98956,0.99398,98.03514,2.12,1.77,1.05,2.47,44.88,45.66,47.93,44.21,0.989,0.985,0.987,0.991,/tmpdir/crf_16.mpd,/videos/BigBuckBunny-2160.avi
428,0.99266,1.7283,0.99845,45.82178,0.99984,0.84914,0.98979,0.9954,0.9975,99.58765,1.5,1.27,0.93,1.7,46.37,47.08,48.45,45.82,0.991,0.988,0.988,0.992,/tmpdir/crf_16.mpd,/videos/BigBuckBunny-2160.avi
429,0.98655,1.71875,0.99789,44.26334,0.99966,0.82059,0.97934,0.98976,0.99407,98.06845,2.11,1.86,1.07,2.44,44.89,45.44,47.85,44.26,0.989,0.985,0.986,0.991,/tmpdir/crf_16.mpd,/videos/BigBuckBunny-2160.avi
430,0.98773,1.71875,0.99805,44.5704,0.99972,0.82659,0.98276,0.99163,0.99513,98.4075,2.0,1.85,1.07,2.27,45.12,45.47,47.85,44.57,0.989,0.985,0.987,0.991,/tmpdir/crf_16.mpd,/videos/BigBuckBunny-2160.avi
431,0.98638,1.72134,0.99788,44.23262,0.99967,0.81954,0.97928,0.98977,0.99406,98.03755,2.11,1.78,1.05,2.45,44.89,45.62,47.9,44.23,0.989,0.985,0.987,0.991,/tmpdir/crf_16.mpd,/videos/BigBuckBunny-2160.avi
432,0.99237,1.72134,0.99842,45.76644,0.99984,0.84779,0.98957,0.9953,0.99742,99.52251,1.52,1.29,0.94,1.72,46.31,47.02,48.39,45.77,0.991,0.988,0.988,0.992,/tmpdir/crf_16.mpd,/videos/BigBuckBunny-2160.avi
433,0.99603,1.70039,0.99921,48.52877,0.99994,0.9049,0.99565,0.99801,0.99888,100.0,0.8,0.63,0.54,0.91,49.08,50.13,50.79,48.53,0.995,0.994,0.993,0.995,/tmpdir/crf_16.mpd,/videos/BigBuckBunny-2160.avi
434,0.98779,1.70039,0.99821,44.67168,0.99974,0.8325,0.98273,0.99161,0.99519,98.42284,1.79,1.14,0.71,2.22,45.61,47.58,49.64,44.67,0.991,0.991,0.991,0.992,/tmpdir/crf_16.mpd,/videos/BigBuckBunny-2160.avi
435,0.98897,1.73086,0.99832,45.01093,0.99977,0.83871,0.98561,0.99295,0.99587,98.74067,1.7,1.27,0.74,2.05,45.82,47.11,49.47,45.01,0.991,0.99,0.991,0.992,/tmpdir/crf_16.mpd,/videos/BigBuckBunny-2160.avi
436,0.98812,1.73086,0.99817,44.64886,0.99973,0.8317,0.98269,0.99153,0.99514,98.49121,1.84,1.38,0.77,2.23,45.47,46.74,49.26,44.65,0.991,0.989,0.99,0.992,/tmpdir/crf_16.mpd,/videos/BigBuckBunny-2160.avi
437,0.99418,1.7082,0.99878,46.68789,0.99989,0.86896,0.99243,0.99651,0.99805,99.96201,1.18,0.87,0.64,1.39,47.41,48.72,50.05,46.69,0.993,0.992,0.991,0.994,/tmpdir/crf_16.mpd,/videos/BigBuckBunny-2160.avi
438,0.98766,1.7082,0.99816,44.65416,0.99971,0.83202,0.98199,0.99105,0.99477,98.36027,1.84,1.36,0.77,2.23,45.48,46.8,49.26,44.65,0.991,0.989,0.99,0.992,/tmpdir/crf_16.mpd,/videos/BigBuckBunny-2160.avi
439,0.98903,1.67275,0.99832,45.04167,0.99977,0.83991,0.98555,0.99291,0.99582,98.71915,1.73,1.45,0.8,2.04,45.74,46.5,49.11,45.04,0.991,0.988,0.99,0.992,/tmpdir/crf_16.mpd,/videos/BigBuckBunny-2160.avi
440,0.98795,1.67275,0.99816,44.67108,0.99971,0.83264,0.98227,0.99119,0.99482,98.40229,1.86,1.5,0.82,2.22,45.42,46.37,49.0,44.67,0.991,0.988,0.99,0.992,/tmpdir/crf_16.mpd,/videos/BigBuckBunny-2160.avi
441,0.99382,1.68176,0.99876,46.67495,0.99988,0.86854,0.99235,0.99652,0.9981,99.88558,1.2,0.92,0.67,1.4,47.34,48.47,49.85,46.67,0.993,0.992,0.991,0.994,/tmpdir/crf_16.mpd,/videos/BigBuckBunny-2160.avi
442,0.98735,1.68176,0.99815,44.6705,0.99972,0.83146,0.9819,0.99109,0.99486,98.29823,1.85,1.4,0.8,2.22,45.47,46.66,49.08,44.67,0.991,0.988,0.99,0.992,/tmpdir/crf_16.mpd,/videos/BigBuckBunny-2160.avi
443,0.98915,1.6613,0.99831,45.02729,0.99976,0.8391,0.98548,0.99287,0.9958,98.7312,1.75,1.51,0.84,2.04,45.69,46.34,48.91,45.03,0.991,0.987,0.99,0.992,/tmpdir/crf_16.mpd,/videos/BigBuckBunny-2160.avi
444,0.98798,1.6613,0.99815,44.67034,0.99972,0.83203,0.98264,0.99149,0.99503,98.42256,1.88,1.54,0.85,2.22,45.39,46.26,48.83,44.67,0.991,0.987,0.989,0.992,/tmpdir/crf_16.mpd,/videos/BigBuckBunny-2160.avi
445,0.99392,1.67831,0.99875,46.67303,0.99988,0.86851,0.99245,0.99658,0.99812,99.90661,1.21,0.96,0.7,1.4,47.3,48.29,49.65,46.67,0.993,0.991,0.991,0.994,/tmpdir/crf_16.mpd,/videos/BigBuckBunny-2160.avi
446,0.98738,1.67831,0.99811,44.60895,0.9997,0.83027,0.98134,0.99071,0.99455,98.26909,1.88,1.46,0.84,2.25,45.38,46.49,48.91,44.61,0.991,0.988,0.989,0.992,/tmpdir/crf_16.mpd,/videos/BigBuckBunny-2160.avi
447,0.98907,1.70542,0.99829,44.99192,0.99976,0.83851,0.98534,0.99279,0.99579,98.73407,1.78,1.58,0.88,2.06,45.62,46.15,48.68,44.99,0.991,0.987,0.989,0.992,/tmpdir/crf_16.mpd,/videos/BigBuckBunny-2160.avi
448,0.98789,1.70542,0.99812,44.61402,0.99971,0.83082,0.98207,0.99115,0.99486,98.40594,1.91,1.6,0.89,2.25,45.31,46.1,48.64,44.61,0.99,0.987,0.989,0.992,/tmpdir/crf_16.mpd,/videos/BigBuckBunny-2160.avi
449,0.99376,1.7066,0.99871,46.53622,0.99988,0.86555,0.99196,0.99634,0.99798,99.86832,1.26,1.02,0.74,1.44,47.14,48.06,49.43,46.54,0.992,0.991,0.99,0.993,/tmpdir/crf_16.mpd,/videos/BigBuckBunny-2160.avi
450,0.98761,1.7066,0.99813,44.63601,0.99971,0.83085,0.9819,0.99111,0.99484,98.35472,1.88,1.48,0.86,2.24,45.39,46.42,48.78,44.64,0.991,0.988,0.989,0.992,/tmpdir/crf_16.mpd,/videos/BigBuckBunny-2160.avi
451,0.98905,1.69518,0.9983,45.0076,0.99976,0.83865,0.98538,0.99281,0.99574,98.72446,1.77,1.55,0.88,2.05,45.64,46.22,48.67,45.01,0.991,0.987,0.989,0.992,/tmpdir/crf_16.mpd,/videos/BigBuckBunny-2160.avi
452,0.98776,1.69518,0.99815,44.65908,0.99972,0.83162,0.98231,0.99125,0.99491,98.38571,1.89,1.55,0.89,2.22,45.37,46.23,48.65,44.66,0.99,0.987,0.989,0.992,/tmpdir/crf_16.mpd,/videos/BigBuckBunny-2160.avi
453,0.99425,1.76789,0.9988,46.86048,0.99989,0.87207,0.99296,0.99683,0.99825,100.0,1.17,0.95,0.73,1.34,47.44,48.34,49.51,46.86,0.993,0.991,0.99,0.994,/tmpdir/crf_16.mpd,/videos/BigBuckBunny-2160.avi
454,0.98792,1.76789,0.99819,44.76934,0.99973,0.83318,0.9827,0.99145,0.99499,98.46551,1.82,1.42,0.86,2.17,45.52,46.61,48.81,44.77,0.991,0.988,0.989,0.992,/tmpdir/crf_16.mpd,/videos/BigBuckBunny-2160.avi
455,0.98948,1.74912,0.99837,45.1743,0.99978,0.84156,0.98643,0.99333,0.99606,98.86826,1.71,1.48,0.87,1.98,45.8,46.42,48.73,45.17,0.991,0.988,0.989,0.992,/tmpdir/crf_16.mpd,/videos/BigBuckBunny-2160.avi
456,0.98828,1.74912,0.9982,44.78371,0.99973,0.83365,0.98311,0.99168,0.9951,98.53337,1.84,1.49,0.88,2.16,45.49,46.41,48.69,44.78,0.991,0.988,0.989,0.992,/tmpdir/crf_16.mpd,/videos/BigBuckBunny-2160.avi
457,0.99443,1.75176,0.99884,46.97574,0.9999,0.87441,0.99329,0.99697,0.99832,100.0,1.15,0.93,0.73,1.3,47.54,48.45,49.5,46.98,0.993,0.991,0.99,0.994,/tmpdir/crf_16.mpd,/videos/BigBuckBunny-2160.avi
458,0.98827,1.75176,0.99824,44.85338,0.99974,0.83475,0.98316,0.99164,0.99504,98.52934,1.79,1.39,0.85,2.13,45.6,46.7,48.82,44.85,0.991,0.988,0.989,0.992,/tmpdir/crf_16.mpd,/videos/BigBuckBunny-2160.avi
459,0.98978,1.73186,0.99839,45.2356,0.99978,0.8425,0.98645,0.99328,0.996,98.9093,1.69,1.46,0.87,1.95,45.86,46.49,48.73,45.24,0.991,0.988,0.989,0.992,/tmpdir/crf_16.mpd,/videos/BigBuckBunny-2160.avi
460,0.98863,1.73186,0.99823,44.84178,0.99974,0.83476,0.98351,0.99185,0.99517,98.59805,1.82,1.49,0.88,2.13,45.54,46.41,48.67,44.84,0.991,0.988,0.989,0.992,/tmpdir/crf_16.mpd,/videos/BigBuckBunny-2160.avi
461,0.99458,1.72843,0.99885,47.01365,0.9999,0.875,0.99341,0.99705,0.99837,100.0,1.14,0.92,0.73,1.29,47.57,48.48,49.5,47.01,0.993,0.991,0.99,0.994,/tmpdir/crf_16.mpd,/videos/BigBuckBunny-2160.avi
462,0.98841,1.72843,0.99827,44.92266,0.99976,0.83574,0.98399,0.99224,0.99556,98.59484,1.77,1.38,0.85,2.09,45.66,46.73,48.83,44.92,0.991,0.988,0.989,0.992,/tmpdir/crf_16.mpd,/videos/BigBuckBunny-2160.avi
463,0.98983,1.74867,0.99841,45.28903,0.99979,0.84304,0.98676,0.99353,0.99621,98.94795,1.67,1.47,0.87,1.92,45.9,46.47,48.74,45.29,0.991,0.988,0.989,0.992,/tmpdir/crf_16.mpd,/videos/BigBuckBunny-2160.avi
464,0.98858,1.74867,0.99826,44.90083,0.99975,0.83553,0.98389,0.99206,0.99533,98.61515,1.8,1.49,0.88,2.1,45.58,46.39,48.68,44.9,0.991,0.987,0.989,0.992,/tmpdir/crf_16.mpd,/videos/BigBuckBunny-2160.avi
465,0.99433,1.7445,0.99883,46.91233,0.9999,0.87278,0.9931,0.99688,0.99825,100.0,1.16,0.94,0.74,1.32,47.47,48.38,49.45,46.91,0.993,0.991,0.99,0.994,/tmpdir/crf_16.mpd,/videos/BigBuckBunny-2160.avi
466,0.9884,1.7445,0.99825,44.91107,0.99975,0.83507,0.9837,0.99206,0.9954,98.58427,1.78,1.4,0.86,2.1,45.63,46.66,48.76,44.91,0.991,0.988,0.989,0.992,/tmpdir/crf_16.mpd,/videos/BigBuckBunny-2160.avi
467,0.98995,1.78742,0.9984,45.30556,0.99979,0.843,0.98674,0.99355,0.99624,98.99161,1.68,1.5,0.89,1.92,45.89,46.37,48.64,45.31,0.991,0.987,0.989,0.992,/tmpdir/crf_16.mpd,/videos/BigBuckBunny-2160.avi
468,0.98871,1.78742,0.99826,44.89679,0.99976,0.83514,0.98403,0.99221,0.99554,98.67516,1.81,1.54,0.91,2.11,45.55,46.27,48.56,44.9,0.991,0.987,0.988,0.992,/tmpdir/crf_16.mpd,/videos/BigBuckBunny-2160.avi
469,0.99399,1.78888,0.99879,46.70931,0.9999,0.86846,0.9927,0.99672,0.99819,99.98217,1.22,0.99,0.76,1.39,47.27,48.15,49.3,46.71,0.992,0.991,0.99,0.994,/tmpdir/crf_16.mpd,/videos/BigBuckBunny-2160.avi
470,0.9882,1.78888,0.99824,44.87113,0.99975,0.83403,0.98354,0.99199,0.9954,98.56918,1.8,1.46,0.89,2.12,45.57,46.49,48.65,44.87,0.991,0.988,0.989,0.992,/tmpdir/crf_16.mpd,/videos/BigBuckBunny-2160.avi
471,0.98966,1.77095,0.99838,45.23678,0.99979,0.84112,0.98653,0.99346,0.9962,98.92217,1.71,1.54,0.91,1.95,45.81,46.24,48.53,45.24,0.991,0.987,0.988,0.992,/tmpdir/crf_16.mpd,/videos/BigBuckBunny-2160.avi
472,0.98834,1.77095,0.99822,44.83266,0.99974,0.83306,0.98354,0.99197,0.99531,98.5747,1.85,1.6,0.93,2.14,45.47,46.08,48.44,44.83,0.99,0.986,0.988,0.992,/tmpdir/crf_16.mpd,/videos/BigBuckBunny-2160.avi
473,0.99365,1.8004,0.99872,46.45215,0.99989,0.86267,0.99201,0.99642,0.99804,99.89567,1.29,1.07,0.8,1.47,47.01,47.82,49.11,46.45,0.992,0.99,0.989,0.993,/tmpdir/crf_16.mpd,/videos/BigBuckBunny-2160.avi
474,0.98813,1.8004,0.9982,44.78994,0.99974,0.83142,0.98315,0.99185,0.99531,98.54718,1.85,1.54,0.92,2.16,45.46,46.25,48.49,44.79,0.99,0.987,0.988,0.992,/tmpdir/crf_16.mpd,/videos/BigBuckBunny-2160.avi
475,0.98939,1.79818,0.99831,45.12105,0.99977,0.83742,0.9856,0.99298,0.99593,98.85039,1.77,1.64,0.95,2.0,45.66,45.98,48.35,45.12,0.99,0.986,0.988,0.992,/tmpdir/crf_16.mpd,/videos/BigBuckBunny-2160.avi
476,0.98815,1.79818,0.99815,44.73422,0.99973,0.82978,0.9827,0.99155,0.99511,98.52535,1.91,1.73,0.98,2.19,45.32,45.74,48.22,44.73,0.99,0.985,0.988,0.992,/tmpdir/crf_16.mpd,/videos/BigBuckBunny-2160.avi
477,0.99279,1.74063,0.9986,46.03975,0.99987,0.85332,0.99064,0.9958,0.99775,99.6543,1.42,1.21,0.85,1.62,46.6,47.31,48.83,46.04,0.991,0.989,0.989,0.993,/tmpdir/crf_16.mpd,/videos/BigBuckBunny-2160.avi
478,0.98791,1.74063,0.99813,44.67892,0.99974,0.82769,0.98245,0.99156,0.9952,98.45567,1.92,1.69,0.97,2.21,45.3,45.86,48.25,44.68,0.99,0.986,0.988,0.991,/tmpdir/crf_16.mpd,/videos/BigBuckBunny-2160.avi
479,0.98919,1.74579,0.99825,44.99744,0.99977,0.83332,0.98497,0.9928,0.9959,98.77504,1.83,1.77,1.0,2.06,45.49,45.64,48.11,45.0,0.99,0.985,0.987,0.992,/tmpdir/crf_16.mpd,/videos/BigBuckBunny-2160.avi
480,0.98773,1.74579,0.9981,44.6382,0.99973,0.82649,0.98213,0.9914,0.99507,98.41107,1.98,1.91,1.05,2.23,45.16,45.31,47.93,44.64,0.989,0.984,0.987,0.991,/tmpdir/crf_16.mpd,/videos/BigBuckBunny-2160.avi
481,0.99125,1.77973,0.99837,45.3678,0.99983,0.83823,0.98765,0.99444,0.997,99.28197,1.66,1.48,0.94,1.89,45.92,46.43,48.38,45.37,0.99,0.987,0.988,0.992,/tmpdir/crf_16.mpd,/videos/BigBuckBunny-2160.avi
482,0.98728,1.77973,0.99799,44.51053,0.99971,0.82187,0.98071,0.9907,0.99466,98.29542,2.03,1.92,1.04,2.3,45.06,45.29,47.97,44.51,0.989,0.984,0.987,0.991,/tmpdir/crf_16.mpd,/videos/BigBuckBunny-2160.avi
483,0.98713,1.74352,0.99796,44.45263,0.9997,0.82028,0.98038,0.99066,0.99468,98.24844,2.11,2.21,1.11,2.33,44.89,44.69,47.67,44.45,0.989,0.981,0.986,0.991,/tmpdir/crf_16.mpd,/videos/BigBuckBunny-2160.avi
484,0.98773,1.74352,0.99788,44.28076,0.9997,0.81493,0.97898,0.98991,0.99431,98.30075,2.13,2.03,1.07,2.43,44.84,45.06,47.83,44.28,0.989,0.983,0.986,0.991,/tmpdir/crf_16.mpd,/videos/BigBuckBunny-2160.avi
485,0.99717,0.03384,0.99878,55.4708,0.99956,0.95079,0.99817,0.99922,0.9996,100.0,0.17,0.13,0.13,0.18,55.94,57.04,57.13,55.47,0.998,0.998,0.998,0.998,/tmpdir/crf_16.mpd,/videos/BigBuckBunny-2160.avi
486,0.99617,0.03384,0.99875,54.85209,0.99955,0.94647,0.99746,0.99889,0.99942,99.92663,0.19,0.14,0.13,0.21,55.43,56.82,56.93,54.85,0.998,0.998,0.998,0.998,/tmpdir/crf_16.mpd,/videos/BigBuckBunny-2160.avi
487,0.99554,0.11409,0.99872,54.48828,0.99955,0.94357,0.99705,0.99868,0.99929,99.82492,0.2,0.14,0.14,0.23,55.09,56.58,56.68,54.49,0.998,0.998,0.998,0.998,/tmpdir/crf_16.mpd,/videos/BigBuckBunny-2160.avi
488,0.99494,0.11612,0.99871,54.31079,0.99955,0.9423,0.99676,0.9985,0.99914,99.70103,0.21,0.15,0.15,0.24,54.9,56.37,56.44,54.31,0.998,0.998,0.998,0.998,/tmpdir/crf_16.mpd,/videos/BigBuckBunny-2160.avi
489,0.9959,0.12708,0.99871,54.26944,0.99955,0.94143,0.99722,0.9988,0.99936,99.89539,0.21,0.15,0.15,0.24,54.89,56.47,56.5,54.27,0.998,0.998,0.998,0.998,/tmpdir/crf_16.mpd,/videos/BigBuckBunny-2160.avi
490,0.99423,0.12708,0.99867,53.86853,0.99954,0.93858,0.99621,0.99825,0.99901,99.54799,0.23,0.16,0.16,0.27,54.5,56.12,56.17,53.87,0.998,0.998,0.998,0.998,/tmpdir/crf_16.mpd,/videos/BigBuckBunny-2160.avi
491,0.99557,0.19692,0.9986,53.40267,0.99952,0.93444,0.99616,0.99822,0.99898,99.80039,0.25,0.16,0.16,0.3,54.12,56.03,56.05,53.4,0.998,0.998,0.998,0.998,/tmpdir/crf_16.mpd,/videos/BigBuckBunny-2160.avi
492,0.99424,0.90432,0.9984,52.85738,0.99948,0.92443,0.99255,0.99625,0.99777,99.71912,0.28,0.18,0.18,0.34,53.59,55.52,55.64,52.86,0.997,0.998,0.998,0.997,/tmpdir/crf_16.mpd,/videos/BigBuckBunny-2160.avi
493,0.99541,1.50609,0.99846,53.54559,0.99951,0.92756,0.99439,0.99748,0.99864,100.0,0.25,0.17,0.17,0.29,54.17,55.73,55.84,53.55,0.997,0.998,0.998,0.997,/tmpdir/crf_16.mpd,/videos/BigBuckBunny-2160.avi
494,0.99455,1.50609,0.99833,53.10116,0.99946,0.92271,0.9927,0.99663,0.99807,100.0,0.27,0.19,0.18,0.32,53.77,55.38,55.66,53.1,0.997,0.998,0.998,0.997,/tmpdir/crf_16.mpd,/videos/BigBuckBunny-2160.avi
495,0.99489,1.27656,0.9984,53.3279,0.99948,0.92412,0.99357,0.997,0.99829,100.0,0.26,0.19,0.18,0.3,53.93,55.35,55.59,53.33,0.997,0.998,0.998,0.997,/tmpdir/crf_16.mpd,/videos/BigBuckBunny-2160.avi
496,0.99385,1.27656,0.99829,52.64866,0.99946,0.91684,0.99234,0.99649,0.998,99.82382,0.3,0.21,0.2,0.35,53.3,54.92,55.07,52.65,0.997,0.997,0.997,0.997,/tmpdir/crf_16.mpd,/videos/BigBuckBunny-2160.avi
497,0.99571,2.05711,0.99844,53.78078,0.99951,0.92714,0.99379,0.9971,0.99837,100.0,0.24,0.18,0.17,0.27,54.32,55.5,55.81,53.78,0.997,0.998,0.998,0.997,/tmpdir/crf_16.mpd,/videos/BigBuckBunny-2160.avi
498,0.99444,2.05711,0.99829,52.8591,0.99947,0.9181,0.99213,0.9963,0.99786,100.0,0.29,0.21,0.2,0.34,53.47,54.93,55.17,52.86,0.997,0.997,0.997,0.997,/tmpdir/crf_16.mpd,/videos/BigBuckBunny-2160.avi
499,0.99475,3.24764,0.99833,53.03639,0.99946,0.92163,0.99231,0.9963,0.99782,100.0,0.28,0.21,0.2,0.32,53.6,54.81,55.18,53.04,0.997,0.997,0.997,0.997,/tmpdir/crf_16.mpd,/videos/BigBuckBunny-2160.avi
500,0.99682,2.84392,0.99853,53.89951,0.99954,0.93013,0.99504,0.9978,0.99882,100.0,0.24,0.19,0.18,0.26,54.36,55.29,55.63,53.9,0.997,0.998,0.998,0.997,/tmpdir/crf_16.mpd,/videos/BigBuckBunny-2160.avi
501,0.99461,1.46458,0.99828,51.83353,0.99946,0.91194,0.99186,0.99611,0.99766,100.0,0.36,0.24,0.23,0.43,52.55,54.33,54.59,51.83,0.997,0.997,0.997,0.997,/tmpdir/crf_16.mpd,/videos/BigBuckBunny-2160.avi
502,0.99504,1.46458,0.99842,52.43135,0.9995,0.91824,0.99384,0.9971,0.99825,100.0,0.32,0.23,0.21,0.37,53.06,54.53,54.83,52.43,0.997,0.997,0.997,0.997,/tmpdir/crf_16.mpd,/videos/BigBuckBunny-2160.avi
503,0.99388,1.30425,0.99842,52.62559,0.99947,0.92054,0.99241,0.99628,0.99782,99.83724,0.31,0.23,0.21,0.36,53.23,54.59,54.94,52.63,0.997,0.997,0.997,0.997,/tmpdir/crf_16.mpd,/videos/BigBuckBunny-2160.avi
504,0.99632,1.30425,0.99864,53.68259,0.99956,0.93184,0.99662,0.99856,0.99924,100.0,0.25,0.2,0.19,0.28,54.15,55.18,55.36,53.68,0.997,0.997,0.997,0.997,/tmpdir/crf_16.mpd,/videos/BigBuckBunny-2160.avi
505,0.99411,0.88605,0.99843,52.42176,0.99948,0.91831,0.99304,0.9967,0.99809,99.69985,0.32,0.23,0.23,0.37,53.02,54.48,54.59,52.42,0.997,0.997,0.997,0.997,/tmpdir/crf_16.mpd,/videos/BigBuckBunny-2160.avi
506,0.99406,0.88605,0.99846,52.38963,0.9995,0.91722,0.99381,0.99708,0.99832,99.71349,0.32,0.23,0.22,0.38,53.02,54.58,54.7,52.39,0.997,0.997,0.997,0.997,/tmpdir/crf_16.mpd,/videos/BigBuckBunny-2160.avi
507,0.99342,0.67633,0.99844,52.15969,0.9995,0.91425,0.99348,0.99706,0.99837,99.49395,0.34,0.23,0.23,0.4,52.81,54.46,54.57,52.16,0.997,0.997,0.997,0.997,/tmpdir/crf_16.mpd,/videos/BigBuckBunny-2160.avi
508,0.99527,0.67633,0.99857,52.83977,0.99955,0.92115,0.9958,0.99821,0.99907,99.9248,0.3,0.22,0.21,0.34,53.41,54.81,54.9,52.84,0.997,0.997,0.997,0.997,/tmpdir/crf_16.mpd,/videos/BigBuckBunny-2160.avi
509,0.99346,0.62219,0.99844,52.17457,0.9995,0.9138,0.99298,0.99672,0.99814,99.44936,0.34,0.24,0.24,0.39,52.78,54.3,54.38,52.17,0.997,0.997,0.997,0.997,/tmpdir/crf_16.mpd,/videos/BigBuckBunny-2160.avi
510,0.99381,0.62219,0.99846,52.285,0.99951,0.91497,0.99367,0.99706,0.99833,99.53756,0.33,0.23,0.23,0.38,52.9,54.44,54.48,52.29,0.997,0.997,0.997,0.997,/tmpdir/crf_16.mpd,/videos/BigBuckBunny-2160.avi
511,0.9933,0.59976,0.99844,52.123,0.9995,0.91334,0.99334,0.99699,0.99835,99.43182,0.35,0.24,0.24,0.4,52.74,54.32,54.35,52.12,0.997,0.997,0.997,0.997,/tmpdir/crf_16.mpd,/videos/BigBuckBunny-2160.avi
512,0.99549,0.59976,0.99855,52.73985,0.99955,0.92015,0.99588,0.99824,0.99907,99.92558,0.3,0.22,0.22,0.35,53.31,54.71,54.77,52.74,0.997,0.997,0.997,0.997,/tmpdir/crf_16.mpd,/videos/BigBuckBunny-2160.avi
513,0.99281,0.59048,0.99843,52.10439,0.9995,0.91329,0.99303,0.99676,0.99819,99.32117,0.35,0.24,0.24,0.4,52.71,54.26,54.26,52.1,0.997,0.997,0.997,0.997,/tmpdir/crf_16.mpd,/videos/BigBuckBunny-2160.avi
514,0.99373,0.59048,0.99845,52.18087,0.99951,0.9141,0.99357,0.99703,0.99833,99.50454,0.34,0.24,0.24,0.39,52.8,54.38,54.38,52.18,0.997,0.997,0.997,0.997,/tmpdir/crf_16.mpd,/videos/BigBuckBunny-2160.avi
515,0.99324,0.52441,0.99843,52.00261,0.9995,0.91227,0.99332,0.99694,0.99833,99.37886,0.35,0.24,0.24,0.41,52.66,54.39,54.36,52.0,0.997,0.997,0.997,0.997,/tmpdir/crf_16.mpd,/videos/BigBuckBunny-2160.avi
516,0.99519,0.52441,0.99853,52.563,0.99954,0.91803,0.99581,0.99822,0.99906,99.82851,0.31,0.22,0.22,0.36,53.15,54.66,54.63,52.56,0.997,0.997,0.997,0.997,/tmpdir/crf_16.mpd,/videos/BigBuckBunny-2160.avi
517,0.99332,0.5389,0.99842,52.01281,0.9995,0.91203,0.99308,0.99674,0.99815,99.38051,0.35,0.24,0.25,0.41,52.64,54.29,54.22,52.01,0.997,0.997,0.997,0.997,/tmpdir/crf_16.mpd,/videos/BigBuckBunny-2160.avi
518,0.99348,0.5389,0.99843,52.06925,0.9995,0.91235,0.99348,0.99698,0.99831,99.42826,0.35,0.24,0.24,0.4,52.69,54.35,54.24,52.07,0.997,0.997,0.997,0.997,/tmpdir/crf_16.mpd,/videos/BigBuckBunny-2160.avi
519,0.99307,0.52159,0.99839,51.88515,0.9995,0.91017,0.993,0.99679,0.99818,99.32536,0.37,0.25,0.26,0.42,52.5,54.17,54.02,51.89,0.997,0.997,0.997,0.997,/tmpdir/crf_16.mpd,/videos/BigBuckBunny-2160.avi
520,0.99413,0.52159,0.99842,51.91593,0.99952,0.91001,0.99418,0.99745,0.99862,99.56071,0.36,0.23,0.24,0.42,52.59,54.43,54.26,51.92,0.997,0.997,0.997,0.997,/tmpdir/crf_16.mpd,/videos/BigBuckBunny-2160.avi
521,0.99442,0.70748,0.99834,51.76824,0.99949,0.91159,0.99347,0.99699,0.99814,99.66016,0.37,0.24,0.25,0.43,52.46,54.34,54.24,51.77,0.997,0.997,0.997,0.997,/tmpdir/crf_16.mpd,/videos/BigBuckBunny-2160.avi
522,0.99509,1.54294,0.99831,52.29562,0.99949,0.91337,0.99206,0.99623,0.99781,100.0,0.33,0.23,0.22,0.38,52.93,54.44,54.67,52.3,0.997,0.997,0.997,0.997,/tmpdir/crf_16.mpd,/videos/BigBuckBunny-2160.avi
523,0.99623,1.36778,0.99853,53.44665,0.99954,0.92624,0.99497,0.99773,0.99875,100.0,0.26,0.21,0.19,0.29,53.94,55.0,55.29,53.45,0.997,0.997,0.997,0.997,/tmpdir/crf_16.mpd,/videos/BigBuckBunny-2160.avi
524,0.99206,1.36778,0.99822,51.42535,0.99947,0.90166,0.99115,0.99603,0.99782,99.47769,0.4,0.26,0.26,0.47,52.12,53.99,53.99,51.43,0.996,0.997,0.997,0.996,/tmpdir/crf_16.mpd,/videos/BigBuckBunny-2160.avi
525,0.99407,1.70939,0.9984,52.45545,0.9995,0.91495,0.99325,0.9969,0.99828,100.0,0.32,0.24,0.23,0.37,53.02,54.37,54.48,52.46,0.997,0.997,0.997,0.997,/tmpdir/crf_16.mpd,/videos/BigBuckBunny-2160.avi
526,0.99362,1.96148,0.99832,52.33447,0.99946,0.91435,0.99138,0.99585,0.99754,100.0,0.33,0.24,0.22,0.38,52.93,54.32,54.61,52.33,0.997,0.997,0.997,0.997,/tmpdir/crf_16.mpd,/videos/BigBuckBunny-2160.avi
527,0.99569,2.95074,0.99848,52.83727,0.99955,0.91919,0.99417,0.99741,0.99861,100.0,0.3,0.23,0.22,0.34,53.36,54.52,54.74,52.84,0.997,0.997,0.997,0.997,/tmpdir/crf_16.mpd,/videos/BigBuckBunny-2160.avi
528,0.99302,2.95074,0.99834,52.06391,0.9995,0.91158,0.99095,0.9955,0.99721,100.0,0.35,0.25,0.24,0.4,52.67,54.11,54.35,52.06,0.997,0.997,0.997,0.997,/tmpdir/crf_16.mpd,/videos/BigBuckBunny-2160.avi
529,0.99535,1.984,0.99855,52.45113,0.9996,0.91583,0.9946,0.99756,0.99867,100.0,0.33,0.25,0.24,0.37,52.97,54.2,54.29,52.45,0.997,0.997,0.997,0.997,/tmpdir/crf_16.mpd,/videos/BigBuckBunny-2160.avi
530,0.99133,1.984,0.99827,51.17902,0.99952,0.89851,0.98978,0.99514,0.9972,99.58007,0.42,0.28,0.28,0.5,51.86,53.67,53.68,51.18,0.996,0.997,0.996,0.996,/tmpdir/crf_16.mpd,/videos/BigBuckBunny-2160.avi
531,0.99357,1.70651,0.99838,51.59807,0.99955,0.90505,0.99195,0.99616,0.99777,99.92279,0.39,0.27,0.27,0.45,52.22,53.77,53.83,51.6,0.996,0.997,0.996,0.996,/tmpdir/crf_16.mpd,/videos/BigBuckBunny-2160.avi
532,0.99288,1.70651,0.99832,51.54751,0.99952,0.90469,0.99033,0.9952,0.99709,99.72866,0.4,0.28,0.28,0.46,52.15,53.67,53.71,51.55,0.996,0.997,0.996,0.996,/tmpdir/crf_16.mpd,/videos/BigBuckBunny-2160.avi
533,0.99468,0.9417,0.9985,51.9329,0.9996,0.90885,0.99446,0.99754,0.9987,99.86017,0.36,0.26,0.26,0.42,52.52,53.99,54.0,51.93,0.996,0.997,0.997,0.996,/tmpdir/crf_16.mpd,/videos/BigBuckBunny-2160.avi
534,0.99087,0.9417,0.99828,50.92779,0.99952,0.89572,0.99081,0.99571,0.99755,99.0165,0.44,0.28,0.28,0.53,51.66,53.66,53.65,50.93,0.996,0.997,0.996,0.996,/tmpdir/crf_16.mpd,/videos/BigBuckBunny-2160.avi
535,0.99318,1.17196,0.99835,51.31477,0.99955,0.90172,0.99231,0.99644,0.99801,99.60598,0.41,0.27,0.27,0.48,51.99,53.78,53.81,51.31,0.996,0.997,0.996,0.996,/tmpdir/crf_16.mpd,/videos/BigBuckBunny-2160.avi
536,0.99219,1.40271,0.99825,51.2939,0.9995,0.90135,0.98982,0.99505,0.99706,99.44074,0.41,0.28,0.28,0.48,51.96,53.66,53.72,51.29,0.996,0.997,0.996,0.996,/tmpdir/crf_16.mpd,/videos/BigBuckBunny-2160.avi
537,0.99455,2.2571,0.99836,51.71265,0.99958,0.90718,0.99298,0.99677,0.9982,100.0,0.38,0.26,0.25,0.44,52.37,54.02,54.14,51.71,0.996,0.997,0.997,0.996,/tmpdir/crf_16.mpd,/videos/BigBuckBunny-2160.avi
538,0.99438,2.2571,0.99821,51.49666,0.99953,0.90307,0.99069,0.99558,0.99742,100.0,0.39,0.26,0.25,0.46,52.19,53.93,54.16,51.5,0.996,0.997,0.997,0.996,/tmpdir/crf_16.mpd,/videos/BigBuckBunny-2160.avi
539,0.99487,7.75784,0.99833,52.60564,0.9995,0.915,0.99121,0.99579,0.99768,100.0,0.31,0.24,0.21,0.36,53.17,54.38,54.84,52.61,0.997,0.997,0.997,0.996,/tmpdir/crf_16.mpd,/videos/BigBuckBunny-2160.avi
540,0.99532,6.72987,0.9984,53.12686,0.99951,0.92018,0.99297,0.99681,0.99824,100.0,0.28,0.22,0.2,0.32,53.66,54.8,55.19,53.13,0.997,0.997,0.997,0.997,/tmpdir/crf_16.mpd,/videos/BigBuckBunny-2160.avi
541,0.99775,2.19609,0.99874,55.6542,0.99956,0.95138,0.99762,0.99896,0.99944,100.0,0.16,0.13,0.12,0.18,56.12,57.15,57.31,55.65,0.998,0.998,0.998,0.998,/tmpdir/crf_16.mpd,/videos/BigBuckBunny-2160.avi
542,0.9944,1.33077,0.99838,52.55648,0.99948,0.92042,0.99277,0.99664,0.99806,99.96708,0.3,0.19,0.18,0.36,53.33,55.45,55.47,52.56,0.997,0.998,0.998,0.997,/tmpdir/crf_16.mpd,/videos/BigBuckBunny-2160.avi
543,0.99516,1.02052,0.99852,53.18704,0.99951,0.92802,0.99481,0.99761,0.99862,100.0,0.27,0.18,0.17,0.31,53.87,55.63,55.74,53.19,0.998,0.998,0.998,0.997,/tmpdir/crf_16.mpd,/videos/BigBuckBunny-2160.avi
544,0.99387,1.02052,0.99851,53.43407,0.99949,0.93094,0.99399,0.99714,0.99834,99.79417,0.26,0.18,0.17,0.29,54.05,55.58,55.7,53.43,0.998,0.998,0.998,0.998,/tmpdir/crf_16.mpd,/videos/BigBuckBunny-2160.avi
545,0.99631,0.80769,0.99867,54.31557,0.99954,0.93937,0.99698,0.99868,0.9993,100.0,0.21,0.16,0.16,0.24,54.84,56.07,56.15,54.32,0.998,0.998,0.998,0.998,/tmpdir/crf_16.mpd,/videos/BigBuckBunny-2160.avi
546,0.99352,0.80769,0.99851,53.23871,0.9995,0.92791,0.99421,0.99739,0.99858,99.64439,0.27,0.18,0.18,0.31,53.89,55.57,55.6,53.24,0.998,0.998,0.998,0.997,/tmpdir/crf_16.mpd,/videos/BigBuckBunny-2160.avi
547,0.99389,0.71225,0.99853,53.29132,0.99951,0.92848,0.9947,0.99757,0.99862,99.67444,0.26,0.18,0.18,0.3,53.94,55.6,55.62,53.29,0.998,0.998,0.998,0.998,/tmpdir/crf_16.mpd,/videos/BigBuckBunny-2160.avi
548,0.99334,0.71225,0.99851,53.15465,0.99949,0.92744,0.99422,0.99738,0.99856,99.56367,0.27,0.19,0.19,0.31,53.79,55.4,55.44,53.15,0.998,0.998,0.998,0.997,/tmpdir/crf_16.mpd,/videos/BigBuckBunny-2160.avi
549,0.99478,0.73234,0.99861,53.57222,0.99953,0.93239,0.99658,0.99855,0.99926,99.92532,0.25,0.18,0.17,0.29,54.18,55.68,55.76,53.57,0.998,0.998,0.998,0.998,/tmpdir/crf_16.mpd,/videos/BigBuckBunny-2160.avi
550,0.99326,0.73234,0.9985,53.04617,0.99949,0.92716,0.99402,0.99723,0.99845,99.54609,0.28,0.19,0.19,0.32,53.69,55.36,55.4,53.05,0.998,0.998,0.998,0.997,/tmpdir/crf_16.mpd,/videos/BigBuckBunny-2160.avi
551,0.99424,0.7901,0.99852,53.39701,0.99949,0.9302,0.99443,0.9973,0.99836,99.75313,0.26,0.18,0.18,0.3,54.0,55.52,55.55,53.4,0.998,0.998,0.998,0.998,/tmpdir/crf_16.mpd,/videos/BigBuckBunny-2160.avi
552,0.99348,0.7901,0.9985,53.2981,0.99948,0.92924,0.99371,0.997,0.9983,99.60361,0.27,0.19,0.19,0.3,53.89,55.36,55.42,53.3,0.998,0.998,0.998,0.998,/tmpdir/crf_16.mpd,/videos/BigBuckBunny-2160.avi
553,0.99592,0.82809,0.99864,54.08743,0.99953,0.93698,0.99701,0.99871,0.9993,100.0,0.22,0.17,0.17,0.25,54.61,55.84,55.95,54.09,0.998,0.998,0.998,0.998,/tmpdir/crf_16.mpd,/videos/BigBuckBunny-2160.avi
554,0.99401,0.82809,0.99851,53.18143,0.99948,0.92798,0.99418,0.99731,0.99849,99.73231,0.27,0.19,0.19,0.31,53.79,55.32,55.38,53.18,0.998,0.998,0.998,0.997,/tmpdir/crf_16.mpd,/videos/BigBuckBunny-2160.avi
555,0.99398,0.67407,0.99851,53.04754,0.99949,0.926,0.99438,0.99732,0.99844,99.6452,0.28,0.19,0.19,0.32,53.69,55.29,55.41,53.05,0.997,0.998,0.998,0.997,/tmpdir/crf_16.mpd,/videos/BigBuckBunny-2160.avi
556,0.99342,0.67407,0.99849,53.04467,0.99948,0.92663,0.99406,0.99718,0.99833,99.53591,0.28,0.2,0.19,0.32,53.67,55.22,55.35,53.04,0.997,0.998,0.998,0.997,/tmpdir/crf_16.mpd,/videos/BigBuckBunny-2160.avi
557,0.99551,0.67725,0.99862,53.88398,0.99953,0.9347,0.99682,0.9986,0.99924,100.0,0.23,0.17,0.17,0.27,54.42,55.71,55.82,53.88,0.998,0.998,0.998,0.998,/tmpdir/crf_16.mpd,/videos/BigBuckBunny-2160.avi
558,0.99333,0.67725,0.99852,53.1781,0.99949,0.92775,0.99433,0.99732,0.99843,99.53722,0.27,0.19,0.19,0.31,53.79,55.32,55.37,53.18,0.998,0.998,0.998,0.998,/tmpdir/crf_16.mpd,/videos/BigBuckBunny-2160.avi
559,0.99395,0.60724,0.99852,53.1906,0.99949,0.92766,0.9947,0.99751,0.99859,99.63015,0.27,0.19,0.18,0.31,53.82,55.38,55.49,53.19,0.998,0.998,0.998,0.997,/tmpdir/crf_16.mpd,/videos/BigBuckBunny-2160.avi
560,0.99344,0.60724,0.9985,53.11256,0.99949,0.92636,0.99429,0.99735,0.99851,99.52488,0.27,0.19,0.19,0.32,53.75,55.35,55.42,53.11,0.997,0.998,0.998,0.997,/tmpdir/crf_16.mpd,/videos/BigBuckBunny-2160.avi
561,0.99539,0.57983,0.99862,54.00697,0.99953,0.93547,0.9969,0.99863,0.99924,99.97652,0.23,0.17,0.16,0.26,54.55,55.85,55.96,54.01,0.998,0.998,0.998,0.998,/tmpdir/crf_16.mpd,/videos/BigBuckBunny-2160.avi
562,0.99394,0.57983,0.99854,53.40808,0.99949,0.93037,0.99476,0.99754,0.99859,99.62463,0.26,0.18,0.18,0.3,53.99,55.46,55.49,53.41,0.998,0.998,0.998,0.998,/tmpdir/crf_16.mpd,/videos/BigBuckBunny-2160.avi
563,0.99386,0.50259,0.99856,53.44179,0.9995,0.93103,0.99523,0.99774,0.99868,99.58932,0.26,0.18,0.18,0.29,54.04,55.52,55.59,53.44,0.998,0.998,0.998,0.998,/tmpdir/crf_16.mpd,/videos/BigBuckBunny-2160.avi
564,0.99387,0.37665,0.99855,53.24006,0.9995,0.92928,0.99515,0.99773,0.9987,99.52771,0.27,0.19,0.18,0.31,53.85,55.38,55.46,53.24,0.998,0.998,0.998,0.998,/tmpdir/crf_16.mpd,/videos/BigBuckBunny-2160.avi
565,0.99504,0.14025,0.99865,53.88145,0.99953,0.93494,0.99709,0.99872,0.99926,99.71598,0.24,0.18,0.17,0.27,54.41,55.67,55.78,53.88,0.998,0.998,0.998,0.998,/tmpdir/crf_16.mpd,/videos/BigBuckBunny-2160.avi
566,0.99344,0.14025,0.99857,53.08157,0.99951,0.92801,0.99553,0.99797,0.99885,99.35663,0.28,0.19,0.19,0.32,53.73,55.41,55.44,53.08,0.998,0.998,0.998,0.998,/tmpdir/crf_16.mpd,/videos/BigBuckBunny-2160.avi
567,0.99399,0.19706,0.99857,53.30236,0.9995,0.92947,0.99559,0.99796,0.99886,99.48462,0.26,0.18,0.18,0.3,53.92,55.48,55.52,53.3,0.998,0.998,0.998,0.998,/tmpdir/crf_16.mpd,/videos/BigBuckBunny-2160.avi
568,0.99344,0.19706,0.99856,53.2156,0.9995,0.92879,0.99538,0.99792,0.99885,99.3832,0.27,0.19,0.19,0.31,53.82,55.4,55.36,53.22,0.998,0.998,0.998,0.998,/tmpdir/crf_16.mpd,/videos/BigBuckBunny-2160.avi
569,0.99511,0.24851,0.99862,53.81893,0.99953,0.93403,0.99679,0.99857,0.99922,99.76617,0.24,0.17,0.17,0.27,54.38,55.76,55.83,53.82,0.998,0.998,0.998,0.998,/tmpdir/crf_16.mpd,/videos/BigBuckBunny-2160.avi
570,0.99362,0.24851,0.99856,53.32653,0.9995,0.92938,0.99535,0.99785,0.99879,99.43502,0.26,0.19,0.18,0.3,53.93,55.45,55.47,53.33,0.998,0.998,0.998,0.998,/tmpdir/crf_16.mpd,/videos/BigBuckBunny-2160.avi
571,0.99385,0.24119,0.99856,53.41993,0.9995,0.93006,0.99555,0.99793,0.99887,99.48303,0.26,0.18,0.18,0.3,54.01,55.48,55.5,53.42,0.998,0.998,0.998,0.998,/tmpdir/crf_16.mpd,/videos/BigBuckBunny-2160.avi
572,0.99351,0.24119,0.99854,53.24936,0.9995,0.92856,0.99528,0.99783,0.99878,99.40848,0.27,0.19,0.19,0.31,53.85,55.38,55.34,53.25,0.998,0.998,0.997,0.998,/tmpdir/crf_16.mpd,/videos/BigBuckBunny-2160.avi
573,0.99485,0.18364,0.9986,53.57776,0.99952,0.93158,0.9965,0.99842,0.99911,99.67048,0.25,0.18,0.18,0.29,54.17,55.66,55.66,53.58,0.998,0.998,0.998,0.998,/tmpdir/crf_16.mpd,/videos/BigBuckBunny-2160.avi
574,0.99357,0.18364,0.99853,53.02004,0.9995,0.92678,0.99503,0.99763,0.99857,99.36678,0.28,0.19,0.19,0.32,53.68,55.41,55.37,53.02,0.998,0.998,0.998,0.997,/tmpdir/crf_16.mpd,/videos/BigBuckBunny-2160.avi
575,0.99415,0.44647,0.99854,53.16322,0.9995,0.92791,0.99513,0.99773,0.99866,99.60278,0.27,0.19,0.19,0.31,53.78,55.35,55.33,53.16,0.998,0.998,0.998,0.998,/tmpdir/crf_16.mpd,/videos/BigBuckBunny-2160.avi
576,0.99233,0.39928,0.9985,52.64405,0.99949,0.92362,0.99472,0.99764,0.9987,99.24238,0.3,0.2,0.2,0.35,53.32,55.15,55.05,52.64,0.997,0.998,0.997,0.997,/tmpdir/crf_16.mpd,/videos/BigBuckBunny-2160.avi
577,0.99495,0.39928,0.99857,53.28234,0.99951,0.92869,0.99615,0.9983,0.99906,99.7679,0.27,0.19,0.19,0.31,53.89,55.44,55.42,53.28,0.998,0.998,0.998,0.998,/tmpdir/crf_16.mpd,/videos/BigBuckBunny-2160.avi
578,0.99293,0.40778,0.99851,52.8776,0.99949,0.92507,0.99441,0.99742,0.99856,99.34271,0.29,0.2,0.2,0.34,53.51,55.18,55.07,52.88,0.997,0.998,0.997,0.997,/tmpdir/crf_16.mpd,/videos/BigBuckBunny-2160.avi
579,0.99366,0.51315,0.99851,52.99571,0.99949,0.92579,0.99469,0.99751,0.99856,99.5266,0.28,0.2,0.2,0.33,53.6,55.16,55.09,53.0,0.997,0.998,0.997,0.997,/tmpdir/crf_16.mpd,/videos/BigBuckBunny-2160.avi
580,0.99285,0.51315,0.99848,52.8048,0.99948,0.92403,0.99401,0.99721,0.99835,99.35396,0.3,0.2,0.21,0.34,53.41,55.02,54.9,52.8,0.997,0.998,0.997,0.997,/tmpdir/crf_16.mpd,/videos/BigBuckBunny-2160.avi
581,0.99416,0.56326,0.99851,52.86061,0.9995,0.92407,0.99521,0.99782,0.99877,99.65424,0.29,0.2,0.2,0.34,53.49,55.15,55.08,52.86,0.997,0.998,0.997,0.997,/tmpdir/crf_16.mpd,/videos/BigBuckBunny-2160.avi
582,0.99373,0.56326,0.99843,52.49377,0.99948,0.9215,0.99392,0.99717,0.99837,99.52443,0.31,0.2,0.21,0.37,53.18,55.03,54.98,52.49,0.997,0.997,0.997,0.997,/tmpdir/crf_16.mpd,/videos/BigBuckBunny-2160.avi
583,0.99361,2.85224,0.99834,52.861,0.99945,0.92145,0.99185,0.99604,0.99771,100.0,0.29,0.2,0.19,0.34,53.5,55.06,55.23,52.86,0.997,0.998,0.997,0.997,/tmpdir/crf_16.mpd,/videos/BigBuckBunny-2160.avi
584,0.99524,5.61963,0.99842,53.22969,0.99949,0.92445,0.99345,0.99705,0.99843,100.0,0.27,0.19,0.19,0.31,53.83,55.24,55.46,53.23,0.997,0.998,0.998,0.997,/tmpdir/crf_16.mpd,/videos/BigBuckBunny-2160.avi
585,0.99596,3.08384,0.99855,52.89869,0.99959,0.92281,0.99443,0.99742,0.99855,100.0,0.29,0.21,0.21,0.33,53.46,54.81,54.91,52.9,0.997,0.997,0.997,0.997,/tmpdir/crf_16.mpd,/videos/BigBuckBunny-2160.avi
586,0.9937,3.08384,0.9983,51.30477,0.99952,0.90273,0.9904,0.99539,0.99733,100.0,0.41,0.26,0.26,0.48,52.02,54.0,53.93,51.3,0.996,0.997,0.997,0.996,/tmpdir/crf_16.mpd,/videos/BigBuckBunny-2160.avi
587,0.99521,3.27578,0.9985,52.65182,0.99953,0.91961,0.99496,0.99774,0.99873,100.0,0.31,0.22,0.22,0.35,53.24,54.68,54.75,52.65,0.997,0.997,0.997,0.997,/tmpdir/crf_16.mpd,/videos/BigBuckBunny-2160.avi
588,0.99185,3.27578,0.99831,51.80373,0.99946,0.90974,0.99188,0.99609,0.9977,100.0,0.37,0.24,0.24,0.43,52.5,54.4,54.34,51.8,0.997,0.997,0.997,0.997,/tmpdir/crf_16.mpd,/videos/BigBuckBunny-2160.avi
589,0.99525,3.15864,0.99846,52.30688,0.99954,0.91581,0.99442,0.99752,0.99861,100.0,0.33,0.23,0.23,0.38,52.93,54.53,54.57,52.31,0.997,0.997,0.997,0.997,/tmpdir/crf_16.mpd,/videos/BigBuckBunny-2160.avi
590,0.99361,3.15864,0.99833,51.52543,0.99952,0.90595,0.99133,0.99586,0.99765,100.0,0.39,0.25,0.26,0.46,52.21,54.07,54.01,51.53,0.996,0.997,0.997,0.996,/tmpdir/crf_16.mpd,/videos/BigBuckBunny-2160.avi
591,0.99505,3.02656,0.99842,52.30849,0.9995,0.91546,0.99442,0.99754,0.99865,100.0,0.33,0.22,0.22,0.38,52.95,54.62,54.65,52.31,0.997,0.997,0.997,0.997,/tmpdir/crf_16.mpd,/videos/BigBuckBunny-2160.avi
592,0.99259,3.02656,0.99828,51.77566,0.99945,0.90903,0.99169,0.99604,0.99769,100.0,0.37,0.24,0.25,0.43,52.45,54.28,54.22,51.78,0.997,0.997,0.997,0.996,/tmpdir/crf_16.mpd,/videos/BigBuckBunny-2160.avi
593,0.99505,3.31339,0.99837,52.07629,0.9995,0.9124,0.99363,0.99716,0.99843,100.0,0.35,0.24,0.23,0.4,52.73,54.4,54.45,52.08,0.997,0.997,0.997,0.996,/tmpdir/crf_16.mpd,/videos/BigBuckBunny-2160.avi
594,0.9936,3.31339,0.99826,51.36902,0.99948,0.90365,0.99039,0.99526,0.99718,100.0,0.41,0.27,0.27,0.47,52.05,53.82,53.84,51.37,0.996,0.997,0.997,0.996,/tmpdir/crf_16.mpd,/videos/BigBuckBunny-2160.avi
595,0.9935,6.16409,0.99827,51.60221,0.99948,0.90672,0.99251,0.99665,0.99813,100.0,0.38,0.26,0.25,0.45,52.28,54.05,54.1,51.6,0.996,0.997,0.997,0.996,/tmpdir/crf_16.mpd,/videos/BigBuckBunny-2160.avi
596,0.99508,6.16409,0.99825,52.00296,0.99949,0.90867,0.99114,0.99576,0.9975,100.0,0.35,0.24,0.24,0.41,52.65,54.28,54.37,52.0,0.997,0.997,0.997,0.996,/tmpdir/crf_16.mpd,/videos/BigBuckBunny-2160.avi
597,0.99493,8.74403,0.99834,52.80574,0.9995,0.91537,0.99146,0.9959,0.99762,100.0,0.3,0.24,0.22,0.34,53.31,54.32,54.76,52.81,0.997,0.997,0.997,0.996,/tmpdir/crf_16.mpd,/videos/BigBuckBunny-2160.avi
598,0.99254,6.81949,0.99834,52.18387,0.99955,0.90739,0.99085,0.99565,0.99751,100.0,0.35,0.28,0.27,0.39,52.65,53.65,53.89,52.18,0.996,0.997,0.997,0.996,/tmpdir/crf_16.mpd,/videos/BigBuckBunny-2160.avi
599,0.99153,4.79411,0.99818,51.13829,0.9995,0.89661,0.98868,0.99457,0.99691,100.0,0.44,0.33,0.32,0.5,51.68,52.91,53.13,51.14,0.996,0.996,0.996,0.996,/tmpdir/crf_16.mpd,/videos/BigBuckBunny-2160.avi
600,0.99075,4.79411,0.99835,51.66601,0.99953,0.90462,0.99047,0.99521,0.99715,100.0,0.4,0.32,0.29,0.44,52.14,53.11,53.47,51.67,0.996,0.996,0.996,0.996,/tmpdir/crf_16.mpd,/videos/BigBuckBunny-2160.avi
601,0.99023,3.91301,0.99824,51.32664,0.99951,0.89953,0.9891,0.99472,0.99696,100.0,0.42,0.33,0.3,0.48,51.86,53.01,53.33,51.33,0.996,0.996,0.996,0.996,/tmpdir/crf_16.mpd,/videos/BigBuckBunny-2160.avi
602,0.9918,3.91301,0.9984,51.93349,0.99956,0.90683,0.99153,0.99603,0.99783,100.0,0.37,0.3,0.28,0.42,52.4,53.41,53.63,51.93,0.996,0.996,0.996,0.996,/tmpdir/crf_16.mpd,/videos/BigBuckBunny-2160.avi
603,0.99056,4.70667,0.99827,51.53983,0.99952,0.9024,0.98938,0.99471,0.99687,100.0,0.4,0.31,0.29,0.46,52.06,53.2,53.47,51.54,0.996,0.996,0.996,0.996,/tmpdir/crf_16.mpd,/videos/BigBuckBunny-2160.avi
604,0.99316,4.70667,0.9984,52.17867,0.99954,0.91103,0.99151,0.99581,0.99757,100.0,0.36,0.3,0.27,0.39,52.61,53.42,53.81,52.18,0.997,0.997,0.997,0.996,/tmpdir/crf_16.mpd,/videos/BigBuckBunny-2160.avi
605,0.99232,6.67775,0.99838,52.20599,0.99952,0.91173,0.9914,0.99588,0.99763,100.0,0.35,0.29,0.26,0.39,52.67,53.55,54.0,52.21,0.997,0.997,0.997,0.996,/tmpdir/crf_16.mpd,/videos/BigBuckBunny-2160.avi
606,0.99363,7.58279,0.99847,53.04912,0.99952,0.92103,0.99329,0.99681,0.99816,100.0,0.29,0.24,0.21,0.32,53.52,54.4,54.87,53.05,0.997,0.997,0.997,0.997,/tmpdir/crf_16.mpd,/videos/BigBuckBunny-2160.avi
607,0.99422,6.45537,0.99854,54.32515,0.99953,0.93391,0.99559,0.99801,0.99891,100.0,0.22,0.19,0.16,0.24,54.73,55.37,55.97,54.33,0.998,0.998,0.998,0.998,/tmpdir/crf_16.mpd,/videos/BigBuckBunny-2160.avi
608,0.99565,1.69443,0.99852,54.68479,0.99949,0.94024,0.99541,0.99772,0.99863,100.0,0.2,0.17,0.15,0.22,55.09,55.75,56.32,54.68,0.998,0.998,0.998,0.998,/tmpdir/crf_16.mpd,/videos/BigBuckBunny-2160.avi
609,0.99567,0.47508,0.99851,54.81408,0.99948,0.94148,0.99579,0.99796,0.99881,99.9527,0.2,0.17,0.15,0.21,55.21,55.84,56.44,54.81,0.998,0.998,0.998,0.998,/tmpdir/crf_16.mpd,/videos/BigBuckBunny-2160.avi
610,0.99584,0.47508,0.99851,54.8893,0.99947,0.94302,0.99574,0.99785,0.99868,99.97564,0.19,0.16,0.14,0.21,55.31,55.99,56.65,54.89,0.998,0.998,0.998,0.998,/tmpdir/crf_16.mpd,/videos/BigBuckBunny-2160.avi
611,0.99625,0.32046,0.99858,55.49791,0.99951,0.94692,0.99742,0.99891,0.99942,100.0,0.17,0.15,0.14,0.18,55.83,56.33,56.82,55.5,0.998,0.998,0.998,0.998,/tmpdir/crf_16.mpd,/videos/BigBuckBunny-2160.avi
612,0.99626,0.32046,0.99857,55.35126,0.99948,0.9474,0.99659,0.99829,0.9989,100.0,0.17,0.16,0.14,0.19,55.7,56.22,56.8,55.35,0.998,0.998,0.998,0.998,/tmpdir/crf_16.mpd,/videos/BigBuckBunny-2160.avi
613,0.99648,0.16453,0.99859,55.5287,0.9995,0.94847,0.99716,0.99872,0.99928,100.0,0.17,0.15,0.13,0.18,55.86,56.36,56.89,55.53,0.998,0.998,0.998,0.998,/tmpdir/crf_16.mpd,/videos/BigBuckBunny-2160.avi
614,0.99655,0.16453,0.99861,55.68921,0.9995,0.94963,0.99723,0.9987,0.99922,100.0,0.16,0.15,0.13,0.18,55.99,56.43,56.92,55.69,0.998,0.998,0.998,0.998,/tmpdir/crf_16.mpd,/videos/BigBuckBunny-2160.avi
615,0.99659,0.13389,0.99862,55.8294,0.99951,0.95057,0.99776,0.99904,0.99948,100.0,0.16,0.14,0.13,0.17,56.13,56.57,57.03,55.83,0.998,0.998,0.998,0.998,/tmpdir/crf_16.mpd,/videos/BigBuckBunny-2160.avi
616,0.99638,0.13389,0.99861,55.78825,0.99951,0.95046,0.99727,0.99872,0.99923,100.0,0.16,0.15,0.13,0.17,56.08,56.49,56.98,55.79,0.998,0.998,0.998,0.998,/tmpdir/crf_16.mpd,/videos/BigBuckBunny-2160.avi
617,0.99603,0.23418,0.99862,55.76453,0.99951,0.95022,0.99745,0.99885,0.99933,100.0,0.16,0.15,0.13,0.17,56.05,56.45,56.95,55.76,0.998,0.998,0.998,0.998,/tmpdir/crf_16.mpd,/videos/BigBuckBunny-2160.avi
618,0.99579,0.23418,0.99861,55.70076,0.9995,0.95005,0.99713,0.99861,0.99913,99.93762,0.16,0.15,0.13,0.17,56.0,56.42,56.95,55.7,0.998,0.998,0.998,0.998,/tmpdir/crf_16.mpd,/videos/BigBuckBunny-2160.avi
619,0.996,0.21689,0.99863,55.84311,0.99951,0.95078,0.99775,0.99903,0.99946,100.0,0.16,0.14,0.13,0.17,56.15,56.6,57.1,55.84,0.998,0.998,0.998,0.998,/tmpdir/crf_16.mpd,/videos/BigBuckBunny-2160.avi
620,0.99571,0.21689,0.99862,55.76229,0.9995,0.95062,0.99729,0.99872,0.99923,99.92656,0.16,0.14,0.13,0.17,56.08,56.54,57.03,55.76,0.998,0.998,0.998,0.998,/tmpdir/crf_16.mpd,/videos/BigBuckBunny-2160.avi
621,0.99615,0.15149,0.99862,55.80406,0.99951,0.95051,0.99753,0.99892,0.99939,99.99091,0.16,0.14,0.13,0.17,56.11,56.54,57.04,55.8,0.998,0.998,0.998,0.998,/tmpdir/crf_16.mpd,/videos/BigBuckBunny-2160.avi
622,0.99615,0.15149,0.99862,55.7819,0.99951,0.9505,0.99738,0.99879,0.99928,99.98032,0.16,0.14,0.13,0.17,56.09,56.55,57.03,55.78,0.998,0.998,0.998,0.998,/tmpdir/crf_16.mpd,/videos/BigBuckBunny-2160.avi
623,0.99667,0.15437,0.99863,55.87967,0.99951,0.95097,0.99778,0.99906,0.99951,100.0,0.16,0.14,0.13,0.17,56.19,56.67,57.14,55.88,0.998,0.998,0.998,0.998,/tmpdir/crf_16.mpd,/videos/BigBuckBunny-2160.avi
624,0.99689,0.15437,0.99861,55.76126,0.9995,0.95067,0.99718,0.99862,0.99915,100.0,0.16,0.14,0.13,0.17,56.09,56.58,57.08,55.76,0.998,0.998,0.998,0.998,/tmpdir/crf_16.mpd,/videos/BigBuckBunny-2160.avi
625,0.99679,0.13699,0.99862,55.78553,0.99951,0.95051,0.9973,0.99873,0.99926,100.0,0.16,0.14,0.13,0.17,56.1,56.57,57.06,55.79,0.998,0.998,0.998,0.998,/tmpdir/crf_16.mpd,/videos/BigBuckBunny-2160.avi
626,0.99646,0.13699,0.99861,55.70862,0.99951,0.95021,0.99702,0.99856,0.99914,100.0,0.16,0.14,0.13,0.17,56.04,56.54,57.04,55.71,0.998,0.998,0.998,0.998,/tmpdir/crf_16.mpd,/videos/BigBuckBunny-2160.avi
627,0.99669,0.18127,0.99863,55.90152,0.99952,0.95108,0.9978,0.99907,0.9995,100.0,0.16,0.14,0.13,0.17,56.2,56.66,57.11,55.9,0.998,0.998,0.998,0.998,/tmpdir/crf_16.mpd,/videos/BigBuckBunny-2160.avi
628,0.99614,0.18127,0.99862,55.75755,0.99951,0.9505,0.99703,0.99851,0.99904,99.96714,0.16,0.14,0.13,0.17,56.07,56.52,57.05,55.76,0.998,0.998,0.998,0.998,/tmpdir/crf_16.mpd,/videos/BigBuckBunny-2160.avi
629,0.9961,0.11755,0.99862,55.76863,0.99951,0.95022,0.99728,0.99873,0.99925,99.9521,0.16,0.14,0.13,0.17,56.08,56.53,57.04,55.77,0.998,0.998,0.998,0.998,/tmpdir/crf_16.mpd,/videos/BigBuckBunny-2160.avi
630,0.99578,0.11755,0.99862,55.745,0.99951,0.95035,0.99725,0.99872,0.99925,99.8956,0.16,0.14,0.13,0.17,56.06,56.53,57.03,55.75,0.998,0.998,0.998,0.998,/tmpdir/crf_16.mpd,/videos/BigBuckBunny-2160.avi
631,0.99601,0.08729,0.99863,55.82852,0.99952,0.95049,0.99772,0.99903,0.99947,99.94593,0.16,0.14,0.13,0.17,56.14,56.61,57.09,55.83,0.998,0.998,0.998,0.998,/tmpdir/crf_16.mpd,/videos/BigBuckBunny-2160.avi
632,0.99603,0.08729,0.99862,55.71919,0.99951,0.95004,0.99719,0.99867,0.99921,99.92103,0.16,0.14,0.13,0.17,56.04,56.53,57.03,55.72,0.998,0.998,0.998,0.998,/tmpdir/crf_16.mpd,/videos/BigBuckBunny-2160.avi
633,0.9962,0.14159,0.99862,55.71934,0.99951,0.94997,0.99736,0.99881,0.99932,99.98595,0.16,0.15,0.13,0.17,56.04,56.52,57.02,55.72,0.998,0.998,0.998,0.998,/tmpdir/crf_16.mpd,/videos/BigBuckBunny-2160.avi
634,0.996,0.14159,0.99862,55.67485,0.99951,0.94997,0.99711,0.99862,0.99918,99.93566,0.16,0.15,0.13,0.18,56.0,56.5,57.01,55.67,0.998,0.998,0.998,0.998,/tmpdir/crf_16.mpd,/videos/BigBuckBunny-2160.avi
635,0.99642,0.16656,0.99863,55.78789,0.99952,0.95031,0.99769,0.99902,0.99947,100.0,0.16,0.14,0.13,0.17,56.11,56.6,57.09,55.79,0.998,0.998,0.998,0.998,/tmpdir/crf_16.mpd,/videos/BigBuckBunny-2160.avi
636,0.99615,0.16656,0.99862,55.67609,0.99951,0.94996,0.99702,0.99853,0.99908,99.96368,0.16,0.15,0.13,0.18,56.01,56.51,57.01,55.68,0.998,0.998,0.998,0.998,/tmpdir/crf_16.mpd,/videos/BigBuckBunny-2160.avi
637,0.99638,0.13143,0.99862,55.77848,0.99951,0.95041,0.99733,0.99875,0.99927,100.0,0.16,0.14,0.13,0.17,56.09,56.55,57.04,55.78,0.998,0.998,0.998,0.998,/tmpdir/crf_16.mpd,/videos/BigBuckBunny-2160.avi
638,0.99651,0.13143,0.99862,55.79532,0.99951,0.95078,0.99718,0.99858,0.99907,100.0,0.16,0.14,0.13,0.17,56.1,56.56,57.04,55.8,0.998,0.998,0.998,0.998,/tmpdir/crf_16.mpd,/videos/BigBuckBunny-2160.avi
639,0.99649,0.0799,0.99863,55.944,0.99951,0.9515,0.99792,0.99913,0.99953,100.0,0.15,0.14,0.12,0.17,56.25,56.72,57.17,55.94,0.998,0.998,0.998,0.998,/tmpdir/crf_16.mpd,/videos/BigBuckBunny-2160.avi
640,0.99661,0.07984,0.99862,55.87595,0.9995,0.95129,0.99762,0.99893,0.99938,100.0,0.16,0.14,0.13,0.17,56.18,56.64,57.09,55.88,0.998,0.998,0.998,0.998,/tmpdir/crf_16.mpd,/videos/BigBuckBunny-2160.avi
641,0.99651,0.07984,0.99862,55.85895,0.99951,0.95105,0.99761,0.99892,0.99938,100.0,0.16,0.14,0.13,0.17,56.16,56.62,57.09,55.86,0.998,0.998,0.998,0.998,/tmpdir/crf_16.mpd,/videos/BigBuckBunny-2160.avi
642,0.99642,0.09332,0.99862,55.82318,0.99951,0.95098,0.99752,0.99885,0.99932,100.0,0.16,0.14,0.13,0.17,56.14,56.61,57.08,55.82,0.998,0.998,0.998,0.998,/tmpdir/crf_16.mpd,/videos/BigBuckBunny-2160.avi
643,0.99661,0.14302,0.99863,55.85233,0.99952,0.95082,0.99768,0.99901,0.99949,100.0,0.16,0.14,0.12,0.17,56.19,56.73,57.18,55.85,0.998,0.998,0.998,0.998,/tmpdir/crf_16.mpd,/videos/BigBuckBunny-2160.avi
644,0.99655,0.14302,0.99861,55.6779,0.99951,0.95005,0.99697,0.99849,0.99904,100.0,0.16,0.14,0.13,0.18,56.01,56.52,57.03,55.68,0.998,0.998,0.998,0.998,/tmpdir/crf_16.mpd,/videos/BigBuckBunny-2160.avi
645,0.9965,0.14988,0.99861,55.67606,0.99951,0.9496,0.99699,0.99853,0.9991,100.0,0.16,0.14,0.13,0.18,56.01,56.53,57.04,55.68,0.998,0.998,0.998,0.998,/tmpdir/crf_16.mpd,/videos/BigBuckBunny-2160.avi
646,0.99643,0.14988,0.9986,55.60969,0.99951,0.94928,0.99681,0.99842,0.99903,99.99754,0.17,0.15,0.13,0.18,55.95,56.47,56.99,55.61,0.998,0.998,0.998,0.998,/tmpdir/crf_16.mpd,/videos/BigBuckBunny-2160.avi
647,0.99655,0.13437,0.99862,55.73135,0.99952,0.94973,0.99749,0.99887,0.99937,100.0,0.16,0.14,0.13,0.17,56.06,56.59,57.06,55.73,0.998,0.998,0.998,0.998,/tmpdir/crf_16.mpd,/videos/BigBuckBunny-2160.avi
648,0.99643,0.13437,0.99862,55.684,0.99952,0.94934,0.99743,0.99884,0.99934,100.0,0.16,0.14,0.13,0.18,56.03,56.6,57.06,55.68,0.998,0.998,0.998,0.998,/tmpdir/crf_16.mpd,/videos/BigBuckBunny-2160.avi
649,0.99735,0.09176,0.9987,56.59292,0.99953,0.95656,0.99833,0.99932,0.99966,100.0,0.13,0.11,0.11,0.14,56.94,57.58,57.87,56.59,0.999,0.999,0.999,0.999,/tmpdir/crf_16.mpd,/videos/BigBuckBunny-2160.avi
650,0.99707,0.09176,0.99866,56.22297,0.99952,0.95412,0.99772,0.99897,0.99945,100.0,0.14,0.12,0.11,0.16,56.6,57.3,57.63,56.22,0.998,0.998,0.998,0.998,/tmpdir/crf_16.mpd,/videos/BigBuckBunny-2160.avi
651,0.99701,0.08613,0.99864,56.05192,0.99951,0.95287,0.99754,0.99888,0.99939,100.0,0.15,0.12,0.11,0.16,56.45,57.21,57.52,56.05,0.998,0.998,0.998,0.998,/tmpdir/crf_16.mpd,/videos/BigBuckBunny-2160.avi
652,0.99675,0.08613,0.99863,56.01746,0.99951,0.9526,0.99749,0.99884,0.99936,100.0,0.15,0.13,0.12,0.16,56.4,57.12,57.46,56.02,0.998,0.998,0.998,0.998,/tmpdir/crf_16.mpd,/videos/BigBuckBunny-2160.avi
653,0.99653,0.06504,0.99863,56.05593,0.99951,0.95272,0.99769,0.99894,0.99941,100.0,0.15,0.12,0.12,0.16,56.45,57.2,57.52,56.06,0.998,0.998,0.998,0.998,/tmpdir/crf_16.mpd,/videos/BigBuckBunny-2160.avi
654,0.99641,0.05723,0.99862,56.00349,0.9995,0.95227,0.99741,0.99878,0.99932,99.99401,0.15,0.13,0.12,0.16,56.37,57.02,57.41,56.0,0.998,0.998,0.998,0.998,/tmpdir/crf_16.mpd,/videos/BigBuckBunny-2160.avi
655,0.9963,0.03872,0.99861,55.92424,0.99949,0.9516,0.99723,0.99865,0.99918,99.95004,0.15,0.13,0.12,0.17,56.3,56.97,57.38,55.92,0.998,0.998,0.998,0.998,/tmpdir/crf_16.mpd,/videos/BigBuckBunny-2160.avi
656,0.9963,0.03872,0.99861,55.87849,0.9995,0.95119,0.99718,0.99865,0.9992,99.94992,0.15,0.13,0.12,0.17,56.25,56.88,57.31,55.88,0.998,0.998,0.998,0.998,/tmpdir/crf_16.mpd,/videos/BigBuckBunny-2160.avi
657,0.99605,0.0573,0.99859,55.72487,0.99949,0.94987,0.99721,0.99872,0.99931,99.91839,0.16,0.13,0.12,0.17,56.13,56.89,57.31,55.72,0.998,0.998,0.998,0.998,/tmpdir/crf_16.mpd,/videos/BigBuckBunny-2160.avi
658,0.99598,0.0573,0.99859,55.64017,0.99949,0.94955,0.99676,0.99837,0.99898,99.87212,0.16,0.14,0.12,0.18,56.04,56.74,57.19,55.64,0.998,0.998,0.998,0.998,/tmpdir/crf_16.mpd,/videos/BigBuckBunny-2160.avi
659,0.99594,0.077,0.99857,55.4934,0.99949,0.94837,0.99682,0.99856,0.99921,99.88992,0.17,0.14,0.13,0.18,55.92,56.69,57.15,55.49,0.998,0.998,0.998,0.998,/tmpdir/crf_16.mpd,/videos/BigBuckBunny-2160.avi
660,0.99757,2.37958,0.99946,50.48901,0.99996,0.92995,0.99742,0.99887,0.99941,100.0,0.53,0.42,0.41,0.58,50.93,51.89,52.04,50.49,0.996,0.995,0.995,0.996,/tmpdir/crf_16.mpd,/videos/BigBuckBunny-2160.avi
661,0.98761,2.37958,0.99819,44.53764,0.99974,0.81814,0.98657,0.99371,0.99662,98.8685,1.97,1.4,1.3,2.29,45.18,46.67,46.99,44.54,0.99,0.988,0.988,0.99,/tmpdir/crf_16.mpd,/videos/BigBuckBunny-2160.avi
662,0.98919,2.78634,0.99827,45.13644,0.99973,0.82947,0.9871,0.99363,0.99642,99.36721,1.78,1.38,1.3,1.99,45.64,46.73,46.99,45.14,0.99,0.988,0.988,0.991,/tmpdir/crf_16.mpd,/videos/BigBuckBunny-2160.avi
663,0.98739,2.79225,0.99806,44.40642,0.99971,0.81287,0.98534,0.9931,0.99635,99.00881,2.09,1.64,1.48,2.36,44.93,45.98,46.44,44.41,0.989,0.985,0.987,0.99,/tmpdir/crf_16.mpd,/videos/BigBuckBunny-2160.avi
664,0.99507,2.79225,0.99884,47.37941,0.99988,0.87549,0.99403,0.99729,0.99849,100.0,1.06,0.82,0.79,1.19,47.88,48.99,49.17,47.38,0.993,0.991,0.992,0.993,/tmpdir/crf_16.mpd,/videos/BigBuckBunny-2160.avi
665,0.98575,2.79746,0.99773,43.70136,0.99965,0.79537,0.98153,0.99099,0.995,98.55513,2.49,2.02,1.81,2.77,44.17,45.07,45.56,43.7,0.987,0.983,0.984,0.989,/tmpdir/crf_16.mpd,/videos/BigBuckBunny-2160.avi
666,0.98778,2.79746,0.99795,44.36343,0.99969,0.81049,0.98488,0.99263,0.99589,99.03485,2.16,1.82,1.63,2.38,44.78,45.52,46.01,44.36,0.988,0.984,0.985,0.989,/tmpdir/crf_16.mpd,/videos/BigBuckBunny-2160.avi
667,0.9849,2.79582,0.99761,43.47773,0.99964,0.78779,0.9812,0.9909,0.99496,98.39031,2.6,2.08,1.82,2.92,43.99,44.95,45.53,43.48,0.986,0.982,0.984,0.988,/tmpdir/crf_16.mpd,/videos/BigBuckBunny-2160.avi
668,0.99329,2.79582,0.99839,45.98289,0.99982,0.8435,0.99101,0.9959,0.99778,100.0,1.45,1.12,1.05,1.64,46.5,47.65,47.91,45.98,0.99,0.989,0.989,0.991,/tmpdir/crf_16.mpd,/videos/BigBuckBunny-2160.avi
669,0.98467,2.79602,0.9974,43.21187,0.99959,0.77958,0.97894,0.9897,0.99429,98.2671,2.79,2.3,2.02,3.1,43.68,44.51,45.07,43.21,0.985,0.98,0.982,0.987,/tmpdir/crf_16.mpd,/videos/BigBuckBunny-2160.avi
670,0.98705,2.79602,0.99765,43.80785,0.99965,0.79378,0.98268,0.99157,0.99532,98.81659,2.47,2.11,1.87,2.71,44.21,44.89,45.41,43.81,0.986,0.982,0.983,0.988,/tmpdir/crf_16.mpd,/videos/BigBuckBunny-2160.avi
671,0.98415,2.79863,0.99732,43.05157,0.99959,0.774,0.97909,0.98997,0.99455,98.19628,2.87,2.32,2.03,3.22,43.55,44.48,45.06,43.05,0.985,0.98,0.982,0.987,/tmpdir/crf_16.mpd,/videos/BigBuckBunny-2160.avi
672,0.99224,2.79863,0.99811,45.35708,0.99978,0.82675,0.9894,0.99526,0.9975,100.0,1.7,1.34,1.26,1.89,45.83,46.84,47.12,45.36,0.989,0.987,0.987,0.99,/tmpdir/crf_16.mpd,/videos/BigBuckBunny-2160.avi
673,0.98364,2.79616,0.99715,42.87975,0.99956,0.76821,0.97727,0.98902,0.99398,98.03843,3.02,2.5,2.22,3.35,43.33,44.15,44.67,42.88,0.984,0.978,0.98,0.986,/tmpdir/crf_16.mpd,/videos/BigBuckBunny-2160.avi
674,0.98625,2.79616,0.99742,43.44586,0.99962,0.78225,0.98108,0.99079,0.99483,98.6115,2.69,2.32,2.05,2.94,43.84,44.48,45.02,43.45,0.985,0.98,0.981,0.987,/tmpdir/crf_16.mpd,/videos/BigBuckBunny-2160.avi
675,0.98318,2.79913,0.99709,42.73384,0.99956,0.76335,0.97743,0.9891,0.994,97.9574,3.09,2.51,2.18,3.46,43.23,44.14,44.74,42.73,0.984,0.978,0.98,0.986,/tmpdir/crf_16.mpd,/videos/BigBuckBunny-2160.avi
676,0.99167,2.79913,0.9979,44.92611,0.99975,0.81457,0.98814,0.99469,0.99717,99.86734,1.89,1.52,1.42,2.09,45.38,46.3,46.6,44.93,0.988,0.985,0.986,0.989,/tmpdir/crf_16.mpd,/videos/BigBuckBunny-2160.avi
677,0.98301,2.79794,0.997,42.7097,0.99954,0.76147,0.97625,0.98846,0.99367,97.88812,3.15,2.67,2.33,3.48,43.14,43.87,44.46,42.71,0.983,0.977,0.979,0.986,/tmpdir/crf_16.mpd,/videos/BigBuckBunny-2160.avi
678,0.98575,2.79794,0.99727,43.23454,0.9996,0.77478,0.98024,0.9905,0.9948,98.50776,2.83,2.45,2.16,3.09,43.62,44.23,44.79,43.23,0.984,0.978,0.98,0.986,/tmpdir/crf_16.mpd,/videos/BigBuckBunny-2160.avi
679,0.98269,2.79979,0.99695,42.56646,0.99954,0.75701,0.97662,0.98885,0.99397,97.85944,3.22,2.61,2.29,3.6,43.06,43.96,44.53,42.57,0.983,0.977,0.979,0.985,/tmpdir/crf_16.mpd,/videos/BigBuckBunny-2160.avi
680,0.99117,2.79979,0.99777,44.68316,0.99974,0.80729,0.98763,0.99458,0.99716,99.76598,2.0,1.64,1.53,2.21,45.11,45.99,46.28,44.68,0.987,0.984,0.984,0.988,/tmpdir/crf_16.mpd,/videos/BigBuckBunny-2160.avi
681,0.98307,2.80251,0.99689,42.56073,0.99953,0.75618,0.97569,0.98823,0.9935,97.88181,3.27,2.75,2.42,3.61,42.99,43.73,44.29,42.56,0.982,0.976,0.978,0.985,/tmpdir/crf_16.mpd,/videos/BigBuckBunny-2160.avi
682,0.98562,2.80251,0.99715,43.08671,0.99959,0.76933,0.97971,0.99033,0.9947,98.47207,2.93,2.55,2.24,3.19,43.47,44.07,44.64,43.09,0.983,0.977,0.979,0.986,/tmpdir/crf_16.mpd,/videos/BigBuckBunny-2160.avi
683,0.98286,2.8016,0.99683,42.45016,0.99953,0.75224,0.97579,0.98842,0.99371,97.86078,3.3,2.69,2.34,3.7,42.94,43.83,44.44,42.45,0.982,0.976,0.978,0.985,/tmpdir/crf_16.mpd,/videos/BigBuckBunny-2160.avi
684,0.99095,2.8016,0.99767,44.50468,0.99974,0.80151,0.98697,0.99428,0.99701,99.70211,2.09,1.72,1.6,2.3,44.93,45.78,46.08,44.5,0.986,0.983,0.984,0.988,/tmpdir/crf_16.mpd,/videos/BigBuckBunny-2160.avi
685,0.98252,2.7987,0.99679,42.46861,0.99951,0.75196,0.97501,0.98791,0.99332,97.75959,3.34,2.82,2.48,3.68,42.89,43.63,44.18,42.47,0.982,0.975,0.977,0.985,/tmpdir/crf_16.mpd,/videos/BigBuckBunny-2160.avi
686,0.98508,2.7987,0.99707,43.00576,0.99958,0.76566,0.97923,0.99004,0.99454,98.35333,2.98,2.6,2.27,3.25,43.39,43.98,44.56,43.01,0.983,0.977,0.979,0.986,/tmpdir/crf_16.mpd,/videos/BigBuckBunny-2160.avi
687,0.98252,2.80005,0.99675,42.36989,0.99952,0.74839,0.97548,0.98831,0.99373,97.7961,3.37,2.76,2.39,3.77,42.86,43.73,44.36,42.37,0.982,0.975,0.978,0.984,/tmpdir/crf_16.mpd,/videos/BigBuckBunny-2160.avi
688,0.99074,2.80005,0.9976,44.39385,0.99973,0.79773,0.98661,0.9941,0.99692,99.64732,2.15,1.77,1.66,2.36,44.81,45.65,45.94,44.39,0.986,0.982,0.983,0.988,/tmpdir/crf_16.mpd,/videos/BigBuckBunny-2160.avi
689,0.98265,2.8013,0.99673,42.41911,0.99952,0.74974,0.97508,0.988,0.99337,97.78955,3.38,2.85,2.51,3.73,42.85,43.59,44.13,42.42,0.982,0.975,0.977,0.984,/tmpdir/crf_16.mpd,/videos/BigBuckBunny-2160.avi
690,0.98515,2.8013,0.99701,42.96182,0.99957,0.76357,0.97919,0.99009,0.9945,98.36502,3.01,2.63,2.3,3.29,43.34,43.93,44.51,42.96,0.983,0.976,0.978,0.985,/tmpdir/crf_16.mpd,/videos/BigBuckBunny-2160.avi
691,0.9825,2.80487,0.99672,42.34975,0.99952,0.74718,0.9755,0.98829,0.99361,97.78687,3.38,2.76,2.39,3.79,42.84,43.73,44.35,42.35,0.982,0.975,0.978,0.984,/tmpdir/crf_16.mpd,/videos/BigBuckBunny-2160.avi
692,0.99072,2.80487,0.99757,44.35579,0.99973,0.79627,0.98676,0.99427,0.99704,99.65815,2.17,1.79,1.67,2.39,44.77,45.6,45.9,44.36,0.986,0.982,0.983,0.987,/tmpdir/crf_16.mpd,/videos/BigBuckBunny-2160.avi
693,0.98232,2.80457,0.99669,42.37416,0.99951,0.74771,0.97494,0.98806,0.99345,97.73975,3.41,2.88,2.5,3.76,42.81,43.54,44.15,42.37,0.981,0.974,0.977,0.984,/tmpdir/crf_16.mpd,/videos/BigBuckBunny-2160.avi
694,0.98491,2.80457,0.99697,42.90202,0.99957,0.76111,0.97885,0.98993,0.99443,98.31302,3.05,2.67,2.31,3.33,43.28,43.86,44.49,42.9,0.982,0.976,0.978,0.985,/tmpdir/crf_16.mpd,/videos/BigBuckBunny-2160.avi
695,0.98242,2.80466,0.99666,42.28513,0.99952,0.74469,0.97517,0.98821,0.99353,97.76401,3.43,2.8,2.41,3.84,42.78,43.66,44.32,42.29,0.981,0.975,0.977,0.984,/tmpdir/crf_16.mpd,/videos/BigBuckBunny-2160.avi
696,0.99055,2.80466,0.99751,44.27838,0.99972,0.79353,0.98642,0.99408,0.99691,99.60998,2.21,1.83,1.7,2.43,44.69,45.5,45.82,44.28,0.985,0.981,0.982,0.987,/tmpdir/crf_16.mpd,/videos/BigBuckBunny-2160.avi
697,0.98239,2.80963,0.99667,42.37495,0.99951,0.74707,0.975,0.9881,0.99352,97.75863,3.41,2.91,2.52,3.76,42.8,43.49,44.12,42.37,0.981,0.974,0.977,0.984,/tmpdir/crf_16.mpd,/videos/BigBuckBunny-2160.avi
698,0.98528,2.80963,0.99694,42.8873,0.99957,0.76042,0.97891,0.99006,0.99454,98.39283,3.06,2.67,2.31,3.34,43.27,43.87,44.49,42.89,0.982,0.976,0.978,0.985,/tmpdir/crf_16.mpd,/videos/BigBuckBunny-2160.avi
699,0.98237,2.81105,0.99666,42.30142,0.99952,0.74469,0.97534,0.98832,0.99364,97.76887,3.42,2.79,2.41,3.83,42.79,43.67,44.31,42.3,0.981,0.975,0.977,0.984,/tmpdir/crf_16.mpd,/videos/BigBuckBunny-2160.avi
700,0.99077,2.81105,0.99753,44.31648,0.99973,0.79432,0.98672,0.99425,0.99697,99.66307,2.19,1.82,1.69,2.41,44.73,45.53,45.85,44.32,0.985,0.981,0.982,0.987,/tmpdir/crf_16.mpd,/videos/BigBuckBunny-2160.avi
701,0.98276,2.81408,0.99665,42.36895,0.99951,0.74623,0.97494,0.98805,0.99345,97.82018,3.41,2.9,2.51,3.77,42.8,43.5,44.14,42.37,0.981,0.974,0.977,0.984,/tmpdir/crf_16.mpd,/videos/BigBuckBunny-2160.avi
702,0.98502,2.81408,0.99694,42.88945,0.99957,0.7598,0.97897,0.99004,0.99452,98.34604,3.06,2.68,2.32,3.34,43.27,43.85,44.48,42.89,0.982,0.976,0.978,0.985,/tmpdir/crf_16.mpd,/videos/BigBuckBunny-2160.avi
703,0.98229,2.81301,0.99664,42.29064,0.99952,0.74375,0.97519,0.98819,0.9936,97.74924,3.43,2.81,2.41,3.84,42.78,43.64,44.31,42.29,0.981,0.974,0.977,0.984,/tmpdir/crf_16.mpd,/videos/BigBuckBunny-2160.avi
704,0.9907,2.81301,0.99749,44.24942,0.99973,0.79204,0.98645,0.99412,0.99694,99.64254,2.22,1.84,1.71,2.44,44.66,45.48,45.79,44.25,0.985,0.981,0.982,0.987,/tmpdir/crf_16.mpd,/videos/BigBuckBunny-2160.avi
705,0.98243,2.81681,0.99664,42.3516,0.99951,0.74571,0.97483,0.988,0.99347,97.76394,3.44,2.93,2.55,3.78,42.77,43.46,44.07,42.35,0.981,0.974,0.976,0.984,/tmpdir/crf_16.mpd,/videos/BigBuckBunny-2160.avi
706,0.98491,2.81681,0.99692,42.87882,0.99957,0.75929,0.97907,0.99015,0.99461,98.33579,3.07,2.69,2.31,3.35,43.26,43.84,44.49,42.88,0.982,0.976,0.978,0.985,/tmpdir/crf_16.mpd,/videos/BigBuckBunny-2160.avi
707,0.98241,2.82068,0.99664,42.28978,0.99952,0.7435,0.97534,0.98827,0.99362,97.77862,3.43,2.8,2.4,3.84,42.78,43.66,44.32,42.29,0.981,0.975,0.977,0.984,/tmpdir/crf_16.mpd,/videos/BigBuckBunny-2160.avi
708,0.99073,2.82068,0.9975,44.27518,0.99973,0.79278,0.98663,0.99421,0.997,99.65927,2.21,1.83,1.7,2.43,44.69,45.51,45.82,44.28,0.985,0.981,0.982,0.987,/tmpdir/crf_16.mpd,/videos/BigBuckBunny-2160.avi
709,0.98289,2.8243,0.99666,42.38396,0.99951,0.74642,0.97518,0.98814,0.99346,97.85322,3.41,2.91,2.52,3.76,42.8,43.49,44.12,42.38,0.981,0.974,0.976,0.984,/tmpdir/crf_16.mpd,/videos/BigBuckBunny-2160.avi
710,0.98494,2.8243,0.99695,42.91372,0.99958,0.76024,0.97929,0.99026,0.99465,98.35209,3.04,2.67,2.3,3.32,43.3,43.87,44.51,42.91,0.982,0.976,0.978,0.985,/tmpdir/crf_16.mpd,/videos/BigBuckBunny-2160.avi
711,0.98241,2.82901,0.99665,42.29918,0.99952,0.744,0.9754,0.98822,0.99347,97.77216,3.42,2.8,2.41,3.83,42.79,43.66,44.31,42.3,0.981,0.975,0.977,0.984,/tmpdir/crf_16.mpd,/videos/BigBuckBunny-2160.avi
712,0.9906,2.82901,0.99751,44.27374,0.99973,0.79265,0.98662,0.99412,0.99691,99.63303,2.21,1.83,1.7,2.43,44.69,45.51,45.82,44.27,0.985,0.981,0.982,0.987,/tmpdir/crf_16.mpd,/videos/BigBuckBunny-2160.avi
713,0.98257,2.83394,0.99667,42.39909,0.99952,0.74661,0.97503,0.98793,0.99329,97.7841,3.4,2.92,2.53,3.74,42.81,43.48,44.11,42.4,0.981,0.974,0.976,0.984,/tmpdir/crf_16.mpd,/videos/BigBuckBunny-2160.avi
714,0.98464,2.83394,0.99695,42.91245,0.99958,0.7601,0.97939,0.99024,0.99466,98.30399,3.04,2.66,2.3,3.33,43.3,43.88,44.51,42.91,0.982,0.976,0.978,0.985,/tmpdir/crf_16.mpd,/videos/BigBuckBunny-2160.avi
715,0.98233,2.83787,0.99665,42.31206,0.99952,0.74408,0.9755,0.98827,0.99349,97.76564,3.41,2.8,2.4,3.82,42.8,43.66,44.33,42.31,0.981,0.974,0.977,0.984,/tmpdir/crf_16.mpd,/videos/BigBuckBunny-2160.avi
716,0.99053,2.83787,0.99751,44.2792,0.99973,0.79263,0.98678,0.99426,0.99695,99.63198,2.21,1.83,1.7,2.43,44.69,45.51,45.83,44.28,0.985,0.981,0.982,0.987,/tmpdir/crf_16.mpd,/videos/BigBuckBunny-2160.avi
717,0.98285,2.84586,0.99665,42.40686,0.99951,0.7467,0.97516,0.98815,0.9935,97.86097,3.39,2.9,2.51,3.74,42.83,43.51,44.13,42.41,0.981,0.974,0.976,0.984,/tmpdir/crf_16.mpd,/videos/BigBuckBunny-2160.avi
718,0.9846,2.84586,0.99694,42.92445,0.99957,0.76026,0.97948,0.99025,0.99454,98.29675,3.03,2.65,2.28,3.32,43.31,43.9,44.54,42.92,0.982,0.976,0.978,0.985,/tmpdir/crf_16.mpd,/videos/BigBuckBunny-2160.avi
719,0.98243,2.84143,0.99668,42.34596,0.99953,0.74496,0.9757,0.98835,0.99359,97.79417,3.39,2.78,2.38,3.79,42.83,43.69,44.36,42.35,0.981,0.975,0.977,0.984,/tmpdir/crf_16.mpd,/videos/BigBuckBunny-2160.avi
720,0.99069,2.84143,0.99753,44.32768,0.99974,0.79405,0.98697,0.99432,0.99703,99.67063,2.18,1.8,1.69,2.4,44.74,45.58,45.86,44.33,0.985,0.981,0.982,0.987,/tmpdir/crf_16.mpd,/videos/BigBuckBunny-2160.avi
721,0.98114,2.84848,0.99633,41.96823,0.99945,0.73485,0.97179,0.98619,0.99222,97.42446,3.69,3.04,2.59,4.13,42.46,43.31,44.0,41.97,0.98,0.973,0.976,0.983,/tmpdir/crf_16.mpd,/videos/BigBuckBunny-2160.avi
722,0.98294,2.84848,0.99654,42.38279,0.9995,0.74455,0.97542,0.98813,0.99336,97.86667,3.4,2.91,2.46,3.76,42.82,43.5,44.23,42.38,0.981,0.974,0.977,0.984,/tmpdir/crf_16.mpd,/videos/BigBuckBunny-2160.avi
723,0.98126,2.84919,0.99619,41.81681,0.99943,0.72853,0.97167,0.98645,0.99265,97.48002,3.82,3.14,2.66,4.28,42.31,43.16,43.88,41.82,0.979,0.972,0.975,0.982,/tmpdir/crf_16.mpd,/videos/BigBuckBunny-2160.avi
724,0.98798,2.84919,0.99688,43.27496,0.99961,0.76322,0.98166,0.99183,0.9957,99.0136,2.76,2.26,2.05,3.06,43.72,44.59,45.0,43.27,0.983,0.977,0.979,0.985,/tmpdir/crf_16.mpd,/videos/BigBuckBunny-2160.avi
725,0.98074,2.84995,0.99613,41.81896,0.99941,0.72827,0.97068,0.9858,0.99224,97.34605,3.88,3.31,2.86,4.28,42.24,42.94,43.57,41.82,0.979,0.971,0.973,0.982,/tmpdir/crf_16.mpd,/videos/BigBuckBunny-2160.avi
726,0.98266,2.84995,0.99643,42.27941,0.99948,0.74034,0.97505,0.98811,0.99351,97.82621,3.49,3.02,2.55,3.85,42.7,43.34,44.07,42.28,0.98,0.973,0.976,0.983,/tmpdir/crf_16.mpd,/videos/BigBuckBunny-2160.avi
727,0.98108,2.84822,0.99617,41.77014,0.99943,0.72707,0.97177,0.98654,0.99265,97.44851,3.84,3.1,2.62,4.33,42.29,43.21,43.95,41.77,0.979,0.972,0.975,0.982,/tmpdir/crf_16.mpd,/videos/BigBuckBunny-2160.avi
728,0.9891,2.84822,0.9971,43.64429,0.99966,0.77357,0.98391,0.99305,0.99638,99.29617,2.55,2.11,1.95,2.81,44.07,44.88,45.24,43.64,0.983,0.978,0.98,0.986,/tmpdir/crf_16.mpd,/videos/BigBuckBunny-2160.avi
729,0.98136,2.85013,0.9962,41.93059,0.99943,0.73028,0.97158,0.98632,0.99239,97.47855,3.78,3.23,2.78,4.17,42.35,43.04,43.69,41.93,0.979,0.971,0.974,0.982,/tmpdir/crf_16.mpd,/videos/BigBuckBunny-2160.avi
730,0.98267,2.85013,0.99648,42.36287,0.9995,0.74155,0.97586,0.9886,0.99372,97.85357,3.44,2.99,2.54,3.77,42.77,43.37,44.08,42.36,0.98,0.973,0.976,0.983,/tmpdir/crf_16.mpd,/videos/BigBuckBunny-2160.avi
731,0.98118,2.85039,0.99618,41.84641,0.99944,0.72744,0.97207,0.9867,0.99271,97.47644,3.79,3.12,2.65,4.25,42.34,43.19,43.9,41.85,0.979,0.971,0.975,0.982,/tmpdir/crf_16.mpd,/videos/BigBuckBunny-2160.avi
732,0.98856,2.85039,0.99699,43.51441,0.99965,0.76905,0.98311,0.99258,0.99608,99.16649,2.63,2.19,2.01,2.89,43.93,44.73,45.1,43.51,0.983,0.978,0.979,0.985,/tmpdir/crf_16.mpd,/videos/BigBuckBunny-2160.avi
733,0.98103,2.8579,0.99619,41.92844,0.99943,0.72993,0.97161,0.98641,0.99252,97.4342,3.79,3.26,2.8,4.17,42.34,43.0,43.65,41.93,0.979,0.971,0.974,0.982,/tmpdir/crf_16.mpd,/videos/BigBuckBunny-2160.avi
734,0.98277,2.8579,0.99648,42.38227,0.9995,0.74203,0.97606,0.98876,0.99388,97.89035,3.42,2.98,2.53,3.76,42.78,43.38,44.09,42.38,0.98,0.973,0.976,0.983,/tmpdir/crf_16.mpd,/videos/BigBuckBunny-2160.avi
735,0.98107,2.86235,0.9962,41.8407,0.99945,0.72773,0.97258,0.98707,0.99299,97.49117,3.8,3.13,2.63,4.26,42.34,43.17,43.94,41.84,0.979,0.971,0.975,0.982,/tmpdir/crf_16.mpd,/videos/BigBuckBunny-2160.avi
736,0.98897,2.86235,0.99705,43.58013,0.99966,0.77114,0.98375,0.993,0.99637,99.27621,2.59,2.15,1.98,2.85,44.0,44.8,45.17,43.58,0.983,0.978,0.979,0.985,/tmpdir/crf_16.mpd,/videos/BigBuckBunny-2160.avi
737,0.98139,2.86599,0.99622,41.96599,0.99944,0.73091,0.97197,0.9866,0.99266,97.51695,3.75,3.22,2.73,4.14,42.39,43.05,43.77,41.97,0.979,0.971,0.974,0.982,/tmpdir/crf_16.mpd,/videos/BigBuckBunny-2160.avi
738,0.98313,2.86599,0.99651,42.3986,0.99951,0.74255,0.97627,0.98882,0.99387,97.96002,3.41,2.98,2.51,3.74,42.8,43.39,44.13,42.4,0.98,0.973,0.976,0.983,/tmpdir/crf_16.mpd,/videos/BigBuckBunny-2160.avi
739,0.98128,2.85917,0.99622,41.86806,0.99945,0.72826,0.97254,0.98692,0.99287,97.51398,3.78,3.12,2.62,4.23,42.36,43.19,43.95,41.87,0.979,0.971,0.975,0.982,/tmpdir/crf_16.mpd,/videos/BigBuckBunny-2160.avi
740,0.98892,2.85917,0.99704,43.57126,0.99966,0.77083,0.98375,0.99296,0.99637,99.26362,2.6,2.16,1.98,2.86,43.99,44.78,45.16,43.57,0.983,0.978,0.979,0.985,/tmpdir/crf_16.mpd,/videos/BigBuckBunny-2160.avi
741,0.98115,2.8652,0.99623,41.96223,0.99944,0.73107,0.97204,0.98657,0.99256,97.4664,3.76,3.23,2.75,4.14,42.38,43.04,43.73,41.96,0.979,0.971,0.974,0.983,/tmpdir/crf_16.mpd,/videos/BigBuckBunny-2160.avi
742,0.98311,2.8652,0.99652,42.41151,0.99951,0.74293,0.97628,0.98872,0.99368,97.93983,3.4,2.98,2.51,3.73,42.81,43.4,44.13,42.41,0.98,0.973,0.976,0.983,/tmpdir/crf_16.mpd,/videos/BigBuckBunny-2160.avi
743,0.98105,2.86975,0.99623,41.88177,0.99945,0.72882,0.97256,0.98693,0.99269,97.46837,3.76,3.11,2.6,4.22,42.38,43.21,43.99,41.88,0.979,0.971,0.975,0.982,/tmpdir/crf_16.mpd,/videos/BigBuckBunny-2160.avi
744,0.98889,2.86975,0.99706,43.58365,0.99967,0.77146,0.98379,0.9929,0.99626,99.25606,2.59,2.16,1.98,2.85,44.0,44.79,45.17,43.58,0.983,0.978,0.979,0.985,/tmpdir/crf_16.mpd,/videos/BigBuckBunny-2160.avi
745,0.9814,2.86926,0.99625,42.00158,0.99945,0.73221,0.97235,0.98669,0.9926,97.51803,3.73,3.24,2.74,4.1,42.41,43.02,43.75,42.0,0.979,0.971,0.974,0.983,/tmpdir/crf_16.mpd,/videos/BigBuckBunny-2160.avi
746,0.98308,2.86926,0.99654,42.44974,0.99952,0.74426,0.97657,0.98891,0.99382,97.95178,3.37,2.95,2.49,3.7,42.85,43.43,44.17,42.45,0.98,0.973,0.976,0.983,/tmpdir/crf_16.mpd,/videos/BigBuckBunny-2160.avi
747,0.9812,2.87008,0.99624,41.89728,0.99945,0.7295,0.97279,0.98694,0.9927,97.496,3.75,3.1,2.58,4.2,42.39,43.21,44.02,41.9,0.979,0.971,0.975,0.982,/tmpdir/crf_16.mpd,/videos/BigBuckBunny-2160.avi
748,0.98891,2.87008,0.99707,43.61482,0.99967,0.77213,0.98391,0.99292,0.99629,99.26363,2.57,2.14,1.96,2.83,44.03,44.82,45.21,43.61,0.983,0.978,0.979,0.985,/tmpdir/crf_16.mpd,/videos/BigBuckBunny-2160.avi
749,0.98129,2.87099,0.99627,42.00534,0.99945,0.73257,0.97238,0.98673,0.99262,97.5024,3.72,3.21,2.73,4.1,42.42,43.06,43.77,42.01,0.979,0.971,0.974,0.983,/tmpdir/crf_16.mpd,/videos/BigBuckBunny-2160.avi
750,0.98309,2.87099,0.99655,42.47758,0.99952,0.74508,0.97685,0.98907,0.99393,97.96683,3.35,2.94,2.47,3.68,42.88,43.45,44.2,42.48,0.98,0.973,0.976,0.983,/tmpdir/crf_16.mpd,/videos/BigBuckBunny-2160.avi
751,0.98135,2.87102,0.99626,41.92037,0.99946,0.73038,0.9731,0.98721,0.99298,97.54805,3.73,3.1,2.58,4.18,42.41,43.22,44.02,41.92,0.979,0.971,0.975,0.982,/tmpdir/crf_16.mpd,/videos/BigBuckBunny-2160.avi
752,0.98897,2.87102,0.99707,43.61669,0.99967,0.7724,0.98398,0.99301,0.99636,99.2826,2.57,2.15,1.95,2.83,44.04,44.81,45.24,43.62,0.983,0.978,0.979,0.985,/tmpdir/crf_16.mpd,/videos/BigBuckBunny-2160.avi
753,0.98134,2.87669,0.99628,42.0467,0.99945,0.73361,0.97268,0.98698,0.9928,97.53335,3.69,3.21,2.7,4.06,42.46,43.06,43.82,42.05,0.979,0.971,0.974,0.983,/tmpdir/crf_16.mpd,/videos/BigBuckBunny-2160.avi
754,0.98326,2.87669,0.99657,42.49791,0.99952,0.74574,0.97697,0.98912,0.99397,98.00389,3.34,2.93,2.46,3.66,42.9,43.47,44.23,42.5,0.981,0.973,0.976,0.984,/tmpdir/crf_16.mpd,/videos/BigBuckBunny-2160.avi
755,0.98144,2.8788,0.99626,41.95287,0.99946,0.73128,0.97305,0.98706,0.99272,97.54711,3.71,3.09,2.57,4.15,42.44,43.23,44.03,41.95,0.979,0.972,0.975,0.982,/tmpdir/crf_16.mpd,/videos/BigBuckBunny-2160.avi
756,0.98898,2.8788,0.99707,43.63197,0.99967,0.77287,0.98405,0.99308,0.99634,99.2897,2.56,2.14,1.94,2.82,44.05,44.83,45.24,43.63,0.983,0.978,0.979,0.985,/tmpdir/crf_16.mpd,/videos/BigBuckBunny-2160.avi
757,0.99458,2.87952,0.99875,46.98155,0.99989,0.86469,0.99308,0.99679,0.99823,100.0,1.17,0.92,0.87,1.3,47.46,48.5,48.72,46.98,0.992,0.99,0.99,0.993,/tmpdir/crf_16.mpd,/videos/BigBuckBunny-2160.avi
758,0.98325,2.87952,0.99723,42.7768,0.9996,0.7683,0.978,0.98932,0.99407,98.02755,2.9,2.08,1.61,3.43,43.5,44.94,46.05,42.78,0.985,0.982,0.985,0.986,/tmpdir/crf_16.mpd,/videos/BigBuckBunny-2160.avi
759,0.98467,2.88486,0.99736,43.27036,0.99963,0.7794,0.98041,0.99047,0.99464,98.35789,2.67,2.11,1.66,3.06,43.87,44.89,45.94,43.27,0.986,0.982,0.984,0.987,/tmpdir/crf_16.mpd,/videos/BigBuckBunny-2160.avi
760,0.983,2.88486,0.997,42.68307,0.99953,0.76283,0.97583,0.98805,0.99322,97.89562,3.09,2.49,2.02,3.51,43.23,44.18,45.08,42.68,0.984,0.979,0.981,0.986,/tmpdir/crf_16.mpd,/videos/BigBuckBunny-2160.avi
761,0.98964,2.89026,0.99762,44.27051,0.9997,0.79709,0.98506,0.99298,0.99606,99.41656,2.11,1.56,1.38,2.43,44.89,46.21,46.73,44.27,0.987,0.985,0.986,0.988,/tmpdir/crf_16.mpd,/videos/BigBuckBunny-2160.avi
762,0.98295,2.89026,0.9969,42.54722,0.99951,0.75814,0.97519,0.98774,0.99311,97.87296,3.19,2.59,2.08,3.62,43.09,43.99,44.95,42.55,0.983,0.977,0.981,0.985,/tmpdir/crf_16.mpd,/videos/BigBuckBunny-2160.avi
763,0.98463,2.89026,0.99718,43.13907,0.99957,0.77319,0.97947,0.99005,0.99444,98.32512,2.82,2.36,1.92,3.16,43.63,44.41,45.3,43.14,0.984,0.979,0.982,0.986,/tmpdir/crf_16.mpd,/videos/BigBuckBunny-2160.avi
764,0.98282,2.89026,0.99695,42.61913,0.99953,0.76019,0.97592,0.98818,0.99334,97.87679,3.17,2.63,2.15,3.56,43.12,43.93,44.81,42.62,0.983,0.977,0.98,0.985,/tmpdir/crf_16.mpd,/videos/BigBuckBunny-2160.avi
765,0.99169,2.88871,0.99792,44.98563,0.99977,0.81525,0.98862,0.99493,0.99728,99.93321,1.84,1.46,1.32,2.06,45.48,46.47,46.91,44.99,0.988,0.985,0.986,0.989,/tmpdir/crf_16.mpd,/videos/BigBuckBunny-2160.avi
766,0.98337,2.88871,0.99698,42.69875,0.99955,0.76068,0.97696,0.9888,0.99369,98.01126,3.1,2.57,2.06,3.49,43.22,44.03,45.0,42.7,0.983,0.977,0.98,0.985,/tmpdir/crf_16.mpd,/videos/BigBuckBunny-2160.avi
767,0.9851,2.89203,0.99723,43.2737,0.9996,0.77548,0.9807,0.99084,0.99501,98.46787,2.78,2.42,1.99,3.06,43.7,44.29,45.14,43.27,0.984,0.978,0.981,0.986,/tmpdir/crf_16.mpd,/videos/BigBuckBunny-2160.avi
768,0.98323,2.89203,0.99692,42.70721,0.99953,0.7596,0.97642,0.98861,0.9937,97.98438,3.14,2.7,2.21,3.49,43.16,43.81,44.68,42.71,0.983,0.976,0.979,0.985,/tmpdir/crf_16.mpd,/videos/BigBuckBunny-2160.avi
769,0.99087,2.89475,0.99769,44.57318,0.99974,0.80356,0.98707,0.99426,0.99696,99.73726,2.04,1.66,1.5,2.27,45.04,45.93,46.38,44.57,0.987,0.983,0.984,0.988,/tmpdir/crf_16.mpd,/videos/BigBuckBunny-2160.avi
770,0.98333,2.89475,0.99689,42.66478,0.99953,0.75832,0.97652,0.98867,0.99363,97.9998,3.16,2.7,2.18,3.52,43.13,43.81,44.74,42.66,0.983,0.976,0.979,0.985,/tmpdir/crf_16.mpd,/videos/BigBuckBunny-2160.avi
771,0.98526,2.89008,0.99716,43.21559,0.99959,0.77275,0.98028,0.99058,0.99475,98.46797,2.83,2.5,2.06,3.1,43.62,44.15,45.0,43.22,0.984,0.977,0.98,0.986,/tmpdir/crf_16.mpd,/videos/BigBuckBunny-2160.avi
772,0.98323,2.89008,0.99689,42.67802,0.99953,0.7585,0.97642,0.98863,0.99368,97.98063,3.18,2.78,2.26,3.51,43.11,43.7,44.6,42.68,0.982,0.975,0.978,0.985,/tmpdir/crf_16.mpd,/videos/BigBuckBunny-2160.avi
773,0.99114,2.89103,0.99772,44.6518,0.99975,0.80554,0.98773,0.99463,0.99713,99.80655,2.02,1.67,1.51,2.23,45.09,45.9,46.33,44.65,0.987,0.983,0.984,0.988,/tmpdir/crf_16.mpd,/videos/BigBuckBunny-2160.avi
774,0.98317,2.89103,0.99685,42.59704,0.99953,0.75618,0.97626,0.98846,0.99347,97.95323,3.21,2.74,2.21,3.58,43.07,43.76,44.68,42.6,0.982,0.975,0.979,0.985,/tmpdir/crf_16.mpd,/videos/BigBuckBunny-2160.avi
775,0.98499,2.88842,0.99712,43.15724,0.99958,0.77101,0.98025,0.99058,0.99474,98.41816,2.87,2.56,2.1,3.14,43.55,44.04,44.9,43.16,0.983,0.977,0.98,0.986,/tmpdir/crf_16.mpd,/videos/BigBuckBunny-2160.avi
776,0.98288,2.88842,0.99683,42.60788,0.99952,0.75627,0.97603,0.98842,0.99352,97.90142,3.24,2.84,2.31,3.57,43.03,43.59,44.49,42.61,0.982,0.975,0.978,0.985,/tmpdir/crf_16.mpd,/videos/BigBuckBunny-2160.avi
777,0.99049,2.88557,0.99763,44.47272,0.99973,0.80036,0.987,0.99429,0.99703,99.66526,2.11,1.76,1.6,2.32,44.89,45.67,46.1,44.47,0.986,0.982,0.983,0.988,/tmpdir/crf_16.mpd,/videos/BigBuckBunny-2160.avi
778,0.9831,2.88557,0.99682,42.56782,0.99952,0.75494,0.97621,0.98855,0.99367,97.95082,3.24,2.78,2.24,3.6,43.03,43.68,44.63,42.57,0.982,0.975,0.978,0.985,/tmpdir/crf_16.mpd,/videos/BigBuckBunny-2160.avi
779,0.98513,2.88915,0.9971,43.11518,0.99958,0.76953,0.98,0.99047,0.99467,98.4349,2.9,2.58,2.12,3.17,43.51,44.01,44.86,43.12,0.983,0.976,0.979,0.986,/tmpdir/crf_16.mpd,/videos/BigBuckBunny-2160.avi
780,0.98308,2.88915,0.99682,42.59187,0.99952,0.7556,0.97601,0.98842,0.99359,97.94146,3.25,2.85,2.31,3.58,43.02,43.58,44.49,42.59,0.982,0.974,0.978,0.985,/tmpdir/crf_16.mpd,/videos/BigBuckBunny-2160.avi
781,0.99082,2.89169,0.99764,44.49423,0.99974,0.80094,0.98718,0.99436,0.997,99.72858,2.1,1.76,1.59,2.31,44.91,45.68,46.11,44.49,0.986,0.982,0.983,0.988,/tmpdir/crf_16.mpd,/videos/BigBuckBunny-2160.avi
782,0.98311,2.89169,0.9968,42.56812,0.99952,0.75451,0.97605,0.98836,0.99348,97.93991,3.24,2.79,2.23,3.6,43.03,43.67,44.64,42.57,0.982,0.975,0.978,0.985,/tmpdir/crf_16.mpd,/videos/BigBuckBunny-2160.avi
783,0.9848,2.88869,0.99708,43.11406,0.99958,0.76928,0.97986,0.99032,0.99462,98.3693,2.9,2.59,2.14,3.17,43.5,43.99,44.83,43.11,0.983,0.976,0.979,0.986,/tmpdir/crf_16.mpd,/videos/BigBuckBunny-2160.avi
784,0.98253,2.88869,0.99681,42.57673,0.99952,0.75482,0.97594,0.98836,0.99353,97.83898,3.26,2.88,2.32,3.59,43.0,43.54,44.48,42.58,0.982,0.974,0.978,0.985,/tmpdir/crf_16.mpd,/videos/BigBuckBunny-2160.avi
785,0.99054,2.88759,0.9976,44.43525,0.99974,0.79921,0.98701,0.9943,0.99701,99.67384,2.13,1.79,1.62,2.34,44.85,45.6,46.05,44.44,0.986,0.982,0.983,0.988,/tmpdir/crf_16.mpd,/videos/BigBuckBunny-2160.avi
786,0.98285,2.88759,0.9968,42.56774,0.99952,0.75442,0.97607,0.98837,0.99345,97.88858,3.24,2.81,2.25,3.6,43.02,43.64,44.61,42.57,0.982,0.974,0.978,0.985,/tmpdir/crf_16.mpd,/videos/BigBuckBunny-2160.avi
787,0.98501,2.89114,0.99707,43.09329,0.99958,0.76848,0.97994,0.99049,0.99477,98.42088,2.92,2.61,2.14,3.19,43.48,43.97,44.82,43.09,0.983,0.976,0.979,0.986,/tmpdir/crf_16.mpd,/videos/BigBuckBunny-2160.avi
788,0.9828,2.89114,0.9968,42.55639,0.99952,0.75425,0.97611,0.98852,0.99362,97.89641,3.27,2.86,2.33,3.61,42.98,43.56,44.45,42.56,0.982,0.974,0.977,0.985,/tmpdir/crf_16.mpd,/videos/BigBuckBunny-2160.avi
789,0.9905,2.89715,0.99761,44.43379,0.99974,0.7991,0.98711,0.99434,0.99696,99.66969,2.13,1.79,1.63,2.34,44.84,45.59,46.01,44.43,0.986,0.981,0.982,0.988,/tmpdir/crf_16.mpd,/videos/BigBuckBunny-2160.avi
790,0.983,2.89715,0.99681,42.55985,0.99953,0.75441,0.97635,0.98863,0.99371,97.94488,3.25,2.81,2.26,3.61,43.01,43.64,44.59,42.56,0.982,0.974,0.978,0.985,/tmpdir/crf_16.mpd,/videos/BigBuckBunny-2160.avi
791,0.98503,2.9035,0.99709,43.12526,0.99959,0.76937,0.9804,0.99079,0.99492,98.44859,2.9,2.6,2.14,3.17,43.51,43.98,44.83,43.13,0.983,0.976,0.979,0.986,/tmpdir/crf_16.mpd,/videos/BigBuckBunny-2160.avi
792,0.98272,2.9035,0.99681,42.57498,0.99953,0.75507,0.97642,0.98869,0.99368,97.89809,3.26,2.86,2.3,3.59,43.0,43.56,44.51,42.57,0.982,0.974,0.977,0.985,/tmpdir/crf_16.mpd,/videos/BigBuckBunny-2160.avi
793,0.99083,2.90683,0.99763,44.49056,0.99974,0.80069,0.98743,0.99453,0.99712,99.74971,2.11,1.78,1.61,2.31,44.89,45.63,46.05,44.49,0.986,0.982,0.982,0.988,/tmpdir/crf_16.mpd,/videos/BigBuckBunny-2160.avi
794,0.98294,2.90683,0.99681,42.57687,0.99953,0.75468,0.97631,0.9885,0.99353,97.92495,3.24,2.81,2.24,3.59,43.03,43.65,44.64,42.58,0.982,0.974,0.978,0.985,/tmpdir/crf_16.mpd,/videos/BigBuckBunny-2160.avi
795,0.9852,2.91064,0.99708,43.10666,0.99958,0.76918,0.9802,0.99065,0.99492,98.48053,2.91,2.61,2.13,3.18,43.49,43.97,44.84,43.11,0.983,0.976,0.979,0.986,/tmpdir/crf_16.mpd,/videos/BigBuckBunny-2160.avi
796,0.98286,2.91064,0.99682,42.5785,0.99953,0.75496,0.97645,0.98871,0.99368,97.9284,3.26,2.87,2.31,3.59,43.0,43.55,44.5,42.58,0.982,0.974,0.977,0.985,/tmpdir/crf_16.mpd,/videos/BigBuckBunny-2160.avi
797,0.99055,2.91219,0.9976,44.42742,0.99974,0.79909,0.9871,0.99435,0.997,99.68864,2.14,1.8,1.63,2.35,44.83,45.58,46.0,44.43,0.986,0.981,0.982,0.988,/tmpdir/crf_16.mpd,/videos/BigBuckBunny-2160.avi
798,0.98306,2.91219,0.99682,42.58513,0.99953,0.75532,0.97645,0.98869,0.99375,97.96761,3.23,2.81,2.25,3.59,43.03,43.65,44.62,42.59,0.982,0.974,0.978,0.985,/tmpdir/crf_16.mpd,/videos/BigBuckBunny-2160.avi
799,0.98536,2.91204,0.9971,43.13206,0.99959,0.76982,0.98022,0.99058,0.99481,98.50095,2.89,2.59,2.12,3.16,43.52,44.0,44.86,43.13,0.983,0.976,0.979,0.986,/tmpdir/crf_16.mpd,/videos/BigBuckBunny-2160.avi
800,0.9829,2.91204,0.99683,42.59462,0.99953,0.75598,0.97654,0.98876,0.9938,97.94552,3.24,2.85,2.28,3.58,43.03,43.59,44.56,42.59,0.982,0.974,0.978,0.985,/tmpdir/crf_16.mpd,/videos/BigBuckBunny-2160.avi
801,0.99099,2.92937,0.99767,44.53583,0.99975,0.80216,0.98753,0.9945,0.99706,99.7878,2.08,1.76,1.6,2.29,44.94,45.68,46.1,44.54,0.986,0.982,0.982,0.988,/tmpdir/crf_16.mpd,/videos/BigBuckBunny-2160.avi
802,0.98321,2.92937,0.99684,42.61066,0.99953,0.75639,0.97653,0.98858,0.99354,97.98849,3.22,2.8,2.24,3.56,43.06,43.66,44.64,42.61,0.982,0.974,0.978,0.985,/tmpdir/crf_16.mpd,/videos/BigBuckBunny-2160.avi
803,0.98557,2.92505,0.99713,43.1609,0.99959,0.77101,0.98055,0.99078,0.99484,98.5519,2.88,2.59,2.12,3.14,43.54,43.99,44.87,43.16,0.983,0.976,0.979,0.986,/tmpdir/crf_16.mpd,/videos/BigBuckBunny-2160.avi
804,0.98312,2.92505,0.99685,42.60581,0.99953,0.7566,0.9766,0.98873,0.99367,97.9818,3.24,2.86,2.28,3.57,43.03,43.57,44.55,42.61,0.982,0.974,0.978,0.985,/tmpdir/crf_16.mpd,/videos/BigBuckBunny-2160.avi
805,0.9909,2.93182,0.99764,44.49108,0.99974,0.80124,0.98737,0.99443,0.99698,99.76551,2.11,1.79,1.61,2.31,44.89,45.61,46.06,44.49,0.986,0.982,0.982,0.988,/tmpdir/crf_16.mpd,/videos/BigBuckBunny-2160.avi
806,0.98344,2.93182,0.99686,42.64262,0.99954,0.75742,0.97682,0.98881,0.99375,98.04916,3.19,2.78,2.21,3.54,43.09,43.68,44.69,42.64,0.982,0.974,0.978,0.985,/tmpdir/crf_16.mpd,/videos/BigBuckBunny-2160.avi
807,0.98556,2.93641,0.99714,43.16563,0.9996,0.77139,0.98071,0.9909,0.99498,98.57039,2.87,2.58,2.1,3.14,43.55,44.01,44.9,43.17,0.983,0.976,0.979,0.986,/tmpdir/crf_16.mpd,/videos/BigBuckBunny-2160.avi
808,0.98307,2.93641,0.99687,42.63838,0.99954,0.75757,0.97689,0.98889,0.99378,97.99175,3.21,2.85,2.25,3.54,43.06,43.59,44.61,42.64,0.982,0.974,0.978,0.985,/tmpdir/crf_16.mpd,/videos/BigBuckBunny-2160.avi
809,0.99107,2.94943,0.99768,44.55809,0.99975,0.80331,0.98767,0.99459,0.99711,99.81985,2.08,1.76,1.6,2.28,44.95,45.67,46.1,44.56,0.986,0.982,0.982,0.988,/tmpdir/crf_16.mpd,/videos/BigBuckBunny-2160.avi
810,0.98319,2.94943,0.99686,42.65555,0.99954,0.7579,0.97681,0.98882,0.99368,98.01224,3.18,2.77,2.19,3.53,43.11,43.7,44.73,42.66,0.982,0.974,0.978,0.985,/tmpdir/crf_16.mpd,/videos/BigBuckBunny-2160.avi
811,0.98541,2.95686,0.99716,43.19731,0.9996,0.77256,0.98082,0.99102,0.99506,98.56392,2.85,2.57,2.1,3.11,43.58,44.03,44.91,43.2,0.983,0.976,0.979,0.986,/tmpdir/crf_16.mpd,/videos/BigBuckBunny-2160.avi
812,0.98294,2.95686,0.99689,42.65003,0.99955,0.75812,0.97683,0.98897,0.99392,97.99131,3.2,2.83,2.24,3.53,43.08,43.61,44.63,42.65,0.982,0.974,0.978,0.985,/tmpdir/crf_16.mpd,/videos/BigBuckBunny-2160.avi
813,0.99099,2.95817,0.99768,44.55144,0.99975,0.8033,0.98775,0.99466,0.99712,99.81399,2.08,1.77,1.6,2.28,44.95,45.65,46.1,44.55,0.986,0.982,0.982,0.988,/tmpdir/crf_16.mpd,/videos/BigBuckBunny-2160.avi
814,0.98306,2.95817,0.99689,42.67755,0.99954,0.75891,0.97695,0.98893,0.99385,98.00758,3.17,2.78,2.19,3.51,43.12,43.69,44.73,42.68,0.982,0.974,0.978,0.985,/tmpdir/crf_16.mpd,/videos/BigBuckBunny-2160.avi
815,0.98559,2.95744,0.99717,43.20989,0.9996,0.77305,0.98091,0.99103,0.995,98.59254,2.84,2.55,2.08,3.11,43.59,44.06,44.95,43.21,0.983,0.976,0.979,0.986,/tmpdir/crf_16.mpd,/videos/BigBuckBunny-2160.avi
816,0.983,2.95744,0.9969,42.67438,0.99954,0.75892,0.9771,0.98906,0.99391,98.0053,3.18,2.81,2.21,3.51,43.11,43.65,44.68,42.67,0.982,0.974,0.978,0.985,/tmpdir/crf_16.mpd,/videos/BigBuckBunny-2160.avi
817,0.9912,2.96182,0.99771,44.60621,0.99975,0.80503,0.98799,0.99481,0.99729,99.86936,2.06,1.75,1.58,2.25,45.0,45.7,46.15,44.61,0.986,0.982,0.983,0.988,/tmpdir/crf_16.mpd,/videos/BigBuckBunny-2160.avi
818,0.98357,2.96182,0.99693,42.72028,0.99955,0.76049,0.97715,0.98901,0.99382,98.1006,3.14,2.75,2.17,3.48,43.17,43.74,44.77,42.72,0.982,0.975,0.978,0.985,/tmpdir/crf_16.mpd,/videos/BigBuckBunny-2160.avi
819,0.98571,2.96615,0.9972,43.25252,0.99961,0.77468,0.98124,0.99127,0.99518,98.63869,2.82,2.55,2.06,3.07,43.63,44.07,44.99,43.25,0.983,0.977,0.979,0.986,/tmpdir/crf_16.mpd,/videos/BigBuckBunny-2160.avi
820,0.98298,2.96615,0.99692,42.70686,0.99954,0.76021,0.97719,0.98904,0.99387,98.00381,3.16,2.8,2.21,3.49,43.13,43.65,44.68,42.71,0.982,0.974,0.978,0.985,/tmpdir/crf_16.mpd,/videos/BigBuckBunny-2160.avi
821,0.99123,2.97073,0.99771,44.60652,0.99975,0.80543,0.98807,0.99485,0.99732,99.88392,2.05,1.74,1.58,2.25,45.01,45.72,46.16,44.61,0.986,0.982,0.983,0.988,/tmpdir/crf_16.mpd,/videos/BigBuckBunny-2160.avi
822,0.98352,2.97073,0.99694,42.72866,0.99956,0.76124,0.97738,0.98919,0.99395,98.11059,3.13,2.74,2.15,3.47,43.18,43.75,44.8,42.73,0.982,0.975,0.978,0.985,/tmpdir/crf_16.mpd,/videos/BigBuckBunny-2160.avi
823,0.98534,2.97674,0.99721,43.2739,0.99961,0.77542,0.98101,0.99102,0.99492,98.55648,2.8,2.52,2.04,3.06,43.66,44.12,45.02,43.27,0.984,0.977,0.979,0.986,/tmpdir/crf_16.mpd,/videos/BigBuckBunny-2160.avi
824,0.98308,2.97674,0.99694,42.7349,0.99954,0.76124,0.97736,0.98918,0.99402,98.04121,3.14,2.79,2.19,3.46,43.16,43.67,44.73,42.73,0.982,0.975,0.978,0.985,/tmpdir/crf_16.mpd,/videos/BigBuckBunny-2160.avi
825,0.9914,2.98723,0.99775,44.66461,0.99976,0.80708,0.98836,0.99498,0.99739,99.93307,2.03,1.72,1.55,2.22,45.06,45.77,46.22,44.66,0.986,0.982,0.983,0.988,/tmpdir/crf_16.mpd,/videos/BigBuckBunny-2160.avi
826,0.98236,2.98723,0.99671,42.3977,0.99951,0.75273,0.97494,0.98777,0.99308,97.81894,3.33,2.84,2.18,3.74,42.9,43.6,44.75,42.4,0.982,0.974,0.978,0.985,/tmpdir/crf_16.mpd,/videos/BigBuckBunny-2160.avi
827,0.98411,2.99589,0.99694,42.84271,0.99956,0.76389,0.97836,0.98971,0.99428,98.26573,3.07,2.74,2.16,3.38,43.26,43.75,44.78,42.84,0.982,0.975,0.978,0.985,/tmpdir/crf_16.mpd,/videos/BigBuckBunny-2160.avi
828,0.98219,2.99589,0.9966,42.31226,0.99947,0.7487,0.97419,0.98752,0.99304,97.78334,3.45,3.08,2.35,3.82,42.75,43.25,44.42,42.31,0.981,0.972,0.976,0.984,/tmpdir/crf_16.mpd,/videos/BigBuckBunny-2160.avi
829,0.98933,2.99967,0.99727,43.82449,0.99967,0.78348,0.98435,0.99306,0.9963,99.42353,2.45,2.09,1.81,2.7,44.25,44.93,45.56,43.82,0.984,0.979,0.98,0.987,/tmpdir/crf_16.mpd,/videos/BigBuckBunny-2160.avi
830,0.98205,2.99967,0.99653,42.25787,0.99947,0.74711,0.97367,0.98726,0.99289,97.7435,3.5,3.13,2.4,3.87,42.69,43.18,44.34,42.26,0.981,0.972,0.976,0.984,/tmpdir/crf_16.mpd,/videos/BigBuckBunny-2160.avi
831,0.98402,3.00378,0.99681,42.72162,0.99954,0.75899,0.97757,0.98947,0.99418,98.23978,3.17,2.86,2.25,3.47,43.12,43.57,44.6,42.72,0.982,0.974,0.977,0.985,/tmpdir/crf_16.mpd,/videos/BigBuckBunny-2160.avi
832,0.98192,3.00378,0.99653,42.24035,0.99948,0.74618,0.97398,0.98769,0.99328,97.75988,3.51,3.13,2.42,3.88,42.67,43.18,44.29,42.24,0.981,0.972,0.976,0.984,/tmpdir/crf_16.mpd,/videos/BigBuckBunny-2160.avi
833,0.9899,3.01244,0.99733,43.9548,0.99969,0.78705,0.98528,0.99362,0.99671,99.57633,2.39,2.05,1.79,2.62,44.36,45.0,45.59,43.95,0.984,0.979,0.98,0.987,/tmpdir/crf_16.mpd,/videos/BigBuckBunny-2160.avi
834,0.98243,3.01244,0.99653,42.28974,0.99948,0.74738,0.97393,0.98748,0.99315,97.84114,3.47,3.09,2.36,3.84,42.73,43.23,44.39,42.29,0.981,0.972,0.976,0.984,/tmpdir/crf_16.mpd,/videos/BigBuckBunny-2160.avi
835,0.98424,3.01908,0.99681,42.74664,0.99954,0.7594,0.97789,0.98975,0.99442,98.31009,3.16,2.86,2.25,3.45,43.14,43.57,44.6,42.75,0.982,0.973,0.977,0.985,/tmpdir/crf_16.mpd,/videos/BigBuckBunny-2160.avi
836,0.98216,3.01908,0.99654,42.29444,0.99948,0.74708,0.97421,0.98785,0.99342,97.82401,3.48,3.14,2.4,3.83,42.72,43.16,44.34,42.29,0.98,0.971,0.976,0.984,/tmpdir/crf_16.mpd,/videos/BigBuckBunny-2160.avi
837,0.98966,3.01976,0.99728,43.87514,0.99969,0.78465,0.985,0.99363,0.9967,99.53581,2.43,2.1,1.83,2.66,44.27,44.91,45.51,43.88,0.984,0.979,0.98,0.987,/tmpdir/crf_16.mpd,/videos/BigBuckBunny-2160.avi
838,0.98205,3.01976,0.99651,42.2663,0.99948,0.74648,0.97388,0.98765,0.99324,97.78808,3.49,3.1,2.38,3.86,42.71,43.22,44.37,42.27,0.98,0.971,0.976,0.984,/tmpdir/crf_16.mpd,/videos/BigBuckBunny-2160.avi
839,0.98374,3.03333,0.99679,42.73243,0.99955,0.75872,0.97777,0.98963,0.99426,98.21516,3.16,2.87,2.26,3.47,43.13,43.56,44.59,42.73,0.982,0.973,0.977,0.985,/tmpdir/crf_16.mpd,/videos/BigBuckBunny-2160.avi
840,0.98218,3.03333,0.99651,42.27219,0.99948,0.74637,0.97386,0.98752,0.99312,97.80753,3.49,3.14,2.41,3.85,42.7,43.16,44.31,42.27,0.98,0.971,0.976,0.984,/tmpdir/crf_16.mpd,/videos/BigBuckBunny-2160.avi
841,0.9894,3.04874,0.99727,43.85135,0.99969,0.78403,0.98485,0.99356,0.99672,99.50423,2.44,2.11,1.84,2.68,44.25,44.88,45.48,43.85,0.984,0.978,0.98,0.986,/tmpdir/crf_16.mpd,/videos/BigBuckBunny-2160.avi
842,0.98225,3.04874,0.99652,42.27469,0.99949,0.74698,0.974,0.98768,0.99331,97.8437,3.48,3.1,2.37,3.85,42.71,43.21,44.37,42.27,0.98,0.971,0.976,0.984,/tmpdir/crf_16.mpd,/videos/BigBuckBunny-2160.avi
843,0.98398,3.06005,0.99679,42.71828,0.99954,0.75846,0.97757,0.9895,0.99424,98.26809,3.17,2.87,2.25,3.48,43.12,43.55,44.6,42.72,0.981,0.973,0.977,0.985,/tmpdir/crf_16.mpd,/videos/BigBuckBunny-2160.avi
844,0.98201,3.06005,0.99653,42.26739,0.99948,0.74653,0.97392,0.98761,0.99319,97.79861,3.5,3.14,2.4,3.86,42.7,43.16,44.33,42.27,0.98,0.971,0.976,0.984,/tmpdir/crf_16.mpd,/videos/BigBuckBunny-2160.avi
845,0.98942,3.07145,0.99729,43.88191,0.9997,0.78494,0.98506,0.99362,0.9967,99.52078,2.43,2.1,1.83,2.66,44.28,44.9,45.5,43.88,0.984,0.978,0.98,0.987,/tmpdir/crf_16.mpd,/videos/BigBuckBunny-2160.avi
846,0.98183,3.07145,0.99653,42.30031,0.99949,0.7478,0.97405,0.98767,0.99328,97.78111,3.46,3.09,2.36,3.83,42.74,43.23,44.39,42.3,0.98,0.971,0.976,0.984,/tmpdir/crf_16.mpd,/videos/BigBuckBunny-2160.avi
847,0.98377,3.089,0.9968,42.74171,0.99955,0.75933,0.97786,0.98974,0.99441,98.26486,3.16,2.87,2.25,3.46,43.14,43.56,44.62,42.74,0.982,0.973,0.977,0.985,/tmpdir/crf_16.mpd,/videos/BigBuckBunny-2160.avi
848,0.98205,3.089,0.99653,42.28232,0.99948,0.74708,0.97418,0.9878,0.99333,97.83613,3.49,3.16,2.39,3.84,42.71,43.14,44.35,42.28,0.98,0.971,0.976,0.984,/tmpdir/crf_16.mpd,/videos/BigBuckBunny-2160.avi
849,0.98941,3.10166,0.99726,43.83833,0.99969,0.78376,0.98479,0.99345,0.99666,99.52844,2.45,2.13,1.85,2.69,44.23,44.85,45.47,43.84,0.984,0.978,0.98,0.986,/tmpdir/crf_16.mpd,/videos/BigBuckBunny-2160.avi
850,0.98253,3.10166,0.99654,42.31853,0.9995,0.74843,0.97417,0.98778,0.9933,97.92604,3.46,3.13,2.37,3.81,42.74,43.18,44.39,42.32,0.98,0.971,0.976,0.984,/tmpdir/crf_16.mpd,/videos/BigBuckBunny-2160.avi
851,0.98373,3.10638,0.99682,42.75788,0.99956,0.75988,0.97804,0.98984,0.99449,98.27503,3.15,2.87,2.23,3.45,43.15,43.55,44.66,42.76,0.982,0.973,0.977,0.985,/tmpdir/crf_16.mpd,/videos/BigBuckBunny-2160.avi
852,0.98194,3.10638,0.99656,42.3104,0.99949,0.74803,0.97446,0.98795,0.99341,97.83645,3.47,3.15,2.37,3.82,42.73,43.15,44.39,42.31,0.981,0.971,0.976,0.984,/tmpdir/crf_16.mpd,/videos/BigBuckBunny-2160.avi
853,0.98951,3.11525,0.99731,43.91479,0.9997,0.78598,0.9853,0.99376,0.99681,99.57385,2.41,2.09,1.82,2.64,44.31,44.92,45.54,43.91,0.984,0.979,0.98,0.987,/tmpdir/crf_16.mpd,/videos/BigBuckBunny-2160.avi
854,0.98206,3.11525,0.9966,42.37378,0.99951,0.75046,0.97482,0.98809,0.99349,97.87135,3.42,3.1,2.34,3.76,42.79,43.21,44.44,42.37,0.981,0.971,0.976,0.984,/tmpdir/crf_16.mpd,/videos/BigBuckBunny-2160.avi
855,0.98404,3.11847,0.99687,42.82954,0.99957,0.76197,0.97862,0.99014,0.99469,98.35829,3.1,2.85,2.2,3.39,43.22,43.58,44.7,42.83,0.982,0.973,0.977,0.985,/tmpdir/crf_16.mpd,/videos/BigBuckBunny-2160.avi
856,0.98225,3.11847,0.99658,42.33884,0.9995,0.7491,0.9748,0.98814,0.99351,97.90964,3.44,3.12,2.33,3.79,42.77,43.19,44.45,42.34,0.981,0.971,0.976,0.984,/tmpdir/crf_16.mpd,/videos/BigBuckBunny-2160.avi
857,0.98974,3.12205,0.99732,43.92292,0.9997,0.78643,0.98545,0.99384,0.99686,99.62377,2.41,2.09,1.81,2.64,44.32,44.92,45.55,43.92,0.984,0.979,0.98,0.987,/tmpdir/crf_16.mpd,/videos/BigBuckBunny-2160.avi
858,0.98274,3.12205,0.99662,42.40929,0.99951,0.75137,0.97524,0.9884,0.99377,98.02167,3.39,3.1,2.31,3.73,42.83,43.21,44.49,42.41,0.981,0.971,0.976,0.984,/tmpdir/crf_16.mpd,/videos/BigBuckBunny-2160.avi
859,0.9841,3.13167,0.99687,42.83114,0.99957,0.76213,0.97847,0.99004,0.99462,98.36912,3.1,2.85,2.2,3.39,43.22,43.59,44.71,42.83,0.982,0.973,0.977,0.985,/tmpdir/crf_16.mpd,/videos/BigBuckBunny-2160.avi
860,0.98236,3.13167,0.99662,42.37167,0.9995,0.75015,0.97504,0.98826,0.99362,97.94612,3.42,3.13,2.33,3.77,42.79,43.17,44.46,42.37,0.981,0.971,0.976,0.984,/tmpdir/crf_16.mpd,/videos/BigBuckBunny-2160.avi
861,0.98964,3.13773,0.99731,43.91281,0.9997,0.78632,0.98531,0.99376,0.99681,99.60948,2.41,2.1,1.81,2.64,44.31,44.92,45.56,43.91,0.984,0.979,0.98,0.987,/tmpdir/crf_16.mpd,/videos/BigBuckBunny-2160.avi
862,0.98386,3.13773,0.99686,42.81661,0.99959,0.7604,0.97755,0.9896,0.99432,98.2987,3.09,2.84,2.13,3.4,43.22,43.6,44.85,42.82,0.982,0.973,0.977,0.985,/tmpdir/crf_16.mpd,/videos/BigBuckBunny-2160.avi
863,0.98286,3.14144,0.99668,42.47686,0.99953,0.75297,0.97593,0.98876,0.99394,98.07467,3.33,3.03,2.22,3.68,42.91,43.32,44.67,42.48,0.981,0.972,0.977,0.984,/tmpdir/crf_16.mpd,/videos/BigBuckBunny-2160.avi
864,0.98981,3.14144,0.99735,44.01094,0.9997,0.78936,0.98545,0.99377,0.99681,99.6452,2.36,2.05,1.77,2.58,44.41,45.02,45.65,44.01,0.984,0.979,0.98,0.987,/tmpdir/crf_16.mpd,/videos/BigBuckBunny-2160.avi
865,0.99493,3.15143,0.99887,47.22919,0.9999,0.87312,0.99385,0.99721,0.99848,100.0,1.1,0.87,0.82,1.23,47.71,48.72,48.98,47.23,0.992,0.991,0.99,0.993,/tmpdir/crf_16.mpd,/videos/BigBuckBunny-2160.avi
866,0.98459,3.15143,0.99758,43.419,0.99965,0.79151,0.98037,0.99048,0.99467,98.50595,2.54,2.02,1.38,2.96,44.08,45.09,46.72,43.42,0.987,0.982,0.986,0.988,/tmpdir/crf_16.mpd,/videos/BigBuckBunny-2160.avi
867,0.9865,3.1667,0.99772,43.8466,0.99968,0.80117,0.98302,0.99184,0.99545,98.94766,2.35,1.96,1.41,2.68,44.42,45.22,46.65,43.85,0.987,0.983,0.986,0.989,/tmpdir/crf_16.mpd,/videos/BigBuckBunny-2160.avi
868,0.98453,3.1667,0.99738,43.17004,0.9996,0.78304,0.97897,0.98981,0.99432,98.45465,2.76,2.37,1.64,3.13,43.72,44.38,45.98,43.17,0.985,0.979,0.983,0.987,/tmpdir/crf_16.mpd,/videos/BigBuckBunny-2160.avi
869,0.99089,3.17824,0.99797,44.8694,0.99975,0.81817,0.9876,0.99422,0.99675,99.90105,1.86,1.45,1.21,2.12,45.45,46.52,47.3,44.87,0.988,0.986,0.987,0.99,/tmpdir/crf_16.mpd,/videos/BigBuckBunny-2160.avi
870,0.98452,3.17824,0.99729,43.1331,0.99958,0.78075,0.9785,0.9896,0.99417,98.44268,2.82,2.53,1.75,3.16,43.63,44.1,45.69,43.13,0.985,0.978,0.982,0.987,/tmpdir/crf_16.mpd,/videos/BigBuckBunny-2160.avi
871,0.98616,3.19276,0.99756,43.67055,0.99964,0.79411,0.98219,0.99156,0.99537,98.88209,2.51,2.23,1.64,2.79,44.14,44.65,45.97,43.67,0.986,0.98,0.983,0.988,/tmpdir/crf_16.mpd,/videos/BigBuckBunny-2160.avi
872,0.9843,3.19276,0.99733,43.111,0.9996,0.7804,0.97924,0.99018,0.99463,98.45758,2.83,2.53,1.77,3.18,43.61,44.1,45.65,43.11,0.985,0.978,0.982,0.987,/tmpdir/crf_16.mpd,/videos/BigBuckBunny-2160.avi
873,0.99239,3.20774,0.99818,45.44023,0.9998,0.83196,0.99029,0.99587,0.99794,100.0,1.67,1.38,1.2,1.86,45.91,46.73,47.34,45.44,0.989,0.986,0.986,0.99,/tmpdir/crf_16.mpd,/videos/BigBuckBunny-2160.avi
874,0.98473,3.20774,0.99735,43.23466,0.99961,0.7827,0.97968,0.99044,0.99483,98.5622,2.76,2.49,1.75,3.09,43.71,44.18,45.7,43.23,0.985,0.978,0.982,0.987,/tmpdir/crf_16.mpd,/videos/BigBuckBunny-2160.avi
875,0.98645,3.22344,0.99759,43.74308,0.99966,0.79532,0.98306,0.99214,0.99578,98.9944,2.5,2.3,1.72,2.75,44.15,44.51,45.78,43.74,0.986,0.979,0.982,0.988,/tmpdir/crf_16.mpd,/videos/BigBuckBunny-2160.avi
876,0.9846,3.22344,0.9973,43.13953,0.9996,0.77947,0.97941,0.9903,0.99477,98.53769,2.85,2.62,1.86,3.16,43.58,43.94,45.43,43.14,0.984,0.977,0.981,0.987,/tmpdir/crf_16.mpd,/videos/BigBuckBunny-2160.avi
877,0.99164,3.23641,0.99798,45.02162,0.99977,0.82112,0.98895,0.99526,0.99755,100.0,1.85,1.57,1.35,2.05,45.46,46.18,46.82,45.02,0.988,0.984,0.985,0.99,/tmpdir/crf_16.mpd,/videos/BigBuckBunny-2160.avi
878,0.98454,3.23641,0.99727,43.15104,0.9996,0.77954,0.97919,0.99013,0.99455,98.51643,2.85,2.65,1.87,3.15,43.58,43.91,45.41,43.15,0.984,0.976,0.981,0.987,/tmpdir/crf_16.mpd,/videos/BigBuckBunny-2160.avi
879,0.98647,3.24631,0.99753,43.66802,0.99965,0.7925,0.98272,0.99191,0.99558,98.98859,2.56,2.4,1.8,2.79,44.05,44.33,45.59,43.67,0.985,0.978,0.981,0.988,/tmpdir/crf_16.mpd,/videos/BigBuckBunny-2160.avi
880,0.98461,3.24631,0.99726,43.08177,0.99959,0.77758,0.97898,0.99001,0.99452,98.52699,2.9,2.68,1.91,3.2,43.51,43.86,45.32,43.08,0.984,0.976,0.98,0.987,/tmpdir/crf_16.mpd,/videos/BigBuckBunny-2160.avi
881,0.99191,3.25557,0.99799,45.02557,0.99978,0.82116,0.98916,0.99532,0.99757,100.0,1.86,1.59,1.38,2.04,45.44,46.11,46.73,45.03,0.988,0.984,0.984,0.99,/tmpdir/crf_16.mpd,/videos/BigBuckBunny-2160.avi
882,0.98469,3.25557,0.99722,43.07075,0.99959,0.77702,0.97878,0.98987,0.99442,98.53649,2.9,2.69,1.89,3.21,43.51,43.84,45.36,43.07,0.984,0.976,0.98,0.987,/tmpdir/crf_16.mpd,/videos/BigBuckBunny-2160.avi
883,0.98627,3.26814,0.99747,43.56801,0.99964,0.78954,0.98224,0.99166,0.99546,98.94759,2.62,2.44,1.84,2.86,43.95,44.25,45.48,43.57,0.985,0.978,0.981,0.988,/tmpdir/crf_16.mpd,/videos/BigBuckBunny-2160.avi
884,0.98454,3.26814,0.9972,43.00491,0.99959,0.77514,0.97871,0.9899,0.99442,98.51569,2.96,2.78,1.96,3.26,43.42,43.68,45.2,43.0,0.983,0.975,0.98,0.987,/tmpdir/crf_16.mpd,/videos/BigBuckBunny-2160.avi
885,0.99164,3.27774,0.99789,44.84057,0.99977,0.81615,0.9886,0.99513,0.99751,100.0,1.95,1.69,1.45,2.13,45.24,45.86,46.51,44.84,0.987,0.983,0.984,0.989,/tmpdir/crf_16.mpd,/videos/BigBuckBunny-2160.avi
886,0.98446,3.27774,0.9972,43.06105,0.99959,0.77632,0.97864,0.98983,0.99434,98.50136,2.93,2.76,1.95,3.21,43.47,43.72,45.23,43.06,0.984,0.975,0.98,0.987,/tmpdir/crf_16.mpd,/videos/BigBuckBunny-2160.avi
887,0.98633,3.29026,0.99743,43.53562,0.99964,0.78825,0.98203,0.99159,0.99541,98.96357,2.65,2.5,1.86,2.88,43.9,44.15,45.45,43.54,0.985,0.977,0.98,0.987,/tmpdir/crf_16.mpd,/videos/BigBuckBunny-2160.avi
888,0.98426,3.29026,0.9972,42.99811,0.99959,0.77469,0.97872,0.98993,0.99445,98.48179,2.96,2.78,1.97,3.26,43.41,43.7,45.19,43.0,0.983,0.975,0.979,0.986,/tmpdir/crf_16.mpd,/videos/BigBuckBunny-2160.avi
889,0.9917,3.30377,0.9979,44.85767,0.99977,0.81665,0.98871,0.99514,0.99748,100.0,1.94,1.69,1.46,2.12,45.25,45.85,46.48,44.86,0.987,0.983,0.983,0.989,/tmpdir/crf_16.mpd,/videos/BigBuckBunny-2160.avi
890,0.98433,3.30377,0.9972,43.04853,0.99959,0.77605,0.97875,0.98989,0.99439,98.49705,2.93,2.77,1.95,3.22,43.46,43.71,45.23,43.05,0.983,0.975,0.98,0.987,/tmpdir/crf_16.mpd,/videos/BigBuckBunny-2160.avi
891,0.98604,3.31777,0.99745,43.54282,0.99964,0.78865,0.98221,0.99166,0.99541,98.92985,2.65,2.51,1.86,2.88,43.91,44.14,45.44,43.54,0.984,0.977,0.98,0.987,/tmpdir/crf_16.mpd,/videos/BigBuckBunny-2160.avi
892,0.98417,3.31777,0.9972,43.01413,0.99959,0.77502,0.97896,0.99013,0.99462,98.49728,2.96,2.77,1.97,3.25,43.42,43.7,45.18,43.01,0.983,0.975,0.979,0.986,/tmpdir/crf_16.mpd,/videos/BigBuckBunny-2160.avi
893,0.9917,3.32808,0.9979,44.85344,0.99978,0.81641,0.98886,0.99527,0.99755,100.0,1.94,1.69,1.47,2.13,45.24,45.85,46.46,44.85,0.987,0.983,0.983,0.989,/tmpdir/crf_16.mpd,/videos/BigBuckBunny-2160.avi
894,0.98448,3.32808,0.99719,43.03448,0.99959,0.77547,0.97877,0.98999,0.99451,98.54767,2.94,2.78,1.95,3.23,43.44,43.69,45.24,43.03,0.983,0.975,0.979,0.987,/tmpdir/crf_16.mpd,/videos/BigBuckBunny-2160.avi
895,0.98627,3.33846,0.99744,43.53112,0.99964,0.78855,0.98222,0.99165,0.99536,98.97817,2.65,2.52,1.87,2.88,43.89,44.11,45.42,43.53,0.984,0.977,0.98,0.987,/tmpdir/crf_16.mpd,/videos/BigBuckBunny-2160.avi
896,0.9844,3.33846,0.99719,42.9957,0.99959,0.77462,0.97879,0.98999,0.9945,98.53672,2.97,2.79,1.98,3.26,43.4,43.67,45.17,43.0,0.983,0.975,0.979,0.986,/tmpdir/crf_16.mpd,/videos/BigBuckBunny-2160.avi
897,0.99169,3.34917,0.99788,44.7999,0.99978,0.81514,0.98874,0.99522,0.99756,100.0,1.97,1.72,1.49,2.15,45.19,45.78,46.41,44.8,0.987,0.982,0.983,0.989,/tmpdir/crf_16.mpd,/videos/BigBuckBunny-2160.avi
898,0.98473,3.34917,0.9972,43.06124,0.99959,0.77653,0.97892,0.99001,0.99446,98.60104,2.94,2.8,1.97,3.21,43.45,43.66,45.19,43.06,0.983,0.975,0.979,0.987,/tmpdir/crf_16.mpd,/videos/BigBuckBunny-2160.avi
899,0.98611,3.36184,0.99745,43.53635,0.99964,0.78869,0.98232,0.99178,0.99555,98.97866,2.65,2.51,1.86,2.88,43.9,44.14,45.44,43.54,0.984,0.977,0.98,0.987,/tmpdir/crf_16.mpd,/videos/BigBuckBunny-2160.avi
900,0.98459,3.36184,0.99721,43.0065,0.99959,0.77505,0.97893,0.99009,0.99454,98.58954,2.96,2.76,1.96,3.25,43.42,43.71,45.2,43.01,0.983,0.975,0.979,0.986,/tmpdir/crf_16.mpd,/videos/BigBuckBunny-2160.avi
901,0.99186,3.37404,0.99793,44.88921,0.99978,0.81769,0.98914,0.99546,0.99773,100.0,1.93,1.68,1.47,2.11,45.27,45.88,46.47,44.89,0.987,0.983,0.983,0.989,/tmpdir/crf_16.mpd,/videos/BigBuckBunny-2160.avi
902,0.98443,3.37404,0.99723,43.08718,0.9996,0.7777,0.97907,0.99012,0.99461,98.57646,2.92,2.78,1.95,3.19,43.48,43.69,45.24,43.09,0.984,0.975,0.979,0.987,/tmpdir/crf_16.mpd,/videos/BigBuckBunny-2160.avi
903,0.98638,3.38327,0.99747,43.5645,0.99964,0.78958,0.9825,0.99188,0.99558,99.04425,2.63,2.5,1.86,2.86,43.92,44.15,45.44,43.56,0.985,0.977,0.98,0.987,/tmpdir/crf_16.mpd,/videos/BigBuckBunny-2160.avi
904,0.98474,3.38327,0.99722,43.03914,0.99959,0.77599,0.97899,0.99006,0.99453,98.62689,2.95,2.8,1.97,3.23,43.44,43.66,45.19,43.04,0.983,0.975,0.979,0.987,/tmpdir/crf_16.mpd,/videos/BigBuckBunny-2160.avi
905,0.99185,3.39401,0.99791,44.84087,0.99978,0.81639,0.98884,0.99526,0.9976,100.0,1.95,1.7,1.48,2.13,45.23,45.83,46.42,44.84,0.987,0.983,0.983,0.989,/tmpdir/crf_16.mpd,/videos/BigBuckBunny-2160.avi
906,0.98468,3.39401,0.99723,43.08991,0.9996,0.77761,0.97908,0.99008,0.99454,98.62565,2.92,2.79,1.95,3.19,43.48,43.67,45.24,43.09,0.983,0.975,0.979,0.987,/tmpdir/crf_16.mpd,/videos/BigBuckBunny-2160.avi
907,0.98615,3.40256,0.99748,43.58141,0.99965,0.78983,0.98251,0.99183,0.99551,99.0092,2.63,2.51,1.85,2.85,43.93,44.13,45.45,43.58,0.985,0.977,0.98,0.987,/tmpdir/crf_16.mpd,/videos/BigBuckBunny-2160.avi
908,0.98472,3.40256,0.99722,43.05394,0.99959,0.77645,0.97913,0.99019,0.99467,98.64812,2.93,2.78,1.95,3.22,43.46,43.7,45.24,43.05,0.983,0.975,0.979,0.987,/tmpdir/crf_16.mpd,/videos/BigBuckBunny-2160.avi
909,0.99193,3.41362,0.99793,44.89821,0.99979,0.81784,0.98917,0.99549,0.99777,100.0,1.93,1.68,1.46,2.11,45.28,45.88,46.48,44.9,0.987,0.983,0.983,0.989,/tmpdir/crf_16.mpd,/videos/BigBuckBunny-2160.avi
910,0.98459,3.41362,0.99724,43.12103,0.9996,0.77852,0.97923,0.9902,0.99467,98.63378,2.9,2.8,1.94,3.17,43.5,43.66,45.25,43.12,0.984,0.975,0.979,0.987,/tmpdir/crf_16.mpd,/videos/BigBuckBunny-2160.avi
911,0.98651,3.42139,0.99749,43.61309,0.99965,0.79071,0.98266,0.99199,0.99569,99.09879,2.61,2.49,1.83,2.83,43.97,44.16,45.51,43.61,0.985,0.977,0.98,0.988,/tmpdir/crf_16.mpd,/videos/BigBuckBunny-2160.avi
912,0.98471,3.42139,0.99724,43.08408,0.9996,0.77716,0.9792,0.99027,0.99465,98.65845,2.92,2.77,1.94,3.2,43.48,43.71,45.26,43.08,0.984,0.975,0.979,0.987,/tmpdir/crf_16.mpd,/videos/BigBuckBunny-2160.avi
913,0.9919,3.43434,0.99794,44.90718,0.99978,0.81809,0.98914,0.99548,0.99781,100.0,1.92,1.68,1.46,2.1,45.29,45.89,46.5,44.91,0.987,0.983,0.983,0.989,/tmpdir/crf_16.mpd,/videos/BigBuckBunny-2160.avi
914,0.98464,3.43434,0.99726,43.13892,0.9996,0.77903,0.97924,0.9902,0.99462,98.65076,2.88,2.76,1.92,3.16,43.53,43.71,45.31,43.14,0.984,0.975,0.98,0.987,/tmpdir/crf_16.mpd,/videos/BigBuckBunny-2160.avi
915,0.98644,3.44546,0.99751,43.65361,0.99966,0.79191,0.98276,0.99199,0.99563,99.09867,2.59,2.49,1.82,2.8,44.0,44.17,45.52,43.65,0.985,0.977,0.98,0.988,/tmpdir/crf_16.mpd,/videos/BigBuckBunny-2160.avi
916,0.98487,3.44546,0.99725,43.10478,0.9996,0.77796,0.97935,0.99034,0.99474,98.70866,2.9,2.75,1.92,3.18,43.51,43.74,45.3,43.1,0.984,0.975,0.98,0.987,/tmpdir/crf_16.mpd,/videos/BigBuckBunny-2160.avi
917,0.992,3.45738,0.99797,44.96484,0.99979,0.81968,0.98938,0.9956,0.99783,100.0,1.9,1.66,1.44,2.07,45.35,45.94,46.55,44.96,0.987,0.983,0.983,0.989,/tmpdir/crf_16.mpd,/videos/BigBuckBunny-2160.avi
918,0.98421,3.45738,0.99718,43.01565,0.99959,0.7757,0.97843,0.98979,0.99444,98.56262,2.95,2.82,1.92,3.25,43.43,43.63,45.29,43.02,0.983,0.975,0.979,0.987,/tmpdir/crf_16.mpd,/videos/BigBuckBunny-2160.avi
919,0.98593,3.47085,0.99741,43.47848,0.99964,0.78738,0.98191,0.9916,0.99544,98.9944,2.69,2.59,1.87,2.92,43.84,44.0,45.42,43.48,0.984,0.976,0.98,0.987,/tmpdir/crf_16.mpd,/videos/BigBuckBunny-2160.avi
920,0.98423,3.47085,0.99713,42.91622,0.99957,0.77255,0.97801,0.98952,0.99419,98.54905,3.03,2.89,1.99,3.32,43.32,43.52,45.13,42.92,0.983,0.974,0.979,0.986,/tmpdir/crf_16.mpd,/videos/BigBuckBunny-2160.avi
921,0.99111,3.48336,0.99777,44.55915,0.99975,0.80889,0.98772,0.99478,0.99734,100.0,2.08,1.82,1.55,2.28,44.95,45.52,46.24,44.56,0.986,0.982,0.982,0.989,/tmpdir/crf_16.mpd,/videos/BigBuckBunny-2160.avi
922,0.98407,3.48336,0.99717,42.99449,0.99958,0.77514,0.97824,0.98962,0.99431,98.54051,2.99,2.92,1.98,3.26,43.37,43.48,45.16,42.99,0.983,0.974,0.979,0.987,/tmpdir/crf_16.mpd,/videos/BigBuckBunny-2160.avi
923,0.98584,3.4954,0.99741,43.46594,0.99963,0.78674,0.98168,0.99144,0.99531,98.97964,2.69,2.58,1.86,2.93,43.83,44.01,45.45,43.47,0.984,0.977,0.98,0.987,/tmpdir/crf_16.mpd,/videos/BigBuckBunny-2160.avi
924,0.98455,3.4954,0.99718,42.99616,0.99958,0.77504,0.97847,0.98974,0.99423,98.63006,2.97,2.81,1.94,3.26,43.41,43.64,45.26,43.0,0.983,0.975,0.979,0.986,/tmpdir/crf_16.mpd,/videos/BigBuckBunny-2160.avi
925,0.99179,3.50905,0.99795,44.89726,0.99979,0.81778,0.98912,0.99546,0.99774,100.0,1.93,1.69,1.46,2.11,45.28,45.86,46.49,44.9,0.987,0.983,0.983,0.989,/tmpdir/crf_16.mpd,/videos/BigBuckBunny-2160.avi
926,0.9844,3.50905,0.99726,43.15093,0.99961,0.77903,0.97921,0.99017,0.99464,98.6512,2.88,2.79,1.91,3.15,43.53,43.67,45.31,43.15,0.984,0.975,0.979,0.987,/tmpdir/crf_16.mpd,/videos/BigBuckBunny-2160.avi
927,0.98635,3.52178,0.99749,43.61716,0.99965,0.79052,0.98255,0.9919,0.99554,99.11485,2.61,2.54,1.83,2.83,43.96,44.08,45.5,43.62,0.985,0.977,0.98,0.988,/tmpdir/crf_16.mpd,/videos/BigBuckBunny-2160.avi
928,0.98462,3.52178,0.99723,43.08601,0.99959,0.77668,0.97894,0.99002,0.99446,98.6793,2.92,2.81,1.95,3.2,43.47,43.64,45.23,43.09,0.983,0.975,0.979,0.987,/tmpdir/crf_16.mpd,/videos/BigBuckBunny-2160.avi
929,0.99145,3.53347,0.99788,44.74133,0.99978,0.8137,0.9886,0.99522,0.99759,100.0,2.0,1.76,1.5,2.18,45.13,45.68,46.37,44.74,0.987,0.982,0.983,0.989,/tmpdir/crf_16.mpd,/videos/BigBuckBunny-2160.avi
930,0.98477,3.53347,0.99728,43.16593,0.99961,0.77964,0.9794,0.9903,0.99465,98.73516,2.88,2.83,1.92,3.14,43.53,43.61,45.3,43.17,0.984,0.975,0.979,0.987,/tmpdir/crf_16.mpd,/videos/BigBuckBunny-2160.avi
931,0.98624,3.54478,0.99751,43.64858,0.99966,0.7913,0.98263,0.99191,0.99557,99.11123,2.6,2.52,1.83,2.81,43.99,44.11,45.51,43.65,0.985,0.977,0.98,0.988,/tmpdir/crf_16.mpd,/videos/BigBuckBunny-2160.avi
932,0.98471,3.54478,0.99728,43.13887,0.9996,0.77897,0.97927,0.99018,0.99453,98.71979,2.89,2.78,1.91,3.16,43.53,43.68,45.32,43.14,0.984,0.975,0.979,0.987,/tmpdir/crf_16.mpd,/videos/BigBuckBunny-2160.avi
933,0.99184,3.55405,0.99799,44.95542,0.99979,0.81932,0.98931,0.99552,0.99774,100.0,1.9,1.67,1.44,2.08,45.33,45.9,46.53,44.96,0.987,0.983,0.983,0.99,/tmpdir/crf_16.mpd,/videos/BigBuckBunny-2160.avi
934,0.98402,3.55405,0.99718,43.00353,0.99959,0.77537,0.97816,0.98962,0.99432,98.57231,2.97,2.86,1.91,3.26,43.41,43.57,45.31,43.0,0.983,0.975,0.979,0.987,/tmpdir/crf_16.mpd,/videos/BigBuckBunny-2160.avi
935,0.98552,3.56408,0.99738,43.42269,0.99964,0.78513,0.98149,0.9914,0.9953,98.9594,2.73,2.66,1.89,2.96,43.77,43.88,45.37,43.42,0.984,0.976,0.98,0.987,/tmpdir/crf_16.mpd,/videos/BigBuckBunny-2160.avi
936,0.98401,3.56408,0.99707,42.86912,0.99955,0.77047,0.9772,0.9891,0.99386,98.52993,3.08,3.02,2.04,3.36,43.24,43.34,45.03,42.87,0.983,0.973,0.978,0.986,/tmpdir/crf_16.mpd,/videos/BigBuckBunny-2160.avi
937,0.98995,3.57747,0.99762,44.20865,0.99972,0.79927,0.98597,0.99384,0.99673,99.91998,2.25,2.01,1.63,2.47,44.61,45.11,46.01,44.21,0.986,0.98,0.981,0.988,/tmpdir/crf_16.mpd,/videos/BigBuckBunny-2160.avi
938,0.98362,3.57747,0.99705,42.85933,0.99956,0.77009,0.97714,0.98911,0.99394,98.47313,3.11,3.12,2.06,3.37,43.21,43.2,44.99,42.86,0.983,0.972,0.978,0.986,/tmpdir/crf_16.mpd,/videos/BigBuckBunny-2160.avi
939,0.9852,3.5867,0.99727,43.28809,0.99961,0.77989,0.98038,0.99079,0.99494,98.87239,2.82,2.78,1.97,3.05,43.62,43.68,45.2,43.29,0.983,0.975,0.979,0.987,/tmpdir/crf_16.mpd,/videos/BigBuckBunny-2160.avi
940,0.98371,3.5867,0.99703,42.79595,0.99955,0.7679,0.97705,0.98915,0.99405,98.5027,3.13,3.07,2.06,3.42,43.17,43.27,44.98,42.8,0.982,0.973,0.978,0.986,/tmpdir/crf_16.mpd,/videos/BigBuckBunny-2160.avi
941,0.99025,3.59831,0.99766,44.28965,0.99973,0.80098,0.9865,0.99419,0.99699,100.0,2.22,1.99,1.63,2.42,44.67,45.14,46.01,44.29,0.986,0.98,0.981,0.988,/tmpdir/crf_16.mpd,/videos/BigBuckBunny-2160.avi
942,0.98354,3.59831,0.99706,42.89742,0.99957,0.76965,0.97736,0.98931,0.9941,98.48713,3.08,3.08,2.07,3.34,43.24,43.24,44.98,42.9,0.982,0.972,0.978,0.986,/tmpdir/crf_16.mpd,/videos/BigBuckBunny-2160.avi
943,0.9854,3.61316,0.99725,43.29659,0.99961,0.77883,0.98058,0.99104,0.99511,98.93816,2.83,2.82,2.0,3.04,43.61,43.62,45.13,43.3,0.983,0.974,0.978,0.987,/tmpdir/crf_16.mpd,/videos/BigBuckBunny-2160.avi
944,0.98373,3.61316,0.99699,42.80912,0.99955,0.76641,0.977,0.98922,0.99404,98.52077,3.15,3.15,2.12,3.41,43.15,43.15,44.87,42.81,0.982,0.972,0.977,0.986,/tmpdir/crf_16.mpd,/videos/BigBuckBunny-2160.avi
945,0.9894,3.62555,0.99749,43.9562,0.9997,0.79155,0.98497,0.99349,0.99663,99.82599,2.39,2.16,1.74,2.61,44.34,44.78,45.73,43.96,0.985,0.979,0.98,0.988,/tmpdir/crf_16.mpd,/videos/BigBuckBunny-2160.avi
946,0.98347,3.62555,0.99695,42.76548,0.99955,0.76481,0.97643,0.9889,0.99392,98.46502,3.19,3.23,2.16,3.44,43.09,43.03,44.79,42.77,0.982,0.971,0.977,0.986,/tmpdir/crf_16.mpd,/videos/BigBuckBunny-2160.avi
947,0.98512,3.63604,0.99713,43.14712,0.99959,0.77347,0.97971,0.99074,0.99499,98.88396,2.94,2.96,2.08,3.15,43.45,43.42,44.95,43.15,0.983,0.973,0.977,0.986,/tmpdir/crf_16.mpd,/videos/BigBuckBunny-2160.avi
948,0.98351,3.63604,0.99688,42.67427,0.99953,0.76153,0.9761,0.98884,0.99391,98.47588,3.26,3.31,2.22,3.51,42.99,42.93,44.68,42.67,0.981,0.97,0.976,0.986,/tmpdir/crf_16.mpd,/videos/BigBuckBunny-2160.avi
949,0.98854,3.6482,0.99731,43.63075,0.99967,0.78216,0.98341,0.99285,0.99637,99.64383,2.58,2.37,1.83,2.82,44.01,44.38,45.5,43.63,0.984,0.977,0.979,0.987,/tmpdir/crf_16.mpd,/videos/BigBuckBunny-2160.avi
950,0.98286,3.6482,0.99678,42.56208,0.99952,0.75704,0.97513,0.98842,0.99365,98.33831,3.34,3.41,2.24,3.6,42.89,42.81,44.62,42.56,0.981,0.969,0.976,0.985,/tmpdir/crf_16.mpd,/videos/BigBuckBunny-2160.avi
951,0.9843,3.65773,0.99686,42.84099,0.99954,0.76215,0.97737,0.9897,0.99442,98.68268,3.15,3.16,2.21,3.38,43.15,43.14,44.69,42.84,0.981,0.971,0.976,0.985,/tmpdir/crf_16.mpd,/videos/BigBuckBunny-2160.avi
952,0.98217,3.65773,0.99659,42.35052,0.99947,0.74957,0.97358,0.98777,0.99326,98.1792,3.53,3.63,2.4,3.78,42.65,42.53,44.32,42.35,0.98,0.967,0.974,0.985,/tmpdir/crf_16.mpd,/videos/BigBuckBunny-2160.avi
953,0.98516,3.66871,0.99662,42.58097,0.99952,0.75174,0.97647,0.98957,0.99465,98.8478,3.25,3.01,2.13,3.59,43.01,43.35,44.86,42.58,0.981,0.972,0.976,0.984,/tmpdir/crf_16.mpd,/videos/BigBuckBunny-2160.avi
954,0.98362,3.66871,0.99641,42.32774,0.99947,0.74418,0.97368,0.98812,0.9937,98.47706,3.47,3.31,2.29,3.8,42.73,42.93,44.54,42.33,0.98,0.969,0.975,0.984,/tmpdir/crf_16.mpd,/videos/BigBuckBunny-2160.avi
955,0.99638,2.79018,0.99929,50.20159,0.99993,0.9158,0.99623,0.99832,0.99908,100.0,0.56,0.48,0.43,0.62,50.61,51.34,51.83,50.2,0.995,0.995,0.994,0.996,/tmpdir/crf_16.mpd,/videos/BigBuckBunny-2160.avi
956,0.99225,2.79018,0.99889,48.56089,0.99982,0.89248,0.98958,0.9949,0.99719,100.0,0.84,0.82,0.58,0.91,48.91,49.0,50.53,48.56,0.994,0.992,0.993,0.995,/tmpdir/crf_16.mpd,/videos/BigBuckBunny-2160.avi
957,0.9931,2.80222,0.99893,48.90971,0.99981,0.89853,0.99108,0.99549,0.99739,100.0,0.79,0.82,0.58,0.84,49.16,49.01,50.5,48.91,0.994,0.992,0.993,0.995,/tmpdir/crf_16.mpd,/videos/BigBuckBunny-2160.avi
958,0.99194,2.80222,0.99883,48.47742,0.99979,0.89115,0.98901,0.99448,0.99687,100.0,0.88,0.95,0.64,0.92,48.69,48.38,50.08,48.48,0.994,0.991,0.992,0.995,/tmpdir/crf_16.mpd,/videos/BigBuckBunny-2160.avi
959,0.99507,2.80716,0.99906,49.33316,0.99989,0.90183,0.99431,0.99744,0.99869,100.0,0.69,0.6,0.5,0.76,49.75,50.37,51.14,49.33,0.995,0.994,0.993,0.995,/tmpdir/crf_16.mpd,/videos/BigBuckBunny-2160.avi
960,0.99158,2.80716,0.99883,48.42213,0.99979,0.89007,0.98887,0.99446,0.99685,99.98284,0.9,0.97,0.66,0.94,48.61,48.26,49.93,48.42,0.994,0.991,0.992,0.995,/tmpdir/crf_16.mpd,/videos/BigBuckBunny-2160.avi
961,0.99283,2.809,0.99889,48.78886,0.99979,0.89687,0.99047,0.9951,0.99712,100.0,0.83,0.92,0.64,0.86,48.93,48.5,50.08,48.79,0.994,0.992,0.992,0.995,/tmpdir/crf_16.mpd,/videos/BigBuckBunny-2160.avi
962,0.99198,2.809,0.99882,48.42238,0.99979,0.88977,0.98888,0.99451,0.99689,100.0,0.9,0.98,0.67,0.94,48.6,48.2,49.89,48.42,0.994,0.991,0.992,0.995,/tmpdir/crf_16.mpd,/videos/BigBuckBunny-2160.avi
963,0.99553,2.81294,0.99908,49.49741,0.99989,0.90438,0.99475,0.9977,0.99888,100.0,0.67,0.59,0.51,0.73,49.87,50.39,51.08,49.5,0.995,0.994,0.993,0.995,/tmpdir/crf_16.mpd,/videos/BigBuckBunny-2160.avi
964,0.99182,2.81294,0.99883,48.49187,0.99979,0.89079,0.98917,0.99463,0.997,100.0,0.89,0.98,0.68,0.92,48.64,48.24,49.83,48.49,0.994,0.991,0.992,0.995,/tmpdir/crf_16.mpd,/videos/BigBuckBunny-2160.avi
965,0.99297,2.79842,0.9989,48.88619,0.9998,0.89776,0.99102,0.99548,0.99737,100.0,0.82,0.92,0.65,0.84,48.98,48.5,49.99,48.89,0.994,0.991,0.992,0.995,/tmpdir/crf_16.mpd,/videos/BigBuckBunny-2160.avi
966,0.9918,2.79842,0.99881,48.46796,0.99978,0.8898,0.989,0.99456,0.9969,100.0,0.9,1.0,0.69,0.93,48.59,48.11,49.74,48.47,0.994,0.991,0.991,0.995,/tmpdir/crf_16.mpd,/videos/BigBuckBunny-2160.avi
967,0.99539,2.79054,0.99906,49.46811,0.99989,0.9036,0.99465,0.99766,0.99883,100.0,0.68,0.62,0.53,0.73,49.8,50.24,50.89,49.47,0.995,0.994,0.993,0.995,/tmpdir/crf_16.mpd,/videos/BigBuckBunny-2160.avi
968,0.99198,2.79054,0.99881,48.48466,0.99978,0.89001,0.989,0.99455,0.99696,100.0,0.9,0.99,0.69,0.92,48.61,48.15,49.72,48.48,0.994,0.991,0.991,0.995,/tmpdir/crf_16.mpd,/videos/BigBuckBunny-2160.avi
969,0.99305,2.78777,0.99887,48.83452,0.99979,0.89678,0.99081,0.9953,0.99725,100.0,0.83,0.93,0.67,0.85,48.92,48.43,49.86,48.83,0.994,0.991,0.992,0.995,/tmpdir/crf_16.mpd,/videos/BigBuckBunny-2160.avi
970,0.99205,2.78777,0.99877,48.45155,0.99977,0.88903,0.9889,0.99453,0.9969,100.0,0.9,0.99,0.7,0.93,48.59,48.17,49.7,48.45,0.993,0.991,0.991,0.995,/tmpdir/crf_16.mpd,/videos/BigBuckBunny-2160.avi
971,0.99537,2.77624,0.99901,49.38334,0.99987,0.90203,0.99455,0.99768,0.99886,100.0,0.7,0.63,0.54,0.75,49.71,50.13,50.78,49.38,0.994,0.993,0.993,0.995,/tmpdir/crf_16.mpd,/videos/BigBuckBunny-2160.avi
972,0.9954,2.77624,0.99905,49.53363,0.99988,0.90469,0.99469,0.99763,0.99875,100.0,0.67,0.61,0.53,0.72,49.86,50.28,50.92,49.53,0.995,0.994,0.993,0.995,/tmpdir/crf_16.mpd,/videos/BigBuckBunny-2160.avi
973,0.99725,2.76093,0.99946,51.43612,0.99995,0.93321,0.99738,0.99886,0.99939,100.0,0.42,0.35,0.32,0.47,51.86,52.69,53.07,51.44,0.996,0.996,0.996,0.997,/tmpdir/crf_16.mpd,/videos/BigBuckBunny-2160.avi
974,0.99264,2.76093,0.99902,49.16818,0.99983,0.90322,0.99059,0.99537,0.99746,100.0,0.72,0.69,0.48,0.79,49.55,49.75,51.28,49.17,0.995,0.993,0.994,0.995,/tmpdir/crf_16.mpd,/videos/BigBuckBunny-2160.avi
975,0.99392,2.73742,0.99904,49.52533,0.99982,0.90877,0.99224,0.99608,0.99775,100.0,0.68,0.71,0.5,0.73,49.78,49.63,51.17,49.53,0.995,0.993,0.994,0.996,/tmpdir/crf_16.mpd,/videos/BigBuckBunny-2160.avi
976,0.99263,2.73742,0.99895,49.0441,0.9998,0.90068,0.99016,0.99511,0.99729,100.0,0.77,0.81,0.55,0.81,49.29,49.07,50.75,49.04,0.994,0.993,0.993,0.995,/tmpdir/crf_16.mpd,/videos/BigBuckBunny-2160.avi
977,0.99575,2.71835,0.99915,49.96333,0.99989,0.91208,0.99506,0.99777,0.99883,100.0,0.59,0.51,0.43,0.66,50.4,51.06,51.85,49.96,0.995,0.995,0.994,0.996,/tmpdir/crf_16.mpd,/videos/BigBuckBunny-2160.avi
978,0.9924,2.71835,0.99891,48.92002,0.99979,0.89865,0.98982,0.99492,0.99716,100.0,0.8,0.88,0.59,0.83,49.1,48.69,50.43,48.92,0.994,0.992,0.993,0.995,/tmpdir/crf_16.mpd,/videos/BigBuckBunny-2160.avi
979,0.99328,2.69472,0.99898,49.33343,0.9998,0.90586,0.99168,0.99575,0.99751,100.0,0.74,0.82,0.57,0.76,49.46,48.98,50.61,49.33,0.995,0.992,0.993,0.995,/tmpdir/crf_16.mpd,/videos/BigBuckBunny-2160.avi
980,0.99225,2.69472,0.99889,48.88872,0.99979,0.89758,0.98977,0.99494,0.99716,100.0,0.81,0.89,0.6,0.84,49.05,48.64,50.34,48.89,0.994,0.992,0.993,0.995,/tmpdir/crf_16.mpd,/videos/BigBuckBunny-2160.avi
981,0.99582,2.67867,0.99915,49.95798,0.99989,0.91152,0.99514,0.99785,0.99893,100.0,0.6,0.53,0.44,0.66,50.35,50.91,51.65,49.96,0.995,0.994,0.994,0.996,/tmpdir/crf_16.mpd,/videos/BigBuckBunny-2160.avi
982,0.99221,2.67867,0.99889,48.84607,0.99979,0.89679,0.98953,0.99476,0.99709,100.0,0.82,0.9,0.62,0.85,49.0,48.58,50.23,48.85,0.994,0.992,0.992,0.995,/tmpdir/crf_16.mpd,/videos/BigBuckBunny-2160.avi
983,0.99345,2.6583,0.99896,49.23834,0.9998,0.90349,0.99133,0.9955,0.99732,100.0,0.76,0.84,0.59,0.77,49.35,48.88,50.4,49.24,0.994,0.992,0.993,0.995,/tmpdir/crf_16.mpd,/videos/BigBuckBunny-2160.avi
984,0.99213,2.6583,0.99888,48.83372,0.99979,0.89588,0.98958,0.99481,0.99705,100.0,0.82,0.9,0.62,0.85,48.99,48.61,50.18,48.83,0.994,0.992,0.992,0.995,/tmpdir/crf_16.mpd,/videos/BigBuckBunny-2160.avi
985,0.99583,2.63582,0.99913,49.90579,0.99989,0.91014,0.99516,0.99789,0.99895,100.0,0.61,0.55,0.47,0.66,50.25,50.72,51.39,49.91,0.995,0.994,0.994,0.996,/tmpdir/crf_16.mpd,/videos/BigBuckBunny-2160.avi
986,0.99186,2.63582,0.99887,48.81533,0.99979,0.89554,0.98948,0.99474,0.99701,99.97561,0.83,0.91,0.64,0.85,48.95,48.53,50.09,48.82,0.994,0.991,0.992,0.995,/tmpdir/crf_16.mpd,/videos/BigBuckBunny-2160.avi
987,0.99333,2.61481,0.99896,49.22558,0.9998,0.9027,0.9914,0.99559,0.99743,100.0,0.76,0.85,0.61,0.78,49.31,48.82,50.26,49.23,0.994,0.992,0.993,0.995,/tmpdir/crf_16.mpd,/videos/BigBuckBunny-2160.avi
988,0.9923,2.61481,0.99887,48.80332,0.99979,0.89457,0.98952,0.99485,0.9971,100.0,0.83,0.91,0.64,0.86,48.94,48.52,50.07,48.8,0.994,0.992,0.992,0.995,/tmpdir/crf_16.mpd,/videos/BigBuckBunny-2160.avi
989,0.99569,2.59887,0.99912,49.85424,0.9999,0.90896,0.99514,0.99789,0.99892,100.0,0.62,0.56,0.49,0.67,50.18,50.62,51.24,49.85,0.995,0.994,0.994,0.995,/tmpdir/crf_16.mpd,/videos/BigBuckBunny-2160.avi
990,0.99199,2.59887,0.99887,48.81064,0.99979,0.89465,0.98937,0.99467,0.99697,99.97187,0.83,0.91,0.64,0.86,48.95,48.56,50.05,48.81,0.994,0.992,0.992,0.995,/tmpdir/crf_16.mpd,/videos/BigBuckBunny-2160.avi
991,0.99332,2.58802,0.99895,49.18458,0.9998,0.90156,0.99134,0.99559,0.99744,100.0,0.77,0.84,0.61,0.78,49.29,48.87,50.25,49.18,0.994,0.992,0.992,0.995,/tmpdir/crf_16.mpd,/videos/BigBuckBunny-2160.avi
992,0.99201,2.58802,0.99885,48.76003,0.99978,0.89393,0.98942,0.99473,0.99702,99.97371,0.83,0.9,0.64,0.87,48.92,48.59,50.06,48.76,0.994,0.992,0.992,0.995,/tmpdir/crf_16.mpd,/videos/BigBuckBunny-2160.avi
993,0.99559,2.56702,0.99912,49.8592,0.9999,0.90848,0.99516,0.99791,0.99894,100.0,0.62,0.56,0.49,0.67,50.18,50.63,51.2,49.86,0.995,0.994,0.993,0.995,/tmpdir/crf_16.mpd,/videos/BigBuckBunny-2160.avi
994,0.99189,2.56702,0.99887,48.8145,0.99979,0.89433,0.98941,0.99467,0.99699,99.93873,0.83,0.91,0.65,0.85,48.94,48.54,50.02,48.81,0.994,0.991,0.992,0.995,/tmpdir/crf_16.mpd,/videos/BigBuckBunny-2160.avi
995,0.99335,2.55145,0.99895,49.2055,0.9998,0.90138,0.9913,0.99553,0.99738,100.0,0.76,0.84,0.61,0.78,49.31,48.91,50.26,49.21,0.994,0.992,0.992,0.995,/tmpdir/crf_16.mpd,/videos/BigBuckBunny-2160.avi
996,0.99228,2.55145,0.99886,48.8131,0.99979,0.89392,0.98945,0.99476,0.99705,100.0,0.83,0.9,0.64,0.85,48.96,48.6,50.07,48.81,0.994,0.992,0.992,0.995,/tmpdir/crf_16.mpd,/videos/BigBuckBunny-2160.avi
997,0.99572,2.54055,0.99911,49.84694,0.99989,0.90792,0.99509,0.99784,0.99888,100.0,0.63,0.56,0.5,0.67,50.17,50.62,51.17,49.85,0.995,0.994,0.993,0.995,/tmpdir/crf_16.mpd,/videos/BigBuckBunny-2160.avi
998,0.992,2.54055,0.99884,48.76881,0.99977,0.89358,0.98907,0.99439,0.99669,99.91524,0.83,0.91,0.65,0.86,48.91,48.56,50.01,48.77,0.994,0.991,0.992,0.995,/tmpdir/crf_16.mpd,/videos/BigBuckBunny-2160.avi
999,0.99342,2.51743,0.99894,49.21423,0.9998,0.90114,0.99134,0.99555,0.99739,100.0,0.76,0.83,0.61,0.78,49.32,48.92,50.25,49.21,0.994,0.992,0.992,0.995,/tmpdir/crf_16.mpd,/videos/BigBuckBunny-2160.avi
1000,0.9921,2.51743,0.99885,48.82261,0.99978,0.89369,0.98941,0.99473,0.99699,99.94898,0.82,0.89,0.64,0.85,48.97,48.63,50.06,48.82,0.994,0.992,0.992,0.995,/tmpdir/crf_16.mpd,/videos/BigBuckBunny-2160.avi
1001,0.99569,2.49861,0.99911,49.85542,0.99989,0.90772,0.99509,0.99787,0.99893,100.0,0.63,0.56,0.5,0.67,50.17,50.62,51.14,49.86,0.995,0.994,0.993,0.995,/tmpdir/crf_16.mpd,/videos/BigBuckBunny-2160.avi
1002,0.99212,2.49861,0.99886,48.87404,0.99978,0.89445,0.98943,0.99471,0.99705,99.94945,0.82,0.9,0.65,0.84,48.99,48.57,50.01,48.87,0.994,0.991,0.992,0.995,/tmpdir/crf_16.mpd,/videos/BigBuckBunny-2160.avi
1003,0.99355,2.48154,0.99893,49.24001,0.9998,0.90089,0.99131,0.9956,0.99744,100.0,0.76,0.83,0.61,0.77,49.34,48.93,50.25,49.24,0.994,0.992,0.992,0.995,/tmpdir/crf_16.mpd,/videos/BigBuckBunny-2160.avi
1004,0.99237,2.48154,0.99885,48.85534,0.99978,0.89365,0.98938,0.99473,0.99705,99.98196,0.82,0.89,0.64,0.85,49.0,48.64,50.07,48.86,0.994,0.992,0.992,0.995,/tmpdir/crf_16.mpd,/videos/BigBuckBunny-2160.avi
1005,0.99579,2.4636,0.9991,49.86772,0.99989,0.90747,0.99505,0.99782,0.99887,100.0,0.62,0.56,0.5,0.67,50.18,50.62,51.14,49.87,0.995,0.994,0.993,0.995,/tmpdir/crf_16.mpd,/videos/BigBuckBunny-2160.avi
1006,0.99207,2.4636,0.99885,48.83649,0.99978,0.89337,0.98927,0.99463,0.99696,99.91055,0.82,0.88,0.64,0.85,48.99,48.69,50.05,48.84,0.994,0.992,0.992,0.995,/tmpdir/crf_16.mpd,/videos/BigBuckBunny-2160.avi
1007,0.99358,2.44176,0.99893,49.2465,0.9998,0.90052,0.99124,0.99552,0.99736,100.0,0.75,0.82,0.61,0.77,49.36,48.98,50.31,49.25,0.994,0.992,0.993,0.995,/tmpdir/crf_16.mpd,/videos/BigBuckBunny-2160.avi
1008,0.99239,2.44176,0.99884,48.85964,0.99978,0.89346,0.98938,0.99474,0.99702,99.96301,0.81,0.88,0.63,0.85,49.02,48.7,50.14,48.86,0.994,0.992,0.992,0.995,/tmpdir/crf_16.mpd,/videos/BigBuckBunny-2160.avi
1009,0.99573,2.41738,0.9991,49.89268,0.99989,0.90745,0.99502,0.9978,0.99888,100.0,0.62,0.56,0.49,0.67,50.21,50.64,51.19,49.89,0.995,0.994,0.993,0.995,/tmpdir/crf_16.mpd,/videos/BigBuckBunny-2160.avi
1010,0.99199,2.41738,0.99885,48.93071,0.99978,0.89436,0.98948,0.99477,0.99712,99.88952,0.81,0.89,0.64,0.83,49.05,48.65,50.08,48.93,0.994,0.992,0.992,0.995,/tmpdir/crf_16.mpd,/videos/BigBuckBunny-2160.avi
1011,0.99317,2.40061,0.99891,49.19618,0.99979,0.89969,0.99086,0.99528,0.99723,100.0,0.76,0.81,0.61,0.78,49.34,49.06,50.31,49.2,0.994,0.992,0.992,0.995,/tmpdir/crf_16.mpd,/videos/BigBuckBunny-2160.avi
1012,0.99189,2.40061,0.99883,48.83467,0.99977,0.89297,0.98914,0.99456,0.99692,99.84098,0.82,0.87,0.63,0.85,49.01,48.76,50.11,48.83,0.994,0.992,0.992,0.995,/tmpdir/crf_16.mpd,/videos/BigBuckBunny-2160.avi
1013,0.99573,2.38218,0.9991,49.91268,0.99989,0.90745,0.99505,0.99782,0.99888,100.0,0.62,0.56,0.49,0.66,50.22,50.68,51.19,49.91,0.995,0.994,0.993,0.995,/tmpdir/crf_16.mpd,/videos/BigBuckBunny-2160.avi
1014,0.99198,2.38218,0.99884,48.87835,0.99977,0.89381,0.98919,0.9945,0.99682,99.84109,0.81,0.87,0.64,0.84,49.04,48.74,50.1,48.88,0.994,0.992,0.992,0.995,/tmpdir/crf_16.mpd,/videos/BigBuckBunny-2160.avi
1015,0.9933,2.35518,0.99892,49.22719,0.99979,0.89979,0.99097,0.99534,0.99724,100.0,0.75,0.8,0.6,0.78,49.37,49.1,50.36,49.23,0.994,0.992,0.993,0.995,/tmpdir/crf_16.mpd,/videos/BigBuckBunny-2160.avi
1016,0.99201,2.35518,0.99883,48.85693,0.99977,0.89278,0.98902,0.99444,0.99675,99.82474,0.81,0.85,0.62,0.85,49.04,48.82,50.17,48.86,0.994,0.992,0.992,0.995,/tmpdir/crf_16.mpd,/videos/BigBuckBunny-2160.avi
1017,0.99583,2.33362,0.9991,49.92783,0.99989,0.90721,0.99503,0.99784,0.99891,100.0,0.61,0.55,0.49,0.66,50.25,50.7,51.23,49.93,0.995,0.994,0.993,0.995,/tmpdir/crf_16.mpd,/videos/BigBuckBunny-2160.avi
1018,0.99181,2.33362,0.99884,48.89876,0.99978,0.89358,0.98921,0.99452,0.99684,99.78804,0.81,0.87,0.63,0.84,49.05,48.74,50.14,48.9,0.994,0.992,0.992,0.995,/tmpdir/crf_16.mpd,/videos/BigBuckBunny-2160.avi
1019,0.9934,2.31034,0.99893,49.30866,0.9998,0.90032,0.99122,0.99556,0.99744,100.0,0.74,0.8,0.6,0.76,49.43,49.12,50.36,49.31,0.994,0.992,0.993,0.995,/tmpdir/crf_16.mpd,/videos/BigBuckBunny-2160.avi
1020,0.99246,2.31034,0.99883,48.91533,0.99977,0.89299,0.9892,0.99455,0.9968,99.88845,0.8,0.84,0.62,0.83,49.11,48.9,50.23,48.92,0.994,0.992,0.992,0.995,/tmpdir/crf_16.mpd,/videos/BigBuckBunny-2160.avi
1021,0.99584,2.28576,0.9991,49.9547,0.99989,0.90732,0.99507,0.99786,0.99892,100.0,0.61,0.55,0.49,0.66,50.27,50.74,51.26,49.95,0.995,0.994,0.994,0.995,/tmpdir/crf_16.mpd,/videos/BigBuckBunny-2160.avi
1022,0.99203,2.28576,0.99886,49.03268,0.99979,0.89476,0.98965,0.99487,0.99711,99.83319,0.79,0.86,0.62,0.81,49.17,48.81,50.21,49.03,0.994,0.992,0.992,0.995,/tmpdir/crf_16.mpd,/videos/BigBuckBunny-2160.avi
1023,0.99354,2.25849,0.99893,49.3508,0.9998,0.90061,0.99122,0.9955,0.99735,100.0,0.73,0.78,0.59,0.76,49.48,49.19,50.43,49.35,0.994,0.992,0.993,0.995,/tmpdir/crf_16.mpd,/videos/BigBuckBunny-2160.avi
1024,0.9924,2.25849,0.99885,48.97527,0.99978,0.89353,0.98947,0.99473,0.99696,99.86675,0.79,0.83,0.61,0.82,49.16,48.94,50.28,48.98,0.994,0.992,0.992,0.995,/tmpdir/crf_16.mpd,/videos/BigBuckBunny-2160.avi
1025,0.99585,2.24171,0.9991,49.98942,0.99989,0.90746,0.99502,0.99778,0.99882,100.0,0.61,0.54,0.48,0.65,50.31,50.78,51.3,49.99,0.995,0.994,0.994,0.995,/tmpdir/crf_16.mpd,/videos/BigBuckBunny-2160.avi
1026,0.99201,2.24171,0.99884,48.93899,0.99977,0.8937,0.98909,0.99436,0.99665,99.75963,0.8,0.85,0.62,0.83,49.11,48.83,50.22,48.94,0.994,0.992,0.992,0.995,/tmpdir/crf_16.mpd,/videos/BigBuckBunny-2160.avi
1027,0.99334,2.21834,0.99892,49.29139,0.99979,0.89984,0.99082,0.99522,0.99717,100.0,0.74,0.77,0.59,0.77,49.46,49.24,50.45,49.29,0.994,0.992,0.993,0.995,/tmpdir/crf_16.mpd,/videos/BigBuckBunny-2160.avi
1028,0.99227,2.21834,0.99885,49.02758,0.99978,0.8944,0.98961,0.99483,0.99708,99.83648,0.78,0.83,0.61,0.81,49.2,48.96,50.3,49.03,0.994,0.992,0.992,0.995,/tmpdir/crf_16.mpd,/videos/BigBuckBunny-2160.avi
1029,0.9957,2.18894,0.9991,50.00901,0.99989,0.90756,0.99503,0.99782,0.9989,100.0,0.6,0.54,0.48,0.65,50.33,50.8,51.33,50.01,0.995,0.994,0.994,0.995,/tmpdir/crf_16.mpd,/videos/BigBuckBunny-2160.avi
1030,0.99212,2.18894,0.99886,49.03162,0.99978,0.89448,0.98947,0.99472,0.99703,99.78892,0.78,0.84,0.61,0.81,49.19,48.88,50.29,49.03,0.994,0.992,0.992,0.995,/tmpdir/crf_16.mpd,/videos/BigBuckBunny-2160.avi
1031,0.99351,2.16589,0.99893,49.39299,0.9998,0.90065,0.99116,0.99548,0.99738,100.0,0.72,0.77,0.58,0.75,49.54,49.28,50.49,49.39,0.994,0.993,0.993,0.995,/tmpdir/crf_16.mpd,/videos/BigBuckBunny-2160.avi
1032,0.9921,2.16589,0.99885,49.0386,0.99978,0.89407,0.98953,0.9948,0.99705,99.77693,0.78,0.82,0.6,0.81,49.23,49.02,50.38,49.04,0.994,0.992,0.993,0.995,/tmpdir/crf_16.mpd,/videos/BigBuckBunny-2160.avi
1033,0.99562,2.14219,0.9991,50.02459,0.99989,0.90754,0.99494,0.99773,0.99879,100.0,0.6,0.54,0.47,0.65,50.35,50.83,51.37,50.02,0.995,0.994,0.994,0.995,/tmpdir/crf_16.mpd,/videos/BigBuckBunny-2160.avi
1034,0.99203,2.14219,0.99886,49.0984,0.99978,0.89508,0.98964,0.99479,0.99699,99.75038,0.77,0.83,0.61,0.8,49.25,48.92,50.31,49.1,0.994,0.992,0.993,0.995,/tmpdir/crf_16.mpd,/videos/BigBuckBunny-2160.avi
1035,0.99341,2.11816,0.99893,49.4126,0.9998,0.90049,0.9912,0.99556,0.99742,100.0,0.72,0.76,0.57,0.74,49.57,49.34,50.55,49.41,0.994,0.993,0.993,0.995,/tmpdir/crf_16.mpd,/videos/BigBuckBunny-2160.avi
1036,0.99227,2.11816,0.99885,49.07519,0.99978,0.89421,0.98951,0.99477,0.99702,99.78002,0.77,0.81,0.6,0.8,49.26,49.05,50.38,49.08,0.994,0.992,0.993,0.995,/tmpdir/crf_16.mpd,/videos/BigBuckBunny-2160.avi
1037,0.99583,2.10453,0.99909,50.04879,0.99989,0.90761,0.99498,0.99777,0.99883,100.0,0.6,0.53,0.47,0.64,50.38,50.88,51.38,50.05,0.995,0.994,0.994,0.995,/tmpdir/crf_16.mpd,/videos/BigBuckBunny-2160.avi
1038,0.99217,2.10453,0.99885,49.14606,0.99978,0.89521,0.98981,0.99499,0.99722,99.77731,0.77,0.83,0.6,0.79,49.29,48.96,50.34,49.15,0.994,0.992,0.993,0.995,/tmpdir/crf_16.mpd,/videos/BigBuckBunny-2160.avi
1039,0.99341,2.08069,0.99892,49.43589,0.9998,0.90084,0.99123,0.99549,0.9973,100.0,0.71,0.75,0.57,0.74,49.59,49.37,50.56,49.44,0.994,0.993,0.993,0.995,/tmpdir/crf_16.mpd,/videos/BigBuckBunny-2160.avi
1040,0.9925,2.08069,0.99885,49.15145,0.99978,0.89511,0.98977,0.99497,0.99717,99.81993,0.76,0.8,0.59,0.79,49.33,49.09,50.43,49.15,0.994,0.992,0.993,0.995,/tmpdir/crf_16.mpd,/videos/BigBuckBunny-2160.avi
1041,0.99571,2.0836,0.99909,50.06171,0.99989,0.90755,0.9949,0.99772,0.99882,100.0,0.59,0.53,0.47,0.64,50.39,50.88,51.4,50.06,0.995,0.994,0.994,0.995,/tmpdir/crf_16.mpd,/videos/BigBuckBunny-2160.avi
1042,0.99188,2.0836,0.99882,49.09986,0.99976,0.89492,0.98947,0.99467,0.99694,99.68642,0.77,0.81,0.6,0.8,49.28,49.06,50.36,49.1,0.994,0.992,0.993,0.995,/tmpdir/crf_16.mpd,/videos/BigBuckBunny-2160.avi
1043,0.99358,2.09175,0.9989,49.45446,0.99979,0.90096,0.99118,0.99547,0.9973,100.0,0.71,0.75,0.57,0.74,49.61,49.39,50.59,49.45,0.994,0.993,0.993,0.995,/tmpdir/crf_16.mpd,/videos/BigBuckBunny-2160.avi
1044,0.99229,2.09175,0.9988,49.03731,0.99975,0.8936,0.98906,0.9944,0.99671,99.73723,0.77,0.78,0.59,0.81,49.27,49.2,50.46,49.04,0.994,0.992,0.993,0.995,/tmpdir/crf_16.mpd,/videos/BigBuckBunny-2160.avi
1045,0.99572,2.07541,0.99906,50.08123,0.99988,0.90781,0.99496,0.99773,0.99878,100.0,0.59,0.53,0.47,0.64,50.41,50.92,51.42,50.08,0.995,0.994,0.994,0.995,/tmpdir/crf_16.mpd,/videos/BigBuckBunny-2160.avi
1046,0.99232,2.07541,0.99881,49.15758,0.99976,0.89564,0.98972,0.9948,0.99699,99.76937,0.76,0.81,0.6,0.79,49.32,49.03,50.37,49.16,0.994,0.992,0.993,0.995,/tmpdir/crf_16.mpd,/videos/BigBuckBunny-2160.avi
1047,0.99361,2.07555,0.99889,49.44897,0.99978,0.9008,0.99126,0.99556,0.99738,100.0,0.71,0.74,0.57,0.74,49.61,49.41,50.6,49.45,0.994,0.993,0.993,0.995,/tmpdir/crf_16.mpd,/videos/BigBuckBunny-2160.avi
1048,0.99242,2.07555,0.99879,49.10441,0.99975,0.89425,0.9893,0.99459,0.99677,99.7636,0.76,0.78,0.58,0.8,49.32,49.19,50.49,49.1,0.994,0.992,0.993,0.995,/tmpdir/crf_16.mpd,/videos/BigBuckBunny-2160.avi
1049,0.99582,2.06314,0.99905,50.09566,0.99988,0.90797,0.99509,0.99787,0.99891,100.0,0.59,0.52,0.46,0.64,50.43,50.95,51.47,50.1,0.995,0.994,0.994,0.995,/tmpdir/crf_16.mpd,/videos/BigBuckBunny-2160.avi
1050,0.99206,2.06314,0.99878,49.12342,0.99974,0.89504,0.98947,0.99463,0.99686,99.70318,0.76,0.79,0.59,0.8,49.33,49.17,50.45,49.12,0.994,0.992,0.993,0.995,/tmpdir/crf_16.mpd,/videos/BigBuckBunny-2160.avi
1051,0.99336,2.04073,0.99887,49.44041,0.99978,0.9003,0.99105,0.99545,0.99732,99.99005,0.71,0.74,0.56,0.74,49.62,49.45,50.62,49.44,0.994,0.993,0.993,0.995,/tmpdir/crf_16.mpd,/videos/BigBuckBunny-2160.avi
1052,0.99205,2.04073,0.99878,49.09747,0.99975,0.89409,0.98911,0.99441,0.99675,99.67402,0.76,0.76,0.57,0.8,49.34,49.3,50.56,49.1,0.994,0.992,0.993,0.995,/tmpdir/crf_16.mpd,/videos/BigBuckBunny-2160.avi
1053,0.99567,2.00542,0.99905,50.1241,0.99988,0.90799,0.99494,0.99772,0.99877,100.0,0.58,0.52,0.46,0.63,50.46,50.99,51.48,50.12,0.995,0.994,0.994,0.995,/tmpdir/crf_16.mpd,/videos/BigBuckBunny-2160.avi
1054,0.99226,2.00542,0.9988,49.215,0.99975,0.89586,0.98966,0.99475,0.99693,99.71891,0.75,0.79,0.58,0.78,49.39,49.17,50.47,49.21,0.994,0.992,0.993,0.995,/tmpdir/crf_16.mpd,/videos/BigBuckBunny-2160.avi
1055,0.99341,1.94443,0.99887,49.44927,0.99977,0.9004,0.99118,0.99558,0.99752,99.96773,0.71,0.73,0.56,0.74,49.64,49.48,50.66,49.45,0.994,0.993,0.993,0.995,/tmpdir/crf_16.mpd,/videos/BigBuckBunny-2160.avi
1056,0.99238,1.94443,0.99878,49.11944,0.99975,0.8942,0.98916,0.99448,0.99673,99.68444,0.75,0.75,0.56,0.8,49.38,49.39,50.63,49.12,0.994,0.993,0.993,0.995,/tmpdir/crf_16.mpd,/videos/BigBuckBunny-2160.avi
1057,0.99586,1.89761,0.99906,50.13785,0.99988,0.90784,0.99496,0.99776,0.99878,100.0,0.58,0.51,0.46,0.63,50.48,51.02,51.53,50.14,0.995,0.994,0.994,0.995,/tmpdir/crf_16.mpd,/videos/BigBuckBunny-2160.avi
1058,0.99216,1.89761,0.99881,49.24197,0.99976,0.89581,0.98962,0.99476,0.99702,99.65298,0.75,0.79,0.58,0.77,49.41,49.14,50.47,49.24,0.994,0.992,0.993,0.995,/tmpdir/crf_16.mpd,/videos/BigBuckBunny-2160.avi
1059,0.99334,1.86199,0.99889,49.4442,0.99978,0.89974,0.99103,0.99545,0.99735,99.89602,0.71,0.72,0.55,0.74,49.65,49.53,50.73,49.44,0.994,0.993,0.993,0.995,/tmpdir/crf_16.mpd,/videos/BigBuckBunny-2160.avi
1060,0.99277,1.86199,0.99882,49.27332,0.99976,0.89541,0.98968,0.99487,0.99707,99.74849,0.73,0.75,0.55,0.77,49.5,49.4,50.69,49.27,0.994,0.993,0.993,0.995,/tmpdir/crf_16.mpd,/videos/BigBuckBunny-2160.avi
1061,0.99567,1.81507,0.99906,50.16161,0.99989,0.90777,0.99493,0.9977,0.99874,100.0,0.58,0.51,0.45,0.63,50.51,51.04,51.56,50.16,0.995,0.994,0.994,0.995,/tmpdir/crf_16.mpd,/videos/BigBuckBunny-2160.avi
1062,0.99194,1.81507,0.99883,49.29054,0.99977,0.89563,0.98959,0.99473,0.99693,99.56527,0.73,0.78,0.57,0.77,49.47,49.24,50.58,49.29,0.994,0.992,0.993,0.995,/tmpdir/crf_16.mpd,/videos/BigBuckBunny-2160.avi
1063,0.99292,1.776,0.9989,49.4947,0.99979,0.90045,0.9911,0.99546,0.99741,99.78565,0.7,0.72,0.55,0.73,49.69,49.56,50.72,49.49,0.994,0.993,0.993,0.995,/tmpdir/crf_16.mpd,/videos/BigBuckBunny-2160.avi
1064,0.99234,1.776,0.99883,49.27764,0.99977,0.89528,0.98966,0.99486,0.99709,99.63038,0.73,0.74,0.56,0.77,49.51,49.44,50.69,49.28,0.994,0.993,0.993,0.995,/tmpdir/crf_16.mpd,/videos/BigBuckBunny-2160.avi
1065,0.99569,1.73917,0.99906,50.1695,0.99989,0.90754,0.99488,0.9977,0.99876,100.0,0.58,0.51,0.45,0.63,50.52,51.06,51.57,50.17,0.995,0.994,0.994,0.995,/tmpdir/crf_16.mpd,/videos/BigBuckBunny-2160.avi
1066,0.99228,1.73917,0.99884,49.29516,0.99977,0.89557,0.98961,0.99472,0.9969,99.58484,0.73,0.77,0.57,0.76,49.48,49.26,50.59,49.3,0.994,0.992,0.993,0.995,/tmpdir/crf_16.mpd,/videos/BigBuckBunny-2160.avi
1067,0.99319,1.72247,0.99888,49.43835,0.99978,0.8993,0.99061,0.99511,0.99703,99.76848,0.71,0.72,0.55,0.74,49.65,49.56,50.72,49.44,0.994,0.993,0.993,0.995,/tmpdir/crf_16.mpd,/videos/BigBuckBunny-2160.avi
1068,0.99272,1.72247,0.99883,49.27726,0.99977,0.89483,0.98948,0.99474,0.997,99.66095,0.72,0.72,0.55,0.77,49.53,49.53,50.74,49.28,0.994,0.993,0.993,0.995,/tmpdir/crf_16.mpd,/videos/BigBuckBunny-2160.avi
1069,0.99573,1.69869,0.99906,50.18961,0.99989,0.9075,0.99481,0.99767,0.99874,100.0,0.57,0.51,0.45,0.62,50.54,51.08,51.58,50.19,0.995,0.994,0.994,0.995,/tmpdir/crf_16.mpd,/videos/BigBuckBunny-2160.avi
1070,0.99231,1.69869,0.99882,49.24971,0.99976,0.89516,0.98951,0.99469,0.99693,99.57034,0.74,0.76,0.57,0.77,49.46,49.31,50.6,49.25,0.994,0.992,0.993,0.995,/tmpdir/crf_16.mpd,/videos/BigBuckBunny-2160.avi
1071,0.99335,1.6713,0.99891,49.56856,0.99979,0.90047,0.99117,0.9955,0.99732,99.8043,0.69,0.72,0.55,0.72,49.74,49.54,50.73,49.57,0.994,0.993,0.993,0.995,/tmpdir/crf_16.mpd,/videos/BigBuckBunny-2160.avi
1072,0.99247,1.6713,0.99881,49.24576,0.99976,0.89436,0.98924,0.99452,0.99679,99.56875,0.73,0.72,0.55,0.77,49.51,49.53,50.74,49.25,0.994,0.993,0.993,0.995,/tmpdir/crf_16.mpd,/videos/BigBuckBunny-2160.avi
1073,0.99548,1.6351,0.99905,50.19421,0.99988,0.90731,0.9948,0.9977,0.99879,100.0,0.57,0.51,0.45,0.62,50.54,51.07,51.59,50.19,0.995,0.994,0.994,0.995,/tmpdir/crf_16.mpd,/videos/BigBuckBunny-2160.avi
1074,0.99218,1.6351,0.99882,49.31589,0.99976,0.8953,0.98942,0.99461,0.9969,99.5118,0.73,0.78,0.57,0.76,49.49,49.21,50.6,49.32,0.994,0.992,0.993,0.995,/tmpdir/crf_16.mpd,/videos/BigBuckBunny-2160.avi
1075,0.99322,1.60764,0.99889,49.57168,0.99979,0.89995,0.99089,0.99533,0.99727,99.74038,0.69,0.73,0.55,0.72,49.74,49.52,50.74,49.57,0.994,0.993,0.993,0.995,/tmpdir/crf_16.mpd,/videos/BigBuckBunny-2160.avi
1076,0.99255,1.60764,0.99883,49.33584,0.99977,0.89495,0.98958,0.99479,0.99697,99.5735,0.72,0.73,0.55,0.76,49.57,49.51,50.75,49.34,0.994,0.993,0.993,0.995,/tmpdir/crf_16.mpd,/videos/BigBuckBunny-2160.avi
1077,0.99544,1.59337,0.99904,50.15416,0.99988,0.90633,0.99451,0.99751,0.99864,100.0,0.58,0.51,0.45,0.63,50.51,51.05,51.58,50.15,0.995,0.994,0.994,0.995,/tmpdir/crf_16.mpd,/videos/BigBuckBunny-2160.avi
1078,0.99279,1.59337,0.9989,49.649,0.99982,0.89776,0.99024,0.99511,0.99717,99.63768,0.67,0.7,0.53,0.7,49.84,49.67,50.91,49.65,0.994,0.993,0.993,0.995,/tmpdir/crf_16.mpd,/videos/BigBuckBunny-2160.avi
1079,0.99235,1.55171,0.99883,49.40852,0.99977,0.89564,0.98954,0.99467,0.99685,99.49937,0.72,0.76,0.56,0.75,49.57,49.3,50.65,49.41,0.994,0.992,0.993,0.995,/tmpdir/crf_16.mpd,/videos/BigBuckBunny-2160.avi
1080,0.9953,1.55171,0.99904,50.20945,0.99988,0.90697,0.9946,0.99754,0.99865,100.0,0.57,0.5,0.44,0.62,50.56,51.1,51.66,50.21,0.995,0.994,0.994,0.995,/tmpdir/crf_16.mpd,/videos/BigBuckBunny-2160.avi
1081,0.99777,1.53576,0.99956,52.90354,0.99996,0.94475,0.99788,0.99905,0.99947,100.0,0.3,0.24,0.22,0.33,53.38,54.34,54.7,52.9,0.997,0.997,0.997,0.997,/tmpdir/crf_16.mpd,/videos/BigBuckBunny-2160.avi
1082,0.99399,1.53576,0.99914,50.38407,0.99985,0.91395,0.99215,0.99623,0.99802,99.95891,0.54,0.5,0.36,0.6,50.81,51.11,52.63,50.38,0.996,0.995,0.995,0.996,/tmpdir/crf_16.mpd,/videos/BigBuckBunny-2160.avi
1083,0.99464,1.50678,0.99915,50.57403,0.99985,0.91646,0.99305,0.99663,0.99819,100.0,0.53,0.51,0.37,0.57,50.92,51.04,52.47,50.57,0.996,0.995,0.995,0.996,/tmpdir/crf_16.mpd,/videos/BigBuckBunny-2160.avi
1084,0.99364,1.50678,0.99909,50.21613,0.99984,0.91101,0.9914,0.99574,0.99765,99.83562,0.56,0.52,0.38,0.62,50.64,50.99,52.38,50.22,0.995,0.995,0.995,0.996,/tmpdir/crf_16.mpd,/videos/BigBuckBunny-2160.avi
1085,0.9958,1.46844,0.99923,50.99674,0.9999,0.9201,0.99524,0.99786,0.99894,100.0,0.46,0.38,0.32,0.52,51.49,52.28,53.11,51.0,0.996,0.996,0.996,0.996,/tmpdir/crf_16.mpd,/videos/BigBuckBunny-2160.avi
1086,0.99312,1.46844,0.99904,50.05885,0.99982,0.9083,0.99097,0.99546,0.99742,99.69351,0.61,0.64,0.43,0.64,50.31,50.09,51.8,50.06,0.995,0.994,0.995,0.996,/tmpdir/crf_16.mpd,/videos/BigBuckBunny-2160.avi
1087,0.99385,1.44229,0.99908,50.26475,0.99983,0.9122,0.99194,0.99582,0.99752,99.8382,0.58,0.59,0.42,0.61,50.53,50.43,51.91,50.26,0.995,0.994,0.995,0.996,/tmpdir/crf_16.mpd,/videos/BigBuckBunny-2160.avi
1088,0.9929,1.44229,0.99902,49.94789,0.99981,0.90645,0.99041,0.99513,0.99726,99.6159,0.61,0.6,0.43,0.66,50.27,50.32,51.78,49.95,0.995,0.994,0.995,0.996,/tmpdir/crf_16.mpd,/videos/BigBuckBunny-2160.avi
1089,0.99587,1.42609,0.99921,50.94804,0.9999,0.91887,0.99522,0.99783,0.99888,100.0,0.47,0.39,0.33,0.52,51.42,52.17,52.93,50.95,0.996,0.996,0.996,0.996,/tmpdir/crf_16.mpd,/videos/BigBuckBunny-2160.avi
1090,0.99308,1.42609,0.999,49.95314,0.99981,0.90613,0.99077,0.99537,0.99743,99.65631,0.62,0.63,0.44,0.66,50.22,50.12,51.67,49.95,0.995,0.994,0.994,0.995,/tmpdir/crf_16.mpd,/videos/BigBuckBunny-2160.avi
1091,0.99404,1.38768,0.99904,50.22946,0.99982,0.91075,0.99207,0.99596,0.99769,99.85753,0.59,0.63,0.45,0.62,50.42,50.17,51.61,50.23,0.995,0.994,0.994,0.996,/tmpdir/crf_16.mpd,/videos/BigBuckBunny-2160.avi
1092,0.99324,1.38768,0.99898,49.92527,0.99981,0.90475,0.99064,0.99539,0.99745,99.6641,0.62,0.63,0.46,0.66,50.19,50.1,51.53,49.93,0.995,0.994,0.994,0.995,/tmpdir/crf_16.mpd,/videos/BigBuckBunny-2160.avi
1093,0.99587,1.36252,0.99919,50.84888,0.99989,0.91701,0.99514,0.99785,0.99888,100.0,0.49,0.42,0.36,0.53,51.25,51.85,52.58,50.85,0.996,0.995,0.995,0.996,/tmpdir/crf_16.mpd,/videos/BigBuckBunny-2160.avi
1094,0.99261,1.36252,0.99898,49.89872,0.99981,0.90462,0.99066,0.99532,0.99735,99.53183,0.63,0.66,0.47,0.67,50.12,49.91,51.41,49.9,0.995,0.993,0.994,0.995,/tmpdir/crf_16.mpd,/videos/BigBuckBunny-2160.avi
1095,0.99363,1.33726,0.99903,50.14718,0.99981,0.90909,0.99186,0.99589,0.99771,99.75311,0.6,0.64,0.47,0.63,50.32,50.06,51.43,50.15,0.995,0.994,0.994,0.996,/tmpdir/crf_16.mpd,/videos/BigBuckBunny-2160.avi
1096,0.99269,1.33726,0.99897,49.84548,0.9998,0.90347,0.99044,0.99526,0.99735,99.52717,0.64,0.65,0.47,0.67,50.09,49.99,51.37,49.85,0.995,0.994,0.994,0.995,/tmpdir/crf_16.mpd,/videos/BigBuckBunny-2160.avi
1097,0.99576,1.32233,0.99917,50.79581,0.99989,0.9159,0.99513,0.99782,0.9989,100.0,0.5,0.43,0.37,0.54,51.18,51.75,52.45,50.8,0.996,0.995,0.995,0.996,/tmpdir/crf_16.mpd,/videos/BigBuckBunny-2160.avi
1098,0.99288,1.32233,0.99895,49.79755,0.9998,0.90284,0.99031,0.99509,0.99721,99.5384,0.64,0.66,0.48,0.68,50.05,49.94,51.35,49.8,0.995,0.993,0.994,0.995,/tmpdir/crf_16.mpd,/videos/BigBuckBunny-2160.avi
1099,0.99371,1.2836,0.99901,50.07665,0.99981,0.90797,0.99181,0.99591,0.99773,99.74017,0.61,0.64,0.48,0.64,50.26,50.06,51.33,50.08,0.995,0.994,0.994,0.995,/tmpdir/crf_16.mpd,/videos/BigBuckBunny-2160.avi
1100,0.99268,1.2836,0.99894,49.80277,0.99979,0.90248,0.99038,0.99517,0.99723,99.48609,0.64,0.65,0.48,0.68,50.05,49.97,51.29,49.8,0.995,0.993,0.994,0.995,/tmpdir/crf_16.mpd,/videos/BigBuckBunny-2160.avi
1101,0.99576,1.31939,0.99915,50.75034,0.99989,0.91506,0.99513,0.99786,0.99892,100.0,0.5,0.45,0.38,0.55,51.12,51.65,52.31,50.75,0.995,0.995,0.995,0.996,/tmpdir/crf_16.mpd,/videos/BigBuckBunny-2160.avi
1102,0.99297,1.31939,0.99892,49.79931,0.99979,0.9024,0.99043,0.99522,0.99727,99.55886,0.65,0.67,0.49,0.68,50.03,49.89,51.27,49.8,0.995,0.993,0.994,0.995,/tmpdir/crf_16.mpd,/videos/BigBuckBunny-2160.avi
1103,0.99353,1.3155,0.99895,49.99884,0.99979,0.90667,0.99158,0.99569,0.99752,99.69886,0.62,0.64,0.48,0.65,50.2,50.06,51.29,50.0,0.995,0.994,0.994,0.995,/tmpdir/crf_16.mpd,/videos/BigBuckBunny-2160.avi
1104,0.99272,1.3155,0.99888,49.7619,0.99977,0.90193,0.9904,0.99523,0.99729,99.51276,0.65,0.67,0.5,0.69,49.98,49.85,51.16,49.76,0.995,0.993,0.994,0.995,/tmpdir/crf_16.mpd,/videos/BigBuckBunny-2160.avi
1105,0.99567,1.26779,0.99911,50.68297,0.99988,0.9141,0.99513,0.99779,0.99878,100.0,0.51,0.45,0.39,0.56,51.05,51.59,52.22,50.68,0.995,0.995,0.995,0.996,/tmpdir/crf_16.mpd,/videos/BigBuckBunny-2160.avi
1106,0.99261,1.26779,0.99888,49.77818,0.99978,0.90193,0.99037,0.99509,0.99715,99.45699,0.65,0.68,0.5,0.68,49.98,49.8,51.17,49.78,0.995,0.993,0.994,0.995,/tmpdir/crf_16.mpd,/videos/BigBuckBunny-2160.avi
1107,0.99355,1.29041,0.99893,49.99881,0.99979,0.90671,0.99185,0.99592,0.99773,99.71191,0.62,0.64,0.49,0.65,50.2,50.1,51.26,50.0,0.995,0.994,0.994,0.995,/tmpdir/crf_16.mpd,/videos/BigBuckBunny-2160.avi
1108,0.99247,1.29041,0.99886,49.71855,0.99976,0.90125,0.99025,0.99511,0.99723,99.44715,0.66,0.68,0.51,0.69,49.94,49.82,51.09,49.72,0.995,0.993,0.994,0.995,/tmpdir/crf_16.mpd,/videos/BigBuckBunny-2160.avi
1109,0.99558,1.27497,0.99908,50.63786,0.99987,0.91349,0.9951,0.99779,0.99886,100.0,0.52,0.45,0.4,0.56,51.01,51.57,52.16,50.64,0.995,0.995,0.995,0.995,/tmpdir/crf_16.mpd,/videos/BigBuckBunny-2160.avi
1110,0.99258,1.27497,0.99886,49.77078,0.99977,0.90187,0.99043,0.99519,0.99724,99.46441,0.65,0.68,0.5,0.69,49.98,49.82,51.12,49.77,0.995,0.993,0.994,0.995,/tmpdir/crf_16.mpd,/videos/BigBuckBunny-2160.avi
1111,0.99352,1.28646,0.9989,49.99627,0.99977,0.90612,0.99159,0.99568,0.99745,99.67694,0.62,0.63,0.49,0.65,50.2,50.13,51.24,50.0,0.995,0.994,0.994,0.995,/tmpdir/crf_16.mpd,/videos/BigBuckBunny-2160.avi
1112,0.99217,1.28646,0.99882,49.67964,0.99975,0.90064,0.99016,0.99502,0.9971,99.37921,0.67,0.69,0.51,0.7,49.89,49.76,51.04,49.68,0.994,0.993,0.994,0.995,/tmpdir/crf_16.mpd,/videos/BigBuckBunny-2160.avi
1113,0.99558,1.28568,0.99906,50.60114,0.99987,0.91283,0.99509,0.99774,0.99874,100.0,0.52,0.45,0.4,0.57,50.98,51.6,52.16,50.6,0.995,0.995,0.995,0.995,/tmpdir/crf_16.mpd,/videos/BigBuckBunny-2160.avi
1114,0.99262,1.28568,0.99884,49.77251,0.99976,0.90141,0.99041,0.99515,0.99719,99.47072,0.65,0.67,0.5,0.69,49.98,49.85,51.11,49.77,0.995,0.993,0.994,0.995,/tmpdir/crf_16.mpd,/videos/BigBuckBunny-2160.avi
1115,0.99349,1.26206,0.9989,49.98682,0.99978,0.90589,0.99175,0.9958,0.99753,99.66715,0.62,0.62,0.49,0.65,50.21,50.21,51.26,49.99,0.995,0.994,0.994,0.995,/tmpdir/crf_16.mpd,/videos/BigBuckBunny-2160.avi
1116,0.99234,1.26206,0.9988,49.61658,0.99973,0.89989,0.98998,0.99487,0.99696,99.38153,0.67,0.68,0.51,0.71,49.86,49.82,51.04,49.62,0.994,0.993,0.994,0.995,/tmpdir/crf_16.mpd,/videos/BigBuckBunny-2160.avi
1117,0.99578,1.2034,0.99907,50.60329,0.99987,0.91246,0.99519,0.99784,0.99881,100.0,0.52,0.45,0.4,0.57,50.98,51.58,52.12,50.6,0.995,0.995,0.995,0.995,/tmpdir/crf_16.mpd,/videos/BigBuckBunny-2160.avi
1118,0.99279,1.2034,0.99884,49.75806,0.99976,0.90099,0.99032,0.99512,0.99719,99.45922,0.65,0.66,0.5,0.69,49.99,49.93,51.13,49.76,0.995,0.993,0.994,0.995,/tmpdir/crf_16.mpd,/videos/BigBuckBunny-2160.avi
1119,0.99374,1.13795,0.99891,49.99819,0.99978,0.90553,0.99161,0.99569,0.99745,99.64242,0.62,0.61,0.49,0.65,50.23,50.27,51.25,50.0,0.995,0.994,0.994,0.995,/tmpdir/crf_16.mpd,/videos/BigBuckBunny-2160.avi
1120,0.99249,1.13795,0.99882,49.69957,0.99974,0.90019,0.99005,0.995,0.99719,99.36807,0.66,0.68,0.51,0.7,49.91,49.81,51.03,49.7,0.994,0.993,0.994,0.995,/tmpdir/crf_16.mpd,/videos/BigBuckBunny-2160.avi
1121,0.99561,1.09084,0.99908,50.6294,0.99988,0.91237,0.99519,0.99782,0.99881,100.0,0.52,0.45,0.4,0.56,51.0,51.61,52.11,50.63,0.995,0.995,0.995,0.995,/tmpdir/crf_16.mpd,/videos/BigBuckBunny-2160.avi
1122,0.9926,1.09084,0.99886,49.79494,0.99977,0.90087,0.99039,0.99518,0.99726,99.37561,0.65,0.66,0.5,0.68,50.02,49.95,51.16,49.79,0.995,0.993,0.994,0.995,/tmpdir/crf_16.mpd,/videos/BigBuckBunny-2160.avi
1123,0.99342,1.04263,0.99893,49.98505,0.99979,0.90542,0.99148,0.99557,0.9974,99.53331,0.62,0.6,0.48,0.65,50.23,50.33,51.28,49.99,0.995,0.994,0.994,0.995,/tmpdir/crf_16.mpd,/videos/BigBuckBunny-2160.avi
1124,0.99249,1.04263,0.99885,49.7447,0.99975,0.90032,0.9901,0.99499,0.99714,99.31887,0.66,0.68,0.51,0.69,49.95,49.82,51.06,49.74,0.994,0.993,0.994,0.995,/tmpdir/crf_16.mpd,/videos/BigBuckBunny-2160.avi
1125,0.99558,0.98774,0.99909,50.65444,0.99988,0.91235,0.99514,0.9978,0.99879,100.0,0.51,0.45,0.4,0.56,51.02,51.64,52.12,50.65,0.995,0.995,0.995,0.995,/tmpdir/crf_16.mpd,/videos/BigBuckBunny-2160.avi
1126,0.99271,0.98774,0.99889,49.82194,0.99978,0.90082,0.9902,0.99499,0.99711,99.33109,0.64,0.65,0.5,0.68,50.05,50.0,51.15,49.82,0.995,0.993,0.994,0.995,/tmpdir/crf_16.mpd,/videos/BigBuckBunny-2160.avi
1127,0.99364,0.95588,0.99895,50.01017,0.99979,0.90502,0.99147,0.99564,0.99745,99.53376,0.61,0.6,0.48,0.65,50.26,50.36,51.29,50.01,0.995,0.994,0.994,0.995,/tmpdir/crf_16.mpd,/videos/BigBuckBunny-2160.avi
1128,0.99271,0.95588,0.99887,49.81016,0.99976,0.90068,0.99013,0.99503,0.99715,99.31838,0.65,0.67,0.5,0.68,50.01,49.87,51.12,49.81,0.995,0.993,0.994,0.995,/tmpdir/crf_16.mpd,/videos/BigBuckBunny-2160.avi
1129,0.99557,0.92761,0.9991,50.6754,0.99989,0.91231,0.99501,0.99768,0.99872,100.0,0.51,0.45,0.4,0.56,51.04,51.63,52.13,50.68,0.995,0.995,0.995,0.995,/tmpdir/crf_16.mpd,/videos/BigBuckBunny-2160.avi
1130,0.99293,0.92761,0.99889,49.866,0.99978,0.90123,0.99032,0.99507,0.99712,99.34512,0.64,0.65,0.49,0.67,50.08,49.98,51.19,49.87,0.995,0.993,0.994,0.995,/tmpdir/crf_16.mpd,/videos/BigBuckBunny-2160.avi
1131,0.9938,0.90335,0.99897,50.08971,0.9998,0.90595,0.99166,0.99575,0.99749,99.54645,0.6,0.6,0.48,0.64,50.32,50.37,51.31,50.09,0.995,0.994,0.994,0.995,/tmpdir/crf_16.mpd,/videos/BigBuckBunny-2160.avi
1132,0.99277,0.90335,0.99888,49.81388,0.99976,0.90079,0.99014,0.99506,0.99719,99.30746,0.65,0.67,0.5,0.68,50.02,49.89,51.14,49.81,0.995,0.993,0.994,0.995,/tmpdir/crf_16.mpd,/videos/BigBuckBunny-2160.avi
1133,0.9955,0.87924,0.9991,50.68918,0.99989,0.91238,0.99508,0.99778,0.9988,100.0,0.51,0.44,0.4,0.55,51.05,51.66,52.14,50.69,0.995,0.995,0.995,0.995,/tmpdir/crf_16.mpd,/videos/BigBuckBunny-2160.avi
1134,0.99289,0.87924,0.99889,49.85696,0.99978,0.9012,0.99041,0.99518,0.99724,99.32656,0.64,0.64,0.49,0.67,50.09,50.05,51.19,49.86,0.995,0.993,0.994,0.995,/tmpdir/crf_16.mpd,/videos/BigBuckBunny-2160.avi
1135,0.99395,0.85787,0.99897,50.09513,0.9998,0.9062,0.99164,0.99571,0.99748,99.54964,0.61,0.6,0.48,0.64,50.31,50.33,51.29,50.1,0.995,0.994,0.994,0.995,/tmpdir/crf_16.mpd,/videos/BigBuckBunny-2160.avi
1136,0.99282,0.85787,0.99888,49.84246,0.99976,0.90091,0.99014,0.99502,0.99713,99.29056,0.64,0.66,0.49,0.67,50.06,49.96,51.19,49.84,0.995,0.993,0.994,0.995,/tmpdir/crf_16.mpd,/videos/BigBuckBunny-2160.avi
1137,0.99547,0.83751,0.9991,50.69957,0.99988,0.9123,0.99498,0.99771,0.99877,99.97323,0.51,0.44,0.4,0.55,51.06,51.65,52.14,50.7,0.995,0.995,0.995,0.995,/tmpdir/crf_16.mpd,/videos/BigBuckBunny-2160.avi
1138,0.9929,0.83751,0.9989,49.9327,0.99978,0.90185,0.99038,0.9951,0.99715,99.30119,0.63,0.63,0.49,0.66,50.16,50.11,51.25,49.93,0.995,0.994,0.994,0.995,/tmpdir/crf_16.mpd,/videos/BigBuckBunny-2160.avi
1139,0.99373,0.82026,0.99896,50.06587,0.9998,0.90542,0.99143,0.99558,0.99741,99.48228,0.61,0.61,0.49,0.64,50.28,50.3,51.27,50.07,0.995,0.994,0.994,0.995,/tmpdir/crf_16.mpd,/videos/BigBuckBunny-2160.avi
1140,0.9924,0.82026,0.99887,49.79237,0.99976,0.90071,0.98974,0.99466,0.99682,99.16703,0.64,0.64,0.49,0.68,50.04,50.06,51.19,49.79,0.995,0.993,0.994,0.995,/tmpdir/crf_16.mpd,/videos/BigBuckBunny-2160.avi
1141,0.99544,0.80588,0.9991,50.71495,0.99988,0.91238,0.99497,0.9977,0.99874,99.94968,0.51,0.45,0.4,0.55,51.07,51.65,52.13,50.71,0.995,0.995,0.995,0.995,/tmpdir/crf_16.mpd,/videos/BigBuckBunny-2160.avi
1142,0.99275,0.80588,0.99889,49.90283,0.99977,0.90176,0.99021,0.99499,0.99704,99.24916,0.63,0.63,0.49,0.66,50.14,50.14,51.25,49.9,0.995,0.994,0.994,0.995,/tmpdir/crf_16.mpd,/videos/BigBuckBunny-2160.avi
1143,0.99333,0.77046,0.99896,50.08843,0.9998,0.90567,0.99156,0.99565,0.9974,99.3897,0.61,0.61,0.48,0.64,50.29,50.25,51.28,50.09,0.995,0.994,0.994,0.995,/tmpdir/crf_16.mpd,/videos/BigBuckBunny-2160.avi
1144,0.99274,0.77046,0.99888,49.86488,0.99976,0.9013,0.98999,0.99483,0.99693,99.21793,0.64,0.64,0.49,0.67,50.1,50.08,51.23,49.86,0.995,0.993,0.994,0.995,/tmpdir/crf_16.mpd,/videos/BigBuckBunny-2160.avi
1145,0.99535,0.7407,0.99909,50.71145,0.99988,0.91223,0.99494,0.99769,0.99875,99.90306,0.51,0.45,0.4,0.55,51.07,51.64,52.15,50.71,0.995,0.995,0.995,0.995,/tmpdir/crf_16.mpd,/videos/BigBuckBunny-2160.avi
1146,0.9928,0.7407,0.99889,49.94041,0.99977,0.9018,0.9902,0.99505,0.99713,99.23567,0.62,0.61,0.48,0.66,50.2,50.26,51.35,49.94,0.995,0.994,0.994,0.995,/tmpdir/crf_16.mpd,/videos/BigBuckBunny-2160.avi
1147,0.99306,0.73095,0.99895,50.1153,0.99979,0.9059,0.99153,0.99565,0.99744,99.32683,0.61,0.62,0.48,0.63,50.31,50.22,51.29,50.12,0.995,0.994,0.994,0.995,/tmpdir/crf_16.mpd,/videos/BigBuckBunny-2160.avi
1148,0.9927,0.73095,0.99888,49.89238,0.99976,0.90161,0.99007,0.99494,0.99701,99.19987,0.63,0.63,0.49,0.67,50.13,50.12,51.23,49.89,0.995,0.994,0.994,0.995,/tmpdir/crf_16.mpd,/videos/BigBuckBunny-2160.avi
1149,0.9954,0.72691,0.99908,50.69572,0.99988,0.91192,0.99487,0.99767,0.99873,99.90213,0.51,0.45,0.4,0.55,51.05,51.64,52.11,50.7,0.995,0.995,0.995,0.995,/tmpdir/crf_16.mpd,/videos/BigBuckBunny-2160.avi
1150,0.99252,0.72691,0.99887,49.86713,0.99976,0.90106,0.9896,0.99454,0.99676,99.13696,0.63,0.61,0.48,0.67,50.15,50.29,51.32,49.87,0.995,0.994,0.994,0.995,/tmpdir/crf_16.mpd,/videos/BigBuckBunny-2160.avi
1151,0.99228,0.68274,0.99888,49.88341,0.99977,0.90185,0.98993,0.99462,0.99668,99.0734,0.63,0.62,0.49,0.67,50.14,50.19,51.26,49.88,0.995,0.994,0.994,0.995,/tmpdir/crf_16.mpd,/videos/BigBuckBunny-2160.avi
1152,0.99181,0.68274,0.99887,49.8772,0.99976,0.90115,0.9897,0.99467,0.99684,99.00006,0.63,0.63,0.49,0.67,50.13,50.16,51.25,49.88,0.995,0.994,0.994,0.995,/tmpdir/crf_16.mpd,/videos/BigBuckBunny-2160.avi
1153,0.99519,0.7095,0.99906,50.68297,0.99987,0.91166,0.99467,0.99753,0.99863,99.84669,0.51,0.45,0.4,0.56,51.03,51.61,52.08,50.68,0.995,0.995,0.994,0.995,/tmpdir/crf_16.mpd,/videos/BigBuckBunny-2160.avi
1154,0.99172,0.7095,0.99887,49.91837,0.99977,0.90175,0.99,0.99488,0.99699,99.01429,0.62,0.6,0.48,0.66,50.2,50.35,51.35,49.92,0.995,0.994,0.994,0.995,/tmpdir/crf_16.mpd,/videos/BigBuckBunny-2160.avi
1155,0.99264,0.75123,0.99888,50.00346,0.99977,0.90373,0.99072,0.99515,0.99707,99.21735,0.63,0.66,0.5,0.65,50.17,49.95,51.15,50.0,0.995,0.993,0.994,0.995,/tmpdir/crf_16.mpd,/videos/BigBuckBunny-2160.avi
1156,0.99169,0.75123,0.99882,49.73564,0.99974,0.89974,0.98923,0.99443,0.99671,98.99179,0.65,0.66,0.5,0.69,49.97,49.94,51.13,49.74,0.995,0.993,0.994,0.995,/tmpdir/crf_16.mpd,/videos/BigBuckBunny-2160.avi
1157,0.99524,0.80255,0.99902,50.6035,0.99985,0.91076,0.99459,0.99751,0.99864,99.89517,0.52,0.45,0.4,0.57,50.98,51.59,52.1,50.6,0.995,0.995,0.995,0.995,/tmpdir/crf_16.mpd,/videos/BigBuckBunny-2160.avi
1158,0.99217,0.80255,0.9988,49.78619,0.99974,0.89966,0.98966,0.99465,0.99684,99.11489,0.64,0.63,0.49,0.68,50.06,50.14,51.24,49.79,0.995,0.994,0.994,0.995,/tmpdir/crf_16.mpd,/videos/BigBuckBunny-2160.avi
1159,0.99232,0.90587,0.99883,49.9264,0.99975,0.90274,0.99049,0.995,0.99699,99.22006,0.64,0.68,0.51,0.66,50.07,49.79,51.02,49.93,0.994,0.993,0.993,0.995,/tmpdir/crf_16.mpd,/videos/BigBuckBunny-2160.avi
1160,0.99106,0.90587,0.99874,49.62496,0.99971,0.89754,0.98888,0.99412,0.99644,98.92065,0.68,0.7,0.52,0.71,49.83,49.68,50.96,49.62,0.994,0.993,0.993,0.995,/tmpdir/crf_16.mpd,/videos/BigBuckBunny-2160.avi
1161,0.99489,0.98166,0.99897,50.51062,0.99984,0.90932,0.99452,0.99744,0.99853,99.90462,0.53,0.46,0.41,0.58,50.9,51.54,52.05,50.51,0.995,0.995,0.994,0.995,/tmpdir/crf_16.mpd,/videos/BigBuckBunny-2160.avi
1162,0.992,0.98166,0.99874,49.67754,0.99973,0.8974,0.98922,0.99438,0.99657,99.13906,0.66,0.65,0.5,0.7,49.94,49.97,51.13,49.68,0.994,0.993,0.994,0.995,/tmpdir/crf_16.mpd,/videos/BigBuckBunny-2160.avi
1163,0.99306,1.13173,0.99879,49.85091,0.99975,0.90107,0.99068,0.99519,0.99717,99.47201,0.65,0.68,0.52,0.67,50.02,49.83,51.0,49.85,0.994,0.993,0.993,0.995,/tmpdir/crf_16.mpd,/videos/BigBuckBunny-2160.avi
1164,0.99245,1.13173,0.9987,49.62344,0.99972,0.89611,0.98903,0.99431,0.99665,99.29113,0.68,0.71,0.53,0.71,49.81,49.62,50.9,49.62,0.994,0.993,0.993,0.995,/tmpdir/crf_16.mpd,/videos/BigBuckBunny-2160.avi
1165,0.9951,1.45154,0.99893,50.37261,0.99985,0.90696,0.99451,0.99752,0.99862,100.0,0.54,0.46,0.41,0.6,50.77,51.46,51.95,50.37,0.995,0.995,0.994,0.995,/tmpdir/crf_16.mpd,/videos/BigBuckBunny-2160.avi
1166,0.99198,1.45154,0.99869,49.54568,0.99973,0.89421,0.98888,0.99429,0.9966,99.35449,0.68,0.69,0.52,0.72,49.78,49.74,50.93,49.55,0.994,0.993,0.993,0.995,/tmpdir/crf_16.mpd,/videos/BigBuckBunny-2160.avi
1167,0.99252,1.62627,0.99873,49.61258,0.99975,0.89684,0.99016,0.99495,0.99694,99.58499,0.67,0.66,0.52,0.71,49.87,49.92,50.99,49.61,0.994,0.993,0.993,0.995,/tmpdir/crf_16.mpd,/videos/BigBuckBunny-2160.avi
1168,0.99151,1.62627,0.99862,49.29786,0.99972,0.89071,0.98852,0.99419,0.99651,99.33849,0.72,0.73,0.55,0.76,49.54,49.47,50.73,49.3,0.994,0.993,0.993,0.994,/tmpdir/crf_16.mpd,/videos/BigBuckBunny-2160.avi
1169,0.99508,1.87578,0.99889,50.16121,0.99985,0.90362,0.99439,0.9975,0.99857,100.0,0.57,0.48,0.43,0.63,50.58,51.35,51.82,50.16,0.995,0.994,0.994,0.995,/tmpdir/crf_16.mpd,/videos/BigBuckBunny-2160.avi
1170,0.99137,1.87578,0.99863,49.28527,0.99973,0.89069,0.98862,0.99416,0.99645,99.43375,0.72,0.7,0.54,0.77,49.56,49.66,50.78,49.29,0.994,0.993,0.993,0.994,/tmpdir/crf_16.mpd,/videos/BigBuckBunny-2160.avi
1171,0.99218,1.91703,0.9987,49.4126,0.99976,0.89387,0.9901,0.99496,0.99698,99.66449,0.7,0.67,0.53,0.74,49.7,49.86,50.89,49.41,0.994,0.993,0.993,0.994,/tmpdir/crf_16.mpd,/videos/BigBuckBunny-2160.avi
1172,0.99163,1.91703,0.99861,49.26314,0.99972,0.88989,0.98895,0.99449,0.99675,99.52717,0.73,0.73,0.55,0.77,49.52,49.52,50.76,49.26,0.994,0.993,0.993,0.994,/tmpdir/crf_16.mpd,/videos/BigBuckBunny-2160.avi
1173,0.99499,1.78414,0.99888,50.06552,0.99985,0.90187,0.99421,0.99736,0.99849,100.0,0.58,0.49,0.43,0.64,50.5,51.27,51.76,50.07,0.994,0.994,0.994,0.995,/tmpdir/crf_16.mpd,/videos/BigBuckBunny-2160.avi
1174,0.99121,1.78414,0.99861,49.20447,0.99972,0.88923,0.98853,0.99421,0.99655,99.3641,0.73,0.71,0.54,0.78,49.5,49.63,50.77,49.2,0.994,0.993,0.993,0.994,/tmpdir/crf_16.mpd,/videos/BigBuckBunny-2160.avi
1175,0.99184,1.65244,0.99867,49.32716,0.99975,0.89195,0.98978,0.99476,0.99686,99.45355,0.71,0.69,0.53,0.76,49.61,49.71,50.86,49.33,0.994,0.993,0.993,0.994,/tmpdir/crf_16.mpd,/videos/BigBuckBunny-2160.avi
1176,0.99149,1.65244,0.99858,49.14497,0.9997,0.88837,0.98849,0.99416,0.99656,99.34443,0.74,0.71,0.54,0.79,49.46,49.62,50.79,49.14,0.994,0.993,0.993,0.994,/tmpdir/crf_16.mpd,/videos/BigBuckBunny-2160.avi
1177,0.99484,1.62912,0.99888,50.03126,0.99985,0.9009,0.99438,0.99757,0.99867,100.0,0.58,0.49,0.43,0.65,50.46,51.23,51.75,50.03,0.994,0.994,0.994,0.995,/tmpdir/crf_16.mpd,/videos/BigBuckBunny-2160.avi
1178,0.99117,1.62912,0.99861,49.17271,0.99972,0.88809,0.98848,0.99418,0.99655,99.27461,0.74,0.75,0.56,0.79,49.43,49.4,50.67,49.17,0.994,0.992,0.993,0.994,/tmpdir/crf_16.mpd,/videos/BigBuckBunny-2160.avi
1179,0.99186,1.84325,0.99867,49.3588,0.99975,0.89163,0.98981,0.99484,0.99699,99.56065,0.71,0.72,0.55,0.75,49.59,49.54,50.76,49.36,0.994,0.993,0.993,0.994,/tmpdir/crf_16.mpd,/videos/BigBuckBunny-2160.avi
1180,0.99141,1.84325,0.99858,49.18565,0.99971,0.88799,0.98877,0.99439,0.9967,99.4397,0.73,0.7,0.54,0.78,49.5,49.67,50.81,49.19,0.994,0.993,0.993,0.994,/tmpdir/crf_16.mpd,/videos/BigBuckBunny-2160.avi
1181,0.99447,1.97649,0.99885,49.93611,0.99984,0.8991,0.99399,0.99728,0.99848,100.0,0.6,0.5,0.44,0.66,50.38,51.15,51.71,49.94,0.994,0.994,0.994,0.994,/tmpdir/crf_16.mpd,/videos/BigBuckBunny-2160.avi
1182,0.99073,1.97649,0.9986,49.17129,0.99972,0.88829,0.98869,0.99431,0.99668,99.38393,0.74,0.75,0.56,0.79,49.43,49.4,50.69,49.17,0.994,0.992,0.993,0.994,/tmpdir/crf_16.mpd,/videos/BigBuckBunny-2160.avi
1183,0.99133,1.95763,0.99863,49.25384,0.99974,0.88968,0.98941,0.99465,0.99689,99.50828,0.73,0.72,0.54,0.77,49.53,49.56,50.77,49.25,0.994,0.993,0.993,0.994,/tmpdir/crf_16.mpd,/videos/BigBuckBunny-2160.avi
1184,0.99153,1.95763,0.99855,49.10761,0.99971,0.88628,0.98865,0.9944,0.99679,99.52008,0.73,0.69,0.53,0.8,49.47,49.76,50.91,49.11,0.994,0.993,0.993,0.994,/tmpdir/crf_16.mpd,/videos/BigBuckBunny-2160.avi
1185,0.99474,1.94984,0.99882,49.84204,0.99984,0.89743,0.99382,0.99714,0.99832,100.0,0.61,0.51,0.44,0.67,50.29,51.09,51.66,49.84,0.994,0.994,0.994,0.994,/tmpdir/crf_16.mpd,/videos/BigBuckBunny-2160.avi
1186,0.99136,1.94984,0.99865,49.31936,0.99977,0.88856,0.98934,0.99465,0.9969,99.5067,0.7,0.66,0.51,0.76,49.66,49.91,51.01,49.32,0.994,0.993,0.993,0.994,/tmpdir/crf_16.mpd,/videos/BigBuckBunny-2160.avi
1187,0.99085,1.96775,0.99858,49.08567,0.99972,0.88664,0.98874,0.99436,0.99672,99.39982,0.74,0.71,0.54,0.8,49.42,49.63,50.8,49.09,0.994,0.993,0.993,0.994,/tmpdir/crf_16.mpd,/videos/BigBuckBunny-2160.avi
1188,0.99428,1.96775,0.99878,49.73562,0.99984,0.89589,0.99379,0.99719,0.99843,100.0,0.62,0.51,0.45,0.69,50.2,51.06,51.61,49.74,0.994,0.994,0.994,0.994,/tmpdir/crf_16.mpd,/videos/BigBuckBunny-2160.avi
1189,0.99715,2.03105,0.99943,52.42364,0.99995,0.93766,0.99752,0.99892,0.99941,100.0,0.33,0.26,0.24,0.37,52.92,53.94,54.35,52.42,0.997,0.997,0.997,0.997,/tmpdir/crf_16.mpd,/videos/BigBuckBunny-2160.avi
1190,0.9925,2.03105,0.99891,50.00986,0.99979,0.90586,0.99098,0.99556,0.9976,99.86965,0.57,0.48,0.36,0.65,50.55,51.31,52.58,50.01,0.995,0.995,0.995,0.995,/tmpdir/crf_16.mpd,/videos/BigBuckBunny-2160.avi
1191,0.9928,2.04371,0.99886,49.98053,0.99979,0.90535,0.99147,0.99583,0.99761,99.93587,0.58,0.51,0.39,0.65,50.46,51.05,52.28,49.98,0.995,0.995,0.995,0.995,/tmpdir/crf_16.mpd,/videos/BigBuckBunny-2160.avi
1192,0.99187,2.04371,0.99878,49.73126,0.99977,0.90082,0.99044,0.99536,0.9974,99.73084,0.62,0.55,0.4,0.69,50.21,50.72,52.09,49.73,0.995,0.994,0.995,0.995,/tmpdir/crf_16.mpd,/videos/BigBuckBunny-2160.avi
1193,0.99506,2.10764,0.99896,50.37,0.99985,0.90907,0.9947,0.99775,0.99888,100.0,0.52,0.4,0.34,0.6,50.95,52.06,52.83,50.37,0.995,0.995,0.995,0.995,/tmpdir/crf_16.mpd,/videos/BigBuckBunny-2160.avi
1194,0.99165,2.10764,0.99867,49.44576,0.99973,0.89668,0.98898,0.99426,0.99654,99.62557,0.66,0.59,0.43,0.74,49.92,50.41,51.82,49.45,0.994,0.994,0.994,0.994,/tmpdir/crf_16.mpd,/videos/BigBuckBunny-2160.avi
1195,0.99204,2.14924,0.99873,49.63048,0.99975,0.89948,0.99052,0.99517,0.99713,99.78755,0.64,0.58,0.43,0.71,50.06,50.47,51.76,49.63,0.994,0.994,0.994,0.995,/tmpdir/crf_16.mpd,/videos/BigBuckBunny-2160.avi
1196,0.99085,2.14924,0.99865,49.41634,0.99973,0.8943,0.98918,0.99454,0.99673,99.51934,0.67,0.62,0.45,0.74,49.85,50.22,51.62,49.42,0.994,0.994,0.994,0.994,/tmpdir/crf_16.mpd,/videos/BigBuckBunny-2160.avi
1197,0.99506,2.14333,0.9989,50.27416,0.99984,0.90662,0.99444,0.99744,0.99852,100.0,0.54,0.42,0.36,0.61,50.82,51.85,52.56,50.27,0.995,0.995,0.995,0.995,/tmpdir/crf_16.mpd,/videos/BigBuckBunny-2160.avi
1198,0.99138,2.14333,0.99864,49.43725,0.99973,0.89501,0.98968,0.99485,0.99704,99.64192,0.67,0.6,0.45,0.74,49.88,50.34,51.6,49.44,0.994,0.994,0.994,0.994,/tmpdir/crf_16.mpd,/videos/BigBuckBunny-2160.avi
1199,0.99232,2.1234,0.9987,49.63956,0.99976,0.89875,0.991,0.99546,0.99732,99.84242,0.65,0.6,0.46,0.71,50.01,50.32,51.51,49.64,0.994,0.994,0.994,0.994,/tmpdir/crf_16.mpd,/videos/BigBuckBunny-2160.avi
1200,0.99076,2.1234,0.99863,49.35302,0.99974,0.89225,0.98908,0.99457,0.99683,99.49219,0.69,0.64,0.47,0.75,49.75,50.04,51.37,49.35,0.994,0.993,0.994,0.994,/tmpdir/crf_16.mpd,/videos/BigBuckBunny-2160.avi
1201,0.99498,2.07669,0.9989,50.22494,0.99986,0.90507,0.99452,0.99751,0.99855,100.0,0.55,0.45,0.38,0.62,50.73,51.63,52.31,50.22,0.995,0.995,0.995,0.995,/tmpdir/crf_16.mpd,/videos/BigBuckBunny-2160.avi
1202,0.99141,2.07669,0.99861,49.34522,0.99972,0.89278,0.98949,0.99477,0.99699,99.60109,0.68,0.61,0.46,0.76,49.79,50.3,51.48,49.35,0.994,0.994,0.994,0.994,/tmpdir/crf_16.mpd,/videos/BigBuckBunny-2160.avi
1203,0.99242,2.09292,0.9987,49.56392,0.99975,0.89728,0.99125,0.99567,0.99749,99.85914,0.66,0.6,0.47,0.72,49.95,50.34,51.45,49.56,0.994,0.994,0.994,0.994,/tmpdir/crf_16.mpd,/videos/BigBuckBunny-2160.avi
1204,0.99105,2.09292,0.99861,49.2296,0.99974,0.89037,0.98894,0.99443,0.99673,99.51214,0.7,0.63,0.48,0.78,49.66,50.12,51.33,49.23,0.994,0.993,0.994,0.994,/tmpdir/crf_16.mpd,/videos/BigBuckBunny-2160.avi
1205,0.99509,2.16163,0.99889,50.15885,0.99986,0.90365,0.99455,0.99753,0.99858,100.0,0.56,0.45,0.39,0.63,50.66,51.57,52.2,50.16,0.995,0.995,0.995,0.995,/tmpdir/crf_16.mpd,/videos/BigBuckBunny-2160.avi
1206,0.99153,2.16163,0.9986,49.26947,0.99972,0.89119,0.98934,0.99469,0.99694,99.65436,0.69,0.61,0.47,0.77,49.73,50.3,51.44,49.27,0.994,0.993,0.994,0.994,/tmpdir/crf_16.mpd,/videos/BigBuckBunny-2160.avi
1207,0.9918,2.19338,0.99868,49.44769,0.99976,0.8949,0.99056,0.99524,0.99724,99.76478,0.67,0.61,0.47,0.74,49.86,50.31,51.39,49.45,0.994,0.994,0.994,0.994,/tmpdir/crf_16.mpd,/videos/BigBuckBunny-2160.avi
1208,0.99085,2.19338,0.99862,49.20948,0.99974,0.88961,0.98882,0.99428,0.99661,99.51454,0.7,0.62,0.48,0.78,49.66,50.2,51.35,49.21,0.994,0.993,0.994,0.994,/tmpdir/crf_16.mpd,/videos/BigBuckBunny-2160.avi
1209,0.99492,2.10998,0.9989,50.16865,0.99986,0.90333,0.99459,0.99759,0.99865,100.0,0.56,0.46,0.4,0.63,50.65,51.52,52.15,50.17,0.995,0.995,0.995,0.995,/tmpdir/crf_16.mpd,/videos/BigBuckBunny-2160.avi
1210,0.9918,2.10998,0.99863,49.24672,0.99973,0.89036,0.98912,0.99453,0.99684,99.66405,0.7,0.61,0.47,0.77,49.7,50.25,51.37,49.25,0.994,0.993,0.994,0.994,/tmpdir/crf_16.mpd,/videos/BigBuckBunny-2160.avi
1211,0.99281,2.24873,0.99869,49.41214,0.99976,0.89354,0.99037,0.99515,0.99713,99.95764,0.68,0.61,0.48,0.74,49.82,50.26,51.34,49.41,0.994,0.994,0.994,0.994,/tmpdir/crf_16.mpd,/videos/BigBuckBunny-2160.avi
1212,0.99121,2.24873,0.99868,49.32699,0.99977,0.89046,0.9894,0.99474,0.99704,99.64942,0.68,0.59,0.46,0.76,49.79,50.41,51.46,49.33,0.994,0.994,0.994,0.994,/tmpdir/crf_16.mpd,/videos/BigBuckBunny-2160.avi
1213,0.99508,1.82681,0.99892,50.17507,0.99987,0.90305,0.99458,0.99759,0.99865,100.0,0.56,0.46,0.4,0.62,50.65,51.49,52.08,50.18,0.995,0.995,0.995,0.995,/tmpdir/crf_16.mpd,/videos/BigBuckBunny-2160.avi
1214,0.99161,1.82681,0.99865,49.30467,0.99974,0.89033,0.98899,0.99441,0.99672,99.47548,0.7,0.64,0.49,0.76,49.7,50.09,51.22,49.3,0.994,0.993,0.994,0.994,/tmpdir/crf_16.mpd,/videos/BigBuckBunny-2160.avi
1215,0.99184,1.79188,0.99872,49.44857,0.99977,0.89325,0.99012,0.99501,0.99713,99.55075,0.68,0.63,0.49,0.74,49.81,50.11,51.23,49.45,0.994,0.993,0.994,0.994,/tmpdir/crf_16.mpd,/videos/BigBuckBunny-2160.avi
1216,0.99134,1.79188,0.99869,49.38392,0.99977,0.89076,0.98974,0.995,0.9972,99.45885,0.67,0.58,0.46,0.75,49.85,50.51,51.5,49.38,0.994,0.994,0.994,0.994,/tmpdir/crf_16.mpd,/videos/BigBuckBunny-2160.avi
1217,0.9945,1.76133,0.9989,50.09017,0.99987,0.90145,0.9944,0.9975,0.99856,100.0,0.57,0.47,0.41,0.64,50.57,51.42,52.02,50.09,0.995,0.995,0.994,0.995,/tmpdir/crf_16.mpd,/videos/BigBuckBunny-2160.avi
1218,0.99098,1.76133,0.99864,49.20585,0.99974,0.88835,0.98868,0.99429,0.9967,99.32161,0.71,0.66,0.5,0.78,49.59,49.94,51.13,49.21,0.994,0.993,0.994,0.994,/tmpdir/crf_16.mpd,/videos/BigBuckBunny-2160.avi
1219,0.99132,1.71517,0.99871,49.39483,0.99977,0.8917,0.98973,0.99479,0.99697,99.3982,0.69,0.67,0.51,0.75,49.71,49.87,51.07,49.39,0.994,0.993,0.994,0.994,/tmpdir/crf_16.mpd,/videos/BigBuckBunny-2160.avi
1220,0.99073,1.71517,0.99865,49.2548,0.99976,0.88812,0.9893,0.99477,0.99707,99.29039,0.69,0.6,0.47,0.77,49.73,50.38,51.4,49.25,0.994,0.994,0.994,0.994,/tmpdir/crf_16.mpd,/videos/BigBuckBunny-2160.avi
1221,0.9941,1.6358,0.99884,49.90324,0.99986,0.89837,0.99392,0.99728,0.99848,100.0,0.59,0.48,0.42,0.66,50.39,51.28,51.89,49.9,0.994,0.994,0.994,0.994,/tmpdir/crf_16.mpd,/videos/BigBuckBunny-2160.avi
1222,0.99069,1.6358,0.99861,49.12594,0.99975,0.88679,0.98883,0.99444,0.99678,99.21175,0.73,0.69,0.53,0.8,49.48,49.75,50.93,49.13,0.994,0.993,0.993,0.994,/tmpdir/crf_16.mpd,/videos/BigBuckBunny-2160.avi
1223,0.99126,1.83919,0.99859,49.12024,0.99974,0.88748,0.98912,0.99448,0.99674,99.41552,0.73,0.67,0.52,0.8,49.5,49.85,50.98,49.12,0.994,0.993,0.993,0.994,/tmpdir/crf_16.mpd,/videos/BigBuckBunny-2160.avi
1224,0.99123,1.83919,0.99853,48.98005,0.99973,0.88394,0.98862,0.99441,0.99682,99.40381,0.74,0.67,0.52,0.82,49.41,49.9,51.01,48.98,0.994,0.993,0.993,0.994,/tmpdir/crf_16.mpd,/videos/BigBuckBunny-2160.avi
1225,0.99433,3.3707,0.99881,49.94466,0.99984,0.89843,0.99289,0.99663,0.99805,100.0,0.59,0.5,0.43,0.66,50.39,51.14,51.8,49.94,0.994,0.994,0.994,0.994,/tmpdir/crf_16.mpd,/videos/BigBuckBunny-2160.avi
1226,0.99144,3.3707,0.99862,49.30001,0.99975,0.88842,0.98832,0.99405,0.99645,100.0,0.72,0.71,0.54,0.76,49.56,49.59,50.78,49.3,0.994,0.993,0.993,0.994,/tmpdir/crf_16.mpd,/videos/BigBuckBunny-2160.avi
1227,0.99148,3.67274,0.99867,49.48783,0.99976,0.89156,0.98888,0.99424,0.99645,100.0,0.68,0.66,0.5,0.73,49.8,49.96,51.1,49.49,0.994,0.993,0.993,0.994,/tmpdir/crf_16.mpd,/videos/BigBuckBunny-2160.avi
1228,0.99183,4.39356,0.99856,49.25137,0.99972,0.88815,0.98801,0.99387,0.99629,100.0,0.73,0.72,0.55,0.77,49.51,49.54,50.71,49.25,0.994,0.993,0.993,0.994,/tmpdir/crf_16.mpd,/videos/BigBuckBunny-2160.avi
1229,0.99363,3.55139,0.99878,49.87189,0.99982,0.89767,0.9929,0.99661,0.99802,100.0,0.61,0.52,0.44,0.67,50.3,50.98,51.67,49.87,0.994,0.994,0.994,0.994,/tmpdir/crf_16.mpd,/videos/BigBuckBunny-2160.avi
1230,0.98924,3.55139,0.99845,48.93964,0.99968,0.88411,0.98749,0.99362,0.99615,99.88292,0.77,0.74,0.56,0.83,49.26,49.44,50.63,48.94,0.993,0.993,0.993,0.994,/tmpdir/crf_16.mpd,/videos/BigBuckBunny-2160.avi
1231,0.99099,1.49838,0.99849,48.96067,0.99974,0.88307,0.98928,0.99475,0.99693,99.2053,0.73,0.59,0.49,0.83,49.49,50.39,51.23,48.96,0.993,0.994,0.994,0.993,/tmpdir/crf_16.mpd,/videos/BigBuckBunny-2160.avi
1232,0.98924,1.49838,0.99846,48.86342,0.99969,0.88125,0.98762,0.99381,0.99632,98.82403,0.77,0.71,0.54,0.84,49.25,49.61,50.78,48.86,0.993,0.993,0.993,0.994,/tmpdir/crf_16.mpd,/videos/BigBuckBunny-2160.avi
1233,0.99479,1.3871,0.99888,49.98329,0.99986,0.8991,0.99454,0.99764,0.99872,100.0,0.59,0.5,0.43,0.65,50.43,51.18,51.82,49.98,0.994,0.994,0.994,0.994,/tmpdir/crf_16.mpd,/videos/BigBuckBunny-2160.avi
1234,0.99146,1.3871,0.99859,49.14785,0.99974,0.88612,0.98898,0.99455,0.99686,99.23216,0.73,0.68,0.53,0.79,49.5,49.78,50.92,49.15,0.994,0.993,0.993,0.994,/tmpdir/crf_16.mpd,/videos/BigBuckBunny-2160.avi
1235,0.99218,0.86085,0.99865,49.26626,0.99977,0.88912,0.99035,0.99521,0.9972,99.15325,0.69,0.59,0.48,0.77,49.73,50.42,51.34,49.27,0.994,0.994,0.994,0.994,/tmpdir/crf_16.mpd,/videos/BigBuckBunny-2160.avi
1236,0.99148,0.86085,0.99863,49.23427,0.99976,0.8871,0.98957,0.99486,0.99698,98.99888,0.72,0.7,0.53,0.78,49.54,49.66,50.87,49.23,0.994,0.993,0.993,0.994,/tmpdir/crf_16.mpd,/videos/BigBuckBunny-2160.avi
1237,0.99422,0.75597,0.99882,49.76682,0.99986,0.89491,0.99373,0.99721,0.99847,99.62182,0.62,0.52,0.45,0.69,50.21,50.95,51.64,49.77,0.994,0.994,0.994,0.994,/tmpdir/crf_16.mpd,/videos/BigBuckBunny-2160.avi
1238,0.9919,0.75597,0.99862,49.17432,0.99976,0.88498,0.98927,0.99469,0.99694,99.00932,0.72,0.65,0.51,0.79,49.57,50.01,51.05,49.17,0.994,0.993,0.993,0.994,/tmpdir/crf_16.mpd,/videos/BigBuckBunny-2160.avi
1239,0.99131,0.66625,0.99865,49.15889,0.99977,0.88593,0.98993,0.99502,0.99709,98.88451,0.73,0.69,0.53,0.79,49.5,49.77,50.87,49.16,0.994,0.993,0.993,0.994,/tmpdir/crf_16.mpd,/videos/BigBuckBunny-2160.avi
1240,0.99098,0.66625,0.99857,48.99207,0.99974,0.88233,0.98856,0.9944,0.99676,98.77589,0.75,0.69,0.53,0.82,49.38,49.75,50.9,48.99,0.994,0.993,0.993,0.994,/tmpdir/crf_16.mpd,/videos/BigBuckBunny-2160.avi
1241,0.99371,0.59499,0.99877,49.58777,0.99985,0.89122,0.99289,0.99676,0.9982,99.415,0.65,0.55,0.46,0.71,50.03,50.72,51.47,49.59,0.994,0.994,0.994,0.994,/tmpdir/crf_16.mpd,/videos/BigBuckBunny-2160.avi
1242,0.99164,0.59499,0.99858,49.03627,0.99974,0.88214,0.98817,0.99413,0.99656,98.8378,0.75,0.73,0.55,0.81,49.36,49.52,50.74,49.04,0.994,0.993,0.993,0.994,/tmpdir/crf_16.mpd,/videos/BigBuckBunny-2160.avi
1243,0.99141,0.5321,0.99863,49.20983,0.99976,0.88586,0.98921,0.99456,0.99672,98.80069,0.74,0.73,0.56,0.78,49.47,49.47,50.68,49.21,0.994,0.993,0.993,0.994,/tmpdir/crf_16.mpd,/videos/BigBuckBunny-2160.avi
1244,0.99058,0.5321,0.99856,48.98795,0.99973,0.88178,0.98801,0.9941,0.99659,98.62067,0.76,0.74,0.56,0.82,49.31,49.46,50.67,48.99,0.993,0.992,0.993,0.994,/tmpdir/crf_16.mpd,/videos/BigBuckBunny-2160.avi
1245,0.99267,0.47552,0.99868,49.31236,0.99982,0.88624,0.99121,0.99585,0.99764,99.09634,0.69,0.6,0.49,0.76,49.75,50.38,51.25,49.31,0.994,0.993,0.993,0.994,/tmpdir/crf_16.mpd,/videos/BigBuckBunny-2160.avi
1246,0.98932,0.47552,0.99854,48.98234,0.99973,0.88145,0.98845,0.99437,0.99671,98.38373,0.75,0.69,0.53,0.82,49.37,49.76,50.87,48.98,0.993,0.993,0.993,0.994,/tmpdir/crf_16.mpd,/videos/BigBuckBunny-2160.avi
1247,0.99082,0.4299,0.99854,48.9701,0.99974,0.88072,0.98814,0.99409,0.99645,98.60242,0.76,0.73,0.56,0.82,49.3,49.49,50.67,48.97,0.993,0.992,0.993,0.994,/tmpdir/crf_16.mpd,/videos/BigBuckBunny-2160.avi
1248,0.98974,0.4299,0.99848,48.85229,0.99971,0.87902,0.98818,0.99435,0.99678,98.43512,0.78,0.74,0.57,0.85,49.19,49.42,50.59,48.85,0.993,0.992,0.993,0.994,/tmpdir/crf_16.mpd,/videos/BigBuckBunny-2160.avi
1249,0.99056,0.58389,0.99847,48.76771,0.99975,0.8759,0.98786,0.99402,0.99648,98.61483,0.79,0.72,0.56,0.86,49.16,49.55,50.66,48.77,0.993,0.992,0.993,0.993,/tmpdir/crf_16.mpd,/videos/BigBuckBunny-2160.avi
1250,0.98952,0.75244,0.99835,48.49829,0.9997,0.87159,0.98608,0.99314,0.99599,98.44317,0.83,0.75,0.58,0.92,48.92,49.36,50.5,48.5,0.993,0.992,0.993,0.993,/tmpdir/crf_16.mpd,/videos/BigBuckBunny-2160.avi
1251,0.98843,2.41766,0.9983,48.17539,0.99971,0.86419,0.98334,0.99157,0.99499,98.95866,0.89,0.78,0.6,0.99,48.65,49.24,50.38,48.18,0.993,0.992,0.992,0.993,/tmpdir/crf_16.mpd,/videos/BigBuckBunny-2160.avi
1252,0.99647,1.09316,0.99933,51.27716,0.9999,0.93691,0.9976,0.99895,0.99943,100.0,0.43,0.35,0.32,0.48,51.75,52.68,53.12,51.28,0.996,0.996,0.996,0.997,/tmpdir/crf_16.mpd,/videos/BigBuckBunny-2160.avi
1253,0.99337,1.09316,0.99898,49.48933,0.99981,0.9151,0.9929,0.99649,0.99798,99.64347,0.63,0.5,0.38,0.73,50.11,51.17,52.28,49.49,0.995,0.995,0.995,0.996,/tmpdir/crf_16.mpd,/videos/BigBuckBunny-2160.avi
1254,0.99176,1.50495,0.99881,48.94267,0.99976,0.90684,0.99071,0.99526,0.99727,99.44966,0.72,0.59,0.42,0.83,49.56,50.44,51.94,48.94,0.995,0.995,0.994,0.995,/tmpdir/crf_16.mpd,/videos/BigBuckBunny-2160.avi
1255,0.99032,1.8265,0.99874,48.60717,0.99976,0.90198,0.99039,0.99525,0.99731,99.34286,0.78,0.67,0.45,0.9,49.19,49.88,51.6,48.61,0.995,0.994,0.994,0.995,/tmpdir/crf_16.mpd,/videos/BigBuckBunny-2160.avi
1256,0.99395,1.8265,0.99887,49.16002,0.99983,0.90668,0.99387,0.99715,0.9984,100.0,0.7,0.59,0.43,0.79,49.71,50.41,51.85,49.16,0.995,0.994,0.994,0.995,/tmpdir/crf_16.mpd,/videos/BigBuckBunny-2160.avi
1257,0.98893,2.67052,0.9986,48.14011,0.99972,0.89327,0.98753,0.99347,0.99612,99.37558,0.94,1.07,0.57,1.0,48.41,47.84,50.58,48.14,0.994,0.991,0.993,0.995,/tmpdir/crf_16.mpd,/videos/BigBuckBunny-2160.avi
1258,0.99037,2.67052,0.99864,48.38068,0.99973,0.89649,0.98905,0.99426,0.99657,99.68901,0.91,1.13,0.57,0.94,48.53,47.61,50.55,48.38,0.994,0.99,0.993,0.995,/tmpdir/crf_16.mpd,/videos/BigBuckBunny-2160.avi
1259,0.98947,2.55415,0.9985,47.94564,0.99972,0.88792,0.98754,0.99367,0.9963,99.41364,0.97,1.09,0.58,1.04,48.25,47.75,50.53,47.95,0.993,0.991,0.993,0.994,/tmpdir/crf_16.mpd,/videos/BigBuckBunny-2160.avi
1260,0.99368,2.55415,0.99881,48.97528,0.99983,0.90258,0.99407,0.99739,0.99863,100.0,0.73,0.66,0.46,0.82,49.47,49.96,51.51,48.98,0.994,0.994,0.994,0.995,/tmpdir/crf_16.mpd,/videos/BigBuckBunny-2160.avi
1261,0.99007,3.06722,0.99843,47.81346,0.9997,0.88607,0.98739,0.99347,0.99607,99.76484,1.04,1.28,0.63,1.08,47.98,47.06,50.12,47.81,0.993,0.989,0.992,0.994,/tmpdir/crf_16.mpd,/videos/BigBuckBunny-2160.avi
1262,0.99045,3.06722,0.99852,48.07409,0.99973,0.88978,0.98887,0.99425,0.99655,99.89395,0.97,1.16,0.61,1.01,48.26,47.48,50.3,48.07,0.993,0.99,0.992,0.994,/tmpdir/crf_16.mpd,/videos/BigBuckBunny-2160.avi
1263,0.9899,3.56588,0.99841,47.77848,0.99971,0.88407,0.98784,0.99385,0.99637,100.0,1.02,1.18,0.62,1.08,48.03,47.4,50.21,47.78,0.993,0.99,0.992,0.994,/tmpdir/crf_16.mpd,/videos/BigBuckBunny-2160.avi
1264,0.99345,3.56588,0.99875,48.7741,0.99983,0.89834,0.99401,0.99741,0.99863,100.0,0.77,0.69,0.49,0.86,49.26,49.76,51.24,48.77,0.994,0.993,0.994,0.994,/tmpdir/crf_16.mpd,/videos/BigBuckBunny-2160.avi
1265,0.98876,3.71562,0.99833,47.59583,0.99968,0.88056,0.98662,0.99307,0.99583,99.84378,1.09,1.36,0.68,1.13,47.74,46.79,49.82,47.6,0.992,0.988,0.992,0.993,/tmpdir/crf_16.mpd,/videos/BigBuckBunny-2160.avi
1266,0.99026,3.71562,0.99842,47.8422,0.99971,0.88435,0.98832,0.994,0.9964,100.0,0.98,1.01,0.61,1.07,48.21,48.09,50.27,47.84,0.993,0.991,0.992,0.994,/tmpdir/crf_16.mpd,/videos/BigBuckBunny-2160.avi
1267,0.98852,3.96791,0.99833,47.61316,0.99971,0.87838,0.9871,0.99346,0.99613,99.96557,1.08,1.31,0.66,1.13,47.8,46.96,49.95,47.61,0.992,0.988,0.992,0.993,/tmpdir/crf_16.mpd,/videos/BigBuckBunny-2160.avi
1268,0.9935,3.96791,0.99868,48.5456,0.99983,0.89322,0.99382,0.99734,0.9986,100.0,0.81,0.72,0.53,0.91,49.02,49.53,50.93,48.55,0.994,0.993,0.993,0.994,/tmpdir/crf_16.mpd,/videos/BigBuckBunny-2160.avi
1269,0.98815,4.25853,0.99826,47.44053,0.99968,0.8756,0.98644,0.99312,0.99591,100.0,1.11,1.31,0.68,1.17,47.66,46.95,49.8,47.44,0.992,0.989,0.992,0.993,/tmpdir/crf_16.mpd,/videos/BigBuckBunny-2160.avi
1270,0.98946,4.25853,0.99837,47.71135,0.99971,0.88089,0.9882,0.99399,0.99643,100.0,1.01,1.03,0.64,1.1,48.07,47.98,50.08,47.71,0.993,0.991,0.992,0.993,/tmpdir/crf_16.mpd,/videos/BigBuckBunny-2160.avi
1271,0.98975,5.01587,0.99824,47.42389,0.99969,0.87409,0.98706,0.99351,0.99614,100.0,1.12,1.31,0.69,1.18,47.65,46.95,49.77,47.42,0.992,0.988,0.991,0.993,/tmpdir/crf_16.mpd,/videos/BigBuckBunny-2160.avi
1272,0.99286,5.01587,0.99863,48.42431,0.99982,0.8902,0.99327,0.99708,0.99847,100.0,0.84,0.74,0.54,0.93,48.9,49.43,50.8,48.42,0.993,0.993,0.993,0.994,/tmpdir/crf_16.mpd,/videos/BigBuckBunny-2160.avi
1273,0.9891,5.46625,0.99825,47.447,0.99968,0.87493,0.98655,0.99319,0.99595,100.0,1.09,1.22,0.66,1.17,47.74,47.27,49.9,47.45,0.992,0.989,0.992,0.993,/tmpdir/crf_16.mpd,/videos/BigBuckBunny-2160.avi
1274,0.98999,5.46625,0.99836,47.72366,0.99971,0.88007,0.98816,0.99398,0.99641,100.0,1.03,1.15,0.66,1.1,47.99,47.52,49.93,47.72,0.992,0.99,0.992,0.993,/tmpdir/crf_16.mpd,/videos/BigBuckBunny-2160.avi
1275,0.98814,5.59098,0.99824,47.42554,0.99969,0.87285,0.98617,0.99299,0.99584,100.0,1.11,1.26,0.68,1.18,47.69,47.14,49.84,47.43,0.992,0.989,0.991,0.993,/tmpdir/crf_16.mpd,/videos/BigBuckBunny-2160.avi
1276,0.99294,5.59098,0.99862,48.40058,0.99982,0.88804,0.99316,0.99695,0.99835,100.0,0.84,0.76,0.55,0.94,48.87,49.34,50.72,48.4,0.993,0.993,0.993,0.994,/tmpdir/crf_16.mpd,/videos/BigBuckBunny-2160.avi
1277,0.98808,5.51541,0.9982,47.40644,0.99968,0.873,0.98623,0.99298,0.99576,100.0,1.11,1.22,0.69,1.18,47.69,47.27,49.73,47.41,0.992,0.989,0.991,0.993,/tmpdir/crf_16.mpd,/videos/BigBuckBunny-2160.avi
1278,0.9891,5.51541,0.9983,47.68582,0.99971,0.87673,0.98797,0.99389,0.99635,100.0,1.05,1.17,0.68,1.11,47.94,47.47,49.82,47.69,0.992,0.99,0.992,0.993,/tmpdir/crf_16.mpd,/videos/BigBuckBunny-2160.avi
1279,0.9885,5.97736,0.99818,47.42566,0.99968,0.87066,0.98637,0.99309,0.99589,100.0,1.09,1.16,0.66,1.18,47.77,47.47,49.96,47.43,0.992,0.99,0.992,0.993,/tmpdir/crf_16.mpd,/videos/BigBuckBunny-2160.avi
1280,0.99272,5.97736,0.99856,48.33186,0.99981,0.8851,0.99321,0.99708,0.99842,100.0,0.85,0.75,0.55,0.95,48.82,49.4,50.71,48.33,0.993,0.993,0.993,0.993,/tmpdir/crf_16.mpd,/videos/BigBuckBunny-2160.avi
1281,0.98824,6.16723,0.99813,47.30708,0.99966,0.86957,0.98601,0.99287,0.99575,100.0,1.11,1.15,0.67,1.21,47.68,47.53,49.89,47.31,0.992,0.99,0.992,0.992,/tmpdir/crf_16.mpd,/videos/BigBuckBunny-2160.avi
1282,0.9896,6.16723,0.99825,47.60131,0.99968,0.8741,0.98746,0.99358,0.99612,100.0,1.03,1.05,0.64,1.13,47.98,47.91,50.08,47.6,0.992,0.991,0.992,0.993,/tmpdir/crf_16.mpd,/videos/BigBuckBunny-2160.avi
1283,0.98866,6.51331,0.99814,47.34961,0.99967,0.86883,0.98609,0.99295,0.99575,100.0,1.1,1.14,0.66,1.2,47.72,47.58,49.91,47.35,0.992,0.99,0.992,0.992,/tmpdir/crf_16.mpd,/videos/BigBuckBunny-2160.avi
1284,0.99251,6.51331,0.99854,48.30706,0.9998,0.88405,0.99303,0.99701,0.99846,100.0,0.86,0.77,0.56,0.96,48.78,49.27,50.66,48.31,0.993,0.992,0.993,0.993,/tmpdir/crf_16.mpd,/videos/BigBuckBunny-2160.avi
1285,0.98815,6.9881,0.99812,47.38262,0.99965,0.86991,0.98557,0.99255,0.99547,100.0,1.1,1.17,0.67,1.19,47.73,47.45,49.89,47.38,0.992,0.99,0.992,0.993,/tmpdir/crf_16.mpd,/videos/BigBuckBunny-2160.avi
1286,0.98948,6.9881,0.99828,47.68883,0.99969,0.87521,0.98774,0.99383,0.99631,100.0,1.0,0.97,0.62,1.11,48.12,48.25,50.24,47.69,0.992,0.991,0.992,0.993,/tmpdir/crf_16.mpd,/videos/BigBuckBunny-2160.avi
1287,0.98816,7.59994,0.99811,47.40037,0.99965,0.86941,0.98553,0.99253,0.99547,100.0,1.08,1.1,0.65,1.18,47.79,47.72,49.99,47.4,0.992,0.99,0.992,0.992,/tmpdir/crf_16.mpd,/videos/BigBuckBunny-2160.avi
1288,0.99261,7.59994,0.99854,48.40077,0.9998,0.88497,0.99292,0.99689,0.99833,100.0,0.84,0.74,0.55,0.94,48.88,49.42,50.74,48.4,0.993,0.993,0.993,0.993,/tmpdir/crf_16.mpd,/videos/BigBuckBunny-2160.avi
1289,0.98826,8.16701,0.99813,47.42626,0.99965,0.86996,0.98547,0.99243,0.99536,100.0,1.09,1.16,0.66,1.18,47.76,47.49,49.92,47.43,0.992,0.99,0.992,0.993,/tmpdir/crf_16.mpd,/videos/BigBuckBunny-2160.avi
1290,0.98934,8.16701,0.9983,47.7733,0.99971,0.87517,0.98802,0.99393,0.99632,100.0,0.99,0.97,0.62,1.09,48.18,48.26,50.24,47.77,0.992,0.991,0.992,0.993,/tmpdir/crf_16.mpd,/videos/BigBuckBunny-2160.avi
1291,0.98841,8.1034,0.99812,47.43955,0.99966,0.86819,0.98606,0.99285,0.99563,100.0,1.07,1.07,0.64,1.17,47.85,47.83,50.04,47.44,0.992,0.99,0.992,0.992,/tmpdir/crf_16.mpd,/videos/BigBuckBunny-2160.avi
1292,0.99286,8.1034,0.99855,48.48353,0.9998,0.88488,0.99339,0.99717,0.9985,100.0,0.82,0.71,0.54,0.92,48.97,49.61,50.8,48.48,0.993,0.993,0.993,0.993,/tmpdir/crf_16.mpd,/videos/BigBuckBunny-2160.avi
1293,0.98818,7.25808,0.99808,47.43409,0.99965,0.86724,0.98562,0.99253,0.99541,100.0,1.08,1.11,0.65,1.17,47.81,47.67,50.03,47.43,0.992,0.99,0.992,0.992,/tmpdir/crf_16.mpd,/videos/BigBuckBunny-2160.avi
1294,0.98943,7.25808,0.99826,47.78535,0.9997,0.87392,0.9879,0.99386,0.99629,100.0,0.98,0.95,0.61,1.08,48.21,48.33,50.3,47.79,0.992,0.991,0.992,0.993,/tmpdir/crf_16.mpd,/videos/BigBuckBunny-2160.avi
1295,0.98841,6.65511,0.9981,47.44515,0.99967,0.86663,0.98606,0.99282,0.99561,100.0,1.06,1.07,0.63,1.17,47.86,47.86,50.13,47.45,0.992,0.99,0.992,0.992,/tmpdir/crf_16.mpd,/videos/BigBuckBunny-2160.avi
1296,0.99282,6.65511,0.99854,48.47053,0.99981,0.88346,0.99362,0.99726,0.99854,100.0,0.82,0.69,0.53,0.92,48.99,49.72,50.86,48.47,0.993,0.993,0.993,0.993,/tmpdir/crf_16.mpd,/videos/BigBuckBunny-2160.avi
1297,0.99621,5.81034,0.99923,51.19323,0.99989,0.93059,0.99739,0.99888,0.99939,100.0,0.43,0.34,0.3,0.49,51.75,52.87,53.41,51.19,0.996,0.996,0.996,0.996,/tmpdir/crf_16.mpd,/videos/BigBuckBunny-2160.avi
1298,0.99016,5.81034,0.99843,48.14929,0.99971,0.88437,0.9887,0.99435,0.99675,100.0,0.86,0.74,0.44,1.0,48.78,49.42,51.72,48.15,0.993,0.993,0.994,0.993,/tmpdir/crf_16.mpd,/videos/BigBuckBunny-2160.avi
1299,0.99034,5.14282,0.99843,48.19776,0.99971,0.88472,0.98915,0.99445,0.99661,100.0,0.86,0.78,0.46,0.98,48.77,49.2,51.53,48.2,0.993,0.993,0.994,0.993,/tmpdir/crf_16.mpd,/videos/BigBuckBunny-2160.avi
1300,0.98946,5.14282,0.99834,47.91464,0.99969,0.87817,0.98806,0.99392,0.99635,100.0,0.92,0.83,0.48,1.05,48.5,48.94,51.32,47.91,0.993,0.992,0.994,0.993,/tmpdir/crf_16.mpd,/videos/BigBuckBunny-2160.avi
1301,0.99377,4.68325,0.99877,49.13873,0.99983,0.89753,0.9944,0.99752,0.99866,100.0,0.69,0.55,0.4,0.79,49.77,50.76,52.11,49.14,0.994,0.994,0.995,0.994,/tmpdir/crf_16.mpd,/videos/BigBuckBunny-2160.avi
1302,0.98874,4.68325,0.99831,47.83129,0.99969,0.8757,0.98726,0.9935,0.99617,100.0,0.96,0.97,0.5,1.07,48.31,48.24,51.14,47.83,0.993,0.991,0.994,0.993,/tmpdir/crf_16.mpd,/videos/BigBuckBunny-2160.avi
1303,0.99009,4.3637,0.99841,48.13646,0.99971,0.88202,0.98895,0.99429,0.99661,100.0,0.91,0.95,0.51,1.0,48.54,48.33,51.09,48.14,0.993,0.991,0.994,0.993,/tmpdir/crf_16.mpd,/videos/BigBuckBunny-2160.avi
1304,0.98975,4.3637,0.99828,47.79836,0.99968,0.87458,0.98768,0.99379,0.99632,100.0,0.95,0.89,0.51,1.08,48.34,48.64,51.09,47.8,0.993,0.992,0.994,0.993,/tmpdir/crf_16.mpd,/videos/BigBuckBunny-2160.avi
1305,0.99395,4.08298,0.9987,48.96879,0.99983,0.89397,0.99457,0.99766,0.99876,100.0,0.71,0.57,0.42,0.82,49.59,50.58,51.91,48.97,0.994,0.994,0.994,0.994,/tmpdir/crf_16.mpd,/videos/BigBuckBunny-2160.avi
1306,0.99027,4.08298,0.9983,47.85116,0.99969,0.87525,0.98804,0.99401,0.99653,100.0,0.97,1.03,0.53,1.07,48.26,48.0,50.9,47.85,0.992,0.991,0.993,0.993,/tmpdir/crf_16.mpd,/videos/BigBuckBunny-2160.avi
1307,0.9906,3.83395,0.99841,48.10845,0.99971,0.8799,0.98905,0.9944,0.99666,100.0,0.91,0.9,0.51,1.01,48.56,48.6,51.02,48.11,0.993,0.992,0.993,0.993,/tmpdir/crf_16.mpd,/videos/BigBuckBunny-2160.avi
1308,0.98994,3.83395,0.99829,47.79315,0.99969,0.87374,0.98754,0.99367,0.99622,100.0,0.97,0.96,0.54,1.08,48.26,48.3,50.84,47.79,0.993,0.991,0.993,0.993,/tmpdir/crf_16.mpd,/videos/BigBuckBunny-2160.avi
1309,0.99383,3.50209,0.99874,49.04932,0.99984,0.89508,0.99466,0.9977,0.99878,100.0,0.71,0.58,0.44,0.81,49.61,50.46,51.67,49.05,0.994,0.994,0.994,0.994,/tmpdir/crf_16.mpd,/videos/BigBuckBunny-2160.avi
1310,0.98937,3.50209,0.99829,47.8188,0.99969,0.87385,0.98767,0.99378,0.99632,99.87057,1.0,1.11,0.58,1.07,48.14,47.69,50.5,47.82,0.992,0.99,0.993,0.993,/tmpdir/crf_16.mpd,/videos/BigBuckBunny-2160.avi
1311,0.99023,3.2299,0.9984,48.0696,0.99971,0.87894,0.9889,0.99429,0.99655,99.91618,0.91,0.85,0.54,1.01,48.56,48.85,50.82,48.07,0.993,0.992,0.993,0.993,/tmpdir/crf_16.mpd,/videos/BigBuckBunny-2160.avi
1312,0.9888,3.2299,0.99832,47.83759,0.9997,0.87344,0.98769,0.99375,0.99629,99.62009,0.98,1.03,0.57,1.07,48.22,47.99,50.6,47.84,0.992,0.991,0.993,0.993,/tmpdir/crf_16.mpd,/videos/BigBuckBunny-2160.avi
1313,0.99409,2.93617,0.99874,49.04978,0.99984,0.89464,0.99477,0.99772,0.99876,100.0,0.71,0.59,0.46,0.81,49.6,50.46,51.54,49.05,0.994,0.994,0.994,0.994,/tmpdir/crf_16.mpd,/videos/BigBuckBunny-2160.avi
1314,0.98877,2.93617,0.99833,47.87194,0.9997,0.8744,0.98764,0.99369,0.99631,99.459,0.99,1.1,0.57,1.06,48.19,47.7,50.54,47.87,0.992,0.99,0.993,0.993,/tmpdir/crf_16.mpd,/videos/BigBuckBunny-2160.avi
1315,0.9909,2.65497,0.99842,48.12894,0.99971,0.88055,0.98933,0.99453,0.99673,99.75198,0.9,0.85,0.55,1.0,48.59,48.86,50.75,48.13,0.993,0.992,0.993,0.993,/tmpdir/crf_16.mpd,/videos/BigBuckBunny-2160.avi
1316,0.99057,2.65497,0.99834,47.93532,0.9997,0.87526,0.98859,0.9943,0.99672,99.67347,0.97,1.05,0.57,1.05,48.27,47.91,50.59,47.94,0.992,0.99,0.993,0.993,/tmpdir/crf_16.mpd,/videos/BigBuckBunny-2160.avi
1317,0.99427,2.41011,0.99875,49.06512,0.99984,0.89484,0.99485,0.99773,0.99875,100.0,0.71,0.58,0.46,0.81,49.61,50.47,51.51,49.07,0.994,0.994,0.994,0.994,/tmpdir/crf_16.mpd,/videos/BigBuckBunny-2160.avi
1318,0.99037,2.41011,0.99834,47.95044,0.9997,0.87571,0.98845,0.99415,0.9966,99.50011,0.96,1.04,0.57,1.04,48.3,47.98,50.59,47.95,0.992,0.99,0.993,0.993,/tmpdir/crf_16.mpd,/videos/BigBuckBunny-2160.avi
1319,0.99085,2.16232,0.99843,48.15633,0.99971,0.88106,0.98939,0.99453,0.9967,99.48821,0.9,0.89,0.54,0.99,48.58,48.63,50.77,48.16,0.993,0.992,0.993,0.993,/tmpdir/crf_16.mpd,/videos/BigBuckBunny-2160.avi
1320,0.98918,2.16232,0.99836,47.97834,0.99971,0.87613,0.98809,0.99393,0.99642,99.14598,0.96,1.04,0.57,1.04,48.31,47.94,50.57,47.98,0.992,0.99,0.993,0.993,/tmpdir/crf_16.mpd,/videos/BigBuckBunny-2160.avi
1321,0.99418,1.94065,0.99875,49.08814,0.99984,0.8951,0.99494,0.99776,0.99876,100.0,0.71,0.58,0.46,0.8,49.62,50.48,51.47,49.09,0.994,0.994,0.994,0.994,/tmpdir/crf_16.mpd,/videos/BigBuckBunny-2160.avi
1322,0.99089,1.94065,0.99836,48.00709,0.9997,0.87781,0.98919,0.99458,0.99682,99.38305,0.94,0.97,0.56,1.03,48.39,48.24,50.64,48.01,0.993,0.991,0.993,0.993,/tmpdir/crf_16.mpd,/videos/BigBuckBunny-2160.avi
1323,0.99088,1.68606,0.99845,48.1752,0.99971,0.88057,0.98936,0.99449,0.99669,99.25041,0.92,0.99,0.57,0.99,48.5,48.18,50.6,48.18,0.993,0.991,0.993,0.993,/tmpdir/crf_16.mpd,/videos/BigBuckBunny-2160.avi
1324,0.99073,1.68606,0.99834,47.93282,0.9997,0.87551,0.98818,0.99399,0.99644,99.17901,0.96,1.03,0.57,1.05,48.29,48.01,50.56,47.93,0.992,0.991,0.993,0.993,/tmpdir/crf_16.mpd,/videos/BigBuckBunny-2160.avi
1325,0.9942,1.46054,0.99876,49.12248,0.99984,0.89554,0.99495,0.99774,0.99872,99.99274,0.7,0.58,0.46,0.8,49.65,50.51,51.46,49.12,0.994,0.994,0.994,0.994,/tmpdir/crf_16.mpd,/videos/BigBuckBunny-2160.avi
1326,0.99019,1.46054,0.99835,47.93935,0.99969,0.87723,0.98838,0.99406,0.99651,98.98309,0.96,0.99,0.56,1.05,48.33,48.16,50.63,47.94,0.993,0.991,0.993,0.993,/tmpdir/crf_16.mpd,/videos/BigBuckBunny-2160.avi
1327,0.99003,1.23044,0.99842,48.16341,0.9997,0.88067,0.98872,0.99405,0.99639,98.84059,0.93,1.01,0.57,0.99,48.47,48.08,50.56,48.16,0.993,0.991,0.993,0.993,/tmpdir/crf_16.mpd,/videos/BigBuckBunny-2160.avi
1328,0.98978,1.23044,0.99836,47.96675,0.99969,0.87658,0.98787,0.9937,0.99621,98.76476,0.95,0.99,0.57,1.04,48.34,48.17,50.57,47.97,0.993,0.991,0.993,0.993,/tmpdir/crf_16.mpd,/videos/BigBuckBunny-2160.avi
1329,0.99421,1.01197,0.99877,49.15868,0.99984,0.89591,0.99503,0.99774,0.9987,99.77736,0.7,0.57,0.46,0.79,49.69,50.57,51.49,49.16,0.994,0.994,0.994,0.994,/tmpdir/crf_16.mpd,/videos/BigBuckBunny-2160.avi
1330,0.98926,1.01197,0.99841,48.10254,0.99971,0.87858,0.9883,0.99396,0.99642,98.59265,0.91,0.86,0.55,1.01,48.56,48.77,50.75,48.1,0.993,0.992,0.993,0.993,/tmpdir/crf_16.mpd,/videos/BigBuckBunny-2160.avi
1331,0.99112,0.81375,0.99843,48.18878,0.99971,0.88061,0.98886,0.9941,0.99637,98.83157,0.9,0.92,0.56,0.99,48.57,48.49,50.65,48.19,0.993,0.991,0.993,0.993,/tmpdir/crf_16.mpd,/videos/BigBuckBunny-2160.avi
1332,0.98908,0.81375,0.9984,48.03813,0.99971,0.87727,0.98817,0.99387,0.99639,98.45586,0.91,0.86,0.55,1.02,48.52,48.81,50.75,48.04,0.993,0.992,0.993,0.993,/tmpdir/crf_16.mpd,/videos/BigBuckBunny-2160.avi
1333,0.9941,0.62365,0.99875,49.0866,0.99984,0.89405,0.99502,0.99774,0.99871,99.56743,0.71,0.57,0.46,0.8,49.64,50.57,51.48,49.09,0.994,0.994,0.994,0.994,/tmpdir/crf_16.mpd,/videos/BigBuckBunny-2160.avi
1334,0.98946,0.62365,0.99848,48.22654,0.99974,0.88157,0.9898,0.99489,0.99707,98.51787,0.86,0.72,0.51,0.98,48.8,49.54,51.06,48.23,0.993,0.993,0.993,0.993,/tmpdir/crf_16.mpd,/videos/BigBuckBunny-2160.avi
1335,0.99026,0.50822,0.99848,48.32771,0.99972,0.8834,0.98886,0.99421,0.99657,98.55773,0.85,0.75,0.51,0.96,48.85,49.38,51.04,48.33,0.993,0.993,0.993,0.993,/tmpdir/crf_16.mpd,/videos/BigBuckBunny-2160.avi
1336,0.99073,0.50822,0.99849,48.31184,0.99973,0.88361,0.9904,0.99521,0.99723,98.71361,0.84,0.7,0.5,0.96,48.89,49.66,51.12,48.31,0.993,0.993,0.993,0.993,/tmpdir/crf_16.mpd,/videos/BigBuckBunny-2160.avi
1337,0.9943,0.42349,0.99874,49.11072,0.99984,0.89548,0.99498,0.99772,0.99872,99.51358,0.7,0.57,0.46,0.8,49.66,50.58,51.52,49.11,0.994,0.994,0.994,0.994,/tmpdir/crf_16.mpd,/videos/BigBuckBunny-2160.avi
1338,0.99245,0.42349,0.99857,48.5517,0.99977,0.88704,0.99204,0.99614,0.99778,99.05207,0.79,0.63,0.48,0.91,49.16,50.13,51.34,48.55,0.994,0.994,0.994,0.993,/tmpdir/crf_16.mpd,/videos/BigBuckBunny-2160.avi
1339,0.99204,0.39118,0.99855,48.48309,0.99976,0.88538,0.99152,0.99581,0.99755,98.93394,0.8,0.63,0.48,0.92,49.1,50.12,51.35,48.48,0.993,0.994,0.994,0.993,/tmpdir/crf_16.mpd,/videos/BigBuckBunny-2160.avi
1340,0.99198,0.39118,0.99852,48.41125,0.99976,0.88426,0.99181,0.99599,0.99768,98.93488,0.81,0.64,0.48,0.94,49.04,50.06,51.33,48.41,0.993,0.994,0.994,0.993,/tmpdir/crf_16.mpd,/videos/BigBuckBunny-2160.avi
1341,0.99385,0.47231,0.99868,48.95426,0.99983,0.89264,0.99468,0.99757,0.99865,99.43793,0.73,0.59,0.46,0.83,49.52,50.42,51.47,48.95,0.994,0.994,0.994,0.994,/tmpdir/crf_16.mpd,/videos/BigBuckBunny-2160.avi
1342,0.99238,0.47231,0.99854,48.49383,0.99977,0.88577,0.99235,0.9963,0.9979,99.07152,0.8,0.64,0.48,0.92,49.1,50.09,51.3,48.49,0.993,0.994,0.994,0.993,/tmpdir/crf_16.mpd,/videos/BigBuckBunny-2160.avi
1343,0.99228,0.5852,0.99855,48.52902,0.99977,0.88607,0.9923,0.99629,0.99791,99.10801,0.79,0.63,0.48,0.91,49.13,50.1,51.3,48.53,0.993,0.994,0.994,0.993,/tmpdir/crf_16.mpd,/videos/BigBuckBunny-2160.avi
1344,0.9921,0.5852,0.99847,48.3089,0.99975,0.88246,0.99191,0.99614,0.99783,99.05659,0.83,0.65,0.49,0.96,48.94,50.0,51.22,48.31,0.993,0.993,0.993,0.993,/tmpdir/crf_16.mpd,/videos/BigBuckBunny-2160.avi
1345,0.99365,0.68694,0.99859,48.73126,0.99982,0.88869,0.99446,0.99749,0.9986,99.48661,0.76,0.6,0.48,0.87,49.32,50.36,51.35,48.73,0.993,0.994,0.994,0.993,/tmpdir/crf_16.mpd,/videos/BigBuckBunny-2160.avi
1346,0.99157,0.68694,0.99843,48.20359,0.99974,0.88033,0.99144,0.99586,0.99765,98.9843,0.85,0.66,0.5,0.98,48.84,49.93,51.15,48.2,0.993,0.993,0.993,0.993,/tmpdir/crf_16.mpd,/videos/BigBuckBunny-2160.avi
1347,0.99136,0.91217,0.99847,48.29338,0.99976,0.88195,0.9916,0.99591,0.99765,99.0613,0.83,0.66,0.5,0.96,48.92,49.97,51.14,48.29,0.993,0.993,0.993,0.993,/tmpdir/crf_16.mpd,/videos/BigBuckBunny-2160.avi
1348,0.99112,0.91217,0.99836,48.05881,0.99973,0.8777,0.9909,0.99561,0.99753,98.98996,0.88,0.68,0.51,1.02,48.71,49.83,51.04,48.06,0.993,0.993,0.993,0.993,/tmpdir/crf_16.mpd,/videos/BigBuckBunny-2160.avi
1349,0.99338,1.34783,0.99853,48.60784,0.99982,0.88633,0.99412,0.99736,0.99851,99.74181,0.78,0.61,0.49,0.9,49.21,50.28,51.25,48.61,0.993,0.994,0.993,0.993,/tmpdir/crf_16.mpd,/videos/BigBuckBunny-2160.avi
1350,0.99105,1.34783,0.99834,48.00919,0.99973,0.87656,0.99048,0.99525,0.99716,99.15289,0.89,0.68,0.52,1.03,48.66,49.8,50.98,48.01,0.993,0.993,0.993,0.993,/tmpdir/crf_16.mpd,/videos/BigBuckBunny-2160.avi
1351,0.99124,2.0934,0.99842,48.18266,0.99975,0.88199,0.99099,0.99559,0.99743,99.60186,0.86,0.68,0.51,0.99,48.8,49.83,51.03,48.18,0.993,0.993,0.993,0.993,/tmpdir/crf_16.mpd,/videos/BigBuckBunny-2160.avi
1352,0.99074,2.0934,0.9983,47.92789,0.99972,0.8776,0.99031,0.99531,0.99731,99.48638,0.9,0.7,0.53,1.05,48.57,49.69,50.9,47.93,0.993,0.993,0.993,0.993,/tmpdir/crf_16.mpd,/videos/BigBuckBunny-2160.avi
1353,0.99328,2.76913,0.9986,48.75409,0.99982,0.8891,0.994,0.99732,0.99852,100.0,0.76,0.62,0.5,0.87,49.31,50.23,51.18,48.75,0.993,0.994,0.993,0.993,/tmpdir/crf_16.mpd,/videos/BigBuckBunny-2160.avi
1354,0.99045,2.76913,0.99834,48.00839,0.99973,0.87886,0.99001,0.99499,0.99696,99.75592,0.89,0.71,0.54,1.03,48.62,49.61,50.83,48.01,0.993,0.993,0.993,0.993,/tmpdir/crf_16.mpd,/videos/BigBuckBunny-2160.avi
1355,0.99006,1.71757,0.99842,48.1526,0.99975,0.88222,0.99045,0.99526,0.99721,99.18015,0.87,0.71,0.54,0.99,48.73,49.6,50.85,48.15,0.993,0.993,0.993,0.993,/tmpdir/crf_16.mpd,/videos/BigBuckBunny-2160.avi
1356,0.98987,1.71757,0.99832,47.95301,0.99973,0.87834,0.98983,0.99505,0.99715,99.12569,0.91,0.73,0.54,1.04,48.55,49.49,50.77,47.95,0.993,0.993,0.993,0.993,/tmpdir/crf_16.mpd,/videos/BigBuckBunny-2160.avi
1357,0.99351,1.70021,0.99868,48.91667,0.99984,0.89224,0.99421,0.99739,0.99854,99.95703,0.74,0.62,0.5,0.83,49.42,50.22,51.15,48.92,0.994,0.994,0.993,0.994,/tmpdir/crf_16.mpd,/videos/BigBuckBunny-2160.avi
1358,0.99049,1.70021,0.99837,48.04421,0.99974,0.8791,0.99037,0.99531,0.99732,99.24851,0.89,0.71,0.54,1.02,48.65,49.61,50.83,48.04,0.993,0.993,0.993,0.993,/tmpdir/crf_16.mpd,/videos/BigBuckBunny-2160.avi
1359,0.99023,1.15729,0.99844,48.15159,0.99976,0.88195,0.9905,0.99529,0.99728,98.93871,0.87,0.72,0.54,1.0,48.72,49.57,50.81,48.15,0.993,0.993,0.993,0.993,/tmpdir/crf_16.mpd,/videos/BigBuckBunny-2160.avi
1360,0.99002,1.15729,0.9984,47.98603,0.99974,0.87858,0.99,0.99508,0.99717,98.87883,0.9,0.73,0.55,1.03,48.58,49.48,50.74,47.99,0.993,0.993,0.993,0.993,/tmpdir/crf_16.mpd,/videos/BigBuckBunny-2160.avi
1361,0.99376,0.71984,0.99875,48.94902,0.99984,0.89385,0.99458,0.99754,0.99861,99.53953,0.74,0.62,0.5,0.83,49.44,50.22,51.11,48.95,0.994,0.994,0.993,0.994,/tmpdir/crf_16.mpd,/videos/BigBuckBunny-2160.avi
1362,0.99044,0.71984,0.99847,48.15553,0.99974,0.88219,0.9907,0.99542,0.99736,98.77354,0.87,0.71,0.54,0.99,48.73,49.61,50.82,48.16,0.993,0.993,0.993,0.993,/tmpdir/crf_16.mpd,/videos/BigBuckBunny-2160.avi
1363,0.99027,0.46555,0.99851,48.23736,0.99976,0.88409,0.99087,0.99547,0.9974,98.63175,0.86,0.71,0.54,0.98,48.79,49.6,50.8,48.24,0.993,0.993,0.993,0.993,/tmpdir/crf_16.mpd,/videos/BigBuckBunny-2160.avi
1364,0.99014,0.46555,0.99845,48.08267,0.99974,0.88134,0.99045,0.99532,0.99734,98.59329,0.89,0.73,0.55,1.01,48.65,49.51,50.73,48.08,0.993,0.993,0.993,0.993,/tmpdir/crf_16.mpd,/videos/BigBuckBunny-2160.avi
1365,0.99339,0.5794,0.9987,48.81229,0.99984,0.89215,0.99425,0.99735,0.99846,99.38738,0.76,0.63,0.51,0.85,49.33,50.15,51.06,48.81,0.994,0.994,0.993,0.994,/tmpdir/crf_16.mpd,/videos/BigBuckBunny-2160.avi
1366,0.99015,0.90635,0.99844,48.05835,0.99974,0.88101,0.99033,0.99524,0.99724,98.79597,0.89,0.73,0.55,1.02,48.63,49.5,50.73,48.06,0.993,0.993,0.993,0.993,/tmpdir/crf_16.mpd,/videos/BigBuckBunny-2160.avi
1367,0.98991,0.49063,0.99849,48.20817,0.99976,0.8833,0.99051,0.99527,0.99723,98.56189,0.87,0.74,0.55,0.98,48.74,49.46,50.7,48.21,0.993,0.993,0.993,0.993,/tmpdir/crf_16.mpd,/videos/BigBuckBunny-2160.avi
1368,0.98995,0.49063,0.99843,48.0137,0.99974,0.87972,0.99,0.99504,0.9971,98.54254,0.9,0.74,0.56,1.03,48.58,49.41,50.67,48.01,0.993,0.993,0.993,0.993,/tmpdir/crf_16.mpd,/videos/BigBuckBunny-2160.avi
1369,0.99307,0.67631,0.9987,48.81164,0.99984,0.89169,0.99436,0.99745,0.99857,99.38458,0.76,0.63,0.51,0.85,49.32,50.11,51.04,48.81,0.994,0.994,0.993,0.994,/tmpdir/crf_16.mpd,/videos/BigBuckBunny-2160.avi
1370,0.99023,0.67631,0.99846,48.09623,0.99975,0.88153,0.99056,0.99538,0.99735,98.71261,0.89,0.74,0.55,1.01,48.65,49.47,50.7,48.1,0.993,0.993,0.993,0.993,/tmpdir/crf_16.mpd,/videos/BigBuckBunny-2160.avi
1371,0.99047,0.48307,0.99849,48.21972,0.99975,0.88369,0.99073,0.99538,0.99728,98.6649,0.87,0.75,0.57,0.98,48.72,49.37,50.6,48.22,0.993,0.993,0.993,0.993,/tmpdir/crf_16.mpd,/videos/BigBuckBunny-2160.avi
1372,0.98975,0.48307,0.99839,47.95058,0.99973,0.87914,0.98987,0.99498,0.99706,98.49826,0.92,0.76,0.57,1.04,48.51,49.31,50.61,47.95,0.993,0.993,0.993,0.993,/tmpdir/crf_16.mpd,/videos/BigBuckBunny-2160.avi
1373,0.99269,0.9503,0.9986,48.57129,0.99982,0.88831,0.99389,0.99722,0.99843,99.42253,0.8,0.65,0.52,0.9,49.11,50.0,50.96,48.57,0.993,0.993,0.993,0.993,/tmpdir/crf_16.mpd,/videos/BigBuckBunny-2160.avi
1374,0.98991,0.95222,0.99838,47.95832,0.99973,0.87918,0.98998,0.99504,0.99711,98.75513,0.92,0.77,0.57,1.04,48.51,49.27,50.59,47.96,0.993,0.993,0.993,0.993,/tmpdir/crf_16.mpd,/videos/BigBuckBunny-2160.avi
1375,0.99012,1.26766,0.99841,48.06519,0.99976,0.88018,0.98995,0.99496,0.99702,98.94047,0.91,0.79,0.58,1.02,48.56,49.14,50.5,48.07,0.993,0.993,0.993,0.993,/tmpdir/crf_16.mpd,/videos/BigBuckBunny-2160.avi
1376,0.98941,1.26766,0.99829,47.80063,0.99971,0.87546,0.98927,0.99472,0.99695,98.79174,0.95,0.8,0.58,1.08,48.36,49.12,50.52,47.8,0.993,0.992,0.993,0.993,/tmpdir/crf_16.mpd,/videos/BigBuckBunny-2160.avi
1377,0.9928,1.78938,0.99862,48.67359,0.99983,0.889,0.99367,0.99714,0.99838,99.85014,0.78,0.65,0.52,0.88,49.19,49.98,50.97,48.67,0.993,0.993,0.993,0.994,/tmpdir/crf_16.mpd,/videos/BigBuckBunny-2160.avi
1378,0.98927,1.78938,0.99835,47.90239,0.99972,0.87763,0.98924,0.99468,0.99695,99.03027,0.93,0.78,0.57,1.05,48.46,49.23,50.57,47.9,0.993,0.993,0.993,0.993,/tmpdir/crf_16.mpd,/videos/BigBuckBunny-2160.avi
1379,0.98957,2.13014,0.99843,48.12227,0.99975,0.88164,0.98965,0.99483,0.997,99.27398,0.9,0.79,0.58,1.0,48.61,49.16,50.53,48.12,0.993,0.993,0.993,0.993,/tmpdir/crf_16.mpd,/videos/BigBuckBunny-2160.avi
1380,0.98932,2.13014,0.99831,47.8134,0.99971,0.87675,0.98889,0.99443,0.99672,99.18827,0.95,0.8,0.58,1.08,48.37,49.11,50.5,47.81,0.993,0.993,0.993,0.993,/tmpdir/crf_16.mpd,/videos/BigBuckBunny-2160.avi
1381,0.99327,1.87858,0.99871,48.88814,0.99984,0.8929,0.99424,0.99744,0.99861,100.0,0.75,0.63,0.51,0.84,49.38,50.12,51.04,48.89,0.994,0.994,0.993,0.994,/tmpdir/crf_16.mpd,/videos/BigBuckBunny-2160.avi
1382,0.98909,1.87858,0.99838,47.87688,0.99973,0.87809,0.98932,0.9947,0.99697,99.04692,0.93,0.77,0.57,1.06,48.45,49.28,50.58,47.88,0.993,0.993,0.993,0.993,/tmpdir/crf_16.mpd,/videos/BigBuckBunny-2160.avi
1383,0.98951,1.82347,0.99846,48.10902,0.99975,0.88153,0.98969,0.99479,0.99689,99.0994,0.9,0.79,0.58,1.01,48.59,49.14,50.49,48.11,0.993,0.993,0.993,0.993,/tmpdir/crf_16.mpd,/videos/BigBuckBunny-2160.avi
1384,0.98899,1.73943,0.99838,47.87677,0.99972,0.87799,0.98914,0.9946,0.99687,98.95083,0.94,0.8,0.58,1.06,48.41,49.08,50.47,47.88,0.993,0.993,0.992,0.993,/tmpdir/crf_16.mpd,/videos/BigBuckBunny-2160.avi
1385,0.9933,1.08133,0.99876,48.92291,0.99985,0.89428,0.99443,0.99748,0.99858,99.62841,0.75,0.64,0.52,0.83,49.39,50.08,50.96,48.92,0.994,0.993,0.993,0.994,/tmpdir/crf_16.mpd,/videos/BigBuckBunny-2160.avi
1386,0.98933,1.08133,0.99846,48.03673,0.99975,0.88152,0.99003,0.99505,0.99714,98.72456,0.91,0.78,0.58,1.02,48.55,49.21,50.52,48.04,0.993,0.993,0.993,0.993,/tmpdir/crf_16.mpd,/videos/BigBuckBunny-2160.avi
1387,0.98999,0.72594,0.99849,48.14261,0.99976,0.8829,0.99008,0.99503,0.99707,98.66826,0.9,0.81,0.59,1.0,48.6,49.04,50.42,48.14,0.993,0.993,0.992,0.993,/tmpdir/crf_16.mpd,/videos/BigBuckBunny-2160.avi
1388,0.98905,0.72594,0.99843,47.9259,0.99974,0.87944,0.98953,0.99478,0.99696,98.47827,0.93,0.81,0.59,1.05,48.44,49.06,50.45,47.93,0.993,0.993,0.992,0.993,/tmpdir/crf_16.mpd,/videos/BigBuckBunny-2160.avi
1389,0.99307,0.60039,0.99873,48.79231,0.99985,0.89207,0.99425,0.99736,0.99848,99.34094,0.77,0.65,0.53,0.86,49.27,49.99,50.92,48.79,0.994,0.993,0.993,0.994,/tmpdir/crf_16.mpd,/videos/BigBuckBunny-2160.avi
1390,0.98956,0.60039,0.99848,48.03426,0.99975,0.88143,0.99005,0.99504,0.99714,98.53365,0.91,0.79,0.58,1.02,48.54,49.15,50.52,48.03,0.993,0.993,0.993,0.993,/tmpdir/crf_16.mpd,/videos/BigBuckBunny-2160.avi
1391,0.9905,0.48216,0.9985,48.15745,0.99975,0.88282,0.99023,0.99513,0.99716,98.65197,0.9,0.82,0.6,0.99,48.59,48.98,50.39,48.16,0.993,0.992,0.992,0.993,/tmpdir/crf_16.mpd,/videos/BigBuckBunny-2160.avi
1392,0.98938,0.48216,0.99841,47.87711,0.99973,0.87809,0.98935,0.99475,0.99695,98.41532,0.94,0.83,0.59,1.06,48.39,48.96,50.41,47.88,0.993,0.992,0.992,0.993,/tmpdir/crf_16.mpd,/videos/BigBuckBunny-2160.avi
1393,0.99295,0.50288,0.99867,48.62991,0.99984,0.88935,0.99396,0.99725,0.99845,99.26071,0.8,0.67,0.53,0.89,49.13,49.86,50.86,48.63,0.993,0.993,0.993,0.994,/tmpdir/crf_16.mpd,/videos/BigBuckBunny-2160.avi
1394,0.98945,0.50288,0.99844,47.9317,0.99974,0.87941,0.98993,0.99507,0.99719,98.4661,0.93,0.81,0.58,1.05,48.45,49.06,50.47,47.93,0.993,0.992,0.992,0.993,/tmpdir/crf_16.mpd,/videos/BigBuckBunny-2160.avi
1395,0.99016,0.6879,0.99846,48.02104,0.99975,0.87993,0.9899,0.99498,0.99705,98.67002,0.93,0.85,0.61,1.03,48.46,48.83,50.29,48.02,0.993,0.992,0.992,0.993,/tmpdir/crf_16.mpd,/videos/BigBuckBunny-2160.avi
1396,0.98896,0.6879,0.99836,47.74291,0.99973,0.87516,0.98907,0.99463,0.99688,98.42311,0.97,0.86,0.61,1.09,48.25,48.8,50.3,47.74,0.993,0.992,0.992,0.993,/tmpdir/crf_16.mpd,/videos/BigBuckBunny-2160.avi
1397,0.99256,0.74121,0.99861,48.44347,0.99983,0.886,0.99356,0.99706,0.99831,99.2808,0.83,0.7,0.55,0.93,48.94,49.65,50.74,48.44,0.993,0.993,0.993,0.993,/tmpdir/crf_16.mpd,/videos/BigBuckBunny-2160.avi
1398,0.9891,0.74121,0.99835,47.7498,0.99974,0.87533,0.98942,0.99479,0.99696,98.48306,0.97,0.85,0.6,1.09,48.26,48.85,50.32,47.75,0.993,0.992,0.992,0.993,/tmpdir/crf_16.mpd,/videos/BigBuckBunny-2160.avi
1399,0.98995,0.91786,0.99838,47.87996,0.99976,0.87625,0.98939,0.99477,0.99691,98.71687,0.96,0.9,0.62,1.06,48.31,48.61,50.17,47.88,0.993,0.992,0.992,0.993,/tmpdir/crf_16.mpd,/videos/BigBuckBunny-2160.avi
1400,0.98853,0.91786,0.99827,47.59489,0.99972,0.87189,0.98829,0.99428,0.99669,98.42606,1.01,0.9,0.62,1.13,48.09,48.57,50.18,47.59,0.992,0.992,0.992,0.993,/tmpdir/crf_16.mpd,/videos/BigBuckBunny-2160.avi
1401,0.99222,1.43312,0.99858,48.41942,0.99982,0.88525,0.99301,0.9969,0.99831,99.54807,0.84,0.74,0.56,0.94,48.89,49.44,50.66,48.42,0.993,0.993,0.993,0.994,/tmpdir/crf_16.mpd,/videos/BigBuckBunny-2160.avi
1402,0.98929,1.43312,0.99842,48.08594,0.99976,0.88025,0.99005,0.9951,0.99709,98.88461,0.9,0.8,0.58,1.01,48.57,49.08,50.52,48.09,0.993,0.992,0.992,0.993,/tmpdir/crf_16.mpd,/videos/BigBuckBunny-2160.avi
1403,0.98824,1.8925,0.99832,47.79402,0.99972,0.8767,0.98862,0.9944,0.99677,98.87874,0.96,0.85,0.6,1.08,48.29,48.82,50.32,47.79,0.993,0.992,0.992,0.993,/tmpdir/crf_16.mpd,/videos/BigBuckBunny-2160.avi
1404,0.99214,1.8925,0.99852,48.32054,0.99981,0.88383,0.99259,0.9967,0.99818,99.74503,0.86,0.75,0.56,0.96,48.8,49.35,50.62,48.32,0.993,0.993,0.992,0.993,/tmpdir/crf_16.mpd,/videos/BigBuckBunny-2160.avi
1405,0.99573,2.4869,0.9992,50.84425,0.99989,0.9277,0.997,0.99871,0.9993,100.0,0.47,0.37,0.32,0.54,51.38,52.4,53.03,50.84,0.996,0.996,0.995,0.996,/tmpdir/crf_16.mpd,/videos/BigBuckBunny-2160.avi
1406,0.98992,2.4869,0.99862,48.70804,0.99975,0.89816,0.99017,0.99506,0.99715,99.57963,0.75,0.59,0.43,0.88,49.36,50.43,51.82,48.71,0.994,0.995,0.994,0.994,/tmpdir/crf_16.mpd,/videos/BigBuckBunny-2160.avi
1407,0.99102,3.13545,0.99859,48.70174,0.99975,0.89591,0.99017,0.99509,0.99712,100.0,0.77,0.64,0.45,0.88,49.28,50.08,51.56,48.7,0.994,0.994,0.994,0.994,/tmpdir/crf_16.mpd,/videos/BigBuckBunny-2160.avi
1408,0.98905,3.13545,0.99845,48.23136,0.99971,0.88846,0.98817,0.99395,0.99638,99.65978,0.85,0.7,0.48,0.98,48.85,49.71,51.3,48.23,0.994,0.994,0.994,0.994,/tmpdir/crf_16.mpd,/videos/BigBuckBunny-2160.avi
1409,0.99308,2.60063,0.99875,49.067,0.99982,0.89842,0.99338,0.99705,0.99841,100.0,0.71,0.58,0.43,0.81,49.64,50.48,51.78,49.07,0.994,0.994,0.994,0.994,/tmpdir/crf_16.mpd,/videos/BigBuckBunny-2160.avi
1410,0.98906,2.60063,0.99845,48.24948,0.99971,0.88736,0.98855,0.99432,0.99675,99.41165,0.85,0.73,0.5,0.97,48.82,49.51,51.17,48.25,0.994,0.993,0.994,0.994,/tmpdir/crf_16.mpd,/videos/BigBuckBunny-2160.avi
1411,0.99006,2.04747,0.99841,48.18708,0.99974,0.88287,0.98897,0.99467,0.99699,99.3174,0.87,0.75,0.51,0.99,48.75,49.39,51.04,48.19,0.993,0.993,0.994,0.993,/tmpdir/crf_16.mpd,/videos/BigBuckBunny-2160.avi
1412,0.98853,2.04747,0.99822,47.79924,0.99969,0.87524,0.98744,0.99388,0.99652,98.97471,0.93,0.77,0.52,1.08,48.42,49.26,50.97,47.8,0.993,0.993,0.994,0.993,/tmpdir/crf_16.mpd,/videos/BigBuckBunny-2160.avi
1413,0.99267,3.70536,0.99865,48.84645,0.99982,0.88996,0.99289,0.99688,0.99834,100.0,0.74,0.62,0.44,0.85,49.42,50.18,51.68,48.85,0.994,0.994,0.994,0.994,/tmpdir/crf_16.mpd,/videos/BigBuckBunny-2160.avi
1414,0.98868,3.70536,0.99836,48.11684,0.99971,0.87977,0.98807,0.99406,0.99655,99.89639,0.88,0.77,0.5,1.0,48.69,49.28,51.13,48.12,0.993,0.993,0.994,0.993,/tmpdir/crf_16.mpd,/videos/BigBuckBunny-2160.avi
1415,0.99003,2.8177,0.9984,48.25064,0.99975,0.87941,0.98882,0.99451,0.99679,99.68515,0.87,0.8,0.53,0.97,48.74,49.1,50.9,48.25,0.993,0.993,0.993,0.993,/tmpdir/crf_16.mpd,/videos/BigBuckBunny-2160.avi
1416,0.98799,2.8177,0.99827,47.89151,0.9997,0.8743,0.98706,0.99347,0.99615,99.24165,0.93,0.82,0.54,1.06,48.45,49.01,50.83,47.89,0.993,0.993,0.993,0.993,/tmpdir/crf_16.mpd,/videos/BigBuckBunny-2160.avi
1417,0.99235,2.45257,0.99862,48.77997,0.99982,0.88702,0.99282,0.99684,0.99831,100.0,0.76,0.66,0.47,0.86,49.31,49.93,51.38,48.78,0.994,0.993,0.994,0.994,/tmpdir/crf_16.mpd,/videos/BigBuckBunny-2160.avi
1418,0.9885,2.45257,0.99831,48.05443,0.99971,0.87657,0.98822,0.99416,0.99656,99.19187,0.9,0.79,0.54,1.02,48.59,49.14,50.84,48.05,0.993,0.993,0.993,0.993,/tmpdir/crf_16.mpd,/videos/BigBuckBunny-2160.avi
1419,0.98989,2.37884,0.99836,48.20453,0.99973,0.87731,0.98885,0.99459,0.99691,99.43649,0.88,0.81,0.55,0.98,48.68,49.06,50.76,48.2,0.993,0.992,0.993,0.993,/tmpdir/crf_16.mpd,/videos/BigBuckBunny-2160.avi
1420,0.98775,2.37884,0.99822,47.88618,0.99968,0.87233,0.98733,0.99377,0.9964,98.98913,0.93,0.81,0.55,1.06,48.44,49.03,50.75,47.89,0.993,0.992,0.993,0.993,/tmpdir/crf_16.mpd,/videos/BigBuckBunny-2160.avi
1421,0.9919,2.61107,0.99856,48.70412,0.99981,0.88355,0.99243,0.99664,0.99821,100.0,0.77,0.66,0.48,0.88,49.24,49.93,51.33,48.7,0.994,0.993,0.994,0.994,/tmpdir/crf_16.mpd,/videos/BigBuckBunny-2160.avi
1422,0.98814,2.61107,0.99827,48.05599,0.99969,0.87513,0.98762,0.99383,0.99638,99.18632,0.9,0.77,0.53,1.02,48.61,49.27,50.86,48.06,0.993,0.993,0.993,0.993,/tmpdir/crf_16.mpd,/videos/BigBuckBunny-2160.avi
1423,0.98974,3.12968,0.99834,48.28999,0.99972,0.87734,0.9884,0.99438,0.99677,99.7894,0.86,0.78,0.54,0.96,48.77,49.19,50.8,48.29,0.993,0.993,0.993,0.993,/tmpdir/crf_16.mpd,/videos/BigBuckBunny-2160.avi
1424,0.98798,3.12968,0.99824,48.0553,0.99967,0.87413,0.987,0.9935,0.99614,99.40695,0.9,0.8,0.54,1.02,48.58,49.12,50.78,48.06,0.993,0.992,0.993,0.993,/tmpdir/crf_16.mpd,/videos/BigBuckBunny-2160.avi
1425,0.99199,3.5465,0.99859,48.93774,0.9998,0.88579,0.99212,0.99647,0.99808,100.0,0.74,0.65,0.47,0.83,49.43,49.98,51.39,48.94,0.994,0.993,0.994,0.994,/tmpdir/crf_16.mpd,/videos/BigBuckBunny-2160.avi
1426,0.98848,3.5465,0.99829,48.2339,0.99967,0.87656,0.98743,0.99375,0.99635,99.74612,0.87,0.76,0.53,0.98,48.76,49.32,50.93,48.23,0.993,0.993,0.993,0.993,/tmpdir/crf_16.mpd,/videos/BigBuckBunny-2160.avi
1427,0.9896,3.87797,0.99834,48.38311,0.99971,0.87713,0.98832,0.99436,0.99681,100.0,0.85,0.77,0.54,0.94,48.86,49.28,50.84,48.38,0.993,0.993,0.993,0.993,/tmpdir/crf_16.mpd,/videos/BigBuckBunny-2160.avi
1428,0.9879,3.87797,0.9982,48.043,0.99968,0.86975,0.98705,0.99363,0.99628,99.8027,0.9,0.79,0.54,1.02,48.58,49.16,50.82,48.04,0.993,0.992,0.993,0.993,/tmpdir/crf_16.mpd,/videos/BigBuckBunny-2160.avi
1429,0.99219,4.62825,0.9986,49.02777,0.9998,0.88677,0.99229,0.9965,0.99805,100.0,0.73,0.64,0.47,0.81,49.51,50.06,51.41,49.03,0.994,0.993,0.994,0.994,/tmpdir/crf_16.mpd,/videos/BigBuckBunny-2160.avi
1430,0.98812,4.62825,0.99833,48.30268,0.99969,0.8777,0.98741,0.9936,0.99617,100.0,0.86,0.77,0.53,0.96,48.8,49.26,50.87,48.3,0.993,0.993,0.993,0.993,/tmpdir/crf_16.mpd,/videos/BigBuckBunny-2160.avi
1431,0.98967,3.97967,0.99838,48.44672,0.99973,0.87836,0.98811,0.99401,0.99636,100.0,0.84,0.8,0.55,0.93,48.87,49.12,50.76,48.45,0.993,0.992,0.993,0.993,/tmpdir/crf_16.mpd,/videos/BigBuckBunny-2160.avi
1432,0.98839,3.97967,0.99828,48.13128,0.99969,0.87444,0.98717,0.9936,0.99624,99.95158,0.89,0.81,0.55,1.0,48.62,49.07,50.7,48.13,0.993,0.992,0.993,0.993,/tmpdir/crf_16.mpd,/videos/BigBuckBunny-2160.avi
1433,0.99254,4.02816,0.99861,48.96656,0.9998,0.8867,0.9923,0.99643,0.99798,100.0,0.74,0.65,0.49,0.82,49.43,49.97,51.22,48.97,0.994,0.993,0.993,0.994,/tmpdir/crf_16.mpd,/videos/BigBuckBunny-2160.avi
1434,0.98876,4.02816,0.99833,48.19367,0.9997,0.8764,0.98785,0.99402,0.9966,100.0,0.88,0.8,0.55,0.99,48.67,49.11,50.7,48.19,0.993,0.992,0.993,0.993,/tmpdir/crf_16.mpd,/videos/BigBuckBunny-2160.avi
1435,0.98989,4.11232,0.99835,48.26714,0.99972,0.87668,0.98805,0.99402,0.99644,100.0,0.88,0.83,0.57,0.97,48.68,48.93,50.55,48.27,0.993,0.992,0.993,0.993,/tmpdir/crf_16.mpd,/videos/BigBuckBunny-2160.avi
1436,0.98856,4.11232,0.99829,48.05919,0.99969,0.87399,0.98709,0.9936,0.99632,100.0,0.91,0.83,0.58,1.02,48.53,48.92,50.5,48.06,0.993,0.992,0.993,0.993,/tmpdir/crf_16.mpd,/videos/BigBuckBunny-2160.avi
1437,0.99204,3.9655,0.99858,48.79287,0.9998,0.88401,0.99194,0.99625,0.99787,100.0,0.77,0.69,0.52,0.86,49.25,49.75,50.99,48.79,0.994,0.993,0.993,0.994,/tmpdir/crf_16.mpd,/videos/BigBuckBunny-2160.avi
1438,0.98841,3.9655,0.99831,48.06249,0.9997,0.87435,0.98759,0.99387,0.99641,99.96576,0.91,0.83,0.58,1.02,48.53,48.96,50.5,48.06,0.993,0.992,0.993,0.993,/tmpdir/crf_16.mpd,/videos/BigBuckBunny-2160.avi
1439,0.9894,3.57651,0.99832,48.12337,0.99972,0.8733,0.98795,0.99419,0.99669,99.95138,0.91,0.86,0.59,1.0,48.54,48.78,50.39,48.12,0.993,0.992,0.992,0.993,/tmpdir/crf_16.mpd,/videos/BigBuckBunny-2160.avi
1440,0.98828,3.57651,0.99823,47.88829,0.99969,0.86997,0.98713,0.99375,0.99639,99.71481,0.95,0.87,0.6,1.06,48.36,48.74,50.37,47.89,0.993,0.992,0.992,0.993,/tmpdir/crf_16.mpd,/videos/BigBuckBunny-2160.avi
1441,0.99151,3.14124,0.9985,48.54994,0.99979,0.87879,0.99155,0.99617,0.99784,100.0,0.82,0.73,0.53,0.91,49.01,49.5,50.85,48.55,0.993,0.993,0.993,0.993,/tmpdir/crf_16.mpd,/videos/BigBuckBunny-2160.avi
1442,0.98812,3.14124,0.9982,47.82291,0.99969,0.86897,0.98738,0.9939,0.99657,99.46392,0.96,0.85,0.59,1.07,48.33,48.82,50.42,47.82,0.993,0.992,0.992,0.993,/tmpdir/crf_16.mpd,/videos/BigBuckBunny-2160.avi
1443,0.98859,3.80832,0.99826,47.92178,0.99972,0.86921,0.9875,0.99399,0.99656,99.91239,0.95,0.89,0.6,1.05,48.36,48.64,50.31,47.92,0.993,0.992,0.992,0.993,/tmpdir/crf_16.mpd,/videos/BigBuckBunny-2160.avi
1444,0.98792,3.80832,0.99815,47.70503,0.99968,0.8658,0.98691,0.99372,0.99646,99.77348,0.99,0.91,0.61,1.1,48.18,48.54,50.28,47.71,0.992,0.992,0.992,0.993,/tmpdir/crf_16.mpd,/videos/BigBuckBunny-2160.avi
1445,0.99049,4.50555,0.99843,48.27745,0.99979,0.87173,0.99073,0.99565,0.99747,100.0,0.87,0.8,0.56,0.97,48.73,49.12,50.62,48.28,0.993,0.992,0.993,0.993,/tmpdir/crf_16.mpd,/videos/BigBuckBunny-2160.avi
1446,0.98918,4.50555,0.99823,47.74905,0.99973,0.86383,0.98818,0.99435,0.99674,100.0,0.97,0.88,0.6,1.09,48.24,48.67,50.37,47.75,0.992,0.992,0.992,0.992,/tmpdir/crf_16.mpd,/videos/BigBuckBunny-2160.avi
1447,0.9887,4.08748,0.99829,47.8336,0.99975,0.86345,0.98825,0.99433,0.99667,100.0,0.96,0.91,0.6,1.07,48.29,48.56,50.36,47.83,0.992,0.992,0.992,0.993,/tmpdir/crf_16.mpd,/videos/BigBuckBunny-2160.avi
1448,0.98843,4.08748,0.99818,47.59712,0.99973,0.85886,0.98762,0.99409,0.99655,100.0,1.01,0.93,0.61,1.13,48.08,48.43,50.26,47.6,0.992,0.991,0.992,0.992,/tmpdir/crf_16.mpd,/videos/BigBuckBunny-2160.avi
1449,0.98907,3.50064,0.9983,47.77598,0.99976,0.86079,0.98866,0.99463,0.99683,99.84515,0.98,0.91,0.6,1.09,48.24,48.53,50.36,47.78,0.992,0.991,0.992,0.993,/tmpdir/crf_16.mpd,/videos/BigBuckBunny-2160.avi
1450,0.98746,3.50064,0.99809,47.37277,0.99972,0.85353,0.98637,0.99345,0.99609,99.46822,1.06,0.97,0.62,1.19,47.88,48.24,50.2,47.37,0.992,0.991,0.992,0.992,/tmpdir/crf_16.mpd,/videos/BigBuckBunny-2160.avi
1451,0.9864,3.58161,0.99796,47.07092,0.99969,0.84723,0.98446,0.99246,0.9955,99.24966,1.13,1.05,0.64,1.28,47.59,47.93,50.08,47.07,0.991,0.99,0.992,0.991,/tmpdir/crf_16.mpd,/videos/BigBuckBunny-2160.avi
1452,0.98532,3.58161,0.99794,46.81983,0.99969,0.84181,0.98205,0.99108,0.99458,98.95215,1.19,1.07,0.64,1.35,47.39,47.85,50.09,46.82,0.991,0.99,0.992,0.991,/tmpdir/crf_16.mpd,/videos/BigBuckBunny-2160.avi
1453,0.99893,0.00194,0.99914,60.0,0.99986,0.98121,0.99938,0.99973,0.99986,100.0,0.05,0.04,0.04,0.06,60.92,61.83,61.96,60.5,1.0,1.0,0.999,1.0,/tmpdir/crf_16.mpd,/videos/BigBuckBunny-2160.avi
1454,0.99894,0.00194,0.99914,60.0,0.99986,0.98108,0.99936,0.99972,0.99985,100.0,0.05,0.04,0.04,0.06,60.87,61.74,61.87,60.48,1.0,1.0,0.999,1.0,/tmpdir/crf_16.mpd,/videos/BigBuckBunny-2160.avi
1455,0.99891,0.00196,0.99914,60.0,0.99986,0.98098,0.99936,0.99972,0.99986,100.0,0.05,0.04,0.04,0.06,60.84,61.67,61.82,60.45,1.0,1.0,0.999,1.0,/tmpdir/crf_16.mpd,/videos/BigBuckBunny-2160.avi
1456,0.99889,0.00196,0.99914,60.0,0.99986,0.98088,0.99935,0.99972,0.99986,100.0,0.05,0.04,0.04,0.06,60.81,61.65,61.82,60.42,1.0,1.0,0.999,1.0,/tmpdir/crf_16.mpd,/videos/BigBuckBunny-2160.avi
1457,0.99884,0.002,0.99914,60.0,0.99986,0.98074,0.99933,0.9997,0.99984,100.0,0.05,0.04,0.04,0.06,60.79,61.67,61.82,60.38,1.0,1.0,0.999,1.0,/tmpdir/crf_16.mpd,/videos/BigBuckBunny-2160.avi
1458,0.99894,0.002,0.99914,60.0,0.99986,0.98068,0.99933,0.9997,0.99985,100.0,0.05,0.04,0.04,0.06,60.76,61.61,61.74,60.37,1.0,0.999,0.999,1.0,/tmpdir/crf_16.mpd,/videos/BigBuckBunny-2160.avi
1459,0.99893,0.00194,0.99914,60.0,0.99986,0.98064,0.99933,0.9997,0.99985,100.0,0.05,0.05,0.04,0.06,60.75,61.56,61.71,60.36,1.0,0.999,0.999,1.0,/tmpdir/crf_16.mpd,/videos/BigBuckBunny-2160.avi
1460,0.99892,0.00194,0.99914,60.0,0.99986,0.98058,0.99931,0.9997,0.99984,100.0,0.06,0.05,0.04,0.06,60.72,61.54,61.7,60.34,1.0,0.999,0.999,1.0,/tmpdir/crf_16.mpd,/videos/BigBuckBunny-2160.avi
1461,0.99886,0.002,0.99914,60.0,0.99986,0.9805,0.99931,0.99969,0.99984,100.0,0.06,0.05,0.04,0.06,60.71,61.58,61.72,60.31,1.0,0.999,0.999,1.0,/tmpdir/crf_16.mpd,/videos/BigBuckBunny-2160.avi
1462,0.999,0.002,0.99914,60.0,0.99986,0.98042,0.9993,0.9997,0.99985,100.0,0.06,0.05,0.04,0.06,60.68,61.5,61.66,60.29,1.0,0.999,0.999,1.0,/tmpdir/crf_16.mpd,/videos/BigBuckBunny-2160.avi
1463,0.99898,0.00298,0.99914,60.0,0.99986,0.98041,0.99931,0.9997,0.99984,100.0,0.06,0.05,0.04,0.06,60.67,61.45,61.62,60.29,1.0,0.999,0.999,1.0,/tmpdir/crf_16.mpd,/videos/BigBuckBunny-2160.avi
1464,0.99895,0.00578,0.99914,60.0,0.99986,0.98026,0.99928,0.99968,0.99983,100.0,0.06,0.05,0.05,0.06,60.62,61.4,61.59,60.24,0.999,0.999,0.999,1.0,/tmpdir/crf_16.mpd,/videos/BigBuckBunny-2160.avi
1465,0.99889,0.02926,0.99914,60.0,0.99986,0.97994,0.99923,0.99965,0.99982,100.0,0.06,0.05,0.05,0.06,60.55,61.38,61.52,60.16,0.999,0.999,0.999,1.0,/tmpdir/crf_16.mpd,/videos/BigBuckBunny-2160.avi
1466,0.99893,0.05203,0.99914,60.0,0.99986,0.97958,0.99917,0.99961,0.99978,100.0,0.06,0.05,0.05,0.06,60.45,61.28,61.41,60.06,0.999,0.999,0.999,1.0,/tmpdir/crf_16.mpd,/videos/BigBuckBunny-2160.avi
1467,0.99889,0.11812,0.99914,59.90359,0.99986,0.97899,0.99911,0.9996,0.99979,100.0,0.06,0.05,0.05,0.07,60.29,61.1,61.27,59.9,0.999,0.999,0.999,0.999,/tmpdir/crf_16.mpd,/videos/BigBuckBunny-2160.avi
1468,0.99888,0.14371,0.99914,59.81881,0.99986,0.97863,0.99913,0.99962,0.9998,100.0,0.06,0.05,0.05,0.07,60.21,61.02,61.19,59.82,0.999,0.999,0.999,0.999,/tmpdir/crf_16.mpd,/videos/BigBuckBunny-2160.avi
1469,0.99885,0.23033,0.99914,59.66553,0.99986,0.97794,0.99904,0.99957,0.99976,100.0,0.06,0.05,0.05,0.07,60.07,60.92,61.08,59.67,0.999,0.999,0.999,0.999,/tmpdir/crf_16.mpd,/videos/BigBuckBunny-2160.avi
1470,0.99888,0.23898,0.99914,59.5051,0.99986,0.97735,0.99886,0.99947,0.9997,100.0,0.07,0.05,0.05,0.07,59.91,60.79,60.95,59.51,0.999,0.999,0.999,0.999,/tmpdir/crf_16.mpd,/videos/BigBuckBunny-2160.avi
1471,0.99883,0.36948,0.99914,59.27595,0.99986,0.97646,0.99873,0.99942,0.99969,100.0,0.07,0.06,0.05,0.08,59.69,60.56,60.79,59.28,0.999,0.999,0.999,0.999,/tmpdir/crf_16.mpd,/videos/BigBuckBunny-2160.avi
1472,0.99885,0.37531,0.99914,59.31016,0.99986,0.97633,0.99889,0.9995,0.99973,100.0,0.07,0.06,0.05,0.08,59.72,60.58,60.77,59.31,0.999,0.999,0.999,0.999,/tmpdir/crf_16.mpd,/videos/BigBuckBunny-2160.avi
1473,0.99886,0.47591,0.99913,59.05217,0.99986,0.97546,0.99858,0.99934,0.99962,100.0,0.07,0.06,0.06,0.08,59.49,60.44,60.62,59.05,0.999,0.999,0.999,0.999,/tmpdir/crf_16.mpd,/videos/BigBuckBunny-2160.avi
1474,0.99882,0.47591,0.99914,59.07077,0.99986,0.97526,0.99877,0.99946,0.9997,100.0,0.07,0.06,0.06,0.08,59.5,60.45,60.6,59.07,0.999,0.999,0.999,0.999,/tmpdir/crf_16.mpd,/videos/BigBuckBunny-2160.avi
1475,0.9987,0.56375,0.99913,58.88965,0.99986,0.97477,0.99846,0.99927,0.99958,100.0,0.08,0.06,0.06,0.08,59.32,60.25,60.43,58.89,0.999,0.999,0.999,0.999,/tmpdir/crf_16.mpd,/videos/BigBuckBunny-2160.avi
1476,0.99832,0.56375,0.99913,58.84854,0.99986,0.97441,0.99854,0.99933,0.99962,100.0,0.08,0.06,0.06,0.08,59.28,60.2,60.42,58.85,0.999,0.999,0.999,0.999,/tmpdir/crf_16.mpd,/videos/BigBuckBunny-2160.avi
1477,0.99795,0.64859,0.99913,58.71929,0.99986,0.97408,0.99836,0.99923,0.99956,100.0,0.08,0.06,0.06,0.09,59.17,60.14,60.36,58.72,0.999,0.999,0.999,0.999,/tmpdir/crf_16.mpd,/videos/BigBuckBunny-2160.avi
1478,0.99844,0.64859,0.99913,58.82058,0.99986,0.97421,0.99869,0.99942,0.99968,100.0,0.08,0.06,0.06,0.09,59.26,60.19,60.39,58.82,0.999,0.999,0.999,0.999,/tmpdir/crf_16.mpd,/videos/BigBuckBunny-2160.avi
1479,0.99782,0.74348,0.99912,58.52303,0.99985,0.97326,0.99834,0.99924,0.99959,100.0,0.08,0.07,0.06,0.09,58.97,59.9,60.15,58.52,0.999,0.999,0.999,0.999,/tmpdir/crf_16.mpd,/videos/BigBuckBunny-2160.avi
1480,0.99818,0.74348,0.99911,58.36431,0.99985,0.97216,0.9983,0.99922,0.99956,100.0,0.09,0.07,0.06,0.09,58.83,59.85,60.08,58.36,0.999,0.999,0.999,0.999,/tmpdir/crf_16.mpd,/videos/BigBuckBunny-2160.avi
1481,0.99761,0.86717,0.9991,58.07524,0.99985,0.97036,0.99814,0.99914,0.99952,100.0,0.09,0.07,0.07,0.1,58.58,59.67,59.95,58.08,0.999,0.999,0.999,0.999,/tmpdir/crf_16.mpd,/videos/BigBuckBunny-2160.avi
1482,0.9982,0.86717,0.99911,58.15096,0.99986,0.97004,0.99845,0.99932,0.99961,100.0,0.09,0.07,0.07,0.1,58.64,59.71,59.97,58.15,0.999,0.999,0.999,0.999,/tmpdir/crf_16.mpd,/videos/BigBuckBunny-2160.avi
1483,0.99756,0.91081,0.99907,57.59254,0.99985,0.96715,0.99785,0.999,0.99942,100.0,0.1,0.08,0.07,0.11,58.14,59.35,59.69,57.59,0.999,0.999,0.999,0.999,/tmpdir/crf_16.mpd,/videos/BigBuckBunny-2160.avi
1484,0.99785,0.91081,0.99907,57.44533,0.99985,0.96585,0.99788,0.99903,0.99944,100.0,0.1,0.08,0.07,0.12,58.02,59.33,59.64,57.45,0.999,0.999,0.999,0.999,/tmpdir/crf_16.mpd,/videos/BigBuckBunny-2160.avi
1485,0.99759,0.97127,0.99904,57.02864,0.99985,0.9631,0.99775,0.99898,0.9994,100.0,0.11,0.08,0.07,0.13,57.67,59.2,59.45,57.03,0.999,0.999,0.999,0.999,/tmpdir/crf_16.mpd,/videos/BigBuckBunny-2160.avi
1486,0.9979,0.97127,0.99908,57.21867,0.99986,0.96329,0.99817,0.99922,0.99958,100.0,0.11,0.08,0.07,0.12,57.82,59.22,59.47,57.22,0.999,0.999,0.999,0.999,/tmpdir/crf_16.mpd,/videos/BigBuckBunny-2160.avi
1487,0.99755,1.11693,0.999,56.50442,0.99985,0.95842,0.99748,0.9989,0.99937,100.0,0.12,0.08,0.08,0.15,57.19,58.84,59.17,56.5,0.999,0.999,0.999,0.999,/tmpdir/crf_16.mpd,/videos/BigBuckBunny-2160.avi
1488,0.99778,1.11693,0.99902,56.53267,0.99985,0.95851,0.99763,0.99897,0.99943,100.0,0.12,0.09,0.08,0.14,57.2,58.81,59.13,56.53,0.999,0.999,0.999,0.999,/tmpdir/crf_16.mpd,/videos/BigBuckBunny-2160.avi
1489,0.99747,1.3488,0.99898,56.13579,0.99984,0.95573,0.99723,0.9988,0.99933,100.0,0.13,0.09,0.08,0.16,56.86,58.66,58.97,56.14,0.999,0.999,0.999,0.998,/tmpdir/crf_16.mpd,/videos/BigBuckBunny-2160.avi
1490,0.99787,1.3488,0.99903,56.46563,0.99986,0.95793,0.99782,0.99908,0.99949,100.0,0.13,0.09,0.08,0.15,57.14,58.75,59.11,56.47,0.999,0.999,0.999,0.998,/tmpdir/crf_16.mpd,/videos/BigBuckBunny-2160.avi
1491,0.99752,1.78919,0.99896,55.90585,0.99984,0.95495,0.99704,0.99872,0.99928,100.0,0.14,0.1,0.09,0.17,56.62,58.31,58.78,55.91,0.998,0.999,0.999,0.998,/tmpdir/crf_16.mpd,/videos/BigBuckBunny-2160.avi
1492,0.99779,1.78919,0.99899,56.08977,0.99985,0.95691,0.99722,0.99876,0.9993,100.0,0.14,0.09,0.09,0.16,56.78,58.42,58.79,56.09,0.999,0.999,0.999,0.998,/tmpdir/crf_16.mpd,/videos/BigBuckBunny-2160.avi
1493,0.99787,2.36472,0.99896,55.83257,0.99983,0.95668,0.9968,0.99854,0.99917,100.0,0.14,0.1,0.09,0.17,56.53,58.2,58.6,55.83,0.998,0.999,0.999,0.998,/tmpdir/crf_16.mpd,/videos/BigBuckBunny-2160.avi
1494,0.99799,2.36472,0.99902,56.08804,0.99985,0.95794,0.99734,0.99881,0.99933,100.0,0.14,0.09,0.09,0.16,56.78,58.44,58.84,56.09,0.998,0.999,0.999,0.998,/tmpdir/crf_16.mpd,/videos/BigBuckBunny-2160.avi
1495,0.99758,2.43433,0.99891,55.33236,0.99982,0.9537,0.99635,0.99827,0.99896,100.0,0.16,0.1,0.1,0.19,56.08,57.98,58.26,55.33,0.998,0.999,0.999,0.998,/tmpdir/crf_16.mpd,/videos/BigBuckBunny-2160.avi
1496,0.99757,2.43433,0.99893,55.34388,0.99983,0.95304,0.99655,0.99844,0.99909,100.0,0.16,0.1,0.1,0.19,56.09,58.05,58.26,55.34,0.998,0.999,0.999,0.998,/tmpdir/crf_16.mpd,/videos/BigBuckBunny-2160.avi
1497,0.997,2.01847,0.99887,54.80962,0.99981,0.94877,0.99615,0.99825,0.999,100.0,0.18,0.11,0.1,0.21,55.62,57.75,58.06,54.81,0.998,0.999,0.999,0.998,/tmpdir/crf_16.mpd,/videos/BigBuckBunny-2160.avi
1498,0.99733,2.01847,0.99896,55.0754,0.99986,0.9468,0.9971,0.99881,0.99937,100.0,0.17,0.11,0.1,0.2,55.85,57.82,58.21,55.08,0.998,0.999,0.999,0.998,/tmpdir/crf_16.mpd,/videos/BigBuckBunny-2160.avi
1499,0.99666,1.70809,0.99877,53.98148,0.99981,0.93658,0.99597,0.99831,0.99908,100.0,0.21,0.12,0.11,0.26,54.88,57.42,57.71,53.98,0.998,0.999,0.998,0.997,/tmpdir/crf_16.mpd,/videos/BigBuckBunny-2160.avi
1500,0.99663,1.70809,0.99882,54.10228,0.99983,0.93673,0.99627,0.99845,0.99915,100.0,0.21,0.12,0.11,0.25,54.98,57.4,57.71,54.1,0.998,0.999,0.998,0.997,/tmpdir/crf_16.mpd,/videos/BigBuckBunny-2160.avi
1501,0.99649,1.69612,0.99874,53.73168,0.99981,0.9333,0.99571,0.99822,0.99901,100.0,0.22,0.12,0.11,0.28,54.65,57.23,57.56,53.73,0.997,0.998,0.998,0.997,/tmpdir/crf_16.mpd,/videos/BigBuckBunny-2160.avi
1502,0.99701,1.69612,0.99889,54.30412,0.99985,0.93807,0.99677,0.99872,0.99931,100.0,0.2,0.12,0.11,0.24,55.14,57.42,57.71,54.3,0.998,0.999,0.998,0.997,/tmpdir/crf_16.mpd,/videos/BigBuckBunny-2160.avi
1503,0.99637,1.99055,0.99872,53.55357,0.99981,0.93124,0.9955,0.99812,0.99897,100.0,0.23,0.13,0.12,0.29,54.46,57.04,57.3,53.55,0.997,0.998,0.998,0.997,/tmpdir/crf_16.mpd,/videos/BigBuckBunny-2160.avi
1504,0.99673,1.99055,0.99879,53.75616,0.99983,0.93355,0.99616,0.9984,0.9991,100.0,0.22,0.13,0.12,0.27,54.63,57.07,57.33,53.76,0.997,0.998,0.998,0.997,/tmpdir/crf_16.mpd,/videos/BigBuckBunny-2160.avi
1505,0.99621,1.927,0.99872,53.48222,0.99981,0.93115,0.99549,0.99807,0.99891,100.0,0.24,0.13,0.12,0.29,54.38,56.91,57.23,53.48,0.997,0.998,0.998,0.997,/tmpdir/crf_16.mpd,/videos/BigBuckBunny-2160.avi
1506,0.9964,1.927,0.99886,53.99622,0.99985,0.93545,0.99673,0.99866,0.99927,100.0,0.21,0.13,0.12,0.26,54.84,57.14,57.43,54.0,0.998,0.998,0.998,0.997,/tmpdir/crf_16.mpd,/videos/BigBuckBunny-2160.avi
1507,0.99593,1.47271,0.99869,53.17203,0.9998,0.92684,0.99538,0.99806,0.99894,100.0,0.25,0.14,0.13,0.31,54.08,56.68,56.95,53.17,0.997,0.998,0.998,0.997,/tmpdir/crf_16.mpd,/videos/BigBuckBunny-2160.avi
1508,0.99556,1.47271,0.99874,53.32395,0.99982,0.92789,0.99601,0.99837,0.99916,100.0,0.25,0.14,0.13,0.3,54.22,56.76,57.0,53.32,0.997,0.998,0.998,0.997,/tmpdir/crf_16.mpd,/videos/BigBuckBunny-2160.avi
1509,0.99505,1.61628,0.9987,53.1207,0.99981,0.92508,0.99557,0.99814,0.99898,100.0,0.26,0.14,0.13,0.32,54.03,56.61,56.96,53.12,0.997,0.998,0.998,0.997,/tmpdir/crf_16.mpd,/videos/BigBuckBunny-2160.avi
1510,0.99598,1.61628,0.99883,53.64271,0.99984,0.93084,0.99646,0.99856,0.99922,100.0,0.23,0.13,0.12,0.28,54.5,56.84,57.19,53.64,0.997,0.998,0.998,0.997,/tmpdir/crf_16.mpd,/videos/BigBuckBunny-2160.avi
1511,0.99525,1.46363,0.99869,53.01692,0.9998,0.92461,0.99536,0.99802,0.9989,100.0,0.26,0.14,0.13,0.32,53.94,56.54,56.93,53.02,0.997,0.998,0.998,0.997,/tmpdir/crf_16.mpd,/videos/BigBuckBunny-2160.avi
1512,0.99567,1.46363,0.99877,53.35276,0.99983,0.92884,0.99624,0.9984,0.9991,100.0,0.24,0.14,0.13,0.3,54.26,56.8,57.13,53.35,0.997,0.998,0.998,0.997,/tmpdir/crf_16.mpd,/videos/BigBuckBunny-2160.avi
1513,0.99728,1.30791,0.99913,55.52756,0.99988,0.95274,0.99829,0.99931,0.99964,100.0,0.15,0.1,0.1,0.18,56.24,57.99,58.28,55.53,0.998,0.999,0.999,0.998,/tmpdir/crf_16.mpd,/videos/BigBuckBunny-2160.avi
1514,0.99589,1.30791,0.99884,53.8428,0.9998,0.93786,0.99603,0.99821,0.99894,100.0,0.22,0.12,0.11,0.27,54.74,57.22,57.6,53.84,0.998,0.998,0.998,0.997,/tmpdir/crf_16.mpd,/videos/BigBuckBunny-2160.avi
1515,0.99579,1.2296,0.99884,53.93479,0.99981,0.93825,0.99638,0.99843,0.99913,100.0,0.21,0.12,0.11,0.26,54.81,57.19,57.61,53.93,0.998,0.998,0.998,0.997,/tmpdir/crf_16.mpd,/videos/BigBuckBunny-2160.avi
1516,0.99565,1.2296,0.99879,53.72699,0.99979,0.9369,0.99595,0.99824,0.99902,100.0,0.22,0.13,0.12,0.28,54.61,56.98,57.51,53.73,0.998,0.998,0.998,0.997,/tmpdir/crf_16.mpd,/videos/BigBuckBunny-2160.avi
1517,0.99662,0.9416,0.99892,54.3607,0.99984,0.94359,0.99729,0.99887,0.99938,100.0,0.2,0.12,0.11,0.24,55.2,57.42,57.8,54.36,0.998,0.998,0.998,0.997,/tmpdir/crf_16.mpd,/videos/BigBuckBunny-2160.avi
1518,0.99571,0.9416,0.9988,53.86224,0.99979,0.93967,0.99629,0.99843,0.99913,100.0,0.22,0.13,0.12,0.27,54.74,57.14,57.5,53.86,0.998,0.998,0.998,0.997,/tmpdir/crf_16.mpd,/videos/BigBuckBunny-2160.avi
1519,0.99604,0.86329,0.99886,54.10267,0.99982,0.94125,0.99666,0.99857,0.99921,100.0,0.21,0.12,0.11,0.25,54.95,57.2,57.62,54.1,0.998,0.998,0.998,0.997,/tmpdir/crf_16.mpd,/videos/BigBuckBunny-2160.avi
1520,0.99588,0.86329,0.99883,54.02406,0.9998,0.94094,0.99637,0.99841,0.99912,100.0,0.21,0.13,0.11,0.26,54.88,57.11,57.63,54.02,0.998,0.998,0.998,0.997,/tmpdir/crf_16.mpd,/videos/BigBuckBunny-2160.avi
1521,0.99673,0.70694,0.99894,54.48576,0.99984,0.94539,0.99742,0.99892,0.99941,100.0,0.19,0.12,0.11,0.23,55.3,57.41,57.87,54.49,0.998,0.998,0.999,0.997,/tmpdir/crf_16.mpd,/videos/BigBuckBunny-2160.avi
1522,0.99563,0.70694,0.99885,54.12075,0.9998,0.94261,0.99657,0.99852,0.99916,100.0,0.21,0.13,0.11,0.25,54.96,57.16,57.58,54.12,0.998,0.998,0.998,0.997,/tmpdir/crf_16.mpd,/videos/BigBuckBunny-2160.avi
1523,0.99598,0.63285,0.99887,54.28845,0.99982,0.94392,0.99679,0.99862,0.99924,100.0,0.2,0.13,0.11,0.24,55.09,57.15,57.6,54.29,0.998,0.998,0.998,0.997,/tmpdir/crf_16.mpd,/videos/BigBuckBunny-2160.avi
1524,0.99592,0.63285,0.99885,54.2146,0.99981,0.94345,0.99651,0.99847,0.99915,100.0,0.2,0.13,0.11,0.25,55.02,57.04,57.59,54.21,0.998,0.998,0.998,0.997,/tmpdir/crf_16.mpd,/videos/BigBuckBunny-2160.avi
1525,0.99693,0.56733,0.99897,54.845,0.99985,0.9492,0.99754,0.99893,0.99941,100.0,0.18,0.12,0.11,0.21,55.6,57.47,57.86,54.85,0.998,0.998,0.998,0.998,/tmpdir/crf_16.mpd,/videos/BigBuckBunny-2160.avi
1526,0.99618,0.56733,0.99887,54.40949,0.99981,0.94556,0.99668,0.99854,0.99917,100.0,0.2,0.12,0.11,0.24,55.2,57.24,57.62,54.41,0.998,0.998,0.998,0.997,/tmpdir/crf_16.mpd,/videos/BigBuckBunny-2160.avi
1527,0.99636,0.41532,0.9989,54.50889,0.99982,0.94619,0.99698,0.9987,0.99928,100.0,0.19,0.12,0.11,0.23,55.29,57.27,57.69,54.51,0.998,0.998,0.998,0.997,/tmpdir/crf_16.mpd,/videos/BigBuckBunny-2160.avi
1528,0.99657,0.41532,0.9989,54.5175,0.99981,0.94659,0.99699,0.99871,0.99929,100.0,0.19,0.12,0.11,0.23,55.29,57.21,57.68,54.52,0.998,0.998,0.998,0.998,/tmpdir/crf_16.mpd,/videos/BigBuckBunny-2160.avi
1529,0.99693,0.29586,0.99902,55.09452,0.99986,0.95128,0.99792,0.99913,0.99954,100.0,0.17,0.11,0.1,0.2,55.81,57.57,57.93,55.09,0.998,0.999,0.999,0.998,/tmpdir/crf_16.mpd,/videos/BigBuckBunny-2160.avi
1530,0.99653,0.29586,0.99894,54.67896,0.99982,0.94779,0.9972,0.99881,0.99938,100.0,0.19,0.12,0.11,0.22,55.44,57.35,57.75,54.68,0.998,0.998,0.998,0.998,/tmpdir/crf_16.mpd,/videos/BigBuckBunny-2160.avi
1531,0.99679,0.23663,0.99895,54.72704,0.99983,0.94778,0.9972,0.99875,0.99929,100.0,0.18,0.12,0.11,0.22,55.49,57.37,57.82,54.73,0.998,0.998,0.998,0.998,/tmpdir/crf_16.mpd,/videos/BigBuckBunny-2160.avi
1532,0.99631,0.23663,0.99895,54.7275,0.99983,0.94799,0.99715,0.99873,0.99929,100.0,0.18,0.12,0.11,0.22,55.48,57.28,57.79,54.73,0.998,0.998,0.998,0.998,/tmpdir/crf_16.mpd,/videos/BigBuckBunny-2160.avi
1533,0.99718,0.15224,0.99903,55.13193,0.99986,0.95131,0.99802,0.99918,0.99956,100.0,0.17,0.11,0.1,0.2,55.85,57.59,57.96,55.13,0.998,0.999,0.999,0.998,/tmpdir/crf_16.mpd,/videos/BigBuckBunny-2160.avi
1534,0.99663,0.15224,0.99896,54.7568,0.99983,0.94777,0.99737,0.99887,0.9994,100.0,0.18,0.12,0.11,0.22,55.52,57.39,57.83,54.76,0.998,0.998,0.998,0.998,/tmpdir/crf_16.mpd,/videos/BigBuckBunny-2160.avi
1535,0.99671,0.10323,0.99897,54.77491,0.99984,0.94738,0.99739,0.99883,0.99933,100.0,0.18,0.12,0.11,0.22,55.54,57.41,57.86,54.77,0.998,0.998,0.998,0.998,/tmpdir/crf_16.mpd,/videos/BigBuckBunny-2160.avi
1536,0.99663,0.10323,0.99896,54.75488,0.99983,0.94787,0.99739,0.99887,0.9994,100.0,0.18,0.12,0.11,0.22,55.51,57.37,57.85,54.75,0.998,0.998,0.998,0.998,/tmpdir/crf_16.mpd,/videos/BigBuckBunny-2160.avi
1537,0.99727,0.13838,0.99901,55.07523,0.99985,0.95075,0.99795,0.99916,0.99955,100.0,0.17,0.11,0.1,0.2,55.8,57.57,57.94,55.08,0.998,0.999,0.999,0.998,/tmpdir/crf_16.mpd,/videos/BigBuckBunny-2160.avi
1538,0.99675,0.13838,0.99897,54.9027,0.99983,0.94954,0.99744,0.99889,0.99941,100.0,0.18,0.12,0.11,0.21,55.63,57.36,57.8,54.9,0.998,0.998,0.998,0.998,/tmpdir/crf_16.mpd,/videos/BigBuckBunny-2160.avi
1539,0.99714,0.14135,0.99898,54.91808,0.99983,0.9497,0.99752,0.99894,0.99945,100.0,0.18,0.12,0.11,0.21,55.65,57.43,57.83,54.92,0.998,0.998,0.998,0.998,/tmpdir/crf_16.mpd,/videos/BigBuckBunny-2160.avi
1540,0.99687,0.14135,0.99896,54.8288,0.99983,0.94909,0.99743,0.99892,0.99945,100.0,0.18,0.12,0.11,0.21,55.57,57.38,57.78,54.83,0.998,0.998,0.998,0.998,/tmpdir/crf_16.mpd,/videos/BigBuckBunny-2160.avi
1541,0.99702,0.13873,0.999,55.01663,0.99985,0.95054,0.99789,0.99916,0.99958,100.0,0.17,0.11,0.11,0.2,55.75,57.56,57.88,55.02,0.998,0.999,0.998,0.998,/tmpdir/crf_16.mpd,/videos/BigBuckBunny-2160.avi
1542,0.9966,0.13873,0.99895,54.78928,0.99982,0.94893,0.99743,0.99889,0.99941,100.0,0.18,0.12,0.11,0.22,55.53,57.34,57.72,54.79,0.998,0.998,0.998,0.998,/tmpdir/crf_16.mpd,/videos/BigBuckBunny-2160.avi
1543,0.99669,0.21652,0.99895,54.75725,0.99983,0.94831,0.99742,0.9989,0.99942,100.0,0.18,0.12,0.11,0.22,55.5,57.36,57.73,54.76,0.998,0.998,0.998,0.998,/tmpdir/crf_16.mpd,/videos/BigBuckBunny-2160.avi
1544,0.99659,0.21652,0.99893,54.68496,0.99982,0.94758,0.99718,0.99875,0.9993,100.0,0.19,0.12,0.11,0.22,55.42,57.25,57.63,54.68,0.998,0.998,0.998,0.998,/tmpdir/crf_16.mpd,/videos/BigBuckBunny-2160.avi
1545,0.99695,0.29428,0.99896,54.81639,0.99984,0.9488,0.99764,0.999,0.99946,100.0,0.18,0.12,0.11,0.21,55.57,57.46,57.79,54.82,0.998,0.998,0.998,0.998,/tmpdir/crf_16.mpd,/videos/BigBuckBunny-2160.avi
1546,0.99636,0.29428,0.99891,54.55325,0.99981,0.94639,0.99699,0.99865,0.99925,100.0,0.19,0.12,0.11,0.23,55.31,57.16,57.59,54.55,0.998,0.998,0.998,0.998,/tmpdir/crf_16.mpd,/videos/BigBuckBunny-2160.avi
1547,0.9964,0.28362,0.99891,54.50296,0.99982,0.94573,0.9971,0.99873,0.99929,100.0,0.19,0.12,0.11,0.23,55.27,57.2,57.58,54.5,0.998,0.998,0.998,0.997,/tmpdir/crf_16.mpd,/videos/BigBuckBunny-2160.avi
1548,0.99595,0.28362,0.9989,54.41899,0.99981,0.94509,0.99695,0.99867,0.99928,99.97849,0.2,0.13,0.12,0.24,55.18,57.11,57.5,54.42,0.998,0.998,0.998,0.997,/tmpdir/crf_16.mpd,/videos/BigBuckBunny-2160.avi
1549,0.99683,0.30956,0.99894,54.62211,0.99984,0.94675,0.99753,0.99897,0.99943,100.0,0.19,0.12,0.11,0.22,55.39,57.35,57.69,54.62,0.998,0.998,0.998,0.997,/tmpdir/crf_16.mpd,/videos/BigBuckBunny-2160.avi
1550,0.99642,0.30956,0.9989,54.43238,0.99981,0.94499,0.99695,0.99867,0.99926,100.0,0.2,0.13,0.12,0.23,55.19,57.05,57.49,54.43,0.998,0.998,0.998,0.997,/tmpdir/crf_16.mpd,/videos/BigBuckBunny-2160.avi
1551,0.99635,0.31836,0.9989,54.42879,0.99982,0.94472,0.99688,0.99862,0.99922,100.0,0.2,0.13,0.12,0.23,55.19,57.11,57.48,54.43,0.998,0.998,0.998,0.997,/tmpdir/crf_16.mpd,/videos/BigBuckBunny-2160.avi
1552,0.99618,0.31836,0.99889,54.35096,0.99981,0.94396,0.99679,0.9986,0.99924,100.0,0.2,0.13,0.12,0.24,55.11,57.05,57.39,54.35,0.998,0.998,0.998,0.997,/tmpdir/crf_16.mpd,/videos/BigBuckBunny-2160.avi
1553,0.99661,0.31901,0.99893,54.49393,0.99984,0.94524,0.99739,0.9989,0.9994,100.0,0.19,0.12,0.11,0.23,55.27,57.25,57.57,54.49,0.998,0.998,0.998,0.997,/tmpdir/crf_16.mpd,/videos/BigBuckBunny-2160.avi
1554,0.99568,0.31901,0.99888,54.26924,0.99981,0.94313,0.99668,0.99854,0.99917,99.92994,0.2,0.13,0.12,0.24,55.05,57.01,57.41,54.27,0.998,0.998,0.998,0.997,/tmpdir/crf_16.mpd,/videos/BigBuckBunny-2160.avi
1555,0.99604,0.37694,0.99888,54.26387,0.99982,0.94284,0.99682,0.99865,0.99927,100.0,0.2,0.13,0.12,0.24,55.05,57.09,57.41,54.26,0.998,0.998,0.998,0.997,/tmpdir/crf_16.mpd,/videos/BigBuckBunny-2160.avi
1556,0.99578,0.37694,0.99886,54.19324,0.99981,0.94211,0.99649,0.99842,0.99909,99.96083,0.21,0.13,0.12,0.25,54.98,57.03,57.37,54.19,0.998,0.998,0.998,0.997,/tmpdir/crf_16.mpd,/videos/BigBuckBunny-2160.avi
1557,0.99656,0.32937,0.99891,54.34303,0.99984,0.94352,0.99723,0.99883,0.99935,100.0,0.2,0.12,0.12,0.24,55.13,57.17,57.52,54.34,0.998,0.998,0.998,0.997,/tmpdir/crf_16.mpd,/videos/BigBuckBunny-2160.avi
1558,0.99587,0.32937,0.99885,54.08863,0.99981,0.94074,0.99655,0.9985,0.99915,99.9551,0.21,0.13,0.12,0.25,54.9,56.99,57.41,54.09,0.998,0.998,0.998,0.997,/tmpdir/crf_16.mpd,/videos/BigBuckBunny-2160.avi
1559,0.99574,0.28859,0.99885,54.02672,0.99982,0.94002,0.99666,0.99856,0.99917,99.91514,0.21,0.13,0.12,0.26,54.85,57.01,57.38,54.03,0.998,0.998,0.998,0.997,/tmpdir/crf_16.mpd,/videos/BigBuckBunny-2160.avi
1560,0.99509,0.28859,0.99882,53.88991,0.99981,0.93891,0.99631,0.99838,0.99906,99.78293,0.22,0.13,0.12,0.27,54.72,56.92,57.29,53.89,0.998,0.998,0.998,0.997,/tmpdir/crf_16.mpd,/videos/BigBuckBunny-2160.avi
1561,0.99547,0.26719,0.99884,53.88008,0.99983,0.93869,0.99654,0.9985,0.99916,99.85009,0.22,0.13,0.12,0.27,54.73,57.0,57.37,53.88,0.998,0.998,0.998,0.997,/tmpdir/crf_16.mpd,/videos/BigBuckBunny-2160.avi
1562,0.99502,0.26719,0.99877,53.55386,0.99981,0.93613,0.99596,0.99822,0.99899,99.74125,0.23,0.13,0.12,0.29,54.46,56.98,57.35,53.55,0.997,0.998,0.998,0.997,/tmpdir/crf_16.mpd,/videos/BigBuckBunny-2160.avi
1563,0.99519,1.66228,0.99857,53.22129,0.9996,0.92441,0.99771,0.99913,0.99956,100.0,0.26,0.17,0.14,0.31,54.01,55.89,56.6,53.22,0.997,0.998,0.998,0.996,/tmpdir/crf_16.mpd,/videos/BigBuckBunny-2160.avi
1564,0.99107,1.66228,0.99773,50.53588,0.99942,0.87752,0.99333,0.99736,0.99856,99.46735,0.45,0.23,0.18,0.57,51.6,54.6,55.65,50.54,0.995,0.997,0.998,0.994,/tmpdir/crf_16.mpd,/videos/BigBuckBunny-2160.avi
1565,0.99133,0.9076,0.99781,50.41783,0.9995,0.87247,0.99437,0.99787,0.99891,99.16668,0.46,0.23,0.19,0.59,51.46,54.42,55.37,50.42,0.995,0.997,0.997,0.993,/tmpdir/crf_16.mpd,/videos/BigBuckBunny-2160.avi
1566,0.99038,0.9076,0.99755,49.94096,0.99941,0.86323,0.99314,0.99733,0.99857,98.93565,0.51,0.25,0.2,0.66,51.03,54.23,55.18,49.94,0.994,0.997,0.997,0.993,/tmpdir/crf_16.mpd,/videos/BigBuckBunny-2160.avi
1567,0.99256,1.71657,0.99788,50.82668,0.9995,0.88092,0.995,0.99818,0.99908,99.82374,0.42,0.21,0.18,0.54,51.86,54.82,55.59,50.83,0.995,0.997,0.998,0.994,/tmpdir/crf_16.mpd,/videos/BigBuckBunny-2160.avi
1568,0.99055,1.71657,0.99759,50.19552,0.99943,0.86787,0.99277,0.99713,0.99842,99.36111,0.49,0.23,0.19,0.62,51.27,54.45,55.26,50.2,0.994,0.997,0.997,0.993,/tmpdir/crf_16.mpd,/videos/BigBuckBunny-2160.avi
1569,0.9909,1.92495,0.99771,50.29366,0.99949,0.87017,0.99357,0.99752,0.99866,99.5603,0.48,0.23,0.2,0.61,51.35,54.43,55.22,50.29,0.994,0.997,0.997,0.993,/tmpdir/crf_16.mpd,/videos/BigBuckBunny-2160.avi
1570,0.98937,1.92495,0.99751,49.90965,0.99941,0.8622,0.99187,0.99679,0.99827,99.22522,0.52,0.25,0.21,0.66,50.98,54.15,54.99,49.91,0.994,0.997,0.997,0.993,/tmpdir/crf_16.mpd,/videos/BigBuckBunny-2160.avi
1571,0.9923,1.31598,0.99799,50.62985,0.99955,0.87635,0.9954,0.99831,0.99914,99.57454,0.45,0.24,0.19,0.56,51.64,54.41,55.29,50.63,0.995,0.997,0.997,0.994,/tmpdir/crf_16.mpd,/videos/BigBuckBunny-2160.avi
1572,0.9896,1.31598,0.99749,49.68651,0.99942,0.85831,0.99252,0.99716,0.99848,98.97521,0.54,0.26,0.2,0.7,50.79,54.06,55.04,49.69,0.994,0.997,0.997,0.992,/tmpdir/crf_16.mpd,/videos/BigBuckBunny-2160.avi
1573,0.99114,1.85165,0.99762,50.13404,0.99946,0.86738,0.99311,0.99737,0.99863,99.55396,0.49,0.24,0.2,0.63,51.2,54.33,55.22,50.13,0.994,0.997,0.997,0.993,/tmpdir/crf_16.mpd,/videos/BigBuckBunny-2160.avi
1574,0.99028,1.85165,0.99757,50.17889,0.99942,0.86935,0.99257,0.99699,0.99831,99.37443,0.49,0.24,0.2,0.62,51.24,54.34,55.23,50.18,0.994,0.997,0.997,0.993,/tmpdir/crf_16.mpd,/videos/BigBuckBunny-2160.avi
1575,0.9939,1.50959,0.99809,51.36391,0.99954,0.8938,0.99618,0.99859,0.99928,100.0,0.38,0.21,0.17,0.47,52.33,54.88,55.76,51.36,0.995,0.997,0.998,0.994,/tmpdir/crf_16.mpd,/videos/BigBuckBunny-2160.avi
1576,0.99109,1.50959,0.99755,50.14146,0.9994,0.86643,0.99318,0.99742,0.99866,99.37427,0.49,0.24,0.19,0.63,51.21,54.3,55.27,50.14,0.994,0.997,0.997,0.993,/tmpdir/crf_16.mpd,/videos/BigBuckBunny-2160.avi
1577,0.99157,0.75667,0.99777,50.32309,0.99949,0.8692,0.99444,0.99787,0.99885,99.12401,0.48,0.25,0.2,0.6,51.35,54.22,55.21,50.32,0.994,0.997,0.997,0.993,/tmpdir/crf_16.mpd,/videos/BigBuckBunny-2160.avi
1578,0.99082,0.75667,0.99754,49.90809,0.99941,0.86135,0.99333,0.99736,0.99851,98.93228,0.52,0.25,0.2,0.66,50.98,54.08,55.13,49.91,0.994,0.997,0.997,0.993,/tmpdir/crf_16.mpd,/videos/BigBuckBunny-2160.avi
1579,0.99352,1.37572,0.99789,50.84777,0.99951,0.88101,0.99538,0.9983,0.99914,99.83371,0.42,0.22,0.18,0.53,51.86,54.62,55.6,50.85,0.995,0.997,0.997,0.994,/tmpdir/crf_16.mpd,/videos/BigBuckBunny-2160.avi
1580,0.99184,1.37572,0.99766,50.37937,0.99943,0.87294,0.99351,0.99745,0.99861,99.45491,0.47,0.24,0.19,0.6,51.43,54.39,55.4,50.38,0.995,0.997,0.997,0.993,/tmpdir/crf_16.mpd,/videos/BigBuckBunny-2160.avi
1581,0.99214,1.53737,0.99778,50.46903,0.99949,0.87485,0.99389,0.9976,0.99872,99.60534,0.46,0.24,0.19,0.58,51.5,54.38,55.37,50.47,0.995,0.997,0.997,0.993,/tmpdir/crf_16.mpd,/videos/BigBuckBunny-2160.avi
1582,0.99103,1.53737,0.99757,50.04146,0.99942,0.8649,0.99242,0.99701,0.99841,99.34469,0.51,0.26,0.2,0.64,51.09,54.06,55.07,50.04,0.994,0.997,0.997,0.993,/tmpdir/crf_16.mpd,/videos/BigBuckBunny-2160.avi
1583,0.99328,0.66236,0.99807,50.81922,0.99956,0.88006,0.99588,0.99851,0.99925,99.45586,0.43,0.24,0.19,0.54,51.79,54.38,55.31,50.82,0.995,0.997,0.997,0.994,/tmpdir/crf_16.mpd,/videos/BigBuckBunny-2160.avi
1584,0.9913,0.66236,0.99765,50.03248,0.99943,0.86789,0.99353,0.99741,0.99852,98.99148,0.51,0.25,0.2,0.65,51.09,54.1,55.07,50.03,0.994,0.997,0.997,0.993,/tmpdir/crf_16.mpd,/videos/BigBuckBunny-2160.avi
1585,0.99223,1.35491,0.99766,50.1968,0.99947,0.86853,0.99375,0.99759,0.9987,99.51172,0.49,0.24,0.2,0.62,51.25,54.29,55.17,50.2,0.994,0.997,0.997,0.993,/tmpdir/crf_16.mpd,/videos/BigBuckBunny-2160.avi
1586,0.99178,1.35491,0.9976,50.2082,0.99943,0.86905,0.99328,0.99728,0.99846,99.40878,0.49,0.24,0.2,0.62,51.26,54.32,55.2,50.21,0.994,0.997,0.997,0.993,/tmpdir/crf_16.mpd,/videos/BigBuckBunny-2160.avi
1587,0.99395,1.58613,0.99798,51.05764,0.99953,0.88948,0.99602,0.99856,0.99927,100.0,0.4,0.21,0.18,0.51,52.06,54.83,55.68,51.06,0.995,0.997,0.998,0.994,/tmpdir/crf_16.mpd,/videos/BigBuckBunny-2160.avi
1588,0.99173,1.58613,0.99757,50.17334,0.9994,0.87143,0.99362,0.99751,0.99868,99.54115,0.49,0.24,0.19,0.62,51.24,54.37,55.27,50.17,0.994,0.997,0.997,0.993,/tmpdir/crf_16.mpd,/videos/BigBuckBunny-2160.avi
1589,0.99207,0.79592,0.9977,50.24238,0.99947,0.86907,0.9947,0.99806,0.99903,99.24784,0.48,0.24,0.2,0.61,51.29,54.24,55.2,50.24,0.994,0.997,0.997,0.993,/tmpdir/crf_16.mpd,/videos/BigBuckBunny-2160.avi
1590,0.99111,0.79592,0.99753,49.94406,0.9994,0.86165,0.99369,0.9976,0.99876,99.02692,0.51,0.25,0.2,0.66,51.01,54.1,55.1,49.94,0.994,0.997,0.997,0.993,/tmpdir/crf_16.mpd,/videos/BigBuckBunny-2160.avi
1591,0.99367,1.5972,0.99803,51.03658,0.99954,0.88442,0.99583,0.99852,0.99928,99.99346,0.41,0.23,0.18,0.51,52.0,54.5,55.51,51.04,0.995,0.997,0.997,0.994,/tmpdir/crf_16.mpd,/videos/BigBuckBunny-2160.avi
1592,0.99126,1.5972,0.99763,50.24449,0.99941,0.86835,0.99338,0.99748,0.99867,99.45543,0.48,0.25,0.2,0.61,51.28,54.12,55.22,50.24,0.994,0.997,0.997,0.993,/tmpdir/crf_16.mpd,/videos/BigBuckBunny-2160.avi
1593,0.99132,1.21638,0.99768,50.22174,0.99946,0.86684,0.99372,0.99765,0.99884,99.28872,0.48,0.24,0.19,0.62,51.28,54.31,55.34,50.22,0.994,0.997,0.997,0.993,/tmpdir/crf_16.mpd,/videos/BigBuckBunny-2160.avi
1594,0.99042,1.21638,0.99762,50.11708,0.99941,0.86483,0.99288,0.9972,0.99848,99.08832,0.5,0.25,0.2,0.63,51.17,54.12,55.15,50.12,0.994,0.997,0.997,0.993,/tmpdir/crf_16.mpd,/videos/BigBuckBunny-2160.avi
1595,0.99333,1.53401,0.99815,51.25038,0.99956,0.89001,0.99615,0.99856,0.99924,99.91624,0.39,0.23,0.18,0.49,52.18,54.56,55.54,51.25,0.995,0.997,0.997,0.994,/tmpdir/crf_16.mpd,/videos/BigBuckBunny-2160.avi
1596,0.99063,1.53401,0.99769,50.14634,0.99941,0.86633,0.99321,0.99738,0.99855,99.29645,0.5,0.25,0.2,0.63,51.18,54.07,55.06,50.15,0.994,0.997,0.997,0.993,/tmpdir/crf_16.mpd,/videos/BigBuckBunny-2160.avi
1597,0.99137,0.86512,0.99776,50.19469,0.99946,0.86992,0.99415,0.99766,0.99868,99.12489,0.49,0.25,0.2,0.62,51.24,54.18,55.13,50.19,0.994,0.997,0.997,0.993,/tmpdir/crf_16.mpd,/videos/BigBuckBunny-2160.avi
1598,0.99073,0.86512,0.99773,50.14163,0.99942,0.87015,0.99363,0.99741,0.99859,98.9982,0.5,0.25,0.21,0.63,51.17,54.07,55.01,50.14,0.994,0.997,0.997,0.993,/tmpdir/crf_16.mpd,/videos/BigBuckBunny-2160.avi
1599,0.99352,1.20903,0.99823,51.34421,0.99957,0.89391,0.99653,0.99868,0.99931,99.80992,0.39,0.23,0.19,0.48,52.25,54.54,55.42,51.34,0.995,0.997,0.997,0.995,/tmpdir/crf_16.mpd,/videos/BigBuckBunny-2160.avi
1600,0.99106,1.20903,0.99788,50.50505,0.99945,0.87717,0.99426,0.9977,0.99873,99.26065,0.46,0.25,0.2,0.58,51.49,54.12,55.11,50.51,0.995,0.997,0.997,0.994,/tmpdir/crf_16.mpd,/videos/BigBuckBunny-2160.avi
1601,0.99135,0.6676,0.9979,50.45262,0.99947,0.87468,0.9946,0.99792,0.9989,99.06163,0.46,0.25,0.2,0.59,51.46,54.21,55.16,50.45,0.995,0.997,0.997,0.994,/tmpdir/crf_16.mpd,/videos/BigBuckBunny-2160.avi
1602,0.99092,0.6676,0.99784,50.28309,0.99946,0.87175,0.99434,0.99778,0.99876,98.96315,0.48,0.25,0.2,0.61,51.3,54.08,55.06,50.28,0.995,0.997,0.997,0.993,/tmpdir/crf_16.mpd,/videos/BigBuckBunny-2160.avi
1603,0.99274,0.35071,0.99814,50.9611,0.99956,0.8859,0.99623,0.99859,0.99926,99.23333,0.42,0.24,0.19,0.52,51.9,54.36,55.26,50.96,0.995,0.997,0.997,0.994,/tmpdir/crf_16.mpd,/videos/BigBuckBunny-2160.avi
1604,0.99131,0.35071,0.99786,50.40941,0.99945,0.87587,0.99453,0.99781,0.99878,98.89706,0.47,0.25,0.2,0.59,51.41,54.1,55.06,50.41,0.995,0.997,0.997,0.994,/tmpdir/crf_16.mpd,/videos/BigBuckBunny-2160.avi
1605,0.99119,0.41433,0.99789,50.40984,0.99948,0.87555,0.99444,0.99777,0.99879,98.90381,0.47,0.25,0.2,0.59,51.41,54.15,55.11,50.41,0.995,0.997,0.997,0.994,/tmpdir/crf_16.mpd,/videos/BigBuckBunny-2160.avi
1606,0.99063,0.41433,0.99778,50.18442,0.99945,0.87046,0.99394,0.99763,0.99871,98.78109,0.49,0.26,0.21,0.62,51.21,54.03,55.0,50.18,0.994,0.997,0.997,0.993,/tmpdir/crf_16.mpd,/videos/BigBuckBunny-2160.avi
1607,0.99195,1.07143,0.99792,50.4375,0.99951,0.87609,0.99513,0.99816,0.99906,99.38404,0.47,0.24,0.2,0.59,51.45,54.25,55.18,50.44,0.995,0.997,0.997,0.994,/tmpdir/crf_16.mpd,/videos/BigBuckBunny-2160.avi
1608,0.99013,1.19286,0.99763,49.84407,0.99942,0.86182,0.993,0.9972,0.99843,99.01445,0.53,0.26,0.21,0.67,50.9,53.91,54.94,49.84,0.994,0.996,0.997,0.993,/tmpdir/crf_16.mpd,/videos/BigBuckBunny-2160.avi
1609,0.99069,2.09973,0.9977,50.11213,0.99945,0.86767,0.99343,0.99748,0.99865,99.60393,0.5,0.26,0.21,0.63,51.14,53.99,54.93,50.11,0.994,0.997,0.997,0.993,/tmpdir/crf_16.mpd,/videos/BigBuckBunny-2160.avi
1610,0.99,2.09973,0.99755,49.95246,0.9994,0.86365,0.99199,0.99682,0.99824,99.42805,0.52,0.27,0.22,0.66,50.97,53.75,54.78,49.95,0.994,0.996,0.997,0.993,/tmpdir/crf_16.mpd,/videos/BigBuckBunny-2160.avi
1611,0.99225,2.40929,0.9979,50.57235,0.99953,0.87803,0.995,0.99812,0.99902,100.0,0.45,0.25,0.2,0.57,51.55,54.2,55.08,50.57,0.995,0.997,0.997,0.994,/tmpdir/crf_16.mpd,/videos/BigBuckBunny-2160.avi
1612,0.9893,2.40929,0.99741,49.71098,0.99937,0.8583,0.99159,0.99661,0.99808,99.43531,0.55,0.27,0.22,0.69,50.76,53.81,54.67,49.71,0.994,0.996,0.997,0.992,/tmpdir/crf_16.mpd,/videos/BigBuckBunny-2160.avi
1613,0.99115,2.92216,0.99767,50.22833,0.99948,0.86835,0.99309,0.99733,0.99857,100.0,0.49,0.26,0.22,0.62,51.22,53.93,54.8,50.23,0.994,0.997,0.997,0.993,/tmpdir/crf_16.mpd,/videos/BigBuckBunny-2160.avi
1614,0.99036,2.92216,0.99747,49.9632,0.9994,0.86404,0.99146,0.99658,0.9981,99.90682,0.52,0.28,0.22,0.66,50.98,53.73,54.75,49.96,0.994,0.996,0.997,0.993,/tmpdir/crf_16.mpd,/videos/BigBuckBunny-2160.avi
1615,0.99285,2.93128,0.998,51.09653,0.99954,0.88691,0.99458,0.99796,0.99897,100.0,0.41,0.23,0.19,0.51,52.03,54.47,55.34,51.1,0.995,0.997,0.997,0.994,/tmpdir/crf_16.mpd,/videos/BigBuckBunny-2160.avi
1616,0.9898,2.93128,0.99745,49.92004,0.9994,0.86165,0.99088,0.99644,0.99809,99.80284,0.52,0.26,0.21,0.66,50.96,53.93,54.82,49.92,0.994,0.997,0.997,0.993,/tmpdir/crf_16.mpd,/videos/BigBuckBunny-2160.avi
1617,0.99114,2.81425,0.9977,50.27092,0.99949,0.86793,0.99277,0.99722,0.99852,100.0,0.49,0.26,0.21,0.61,51.27,54.01,54.92,50.27,0.994,0.997,0.997,0.993,/tmpdir/crf_16.mpd,/videos/BigBuckBunny-2160.avi
1618,0.98988,2.81425,0.99743,49.82671,0.99939,0.85992,0.99121,0.99652,0.99809,99.7524,0.53,0.27,0.21,0.68,50.87,53.81,54.85,49.83,0.994,0.997,0.997,0.993,/tmpdir/crf_16.mpd,/videos/BigBuckBunny-2160.avi
1619,0.99305,3.23646,0.99797,50.98423,0.99952,0.88368,0.99456,0.99791,0.99892,100.0,0.42,0.23,0.19,0.52,51.93,54.44,55.3,50.98,0.995,0.997,0.997,0.994,/tmpdir/crf_16.mpd,/videos/BigBuckBunny-2160.avi
1620,0.99255,3.23646,0.99771,50.36956,0.99948,0.87353,0.99405,0.99773,0.99884,100.0,0.47,0.25,0.2,0.6,51.39,54.2,55.2,50.37,0.994,0.997,0.997,0.993,/tmpdir/crf_16.mpd,/videos/BigBuckBunny-2160.avi
1621,0.99499,3.10029,0.99848,52.71551,0.99958,0.91585,0.99724,0.99897,0.99948,100.0,0.29,0.19,0.16,0.35,53.49,55.26,56.07,52.72,0.997,0.997,0.998,0.996,/tmpdir/crf_16.mpd,/videos/BigBuckBunny-2160.avi
1622,0.99048,3.10029,0.99764,50.16745,0.99939,0.86904,0.9919,0.99668,0.99818,100.0,0.49,0.26,0.21,0.63,51.19,54.03,55.0,50.17,0.995,0.997,0.997,0.993,/tmpdir/crf_16.mpd,/videos/BigBuckBunny-2160.avi
1623,0.99124,2.39,0.99774,50.26073,0.99947,0.86668,0.9928,0.99713,0.99845,99.82648,0.49,0.27,0.21,0.61,51.25,53.79,54.97,50.26,0.994,0.997,0.997,0.993,/tmpdir/crf_16.mpd,/videos/BigBuckBunny-2160.avi
1624,0.9904,2.39,0.99759,49.97333,0.99939,0.86157,0.992,0.99678,0.99822,99.64088,0.52,0.29,0.21,0.65,50.97,53.48,54.83,49.97,0.994,0.996,0.997,0.993,/tmpdir/crf_16.mpd,/videos/BigBuckBunny-2160.avi
1625,0.99351,1.5961,0.99811,51.06159,0.99954,0.88471,0.99581,0.99845,0.99922,99.95919,0.41,0.25,0.2,0.51,51.96,54.18,55.18,51.06,0.995,0.997,0.997,0.994,/tmpdir/crf_16.mpd,/videos/BigBuckBunny-2160.avi
1626,0.99032,1.5961,0.99758,49.92458,0.9994,0.86219,0.99277,0.99717,0.99843,99.24824,0.52,0.27,0.22,0.66,50.95,53.76,54.79,49.92,0.994,0.996,0.997,0.993,/tmpdir/crf_16.mpd,/videos/BigBuckBunny-2160.avi
1627,0.99135,1.46925,0.99775,50.19323,0.99946,0.86534,0.99329,0.99738,0.9986,99.39164,0.5,0.28,0.21,0.62,51.17,53.73,54.83,50.19,0.994,0.996,0.997,0.993,/tmpdir/crf_16.mpd,/videos/BigBuckBunny-2160.avi
1628,0.99048,1.46925,0.99762,49.95033,0.9994,0.86282,0.99269,0.9971,0.99844,99.21272,0.52,0.29,0.22,0.66,50.95,53.53,54.78,49.95,0.994,0.996,0.997,0.993,/tmpdir/crf_16.mpd,/videos/BigBuckBunny-2160.avi
1629,0.99331,1.28486,0.99814,51.03945,0.99955,0.88642,0.99608,0.99855,0.99926,99.78176,0.42,0.25,0.2,0.51,51.93,54.09,55.07,51.04,0.995,0.997,0.997,0.994,/tmpdir/crf_16.mpd,/videos/BigBuckBunny-2160.avi
1630,0.99046,1.28486,0.99768,50.01165,0.99941,0.8656,0.99317,0.99722,0.99843,99.12796,0.51,0.28,0.22,0.65,51.02,53.71,54.77,50.01,0.994,0.996,0.997,0.993,/tmpdir/crf_16.mpd,/videos/BigBuckBunny-2160.avi
1631,0.99098,1.01106,0.99773,49.95626,0.99946,0.86433,0.99396,0.99764,0.99877,99.11717,0.52,0.27,0.21,0.66,50.98,53.74,54.84,49.96,0.994,0.996,0.997,0.993,/tmpdir/crf_16.mpd,/videos/BigBuckBunny-2160.avi
1632,0.9906,1.01106,0.99769,49.95498,0.99942,0.8645,0.99343,0.99727,0.99845,99.01902,0.52,0.28,0.22,0.66,50.96,53.66,54.78,49.95,0.994,0.996,0.997,0.993,/tmpdir/crf_16.mpd,/videos/BigBuckBunny-2160.avi
1633,0.99245,0.64572,0.99798,50.46302,0.99954,0.87464,0.99557,0.99834,0.99916,99.27572,0.47,0.26,0.21,0.58,51.42,53.92,54.89,50.46,0.995,0.996,0.997,0.994,/tmpdir/crf_16.mpd,/videos/BigBuckBunny-2160.avi
1634,0.99061,0.64572,0.99769,49.95051,0.99944,0.86432,0.9938,0.99759,0.99871,98.86867,0.52,0.28,0.22,0.66,50.96,53.71,54.74,49.95,0.994,0.996,0.997,0.993,/tmpdir/crf_16.mpd,/videos/BigBuckBunny-2160.avi
1635,0.99111,0.58676,0.99771,49.95292,0.99946,0.86381,0.99362,0.99747,0.99867,98.92348,0.52,0.28,0.22,0.66,50.97,53.71,54.75,49.95,0.994,0.996,0.997,0.993,/tmpdir/crf_16.mpd,/videos/BigBuckBunny-2160.avi
1636,0.99032,0.58676,0.99759,49.69698,0.99942,0.85858,0.9931,0.99724,0.99848,98.75093,0.55,0.29,0.22,0.7,50.73,53.57,54.63,49.7,0.994,0.996,0.997,0.993,/tmpdir/crf_16.mpd,/videos/BigBuckBunny-2160.avi
1637,0.99017,0.69983,0.99744,49.28901,0.99943,0.85057,0.99275,0.99721,0.99852,98.76019,0.59,0.28,0.22,0.77,50.39,53.67,54.68,49.29,0.994,0.996,0.997,0.992,/tmpdir/crf_16.mpd,/videos/BigBuckBunny-2160.avi
1638,0.99838,0.23415,0.99938,53.60671,0.99994,0.95261,0.99817,0.99921,0.99957,100.0,0.25,0.2,0.19,0.28,54.09,55.2,55.31,53.61,0.998,0.998,0.998,0.998,/tmpdir/crf_16.mpd,/videos/BigBuckBunny-2160.avi
1639,0.998,0.15908,0.99931,53.0547,0.99992,0.94933,0.99732,0.9987,0.99923,100.0,0.28,0.22,0.21,0.32,53.59,54.8,54.99,53.05,0.998,0.997,0.997,0.998,/tmpdir/crf_16.mpd,/videos/BigBuckBunny-2160.avi
1640,0.99809,0.15908,0.9993,52.9863,0.99992,0.94879,0.99733,0.99873,0.99925,100.0,0.29,0.22,0.21,0.33,53.52,54.77,54.94,52.99,0.998,0.997,0.997,0.998,/tmpdir/crf_16.mpd,/videos/BigBuckBunny-2160.avi
1641,0.99801,0.10714,0.99929,52.8531,0.99991,0.94771,0.9972,0.99868,0.99924,100.0,0.3,0.22,0.21,0.34,53.41,54.68,54.88,52.85,0.998,0.997,0.997,0.998,/tmpdir/crf_16.mpd,/videos/BigBuckBunny-2160.avi
1642,0.99811,0.10714,0.99928,52.81096,0.99992,0.94604,0.99736,0.9988,0.99932,100.0,0.3,0.22,0.21,0.34,53.39,54.75,54.92,52.81,0.997,0.997,0.997,0.997,/tmpdir/crf_16.mpd,/videos/BigBuckBunny-2160.avi
1643,0.99794,0.23017,0.99928,52.75528,0.99991,0.9472,0.99695,0.9985,0.99911,100.0,0.3,0.23,0.22,0.34,53.29,54.52,54.72,52.76,0.997,0.997,0.997,0.998,/tmpdir/crf_16.mpd,/videos/BigBuckBunny-2160.avi
1644,0.998,0.35313,0.99927,52.6676,0.99991,0.94593,0.99693,0.99852,0.99911,100.0,0.31,0.24,0.23,0.35,53.19,54.36,54.59,52.67,0.997,0.997,0.997,0.997,/tmpdir/crf_16.mpd,/videos/BigBuckBunny-2160.avi
1645,0.99796,0.5767,0.99925,52.58661,0.99991,0.94542,0.99668,0.99838,0.99901,100.0,0.32,0.25,0.23,0.36,53.11,54.24,54.52,52.59,0.997,0.997,0.997,0.997,/tmpdir/crf_16.mpd,/videos/BigBuckBunny-2160.avi
1646,0.99807,0.5767,0.99926,52.70375,0.99992,0.94519,0.99715,0.99872,0.99928,100.0,0.31,0.23,0.22,0.35,53.25,54.48,54.72,52.7,0.997,0.997,0.997,0.997,/tmpdir/crf_16.mpd,/videos/BigBuckBunny-2160.avi
1647,0.99785,0.43886,0.99923,52.42885,0.99991,0.94412,0.99646,0.99826,0.99894,100.0,0.33,0.25,0.24,0.37,52.96,54.14,54.39,52.43,0.997,0.997,0.997,0.997,/tmpdir/crf_16.mpd,/videos/BigBuckBunny-2160.avi
1648,0.99784,0.36744,0.99924,52.51054,0.99991,0.94451,0.9966,0.9983,0.99893,100.0,0.32,0.25,0.23,0.36,53.04,54.21,54.46,52.51,0.997,0.997,0.997,0.997,/tmpdir/crf_16.mpd,/videos/BigBuckBunny-2160.avi
1649,0.99767,0.24211,0.99923,52.38863,0.99991,0.94324,0.99656,0.9983,0.99897,100.0,0.33,0.25,0.24,0.38,52.92,54.13,54.37,52.39,0.997,0.997,0.997,0.997,/tmpdir/crf_16.mpd,/videos/BigBuckBunny-2160.avi
1650,0.99807,0.24211,0.99925,52.56984,0.99992,0.94328,0.99709,0.99868,0.99927,100.0,0.32,0.24,0.23,0.36,53.11,54.33,54.58,52.57,0.997,0.997,0.997,0.997,/tmpdir/crf_16.mpd,/videos/BigBuckBunny-2160.avi
1651,0.99769,0.2418,0.99923,52.37427,0.99991,0.94289,0.99634,0.99812,0.99881,100.0,0.33,0.26,0.24,0.38,52.9,54.05,54.31,52.37,0.997,0.997,0.997,0.997,/tmpdir/crf_16.mpd,/videos/BigBuckBunny-2160.avi
1652,0.99776,0.2418,0.99923,52.39292,0.99991,0.94253,0.99646,0.99823,0.99892,100.0,0.33,0.25,0.24,0.37,52.93,54.12,54.37,52.39,0.997,0.997,0.997,0.997,/tmpdir/crf_16.mpd,/videos/BigBuckBunny-2160.avi
1653,0.9978,0.23634,0.9992,52.14944,0.9999,0.94052,0.99618,0.99806,0.99878,100.0,0.35,0.26,0.25,0.4,52.69,53.91,54.18,52.15,0.997,0.997,0.997,0.997,/tmpdir/crf_16.mpd,/videos/BigBuckBunny-2160.avi
1654,0.99834,0.23634,0.9992,52.12917,0.99991,0.93895,0.99669,0.99848,0.99912,100.0,0.35,0.25,0.24,0.4,52.72,54.07,54.34,52.13,0.997,0.997,0.997,0.997,/tmpdir/crf_16.mpd,/videos/BigBuckBunny-2160.avi
1655,0.99793,0.54638,0.99916,51.76093,0.99989,0.9369,0.99551,0.99773,0.99857,100.0,0.38,0.28,0.27,0.43,52.33,53.64,53.88,51.76,0.997,0.997,0.997,0.997,/tmpdir/crf_16.mpd,/videos/BigBuckBunny-2160.avi
1656,0.99834,0.65055,0.99917,51.76841,0.9999,0.93628,0.99575,0.99793,0.99874,100.0,0.38,0.28,0.26,0.43,52.34,53.66,53.93,51.77,0.997,0.997,0.997,0.997,/tmpdir/crf_16.mpd,/videos/BigBuckBunny-2160.avi
1657,0.99898,0.99188,0.99914,51.49895,0.99989,0.93353,0.99529,0.99768,0.99857,100.0,0.4,0.3,0.27,0.46,52.09,53.4,53.74,51.5,0.997,0.997,0.997,0.997,/tmpdir/crf_16.mpd,/videos/BigBuckBunny-2160.avi
1658,0.99986,0.99188,0.99915,51.47938,0.99991,0.93168,0.99616,0.9983,0.99904,100.0,0.4,0.28,0.26,0.46,52.12,53.64,53.95,51.48,0.997,0.997,0.997,0.997,/tmpdir/crf_16.mpd,/videos/BigBuckBunny-2160.avi
1659,0.99695,1.27713,0.99909,51.04731,0.99989,0.9269,0.99438,0.99723,0.99831,100.0,0.44,0.31,0.29,0.51,51.69,53.17,53.53,51.05,0.997,0.997,0.997,0.997,/tmpdir/crf_16.mpd,/videos/BigBuckBunny-2160.avi
1660,0.99665,1.27713,0.99909,50.94567,0.99989,0.92464,0.99449,0.99732,0.9984,100.0,0.45,0.31,0.28,0.52,51.63,53.25,53.61,50.95,0.997,0.997,0.997,0.997,/tmpdir/crf_16.mpd,/videos/BigBuckBunny-2160.avi
1661,0.99727,1.03591,0.99902,50.54288,0.99988,0.91902,0.99441,0.99731,0.99837,100.0,0.49,0.33,0.29,0.57,51.27,53.01,53.44,50.54,0.996,0.996,0.997,0.996,/tmpdir/crf_16.mpd,/videos/BigBuckBunny-2160.avi
1662,0.99909,0.96563,0.99905,50.63745,0.9999,0.91871,0.99602,0.99833,0.99909,100.0,0.47,0.3,0.28,0.56,51.4,53.31,53.71,50.64,0.996,0.997,0.997,0.996,/tmpdir/crf_16.mpd,/videos/BigBuckBunny-2160.avi
1663,0.99392,0.96563,0.99895,50.16142,0.99987,0.91178,0.99267,0.99635,0.99778,99.65297,0.53,0.34,0.31,0.63,50.93,52.84,53.27,50.16,0.996,0.996,0.996,0.996,/tmpdir/crf_16.mpd,/videos/BigBuckBunny-2160.avi
1664,0.99363,1.13969,0.99897,50.1299,0.99988,0.91093,0.99301,0.99657,0.99793,99.69858,0.53,0.33,0.3,0.63,50.91,52.89,53.33,50.13,0.996,0.996,0.996,0.996,/tmpdir/crf_16.mpd,/videos/BigBuckBunny-2160.avi
1665,0.99452,1.95076,0.99894,49.99378,0.99988,0.90881,0.99337,0.99676,0.99805,100.0,0.54,0.35,0.31,0.65,50.78,52.75,53.19,49.99,0.996,0.996,0.996,0.996,/tmpdir/crf_16.mpd,/videos/BigBuckBunny-2160.avi
1666,0.99783,1.95076,0.99898,50.1808,0.9999,0.91082,0.99585,0.99828,0.99906,100.0,0.52,0.33,0.3,0.62,50.97,52.97,53.39,50.18,0.996,0.996,0.996,0.996,/tmpdir/crf_16.mpd,/videos/BigBuckBunny-2160.avi
1667,0.99196,1.23006,0.99888,49.69306,0.99987,0.90147,0.99101,0.99547,0.99728,99.34187,0.58,0.37,0.33,0.7,50.49,52.5,52.95,49.69,0.996,0.996,0.996,0.996,/tmpdir/crf_16.mpd,/videos/BigBuckBunny-2160.avi
1668,0.99252,1.23006,0.99888,49.58777,0.99988,0.89878,0.99167,0.99591,0.99759,99.46506,0.59,0.36,0.32,0.71,50.41,52.54,53.01,49.59,0.996,0.996,0.996,0.996,/tmpdir/crf_16.mpd,/videos/BigBuckBunny-2160.avi
1669,0.99316,1.69458,0.99884,49.54861,0.99988,0.89874,0.99244,0.99631,0.9978,99.83251,0.6,0.37,0.33,0.72,50.36,52.4,52.9,49.55,0.996,0.996,0.996,0.995,/tmpdir/crf_16.mpd,/videos/BigBuckBunny-2160.avi
1670,0.99689,1.97987,0.99892,49.87104,0.9999,0.90397,0.99545,0.99811,0.99897,100.0,0.56,0.35,0.32,0.67,50.67,52.67,53.13,49.87,0.996,0.996,0.996,0.996,/tmpdir/crf_16.mpd,/videos/BigBuckBunny-2160.avi
1671,0.99075,2.58376,0.99885,49.67316,0.99987,0.89879,0.99075,0.99533,0.99725,99.79296,0.59,0.37,0.34,0.7,50.45,52.4,52.86,49.67,0.996,0.996,0.996,0.996,/tmpdir/crf_16.mpd,/videos/BigBuckBunny-2160.avi
1672,0.9914,2.58376,0.99885,49.67828,0.99988,0.89777,0.99163,0.99586,0.99758,99.94131,0.58,0.37,0.33,0.7,50.47,52.46,52.9,49.68,0.996,0.996,0.996,0.995,/tmpdir/crf_16.mpd,/videos/BigBuckBunny-2160.avi
1673,0.99256,1.62299,0.99879,49.60817,0.99987,0.89645,0.99275,0.99649,0.99793,99.69768,0.59,0.38,0.34,0.71,50.4,52.38,52.84,49.61,0.995,0.996,0.996,0.995,/tmpdir/crf_16.mpd,/videos/BigBuckBunny-2160.avi
1674,0.99668,1.60851,0.99884,49.79713,0.9999,0.89848,0.99545,0.99812,0.99895,100.0,0.57,0.36,0.33,0.68,50.58,52.53,52.98,49.8,0.995,0.996,0.996,0.995,/tmpdir/crf_16.mpd,/videos/BigBuckBunny-2160.avi
1675,0.98926,1.48205,0.99874,49.52215,0.99986,0.89299,0.99044,0.99524,0.99725,98.95273,0.61,0.38,0.35,0.73,50.31,52.3,52.73,49.52,0.995,0.996,0.996,0.995,/tmpdir/crf_16.mpd,/videos/BigBuckBunny-2160.avi
1676,0.99186,1.48205,0.9988,49.67295,0.99987,0.89577,0.99148,0.99582,0.99759,99.46101,0.59,0.38,0.34,0.7,50.43,52.3,52.76,49.67,0.995,0.996,0.996,0.995,/tmpdir/crf_16.mpd,/videos/BigBuckBunny-2160.avi
1677,0.99075,2.54664,0.99878,49.60089,0.99987,0.89566,0.9919,0.99604,0.9977,99.81448,0.6,0.39,0.35,0.71,50.35,52.18,52.66,49.6,0.995,0.996,0.996,0.995,/tmpdir/crf_16.mpd,/videos/BigBuckBunny-2160.avi
1678,0.99607,2.54664,0.99881,49.79693,0.99989,0.89854,0.99503,0.99795,0.99886,100.0,0.58,0.38,0.34,0.68,50.53,52.29,52.78,49.8,0.995,0.996,0.996,0.995,/tmpdir/crf_16.mpd,/videos/BigBuckBunny-2160.avi
1679,0.99189,1.83025,0.99873,49.573,0.99987,0.89067,0.9904,0.99527,0.99724,99.58624,0.61,0.4,0.36,0.72,50.31,52.09,52.58,49.57,0.995,0.995,0.996,0.995,/tmpdir/crf_16.mpd,/videos/BigBuckBunny-2160.avi
1680,0.98877,1.83025,0.99863,49.20903,0.99987,0.88423,0.99022,0.99522,0.99722,99.01341,0.65,0.42,0.37,0.78,49.98,51.88,52.4,49.21,0.995,0.995,0.996,0.994,/tmpdir/crf_16.mpd,/videos/BigBuckBunny-2160.avi
1681,0.99506,2.15481,0.99874,49.66039,0.99989,0.89367,0.99473,0.99796,0.9989,100.0,0.6,0.42,0.37,0.7,50.35,51.94,52.43,49.66,0.995,0.995,0.995,0.995,/tmpdir/crf_16.mpd,/videos/BigBuckBunny-2160.avi
1682,0.99112,2.77154,0.99871,49.64735,0.99986,0.89219,0.99022,0.99523,0.99727,99.93588,0.6,0.41,0.37,0.71,50.35,52.01,52.46,49.65,0.995,0.995,0.995,0.995,/tmpdir/crf_16.mpd,/videos/BigBuckBunny-2160.avi
1683,0.99019,3.60288,0.99871,49.76615,0.99986,0.89483,0.99163,0.99599,0.99767,100.0,0.59,0.41,0.37,0.69,50.44,51.99,52.42,49.77,0.995,0.995,0.995,0.995,/tmpdir/crf_16.mpd,/videos/BigBuckBunny-2160.avi
1684,0.9954,3.60288,0.99874,49.95843,0.99988,0.89762,0.9949,0.99814,0.99906,100.0,0.57,0.41,0.37,0.66,50.6,52.05,52.48,49.96,0.995,0.995,0.995,0.995,/tmpdir/crf_16.mpd,/videos/BigBuckBunny-2160.avi
1685,0.98729,3.01084,0.99864,49.83944,0.99984,0.89278,0.98921,0.99449,0.99674,99.33205,0.58,0.41,0.37,0.67,50.49,51.97,52.39,49.84,0.995,0.995,0.995,0.995,/tmpdir/crf_16.mpd,/videos/BigBuckBunny-2160.avi
1686,0.99201,2.8244,0.99866,49.89643,0.99986,0.89256,0.99151,0.99598,0.99764,100.0,0.58,0.42,0.38,0.67,50.52,51.9,52.34,49.9,0.995,0.995,0.995,0.995,/tmpdir/crf_16.mpd,/videos/BigBuckBunny-2160.avi
1687,0.98811,2.5338,0.99852,49.56774,0.99984,0.8862,0.99151,0.99609,0.99773,99.31915,0.62,0.43,0.39,0.72,50.24,51.78,52.21,49.57,0.994,0.995,0.995,0.994,/tmpdir/crf_16.mpd,/videos/BigBuckBunny-2160.avi
1688,0.99423,2.5338,0.99862,49.90517,0.99987,0.89135,0.99432,0.99797,0.99894,100.0,0.58,0.42,0.38,0.66,50.52,51.88,52.31,49.91,0.995,0.995,0.995,0.994,/tmpdir/crf_16.mpd,/videos/BigBuckBunny-2160.avi
1689,0.98435,4.25755,0.99859,49.88054,0.99983,0.89175,0.9883,0.99388,0.99629,99.44245,0.58,0.42,0.38,0.67,50.51,51.95,52.33,49.88,0.995,0.995,0.995,0.995,/tmpdir/crf_16.mpd,/videos/BigBuckBunny-2160.avi
1690,0.98942,4.25755,0.99866,50.10956,0.99985,0.89508,0.99121,0.99574,0.99742,100.0,0.56,0.42,0.38,0.63,50.68,51.91,52.31,50.11,0.995,0.995,0.995,0.995,/tmpdir/crf_16.mpd,/videos/BigBuckBunny-2160.avi
1691,0.9867,3.0033,0.99848,49.57711,0.99984,0.88405,0.9902,0.99535,0.99725,99.25785,0.62,0.44,0.4,0.72,50.23,51.72,52.14,49.58,0.994,0.995,0.995,0.994,/tmpdir/crf_16.mpd,/videos/BigBuckBunny-2160.avi
1692,0.99283,3.0033,0.99851,49.69213,0.99987,0.88295,0.99364,0.99778,0.99891,100.0,0.6,0.43,0.39,0.7,50.33,51.76,52.19,49.69,0.994,0.995,0.995,0.994,/tmpdir/crf_16.mpd,/videos/BigBuckBunny-2160.avi
1693,0.98732,4.23771,0.99853,49.895,0.99984,0.8895,0.99001,0.99521,0.99717,100.0,0.58,0.42,0.39,0.67,50.5,51.85,52.25,49.89,0.995,0.995,0.995,0.994,/tmpdir/crf_16.mpd,/videos/BigBuckBunny-2160.avi
1694,0.99311,5.65696,0.99861,50.16924,0.99985,0.89568,0.99328,0.99766,0.99888,100.0,0.55,0.41,0.38,0.63,50.73,51.95,52.35,50.17,0.995,0.995,0.995,0.995,/tmpdir/crf_16.mpd,/videos/BigBuckBunny-2160.avi
1695,0.98698,9.34599,0.99856,50.08368,0.99983,0.89409,0.99048,0.99557,0.99743,100.0,0.56,0.41,0.37,0.64,50.68,52.0,52.39,50.08,0.995,0.995,0.995,0.994,/tmpdir/crf_16.mpd,/videos/BigBuckBunny-2160.avi
1696,0.99253,9.34599,0.99861,50.35481,0.99985,0.89706,0.99342,0.99772,0.99892,100.0,0.52,0.39,0.36,0.6,50.93,52.19,52.58,50.35,0.995,0.995,0.995,0.995,/tmpdir/crf_16.mpd,/videos/BigBuckBunny-2160.avi
1697,0.98241,6.81464,0.99846,50.09153,0.99979,0.89328,0.98824,0.99378,0.99619,100.0,0.55,0.39,0.36,0.64,50.74,52.26,52.63,50.09,0.995,0.995,0.996,0.994,/tmpdir/crf_16.mpd,/videos/BigBuckBunny-2160.avi
1698,0.98947,6.3741,0.99856,50.33966,0.99984,0.89273,0.99183,0.9965,0.99802,100.0,0.52,0.39,0.35,0.6,50.93,52.2,52.68,50.34,0.995,0.995,0.996,0.994,/tmpdir/crf_16.mpd,/videos/BigBuckBunny-2160.avi
1699,0.98768,4.81867,0.99828,49.60351,0.9998,0.87797,0.98961,0.99536,0.99737,100.0,0.6,0.41,0.36,0.71,50.33,52.05,52.6,49.6,0.994,0.995,0.995,0.993,/tmpdir/crf_16.mpd,/videos/BigBuckBunny-2160.avi
1700,0.99239,4.81867,0.99852,50.24364,0.99984,0.88809,0.99204,0.99678,0.99834,100.0,0.53,0.38,0.34,0.61,50.9,52.37,52.87,50.24,0.995,0.995,0.996,0.994,/tmpdir/crf_16.mpd,/videos/BigBuckBunny-2160.avi
1701,0.98615,7.33896,0.99848,50.24053,0.9998,0.89415,0.98849,0.99416,0.9964,100.0,0.53,0.37,0.34,0.62,50.91,52.44,52.88,50.24,0.995,0.996,0.996,0.994,/tmpdir/crf_16.mpd,/videos/BigBuckBunny-2160.avi
1702,0.98789,7.33896,0.99856,50.55099,0.99982,0.89694,0.99116,0.99612,0.99779,100.0,0.5,0.37,0.33,0.57,51.16,52.5,52.94,50.55,0.995,0.996,0.996,0.994,/tmpdir/crf_16.mpd,/videos/BigBuckBunny-2160.avi
1703,0.98643,6.41246,0.99828,49.75531,0.99979,0.87319,0.98911,0.99518,0.9973,100.0,0.58,0.39,0.34,0.69,50.5,52.27,52.87,49.76,0.994,0.995,0.996,0.993,/tmpdir/crf_16.mpd,/videos/BigBuckBunny-2160.avi
1704,0.98782,6.41246,0.99835,49.97301,0.99982,0.87112,0.99115,0.99653,0.99829,100.0,0.55,0.37,0.31,0.65,50.74,52.5,53.22,49.97,0.994,0.995,0.996,0.993,/tmpdir/crf_16.mpd,/videos/BigBuckBunny-2160.avi
1705,0.98859,10.17032,0.9984,50.43277,0.99979,0.88862,0.99094,0.99641,0.99823,100.0,0.5,0.34,0.29,0.59,51.16,52.81,53.44,50.43,0.995,0.996,0.996,0.994,/tmpdir/crf_16.mpd,/videos/BigBuckBunny-2160.avi
1706,0.98605,10.17032,0.99839,50.54654,0.99976,0.89424,0.99079,0.99591,0.99774,100.0,0.49,0.33,0.29,0.57,51.27,52.92,53.58,50.55,0.995,0.996,0.996,0.994,/tmpdir/crf_16.mpd,/videos/BigBuckBunny-2160.avi
1707,0.98967,10.48197,0.99859,51.32583,0.99978,0.90315,0.99273,0.99686,0.99829,100.0,0.4,0.27,0.23,0.48,52.07,53.77,54.44,51.33,0.995,0.996,0.997,0.994,/tmpdir/crf_16.mpd,/videos/BigBuckBunny-2160.avi
1708,0.98764,10.48197,0.99847,51.1007,0.99975,0.90207,0.99208,0.99635,0.99788,100.0,0.42,0.28,0.24,0.5,51.87,53.62,54.4,51.1,0.995,0.996,0.997,0.994,/tmpdir/crf_16.mpd,/videos/BigBuckBunny-2160.avi
1709,0.98756,7.56193,0.99835,50.93419,0.99972,0.89797,0.99202,0.99636,0.99786,100.0,0.44,0.28,0.23,0.52,51.74,53.6,54.49,50.93,0.995,0.996,0.997,0.994,/tmpdir/crf_16.mpd,/videos/BigBuckBunny-2160.avi
1710,0.98797,7.56193,0.99858,51.44134,0.99978,0.89596,0.99255,0.99676,0.99825,100.0,0.39,0.26,0.21,0.47,52.23,53.95,54.95,51.44,0.995,0.996,0.997,0.994,/tmpdir/crf_16.mpd,/videos/BigBuckBunny-2160.avi
1711,0.9841,4.13831,0.9978,49.66726,0.99961,0.85245,0.9877,0.99482,0.99707,99.32806,0.57,0.35,0.25,0.7,50.58,52.64,54.11,49.67,0.993,0.995,0.997,0.992,/tmpdir/crf_16.mpd,/videos/BigBuckBunny-2160.avi
1712,0.98495,4.13831,0.99817,49.95337,0.99976,0.85203,0.98977,0.99593,0.99786,99.55718,0.54,0.36,0.25,0.66,50.81,52.61,54.12,49.95,0.993,0.995,0.997,0.992,/tmpdir/crf_16.mpd,/videos/BigBuckBunny-2160.avi
1713,0.98288,4.54196,0.99778,49.25312,0.99965,0.83357,0.9866,0.99478,0.99718,99.31954,0.63,0.39,0.27,0.77,50.17,52.2,53.79,49.25,0.993,0.995,0.996,0.991,/tmpdir/crf_16.mpd,/videos/BigBuckBunny-2160.avi
1714,0.98478,4.54196,0.99803,49.58524,0.99974,0.83989,0.98944,0.99613,0.99804,99.75405,0.58,0.36,0.25,0.72,50.51,52.53,54.22,49.59,0.993,0.995,0.997,0.992,/tmpdir/crf_16.mpd,/videos/BigBuckBunny-2160.avi
1715,0.98314,4.63005,0.99774,49.07774,0.99967,0.82695,0.98697,0.99489,0.99724,99.41365,0.64,0.39,0.26,0.8,50.04,52.19,54.0,49.08,0.992,0.995,0.997,0.991,/tmpdir/crf_16.mpd,/videos/BigBuckBunny-2160.avi
1716,0.98458,4.63005,0.998,49.64518,0.99972,0.83952,0.98918,0.99605,0.998,99.76563,0.57,0.36,0.24,0.71,50.56,52.51,54.32,49.65,0.993,0.995,0.997,0.992,/tmpdir/crf_16.mpd,/videos/BigBuckBunny-2160.avi
1717,0.99027,5.57505,0.99885,51.72784,0.99986,0.8961,0.99534,0.99828,0.99914,100.0,0.36,0.26,0.18,0.44,52.52,54.05,55.56,51.73,0.995,0.996,0.997,0.995,/tmpdir/crf_16.mpd,/videos/BigBuckBunny-2160.avi
1718,0.9854,5.57505,0.99817,50.41238,0.99971,0.86483,0.99046,0.99613,0.99784,100.0,0.48,0.3,0.21,0.59,51.32,53.35,54.89,50.41,0.994,0.996,0.997,0.993,/tmpdir/crf_16.mpd,/videos/BigBuckBunny-2160.avi
1719,0.9869,6.39514,0.99841,51.17376,0.99974,0.88435,0.9918,0.99651,0.99795,100.0,0.41,0.26,0.2,0.5,52.04,54.0,55.19,51.17,0.995,0.996,0.997,0.994,/tmpdir/crf_16.mpd,/videos/BigBuckBunny-2160.avi
1720,0.98666,6.39514,0.99841,51.21872,0.99973,0.89161,0.99177,0.99629,0.99779,100.0,0.4,0.26,0.2,0.49,52.07,54.03,55.09,51.22,0.995,0.997,0.997,0.994,/tmpdir/crf_16.mpd,/videos/BigBuckBunny-2160.avi
1721,0.98893,7.6748,0.99869,52.03939,0.99979,0.9086,0.99338,0.99712,0.99837,100.0,0.34,0.21,0.18,0.41,52.87,54.84,55.66,52.04,0.996,0.997,0.998,0.995,/tmpdir/crf_16.mpd,/videos/BigBuckBunny-2160.avi
1722,0.98715,7.6748,0.9986,51.78626,0.99975,0.91396,0.99247,0.99635,0.99775,100.0,0.36,0.24,0.2,0.43,52.55,54.36,55.02,51.79,0.995,0.997,0.997,0.995,/tmpdir/crf_16.mpd,/videos/BigBuckBunny-2160.avi
1723,0.98849,7.9474,0.99875,52.30563,0.99979,0.92569,0.99344,0.9968,0.99803,100.0,0.32,0.22,0.2,0.38,53.01,54.67,55.16,52.31,0.996,0.997,0.997,0.995,/tmpdir/crf_16.mpd,/videos/BigBuckBunny-2160.avi
1724,0.98803,7.9474,0.99864,52.02573,0.99975,0.92392,0.99228,0.99609,0.99752,100.0,0.35,0.24,0.22,0.41,52.72,54.37,54.74,52.03,0.996,0.997,0.997,0.995,/tmpdir/crf_16.mpd,/videos/BigBuckBunny-2160.avi
1725,0.98992,6.74034,0.99886,52.67773,0.99982,0.92759,0.99393,0.99724,0.99843,100.0,0.3,0.21,0.19,0.35,53.36,54.97,55.36,52.68,0.996,0.997,0.997,0.996,/tmpdir/crf_16.mpd,/videos/BigBuckBunny-2160.avi
1726,0.98794,6.74034,0.99859,51.88884,0.99975,0.9192,0.9917,0.99592,0.99746,100.0,0.35,0.23,0.21,0.42,52.63,54.48,54.87,51.89,0.996,0.997,0.997,0.995,/tmpdir/crf_16.mpd,/videos/BigBuckBunny-2160.avi
1727,0.98993,3.66812,0.99837,51.0808,0.99971,0.90601,0.99139,0.996,0.99759,100.0,0.42,0.27,0.24,0.51,51.87,53.89,54.26,51.08,0.995,0.997,0.997,0.994,/tmpdir/crf_16.mpd,/videos/BigBuckBunny-2160.avi
1728,0.99145,3.66812,0.9987,51.74693,0.99982,0.91004,0.99345,0.99718,0.99844,100.0,0.37,0.25,0.23,0.43,52.46,54.21,54.56,51.75,0.995,0.997,0.997,0.995,/tmpdir/crf_16.mpd,/videos/BigBuckBunny-2160.avi
1729,0.99448,2.29802,0.99914,53.05453,0.99991,0.93185,0.99708,0.99882,0.99938,100.0,0.28,0.2,0.19,0.32,53.69,55.22,55.42,53.05,0.996,0.997,0.997,0.996,/tmpdir/crf_16.mpd,/videos/BigBuckBunny-2160.avi
1730,0.98677,2.29698,0.99841,50.67968,0.99973,0.89233,0.99216,0.99655,0.99795,99.00321,0.46,0.26,0.24,0.56,51.55,53.94,54.25,50.68,0.995,0.996,0.997,0.994,/tmpdir/crf_16.mpd,/videos/BigBuckBunny-2160.avi
1731,0.98779,1.51029,0.99826,50.25333,0.99972,0.88182,0.99277,0.99692,0.9982,98.78618,0.5,0.28,0.25,0.61,51.16,53.71,54.09,50.25,0.994,0.996,0.996,0.993,/tmpdir/crf_16.mpd,/videos/BigBuckBunny-2160.avi
1732,0.98615,1.51029,0.99814,49.98328,0.99968,0.87631,0.99182,0.99644,0.99791,98.44813,0.53,0.29,0.26,0.65,50.9,53.47,53.91,49.98,0.994,0.996,0.996,0.993,/tmpdir/crf_16.mpd,/videos/BigBuckBunny-2160.avi
1733,0.98919,1.57905,0.99848,50.6501,0.99981,0.88647,0.99385,0.99742,0.99854,99.11705,0.46,0.27,0.25,0.56,51.51,53.81,54.22,50.65,0.994,0.996,0.996,0.993,/tmpdir/crf_16.mpd,/videos/BigBuckBunny-2160.avi
1734,0.98661,1.57905,0.99813,49.95633,0.99969,0.8732,0.99119,0.99608,0.99766,98.52904,0.53,0.31,0.27,0.66,50.85,53.26,53.78,49.96,0.994,0.996,0.996,0.992,/tmpdir/crf_16.mpd,/videos/BigBuckBunny-2160.avi
1735,0.98883,2.06145,0.99823,50.19485,0.99973,0.88078,0.99233,0.99661,0.99806,99.22601,0.51,0.3,0.27,0.62,51.07,53.39,53.87,50.19,0.994,0.996,0.996,0.993,/tmpdir/crf_16.mpd,/videos/BigBuckBunny-2160.avi
1736,0.98677,2.07186,0.99808,50.01737,0.99966,0.87714,0.99081,0.99591,0.9976,98.80792,0.53,0.31,0.28,0.65,50.89,53.21,53.71,50.02,0.994,0.996,0.996,0.992,/tmpdir/crf_16.mpd,/videos/BigBuckBunny-2160.avi
1737,0.98988,2.95377,0.99843,50.76746,0.99979,0.89061,0.99321,0.99712,0.99843,99.93781,0.45,0.27,0.25,0.54,51.6,53.78,54.14,50.77,0.994,0.996,0.996,0.993,/tmpdir/crf_16.mpd,/videos/BigBuckBunny-2160.avi
1738,0.9859,2.95377,0.99813,50.16554,0.99968,0.878,0.99051,0.99569,0.99746,99.09866,0.52,0.31,0.28,0.63,51.0,53.26,53.58,50.17,0.994,0.996,0.996,0.993,/tmpdir/crf_16.mpd,/videos/BigBuckBunny-2160.avi
1739,0.98714,3.22479,0.99828,50.36471,0.99975,0.88009,0.99181,0.99634,0.99786,99.51239,0.5,0.3,0.28,0.6,51.18,53.33,53.69,50.36,0.994,0.996,0.996,0.993,/tmpdir/crf_16.mpd,/videos/BigBuckBunny-2160.avi
1740,0.98572,3.22479,0.99808,50.02863,0.99969,0.8739,0.99041,0.99565,0.99743,99.19924,0.53,0.32,0.29,0.65,50.88,53.15,53.53,50.03,0.994,0.996,0.996,0.992,/tmpdir/crf_16.mpd,/videos/BigBuckBunny-2160.avi
1741,0.98927,4.02352,0.99848,50.89451,0.9998,0.89035,0.99255,0.99676,0.9982,100.0,0.44,0.28,0.25,0.53,51.69,53.71,54.11,50.89,0.994,0.996,0.996,0.994,/tmpdir/crf_16.mpd,/videos/BigBuckBunny-2160.avi
1742,0.9864,4.02352,0.99821,50.29948,0.99972,0.88116,0.99052,0.99566,0.99745,99.77282,0.5,0.31,0.28,0.61,51.12,53.24,53.7,50.3,0.994,0.996,0.996,0.993,/tmpdir/crf_16.mpd,/videos/BigBuckBunny-2160.avi
1743,0.98721,4.06293,0.99841,50.69091,0.99978,0.88811,0.99146,0.99605,0.99767,99.97886,0.46,0.3,0.27,0.55,51.46,53.43,53.8,50.69,0.994,0.996,0.996,0.993,/tmpdir/crf_16.mpd,/videos/BigBuckBunny-2160.avi
1744,0.98598,4.06293,0.99818,50.26543,0.99971,0.879,0.98957,0.99513,0.99708,99.67831,0.51,0.31,0.28,0.61,51.09,53.25,53.63,50.27,0.994,0.996,0.996,0.993,/tmpdir/crf_16.mpd,/videos/BigBuckBunny-2160.avi
1745,0.9893,3.14866,0.99857,50.95948,0.99983,0.89054,0.99267,0.99689,0.99833,99.92484,0.44,0.28,0.26,0.52,51.72,53.68,53.97,50.96,0.995,0.996,0.996,0.994,/tmpdir/crf_16.mpd,/videos/BigBuckBunny-2160.avi
1746,0.98462,3.06964,0.998,49.67164,0.99969,0.86397,0.9884,0.99481,0.99693,98.84558,0.57,0.33,0.31,0.7,50.55,52.99,53.27,49.67,0.993,0.996,0.996,0.992,/tmpdir/crf_16.mpd,/videos/BigBuckBunny-2160.avi
1747,0.98575,2.09324,0.99813,49.65304,0.99978,0.85961,0.99082,0.99606,0.99773,98.60763,0.58,0.34,0.31,0.7,50.51,52.85,53.17,49.65,0.993,0.995,0.996,0.992,/tmpdir/crf_16.mpd,/videos/BigBuckBunny-2160.avi
1748,0.9843,2.09324,0.99783,49.20793,0.99968,0.85419,0.98919,0.99524,0.99723,98.28428,0.63,0.34,0.32,0.78,50.13,52.79,53.07,49.21,0.993,0.995,0.996,0.991,/tmpdir/crf_16.mpd,/videos/BigBuckBunny-2160.avi
1749,0.98793,5.59122,0.99831,50.35722,0.99978,0.87866,0.9916,0.99642,0.99805,100.0,0.49,0.29,0.28,0.6,51.19,53.45,53.72,50.36,0.994,0.996,0.996,0.993,/tmpdir/crf_16.mpd,/videos/BigBuckBunny-2160.avi
1750,0.98669,5.74741,0.99814,50.13809,0.99971,0.87854,0.99006,0.99535,0.99721,100.0,0.52,0.3,0.28,0.63,50.99,53.3,53.61,50.14,0.994,0.996,0.996,0.993,/tmpdir/crf_16.mpd,/videos/BigBuckBunny-2160.avi
1751,0.98787,5.67121,0.99842,50.84365,0.99977,0.89179,0.99154,0.99599,0.99758,100.0,0.45,0.29,0.26,0.54,51.62,53.58,54.0,50.84,0.994,0.996,0.996,0.994,/tmpdir/crf_16.mpd,/videos/BigBuckBunny-2160.avi
1752,0.98644,5.67121,0.99826,50.57736,0.99971,0.88756,0.99049,0.99548,0.99727,100.0,0.47,0.29,0.27,0.57,51.38,53.5,53.82,50.58,0.994,0.996,0.996,0.993,/tmpdir/crf_16.mpd,/videos/BigBuckBunny-2160.avi
1753,0.98926,4.44872,0.99859,51.31518,0.99981,0.89923,0.99273,0.99666,0.99808,100.0,0.4,0.26,0.24,0.48,52.07,53.98,54.31,51.32,0.995,0.996,0.997,0.994,/tmpdir/crf_16.mpd,/videos/BigBuckBunny-2160.avi
1754,0.98662,4.44872,0.99817,50.43112,0.99969,0.88296,0.99026,0.9955,0.99733,100.0,0.49,0.29,0.27,0.59,51.27,53.51,53.81,50.43,0.994,0.996,0.996,0.993,/tmpdir/crf_16.mpd,/videos/BigBuckBunny-2160.avi
1755,0.98689,4.60933,0.99826,50.5296,0.99974,0.88482,0.99074,0.99572,0.99746,100.0,0.48,0.29,0.27,0.58,51.34,53.45,53.79,50.53,0.994,0.996,0.996,0.993,/tmpdir/crf_16.mpd,/videos/BigBuckBunny-2160.avi
1756,0.98463,4.60933,0.99803,50.11201,0.99965,0.87705,0.9881,0.99431,0.99655,99.68785,0.52,0.31,0.29,0.63,50.95,53.17,53.54,50.11,0.994,0.996,0.996,0.993,/tmpdir/crf_16.mpd,/videos/BigBuckBunny-2160.avi
1757,0.98929,6.92677,0.99851,50.93271,0.99981,0.89342,0.99215,0.99646,0.99798,100.0,0.44,0.29,0.27,0.52,51.66,53.47,53.83,50.93,0.995,0.996,0.996,0.994,/tmpdir/crf_16.mpd,/videos/BigBuckBunny-2160.avi
1758,0.98484,6.92677,0.99805,50.01601,0.99965,0.87761,0.98822,0.99432,0.99652,100.0,0.54,0.33,0.3,0.65,50.82,52.91,53.29,50.02,0.994,0.996,0.996,0.993,/tmpdir/crf_16.mpd,/videos/BigBuckBunny-2160.avi
1759,0.98565,9.13562,0.99814,50.10226,0.99971,0.87868,0.98935,0.99507,0.99711,100.0,0.53,0.34,0.31,0.64,50.88,52.85,53.21,50.1,0.994,0.996,0.996,0.993,/tmpdir/crf_16.mpd,/videos/BigBuckBunny-2160.avi
1760,0.98465,9.13562,0.99798,49.78397,0.99965,0.87418,0.98791,0.99421,0.99651,100.0,0.57,0.35,0.32,0.68,50.59,52.66,53.06,49.78,0.993,0.995,0.996,0.992,/tmpdir/crf_16.mpd,/videos/BigBuckBunny-2160.avi
1761,0.98863,10.14497,0.99839,50.51299,0.99979,0.88951,0.99166,0.99622,0.99782,100.0,0.49,0.32,0.29,0.58,51.25,53.05,53.45,50.51,0.994,0.996,0.996,0.993,/tmpdir/crf_16.mpd,/videos/BigBuckBunny-2160.avi
1762,0.98509,10.14497,0.9981,49.90753,0.9997,0.87529,0.9886,0.99457,0.99676,100.0,0.55,0.35,0.31,0.66,50.7,52.7,53.17,49.91,0.993,0.995,0.996,0.992,/tmpdir/crf_16.mpd,/videos/BigBuckBunny-2160.avi
1763,0.9842,8.53527,0.99802,49.64686,0.99967,0.86997,0.9883,0.99442,0.99666,100.0,0.58,0.36,0.32,0.71,50.47,52.56,53.08,49.65,0.993,0.995,0.996,0.992,/tmpdir/crf_16.mpd,/videos/BigBuckBunny-2160.avi
1764,0.98821,8.53527,0.99845,50.40355,0.99981,0.88142,0.99174,0.99623,0.99783,100.0,0.5,0.33,0.3,0.59,51.14,52.9,53.36,50.4,0.994,0.996,0.996,0.993,/tmpdir/crf_16.mpd,/videos/BigBuckBunny-2160.avi
1765,0.98378,6.13652,0.99809,49.6432,0.99967,0.86466,0.98834,0.99431,0.99651,100.0,0.59,0.37,0.33,0.71,50.44,52.45,52.95,49.64,0.993,0.995,0.996,0.992,/tmpdir/crf_16.mpd,/videos/BigBuckBunny-2160.avi
1766,0.98531,6.13652,0.99821,49.81795,0.99973,0.86759,0.98985,0.99523,0.99717,100.0,0.57,0.36,0.32,0.68,50.6,52.55,53.04,49.82,0.993,0.995,0.996,0.992,/tmpdir/crf_16.mpd,/videos/BigBuckBunny-2160.avi
1767,0.98375,6.13867,0.99813,49.65782,0.9997,0.86647,0.98875,0.9945,0.99658,100.0,0.58,0.36,0.33,0.7,50.46,52.51,52.96,49.66,0.993,0.995,0.995,0.992,/tmpdir/crf_16.mpd,/videos/BigBuckBunny-2160.avi
1768,0.98757,6.13867,0.99838,50.10322,0.9998,0.87459,0.99168,0.99623,0.99784,100.0,0.53,0.34,0.31,0.63,50.88,52.82,53.25,50.1,0.994,0.995,0.996,0.993,/tmpdir/crf_16.mpd,/videos/BigBuckBunny-2160.avi
1769,0.98467,4.64055,0.99807,49.54856,0.99969,0.86308,0.98876,0.99458,0.99666,99.69794,0.6,0.37,0.33,0.72,50.36,52.42,52.91,49.55,0.993,0.995,0.995,0.992,/tmpdir/crf_16.mpd,/videos/BigBuckBunny-2160.avi
1770,0.98475,4.64055,0.9981,49.56157,0.99972,0.86216,0.98948,0.99515,0.99714,99.75759,0.6,0.37,0.33,0.72,50.38,52.46,52.91,49.56,0.993,0.995,0.995,0.992,/tmpdir/crf_16.mpd,/videos/BigBuckBunny-2160.avi
1771,0.98365,2.94686,0.99796,49.32742,0.99968,0.8585,0.98817,0.99438,0.99658,98.56183,0.63,0.38,0.34,0.76,50.17,52.37,52.83,49.33,0.993,0.995,0.995,0.992,/tmpdir/crf_16.mpd,/videos/BigBuckBunny-2160.avi
1772,0.98396,2.94686,0.99787,49.17296,0.99967,0.85423,0.98837,0.99471,0.99691,98.63858,0.64,0.37,0.33,0.79,50.06,52.45,52.95,49.17,0.993,0.995,0.995,0.991,/tmpdir/crf_16.mpd,/videos/BigBuckBunny-2160.avi
1773,0.99662,0.05764,0.9991,54.51365,0.99975,0.9478,0.99859,0.99939,0.99966,100.0,0.2,0.14,0.13,0.23,55.15,56.65,56.96,54.51,0.998,0.998,0.998,0.998,/tmpdir/crf_16.mpd,/videos/BigBuckBunny-2160.avi
1774,0.99594,0.05764,0.99883,53.15301,0.99967,0.938,0.99793,0.99906,0.99944,99.87082,0.26,0.15,0.14,0.31,54.0,56.26,56.6,53.15,0.997,0.998,0.998,0.997,/tmpdir/crf_16.mpd,/videos/BigBuckBunny-2160.avi
1775,0.99569,0.10894,0.9988,52.85893,0.99967,0.93583,0.99768,0.99894,0.99936,99.83388,0.28,0.16,0.15,0.34,53.73,56.09,56.49,52.86,0.997,0.998,0.998,0.997,/tmpdir/crf_16.mpd,/videos/BigBuckBunny-2160.avi
1776,0.99546,0.10894,0.99874,52.76161,0.99963,0.93387,0.99754,0.9989,0.99937,99.78516,0.28,0.17,0.15,0.34,53.62,55.9,56.33,52.76,0.997,0.998,0.998,0.996,/tmpdir/crf_16.mpd,/videos/BigBuckBunny-2160.avi
1777,0.99587,0.12729,0.99883,52.91178,0.99971,0.93722,0.99773,0.999,0.99945,99.88631,0.27,0.17,0.15,0.33,53.75,55.94,56.38,52.91,0.997,0.998,0.998,0.996,/tmpdir/crf_16.mpd,/videos/BigBuckBunny-2160.avi
1778,0.99538,0.12729,0.9987,52.50684,0.99964,0.9286,0.99741,0.99891,0.99942,99.76273,0.3,0.18,0.16,0.37,53.38,55.69,56.17,52.51,0.997,0.998,0.998,0.996,/tmpdir/crf_16.mpd,/videos/BigBuckBunny-2160.avi
1779,0.99524,0.0994,0.99871,52.39117,0.99966,0.9263,0.99717,0.99873,0.99929,99.70231,0.31,0.18,0.16,0.37,53.28,55.65,56.15,52.39,0.997,0.998,0.998,0.996,/tmpdir/crf_16.mpd,/videos/BigBuckBunny-2160.avi
1780,0.99467,0.0994,0.99866,52.16928,0.99964,0.92186,0.99697,0.99863,0.9992,99.57755,0.32,0.18,0.16,0.39,53.08,55.58,56.1,52.17,0.996,0.998,0.998,0.996,/tmpdir/crf_16.mpd,/videos/BigBuckBunny-2160.avi
1781,0.99528,0.10534,0.99877,52.60906,0.9997,0.92878,0.99729,0.99879,0.99933,99.7256,0.29,0.18,0.16,0.36,53.46,55.65,56.18,52.61,0.997,0.998,0.998,0.996,/tmpdir/crf_16.mpd,/videos/BigBuckBunny-2160.avi
1782,0.99507,0.12181,0.99867,52.31629,0.99963,0.92456,0.99695,0.99865,0.99925,99.67151,0.31,0.19,0.16,0.38,53.18,55.43,55.99,52.32,0.997,0.998,0.998,0.996,/tmpdir/crf_16.mpd,/videos/BigBuckBunny-2160.avi
1783,0.99492,0.16837,0.99869,52.31771,0.99966,0.92392,0.99677,0.9985,0.99913,99.65095,0.31,0.19,0.16,0.38,53.18,55.42,56.02,52.32,0.997,0.998,0.998,0.996,/tmpdir/crf_16.mpd,/videos/BigBuckBunny-2160.avi
1784,0.99484,0.1238,0.99862,52.12878,0.99963,0.9213,0.99675,0.99853,0.99917,99.61169,0.32,0.19,0.17,0.4,53.02,55.37,55.95,52.13,0.996,0.998,0.998,0.996,/tmpdir/crf_16.mpd,/videos/BigBuckBunny-2160.avi
1785,0.99499,0.1238,0.99871,52.31329,0.99969,0.9233,0.99686,0.99858,0.9992,99.64894,0.31,0.19,0.16,0.38,53.18,55.44,56.05,52.31,0.996,0.998,0.998,0.996,/tmpdir/crf_16.mpd,/videos/BigBuckBunny-2160.avi
1786,0.99465,0.18876,0.99861,52.04374,0.99964,0.91927,0.99673,0.99859,0.99928,99.6094,0.33,0.19,0.17,0.41,52.93,55.25,55.9,52.04,0.996,0.997,0.997,0.996,/tmpdir/crf_16.mpd,/videos/BigBuckBunny-2160.avi
1787,0.99467,0.25863,0.99865,52.08926,0.99966,0.9188,0.9966,0.99847,0.99914,99.62955,0.33,0.19,0.17,0.4,52.97,55.26,55.89,52.09,0.996,0.997,0.997,0.996,/tmpdir/crf_16.mpd,/videos/BigBuckBunny-2160.avi
1788,0.99452,0.22439,0.99856,51.80578,0.99964,0.91517,0.99646,0.99842,0.99915,99.573,0.35,0.2,0.17,0.43,52.73,55.19,55.85,51.81,0.996,0.997,0.997,0.995,/tmpdir/crf_16.mpd,/videos/BigBuckBunny-2160.avi
1789,0.99494,0.22439,0.99873,52.33099,0.9997,0.92292,0.99679,0.99853,0.99918,99.6814,0.31,0.19,0.16,0.38,53.18,55.29,55.97,52.33,0.996,0.997,0.997,0.996,/tmpdir/crf_16.mpd,/videos/BigBuckBunny-2160.avi
1790,0.99471,0.28608,0.9986,51.97608,0.99963,0.91866,0.99648,0.99844,0.99915,99.64873,0.34,0.2,0.17,0.41,52.86,55.13,55.85,51.98,0.996,0.997,0.997,0.996,/tmpdir/crf_16.mpd,/videos/BigBuckBunny-2160.avi
1791,0.99453,0.24075,0.99861,51.92767,0.99967,0.91748,0.99644,0.99843,0.99915,99.59195,0.34,0.2,0.17,0.42,52.82,55.15,55.84,51.93,0.996,0.997,0.997,0.996,/tmpdir/crf_16.mpd,/videos/BigBuckBunny-2160.avi
1792,0.9944,0.24075,0.99858,51.84262,0.99963,0.91553,0.99616,0.99829,0.99907,99.55249,0.35,0.2,0.17,0.43,52.74,55.08,55.75,51.84,0.996,0.997,0.997,0.996,/tmpdir/crf_16.mpd,/videos/BigBuckBunny-2160.avi
1793,0.99467,0.1735,0.99869,52.13158,0.99969,0.91888,0.99649,0.9984,0.9991,99.58732,0.33,0.2,0.17,0.4,53.0,55.17,55.92,52.13,0.996,0.997,0.997,0.996,/tmpdir/crf_16.mpd,/videos/BigBuckBunny-2160.avi
1794,0.99462,0.1735,0.99859,51.85416,0.99964,0.91519,0.99635,0.99839,0.99913,99.56654,0.35,0.21,0.17,0.42,52.74,55.0,55.77,51.85,0.996,0.997,0.997,0.996,/tmpdir/crf_16.mpd,/videos/BigBuckBunny-2160.avi
1795,0.9944,0.26124,0.99861,51.87355,0.99966,0.91535,0.99614,0.99823,0.999,99.55492,0.34,0.2,0.17,0.42,52.76,55.03,55.82,51.87,0.996,0.997,0.997,0.996,/tmpdir/crf_16.mpd,/videos/BigBuckBunny-2160.avi
1796,0.99407,0.26124,0.99849,51.46313,0.99962,0.9082,0.99579,0.9981,0.99896,99.46581,0.37,0.21,0.18,0.46,52.41,54.93,55.7,51.46,0.996,0.997,0.997,0.995,/tmpdir/crf_16.mpd,/videos/BigBuckBunny-2160.avi
1797,0.99443,0.28247,0.99869,52.07136,0.99969,0.91804,0.99624,0.99827,0.99903,99.58173,0.33,0.2,0.17,0.4,52.93,55.08,55.85,52.07,0.996,0.997,0.997,0.996,/tmpdir/crf_16.mpd,/videos/BigBuckBunny-2160.avi
1798,0.99419,0.22471,0.99852,51.60017,0.99963,0.91046,0.99589,0.9981,0.99891,99.47433,0.36,0.21,0.17,0.45,52.52,54.89,55.7,51.6,0.996,0.997,0.997,0.995,/tmpdir/crf_16.mpd,/videos/BigBuckBunny-2160.avi
1799,0.99417,0.22471,0.99858,51.70678,0.99966,0.91239,0.99586,0.9981,0.99894,99.47823,0.36,0.21,0.17,0.44,52.61,54.91,55.75,51.71,0.996,0.997,0.997,0.995,/tmpdir/crf_16.mpd,/videos/BigBuckBunny-2160.avi
1800,0.99402,0.28273,0.99854,51.63119,0.99963,0.91165,0.99567,0.99799,0.99887,99.46837,0.36,0.21,0.18,0.45,52.54,54.86,55.7,51.63,0.996,0.997,0.997,0.995,/tmpdir/crf_16.mpd,/videos/BigBuckBunny-2160.avi
1801,0.99415,0.25281,0.99866,51.88525,0.99968,0.91373,0.99585,0.99806,0.9989,99.48927,0.34,0.21,0.17,0.42,52.76,54.93,55.78,51.89,0.996,0.997,0.997,0.996,/tmpdir/crf_16.mpd,/videos/BigBuckBunny-2160.avi
1802,0.99396,0.25281,0.99855,51.59457,0.99964,0.91036,0.99566,0.99801,0.9989,99.44324,0.37,0.21,0.18,0.45,52.5,54.82,55.65,51.59,0.996,0.997,0.997,0.995,/tmpdir/crf_16.mpd,/videos/BigBuckBunny-2160.avi
1803,0.99359,0.18369,0.99852,51.44812,0.99965,0.90729,0.99541,0.99787,0.99881,99.32434,0.38,0.22,0.18,0.47,52.38,54.8,55.7,51.45,0.996,0.997,0.997,0.995,/tmpdir/crf_16.mpd,/videos/BigBuckBunny-2160.avi
1804,0.99356,0.18369,0.99847,51.35075,0.99962,0.90601,0.99525,0.99779,0.99878,99.31172,0.38,0.22,0.18,0.48,52.29,54.69,55.62,51.35,0.996,0.997,0.997,0.995,/tmpdir/crf_16.mpd,/videos/BigBuckBunny-2160.avi
1805,0.9939,0.27206,0.99864,51.79184,0.99968,0.91253,0.99556,0.99794,0.99889,99.44635,0.35,0.21,0.17,0.43,52.67,54.85,55.75,51.79,0.996,0.997,0.997,0.996,/tmpdir/crf_16.mpd,/videos/BigBuckBunny-2160.avi
1806,0.9931,0.27206,0.99848,51.27933,0.99963,0.90364,0.99515,0.99776,0.99876,99.25968,0.39,0.22,0.18,0.48,52.22,54.69,55.57,51.28,0.996,0.997,0.997,0.995,/tmpdir/crf_16.mpd,/videos/BigBuckBunny-2160.avi
1807,0.99318,0.2784,0.99854,51.45405,0.99964,0.90725,0.99496,0.99761,0.99864,99.27729,0.38,0.22,0.18,0.47,52.37,54.71,55.6,51.45,0.996,0.997,0.997,0.995,/tmpdir/crf_16.mpd,/videos/BigBuckBunny-2160.avi
1808,0.9931,0.19261,0.99848,51.28679,0.99963,0.9038,0.9948,0.99754,0.99865,99.2106,0.39,0.22,0.18,0.48,52.23,54.66,55.6,51.29,0.996,0.997,0.997,0.995,/tmpdir/crf_16.mpd,/videos/BigBuckBunny-2160.avi
1809,0.99333,0.19261,0.99859,51.54196,0.99967,0.90798,0.99485,0.99757,0.99867,99.26738,0.37,0.22,0.17,0.46,52.45,54.71,55.71,51.54,0.996,0.997,0.997,0.995,/tmpdir/crf_16.mpd,/videos/BigBuckBunny-2160.avi
1810,0.99304,0.27252,0.99847,51.24262,0.99961,0.90419,0.9945,0.9974,0.99852,99.22451,0.39,0.22,0.18,0.49,52.19,54.62,55.62,51.24,0.996,0.997,0.997,0.995,/tmpdir/crf_16.mpd,/videos/BigBuckBunny-2160.avi
1811,0.99284,0.22709,0.99848,51.14642,0.99963,0.90132,0.99416,0.9972,0.99842,99.14657,0.4,0.23,0.18,0.5,52.1,54.6,55.58,51.15,0.996,0.997,0.997,0.995,/tmpdir/crf_16.mpd,/videos/BigBuckBunny-2160.avi
1812,0.99272,0.22709,0.99845,51.11513,0.99961,0.90102,0.99389,0.99708,0.99834,99.11587,0.4,0.23,0.18,0.5,52.07,54.56,55.53,51.12,0.996,0.997,0.997,0.995,/tmpdir/crf_16.mpd,/videos/BigBuckBunny-2160.avi
1813,0.99253,0.1497,0.9985,51.18457,0.99965,0.90152,0.9938,0.99702,0.99832,99.04526,0.4,0.23,0.18,0.5,52.14,54.59,55.63,51.18,0.996,0.997,0.997,0.995,/tmpdir/crf_16.mpd,/videos/BigBuckBunny-2160.avi
1814,0.99231,0.1497,0.99842,50.9716,0.99961,0.89818,0.99342,0.99683,0.99823,98.98432,0.42,0.23,0.18,0.52,51.95,54.51,55.57,50.97,0.996,0.997,0.997,0.995,/tmpdir/crf_16.mpd,/videos/BigBuckBunny-2160.avi
1815,0.99213,0.27107,0.99843,50.95607,0.99962,0.89838,0.99299,0.99665,0.99813,98.99671,0.42,0.23,0.18,0.52,51.94,54.52,55.59,50.96,0.996,0.997,0.997,0.995,/tmpdir/crf_16.mpd,/videos/BigBuckBunny-2160.avi
1816,0.99169,0.2657,0.99831,50.62312,0.99958,0.89138,0.99237,0.9963,0.99788,98.86885,0.45,0.24,0.18,0.56,51.64,54.4,55.47,50.62,0.995,0.997,0.997,0.995,/tmpdir/crf_16.mpd,/videos/BigBuckBunny-2160.avi
1817,0.99163,0.2657,0.99837,50.76388,0.9996,0.89527,0.992,0.99614,0.99783,98.862,0.43,0.23,0.18,0.55,51.77,54.46,55.57,50.76,0.996,0.997,0.997,0.995,/tmpdir/crf_16.mpd,/videos/BigBuckBunny-2160.avi
1818,0.99794,0.09199,0.99964,53.74223,0.99997,0.9555,0.9982,0.99919,0.99957,100.0,0.25,0.19,0.2,0.27,54.17,55.27,55.1,53.74,0.998,0.998,0.997,0.998,/tmpdir/crf_16.mpd,/videos/BigBuckBunny-2160.avi
1819,0.99785,0.06799,0.99958,53.32015,0.99995,0.95271,0.99755,0.99878,0.9993,100.0,0.27,0.21,0.22,0.3,53.75,54.83,54.7,53.32,0.998,0.998,0.997,0.998,/tmpdir/crf_16.mpd,/videos/BigBuckBunny-2160.avi
1820,0.99779,0.06799,0.99957,53.22878,0.99995,0.95212,0.99751,0.99876,0.99929,100.0,0.28,0.22,0.22,0.31,53.67,54.78,54.62,53.23,0.997,0.998,0.997,0.998,/tmpdir/crf_16.mpd,/videos/BigBuckBunny-2160.avi
1821,0.99774,0.0683,0.99953,53.09686,0.99994,0.95078,0.99728,0.99865,0.99921,100.0,0.29,0.23,0.23,0.32,53.53,54.6,54.47,53.1,0.997,0.998,0.997,0.997,/tmpdir/crf_16.mpd,/videos/BigBuckBunny-2160.avi
1822,0.99775,0.0683,0.99953,53.0837,0.99995,0.9503,0.99743,0.99878,0.99932,100.0,0.29,0.22,0.23,0.32,53.52,54.65,54.44,53.08,0.997,0.997,0.997,0.997,/tmpdir/crf_16.mpd,/videos/BigBuckBunny-2160.avi
1823,0.99763,0.08556,0.9995,52.95621,0.99993,0.9498,0.99711,0.99859,0.99921,100.0,0.3,0.23,0.24,0.33,53.38,54.48,54.31,52.96,0.997,0.997,0.997,0.997,/tmpdir/crf_16.mpd,/videos/BigBuckBunny-2160.avi
1824,0.99769,0.08556,0.99951,53.00796,0.99993,0.95019,0.9972,0.99862,0.99921,100.0,0.3,0.23,0.24,0.33,53.42,54.49,54.28,53.01,0.997,0.997,0.997,0.997,/tmpdir/crf_16.mpd,/videos/BigBuckBunny-2160.avi
1825,0.99755,0.08306,0.99948,52.82331,0.99993,0.94863,0.99696,0.9985,0.99913,100.0,0.31,0.24,0.25,0.34,53.24,54.32,54.15,52.82,0.997,0.997,0.997,0.997,/tmpdir/crf_16.mpd,/videos/BigBuckBunny-2160.avi
1826,0.99761,0.08306,0.99947,52.78182,0.99993,0.94788,0.99702,0.99856,0.99918,100.0,0.31,0.24,0.25,0.34,53.22,54.35,54.13,52.78,0.997,0.997,0.997,0.997,/tmpdir/crf_16.mpd,/videos/BigBuckBunny-2160.avi
1827,0.99738,0.10353,0.9994,52.49773,0.9999,0.94605,0.99634,0.99815,0.99892,100.0,0.33,0.26,0.27,0.37,52.92,53.99,53.83,52.5,0.997,0.997,0.996,0.997,/tmpdir/crf_16.mpd,/videos/BigBuckBunny-2160.avi
1828,0.9973,0.10353,0.9994,52.44617,0.9999,0.94558,0.99627,0.99811,0.9989,100.0,0.34,0.26,0.27,0.37,52.87,53.95,53.8,52.45,0.997,0.997,0.996,0.997,/tmpdir/crf_16.mpd,/videos/BigBuckBunny-2160.avi
1829,0.99721,0.14439,0.99937,52.30433,0.99989,0.94434,0.99605,0.99804,0.99888,100.0,0.35,0.27,0.28,0.38,52.74,53.8,53.7,52.3,0.997,0.997,0.996,0.997,/tmpdir/crf_16.mpd,/videos/BigBuckBunny-2160.avi
1830,0.99741,0.14439,0.9994,52.38576,0.99991,0.94455,0.99666,0.99841,0.9991,100.0,0.34,0.26,0.27,0.38,52.83,53.94,53.79,52.39,0.997,0.997,0.996,0.997,/tmpdir/crf_16.mpd,/videos/BigBuckBunny-2160.avi
1831,0.99709,0.14814,0.99934,52.11246,0.99988,0.94303,0.99563,0.99781,0.99876,100.0,0.36,0.28,0.29,0.4,52.54,53.59,53.53,52.11,0.997,0.997,0.996,0.997,/tmpdir/crf_16.mpd,/videos/BigBuckBunny-2160.avi
1832,0.99719,0.14814,0.99935,52.15221,0.99988,0.94303,0.99579,0.99787,0.99876,100.0,0.36,0.28,0.29,0.4,52.57,53.59,53.53,52.15,0.997,0.997,0.996,0.997,/tmpdir/crf_16.mpd,/videos/BigBuckBunny-2160.avi
1833,0.99713,0.17789,0.9993,51.98345,0.99987,0.9417,0.99546,0.99769,0.99864,100.0,0.37,0.3,0.3,0.41,52.41,53.42,53.41,51.98,0.997,0.997,0.996,0.997,/tmpdir/crf_16.mpd,/videos/BigBuckBunny-2160.avi
1834,0.99734,0.17789,0.99933,52.08215,0.9999,0.94205,0.99636,0.99825,0.99901,100.0,0.36,0.28,0.29,0.4,52.52,53.6,53.52,52.08,0.997,0.997,0.996,0.997,/tmpdir/crf_16.mpd,/videos/BigBuckBunny-2160.avi
1835,0.99706,0.24216,0.99928,51.90062,0.99986,0.94098,0.99526,0.99758,0.99858,100.0,0.38,0.3,0.3,0.42,52.33,53.36,53.32,51.9,0.997,0.997,0.996,0.997,/tmpdir/crf_16.mpd,/videos/BigBuckBunny-2160.avi
1836,0.99724,0.24216,0.99929,51.95868,0.99989,0.94108,0.99619,0.99818,0.99897,100.0,0.37,0.29,0.29,0.41,52.4,53.49,53.43,51.96,0.997,0.997,0.996,0.997,/tmpdir/crf_16.mpd,/videos/BigBuckBunny-2160.avi
1837,0.99756,0.28127,0.99956,53.04414,0.99996,0.94961,0.99789,0.99905,0.99949,100.0,0.29,0.23,0.24,0.32,53.45,54.47,54.33,53.04,0.997,0.997,0.997,0.997,/tmpdir/crf_16.mpd,/videos/BigBuckBunny-2160.avi
1838,0.99691,0.28127,0.99939,52.24603,0.99989,0.94386,0.99599,0.99791,0.99872,100.0,0.35,0.28,0.28,0.39,52.68,53.72,53.68,52.25,0.997,0.997,0.996,0.997,/tmpdir/crf_16.mpd,/videos/BigBuckBunny-2160.avi
1839,0.99678,0.31127,0.99936,52.09427,0.99988,0.94231,0.99592,0.9979,0.99875,100.0,0.36,0.28,0.29,0.4,52.53,53.62,53.53,52.09,0.997,0.997,0.996,0.997,/tmpdir/crf_16.mpd,/videos/BigBuckBunny-2160.avi
1840,0.99661,0.31127,0.9993,51.87091,0.99986,0.94048,0.99529,0.99756,0.99856,100.0,0.38,0.3,0.3,0.42,52.31,53.36,53.35,51.87,0.997,0.997,0.996,0.997,/tmpdir/crf_16.mpd,/videos/BigBuckBunny-2160.avi
1841,0.99714,0.33529,0.99934,52.02701,0.9999,0.94108,0.99656,0.99835,0.99903,100.0,0.37,0.29,0.29,0.41,52.47,53.55,53.46,52.03,0.997,0.997,0.996,0.997,/tmpdir/crf_16.mpd,/videos/BigBuckBunny-2160.avi
1842,0.99647,0.33529,0.99926,51.7499,0.99985,0.93909,0.99488,0.99726,0.99831,99.96765,0.39,0.31,0.31,0.43,52.19,53.19,53.25,51.75,0.997,0.997,0.996,0.997,/tmpdir/crf_16.mpd,/videos/BigBuckBunny-2160.avi
1843,0.99667,0.29595,0.99928,51.84409,0.99986,0.93967,0.99546,0.99764,0.99859,100.0,0.39,0.31,0.31,0.43,52.27,53.28,53.25,51.84,0.997,0.997,0.996,0.997,/tmpdir/crf_16.mpd,/videos/BigBuckBunny-2160.avi
1844,0.99643,0.29595,0.99924,51.64932,0.99985,0.93798,0.99472,0.9972,0.99829,99.93604,0.4,0.32,0.31,0.44,52.09,53.09,53.17,51.65,0.996,0.997,0.996,0.997,/tmpdir/crf_16.mpd,/videos/BigBuckBunny-2160.avi
1845,0.99692,0.27016,0.9993,51.85866,0.9999,0.93907,0.99628,0.99821,0.99896,100.0,0.38,0.3,0.3,0.42,52.29,53.34,53.29,51.86,0.996,0.997,0.996,0.997,/tmpdir/crf_16.mpd,/videos/BigBuckBunny-2160.avi
1846,0.99636,0.27016,0.99923,51.66157,0.99985,0.93771,0.99483,0.99725,0.99831,99.91238,0.4,0.33,0.32,0.44,52.08,53.0,53.14,51.66,0.996,0.997,0.996,0.997,/tmpdir/crf_16.mpd,/videos/BigBuckBunny-2160.avi
1847,0.99654,0.30858,0.99925,51.7229,0.99985,0.93815,0.99519,0.99751,0.99852,99.98475,0.4,0.32,0.31,0.44,52.14,53.1,53.16,51.72,0.996,0.997,0.996,0.997,/tmpdir/crf_16.mpd,/videos/BigBuckBunny-2160.avi
1848,0.99619,0.30858,0.99921,51.56094,0.99984,0.93673,0.99458,0.99713,0.99825,99.88835,0.41,0.33,0.32,0.45,51.99,52.93,53.07,51.56,0.996,0.996,0.996,0.997,/tmpdir/crf_16.mpd,/videos/BigBuckBunny-2160.avi
1849,0.99682,0.28729,0.99927,51.7921,0.9999,0.93813,0.99609,0.99806,0.99885,100.0,0.39,0.31,0.31,0.43,52.23,53.27,53.24,51.79,0.996,0.997,0.996,0.997,/tmpdir/crf_16.mpd,/videos/BigBuckBunny-2160.avi
1850,0.99614,0.28729,0.99921,51.57125,0.99984,0.93665,0.99452,0.99706,0.99818,99.86241,0.41,0.33,0.32,0.45,52.0,52.92,53.07,51.57,0.996,0.996,0.996,0.997,/tmpdir/crf_16.mpd,/videos/BigBuckBunny-2160.avi
1851,0.99626,0.25627,0.99923,51.62592,0.99985,0.93704,0.99503,0.99742,0.99845,99.90017,0.41,0.32,0.32,0.45,52.05,53.02,53.1,51.63,0.996,0.996,0.996,0.997,/tmpdir/crf_16.mpd,/videos/BigBuckBunny-2160.avi
1852,0.99619,0.25627,0.9992,51.5249,0.99984,0.93618,0.99448,0.99705,0.99816,99.85578,0.42,0.33,0.33,0.46,51.95,52.88,53.0,51.52,0.996,0.996,0.996,0.996,/tmpdir/crf_16.mpd,/videos/BigBuckBunny-2160.avi
1853,0.99695,0.23582,0.99927,51.77275,0.9999,0.93761,0.99609,0.99809,0.99888,100.0,0.39,0.31,0.31,0.43,52.2,53.19,53.21,51.77,0.996,0.996,0.996,0.996,/tmpdir/crf_16.mpd,/videos/BigBuckBunny-2160.avi
1854,0.9963,0.23582,0.99921,51.56774,0.99984,0.93626,0.9945,0.99706,0.99816,99.86492,0.41,0.33,0.33,0.45,51.98,52.9,53.01,51.57,0.996,0.996,0.996,0.996,/tmpdir/crf_16.mpd,/videos/BigBuckBunny-2160.avi
1855,0.99647,0.2057,0.99923,51.65884,0.99985,0.93686,0.99494,0.99735,0.99837,99.90652,0.4,0.32,0.32,0.44,52.08,53.04,53.07,51.66,0.996,0.996,0.996,0.997,/tmpdir/crf_16.mpd,/videos/BigBuckBunny-2160.avi
1856,0.99626,0.2057,0.9992,51.51765,0.99983,0.93571,0.99436,0.99698,0.99809,99.83606,0.42,0.34,0.33,0.46,51.94,52.88,52.97,51.52,0.996,0.996,0.996,0.996,/tmpdir/crf_16.mpd,/videos/BigBuckBunny-2160.avi
1857,0.99692,0.19348,0.99926,51.70458,0.99989,0.93654,0.99589,0.99798,0.99882,100.0,0.4,0.32,0.32,0.44,52.13,53.13,53.14,51.7,0.996,0.996,0.996,0.996,/tmpdir/crf_16.mpd,/videos/BigBuckBunny-2160.avi
1858,0.99641,0.19348,0.99921,51.55575,0.99984,0.9357,0.99448,0.9971,0.99828,99.8728,0.41,0.34,0.33,0.45,51.96,52.87,52.96,51.56,0.996,0.996,0.996,0.996,/tmpdir/crf_16.mpd,/videos/BigBuckBunny-2160.avi
1859,0.9965,0.1908,0.99922,51.60773,0.99985,0.93594,0.9947,0.99722,0.99832,99.89397,0.41,0.33,0.32,0.45,52.03,52.98,53.03,51.61,0.996,0.996,0.996,0.996,/tmpdir/crf_16.mpd,/videos/BigBuckBunny-2160.avi
1860,0.99641,0.1908,0.99919,51.50555,0.99984,0.9352,0.99435,0.99706,0.99824,99.86541,0.42,0.34,0.33,0.46,51.93,52.87,52.96,51.51,0.996,0.996,0.996,0.996,/tmpdir/crf_16.mpd,/videos/BigBuckBunny-2160.avi
1861,0.99693,0.14843,0.99924,51.67692,0.99989,0.93586,0.99566,0.99785,0.99873,99.99703,0.4,0.32,0.32,0.44,52.1,53.11,53.1,51.68,0.996,0.996,0.996,0.996,/tmpdir/crf_16.mpd,/videos/BigBuckBunny-2160.avi
1862,0.99664,0.14843,0.99921,51.56884,0.99985,0.93555,0.99484,0.99737,0.99843,99.90962,0.41,0.33,0.33,0.45,51.98,52.93,52.97,51.57,0.996,0.996,0.996,0.996,/tmpdir/crf_16.mpd,/videos/BigBuckBunny-2160.avi
1863,0.99662,0.11389,0.99922,51.55803,0.99986,0.93531,0.99479,0.99726,0.99829,99.8787,0.41,0.33,0.33,0.45,51.98,52.93,52.99,51.56,0.996,0.996,0.996,0.996,/tmpdir/crf_16.mpd,/videos/BigBuckBunny-2160.avi
1864,0.99664,0.11389,0.9992,51.53603,0.99986,0.93501,0.9948,0.9973,0.99834,99.88411,0.41,0.33,0.33,0.46,51.95,52.89,52.95,51.54,0.996,0.996,0.996,0.996,/tmpdir/crf_16.mpd,/videos/BigBuckBunny-2160.avi
1865,0.99685,0.10103,0.99922,51.54212,0.99989,0.93443,0.99534,0.99769,0.99862,99.94445,0.41,0.33,0.33,0.46,51.97,52.98,53.0,51.54,0.996,0.996,0.996,0.996,/tmpdir/crf_16.mpd,/videos/BigBuckBunny-2160.avi
1866,0.9966,0.10103,0.9992,51.45475,0.99987,0.93408,0.99487,0.99741,0.99844,99.87843,0.42,0.34,0.33,0.47,51.88,52.86,52.92,51.45,0.996,0.996,0.996,0.996,/tmpdir/crf_16.mpd,/videos/BigBuckBunny-2160.avi
1867,0.99654,0.06623,0.9992,51.39748,0.99987,0.93379,0.99462,0.99723,0.99829,99.83643,0.43,0.34,0.33,0.47,51.83,52.85,52.88,51.4,0.996,0.996,0.996,0.996,/tmpdir/crf_16.mpd,/videos/BigBuckBunny-2160.avi
1868,0.99645,0.06623,0.99918,51.33224,0.99986,0.93313,0.99443,0.99716,0.99827,99.81324,0.43,0.34,0.34,0.48,51.77,52.77,52.81,51.33,0.996,0.996,0.996,0.996,/tmpdir/crf_16.mpd,/videos/BigBuckBunny-2160.avi
1869,0.99642,0.11798,0.99913,51.13675,0.99985,0.93111,0.99376,0.99674,0.99796,99.79113,0.45,0.35,0.35,0.5,51.6,52.72,52.73,51.14,0.996,0.996,0.996,0.996,/tmpdir/crf_16.mpd,/videos/BigBuckBunny-2160.avi
1870,0.99393,2.1294,0.99913,52.58244,0.99991,0.92371,0.99705,0.99875,0.9993,100.0,0.31,0.21,0.2,0.36,53.25,54.94,55.06,52.58,0.996,0.997,0.997,0.996,/tmpdir/crf_16.mpd,/videos/BigBuckBunny-2160.avi
1871,0.98809,1.64133,0.99856,50.85838,0.99974,0.8989,0.99216,0.99598,0.99739,98.87225,0.44,0.27,0.25,0.53,51.68,53.87,54.16,50.86,0.995,0.996,0.997,0.994,/tmpdir/crf_16.mpd,/videos/BigBuckBunny-2160.avi
1872,0.98867,1.64133,0.99844,50.59711,0.99973,0.89243,0.99229,0.99615,0.99755,98.97106,0.46,0.27,0.25,0.57,51.46,53.81,54.11,50.6,0.994,0.996,0.996,0.993,/tmpdir/crf_16.mpd,/videos/BigBuckBunny-2160.avi
1873,0.98751,1.60587,0.99831,50.31521,0.9997,0.88764,0.99161,0.99578,0.9973,98.70808,0.5,0.29,0.26,0.6,51.18,53.49,53.93,50.32,0.994,0.996,0.996,0.993,/tmpdir/crf_16.mpd,/videos/BigBuckBunny-2160.avi
1874,0.99052,1.60587,0.99859,50.91753,0.99981,0.89872,0.99427,0.99736,0.99845,99.39372,0.44,0.27,0.25,0.53,51.73,53.87,54.2,50.92,0.995,0.996,0.996,0.994,/tmpdir/crf_16.mpd,/videos/BigBuckBunny-2160.avi
1875,0.98727,1.28807,0.99826,50.21523,0.9997,0.88424,0.99145,0.9957,0.99729,98.49698,0.51,0.3,0.27,0.62,51.08,53.39,53.87,50.22,0.994,0.996,0.996,0.993,/tmpdir/crf_16.mpd,/videos/BigBuckBunny-2160.avi
1876,0.98812,1.28807,0.99834,50.37642,0.99974,0.88749,0.99201,0.99613,0.99764,98.69061,0.49,0.29,0.26,0.6,51.23,53.53,53.91,50.38,0.994,0.996,0.996,0.993,/tmpdir/crf_16.mpd,/videos/BigBuckBunny-2160.avi
1877,0.98707,1.66896,0.99826,50.23051,0.99968,0.88505,0.99142,0.99574,0.99729,98.65354,0.51,0.3,0.27,0.62,51.1,53.42,53.85,50.23,0.994,0.996,0.996,0.993,/tmpdir/crf_16.mpd,/videos/BigBuckBunny-2160.avi
1878,0.9896,1.66896,0.99842,50.59155,0.99977,0.89168,0.99359,0.99708,0.99828,99.22102,0.47,0.27,0.25,0.57,51.46,53.82,54.14,50.59,0.994,0.996,0.996,0.993,/tmpdir/crf_16.mpd,/videos/BigBuckBunny-2160.avi
1879,0.98679,2.26037,0.9982,50.14324,0.99966,0.88308,0.99072,0.99542,0.99714,98.8785,0.52,0.31,0.28,0.63,51.0,53.25,53.7,50.14,0.994,0.996,0.996,0.993,/tmpdir/crf_16.mpd,/videos/BigBuckBunny-2160.avi
1880,0.98763,2.26037,0.99825,50.19893,0.99971,0.8835,0.99159,0.9959,0.99745,99.06285,0.51,0.3,0.27,0.62,51.06,53.43,53.75,50.2,0.994,0.996,0.996,0.993,/tmpdir/crf_16.mpd,/videos/BigBuckBunny-2160.avi
1881,0.98686,1.50113,0.99816,49.96529,0.99968,0.878,0.99113,0.99568,0.99732,98.51376,0.53,0.3,0.28,0.66,50.86,53.34,53.65,49.97,0.994,0.996,0.996,0.992,/tmpdir/crf_16.mpd,/videos/BigBuckBunny-2160.avi
1882,0.98946,1.50113,0.99844,50.4861,0.9998,0.88667,0.99386,0.9973,0.99848,99.11908,0.48,0.28,0.26,0.58,51.34,53.69,53.97,50.49,0.994,0.996,0.996,0.993,/tmpdir/crf_16.mpd,/videos/BigBuckBunny-2160.avi
1883,0.98642,1.75039,0.99818,50.01915,0.99967,0.87786,0.99116,0.99575,0.99734,98.56275,0.53,0.3,0.28,0.65,50.9,53.34,53.61,50.02,0.994,0.996,0.996,0.993,/tmpdir/crf_16.mpd,/videos/BigBuckBunny-2160.avi
1884,0.9874,1.75039,0.99821,50.09251,0.9997,0.87938,0.99161,0.99604,0.99761,98.76547,0.52,0.3,0.28,0.64,50.97,53.42,53.67,50.09,0.994,0.996,0.996,0.993,/tmpdir/crf_16.mpd,/videos/BigBuckBunny-2160.avi
1885,0.98589,2.09982,0.99814,49.96789,0.99967,0.8769,0.99069,0.99552,0.9972,98.628,0.54,0.31,0.29,0.66,50.84,53.24,53.58,49.97,0.994,0.996,0.996,0.992,/tmpdir/crf_16.mpd,/videos/BigBuckBunny-2160.avi
1886,0.98883,2.09982,0.99843,50.47916,0.9998,0.8866,0.99317,0.99699,0.99829,99.28669,0.48,0.29,0.26,0.58,51.32,53.58,53.93,50.48,0.994,0.996,0.996,0.993,/tmpdir/crf_16.mpd,/videos/BigBuckBunny-2160.avi
1887,0.98472,2.11847,0.99811,49.91021,0.99967,0.87393,0.99001,0.99521,0.99702,98.40355,0.54,0.32,0.29,0.66,50.77,53.07,53.49,49.91,0.994,0.996,0.996,0.992,/tmpdir/crf_16.mpd,/videos/BigBuckBunny-2160.avi
1888,0.98732,2.11847,0.99819,50.04129,0.99971,0.87621,0.99122,0.99592,0.99757,98.92456,0.53,0.31,0.28,0.64,50.9,53.18,53.58,50.04,0.994,0.996,0.996,0.992,/tmpdir/crf_16.mpd,/videos/BigBuckBunny-2160.avi
1889,0.98535,3.05393,0.99809,49.88966,0.99967,0.8735,0.98962,0.99501,0.99692,98.99063,0.55,0.33,0.29,0.67,50.74,52.99,53.46,49.89,0.994,0.996,0.996,0.992,/tmpdir/crf_16.mpd,/videos/BigBuckBunny-2160.avi
1890,0.9876,3.05393,0.99829,50.1897,0.99977,0.87995,0.99209,0.99646,0.99797,99.51168,0.51,0.3,0.28,0.62,51.04,53.31,53.71,50.19,0.994,0.996,0.996,0.993,/tmpdir/crf_16.mpd,/videos/BigBuckBunny-2160.avi
1891,0.98373,4.93102,0.99797,49.63294,0.99964,0.86651,0.98814,0.99423,0.9964,99.67955,0.58,0.35,0.32,0.71,50.47,52.65,53.12,49.63,0.993,0.995,0.996,0.992,/tmpdir/crf_16.mpd,/videos/BigBuckBunny-2160.avi
1892,0.9852,4.93102,0.99811,49.8182,0.99971,0.86935,0.98951,0.99507,0.99707,100.0,0.56,0.35,0.31,0.68,50.63,52.72,53.17,49.82,0.993,0.995,0.996,0.992,/tmpdir/crf_16.mpd,/videos/BigBuckBunny-2160.avi
1893,0.9832,6.36977,0.99793,49.50378,0.99964,0.86261,0.98758,0.99402,0.99636,100.0,0.6,0.36,0.32,0.73,50.35,52.6,53.03,49.5,0.993,0.995,0.996,0.992,/tmpdir/crf_16.mpd,/videos/BigBuckBunny-2160.avi
1894,0.98697,6.36977,0.99832,50.18173,0.99978,0.8767,0.99132,0.99606,0.99773,100.0,0.52,0.33,0.3,0.62,50.98,53.01,53.43,50.18,0.994,0.996,0.996,0.993,/tmpdir/crf_16.mpd,/videos/BigBuckBunny-2160.avi
1895,0.98377,7.48038,0.99788,49.38832,0.99962,0.85938,0.98752,0.99405,0.99636,100.0,0.62,0.37,0.34,0.75,50.22,52.4,52.83,49.39,0.993,0.995,0.995,0.992,/tmpdir/crf_16.mpd,/videos/BigBuckBunny-2160.avi
1896,0.98481,7.48038,0.99802,49.58415,0.99969,0.86355,0.989,0.99486,0.99693,100.0,0.59,0.36,0.33,0.72,50.4,52.53,52.95,49.58,0.993,0.995,0.996,0.992,/tmpdir/crf_16.mpd,/videos/BigBuckBunny-2160.avi
1897,0.98403,7.93696,0.99793,49.4323,0.99964,0.86164,0.98791,0.99428,0.99653,100.0,0.61,0.37,0.34,0.74,50.26,52.45,52.83,49.43,0.993,0.995,0.995,0.992,/tmpdir/crf_16.mpd,/videos/BigBuckBunny-2160.avi
1898,0.98787,7.93696,0.99828,50.06678,0.99977,0.87505,0.99113,0.99598,0.99764,100.0,0.53,0.34,0.31,0.64,50.85,52.85,53.28,50.07,0.993,0.996,0.996,0.992,/tmpdir/crf_16.mpd,/videos/BigBuckBunny-2160.avi
1899,0.98421,8.06344,0.99792,49.47004,0.99963,0.86146,0.98754,0.99419,0.99654,100.0,0.61,0.37,0.34,0.73,50.29,52.4,52.81,49.47,0.993,0.995,0.995,0.992,/tmpdir/crf_16.mpd,/videos/BigBuckBunny-2160.avi
1900,0.98536,8.06344,0.99806,49.73456,0.9997,0.86572,0.98893,0.99497,0.99703,100.0,0.58,0.36,0.33,0.69,50.52,52.56,52.92,49.73,0.993,0.995,0.995,0.992,/tmpdir/crf_16.mpd,/videos/BigBuckBunny-2160.avi
1901,0.98391,8.79487,0.99796,49.67089,0.99963,0.86779,0.98702,0.99383,0.99626,100.0,0.58,0.36,0.33,0.7,50.48,52.59,52.91,49.67,0.993,0.995,0.996,0.992,/tmpdir/crf_16.mpd,/videos/BigBuckBunny-2160.avi
1902,0.98658,8.79487,0.99824,50.21879,0.99976,0.88016,0.99046,0.99577,0.9976,100.0,0.51,0.32,0.29,0.62,51.01,53.05,53.45,50.22,0.994,0.996,0.996,0.993,/tmpdir/crf_16.mpd,/videos/BigBuckBunny-2160.avi
1903,0.98425,8.5921,0.99796,49.81716,0.99963,0.87299,0.98694,0.99373,0.99618,100.0,0.56,0.35,0.32,0.68,50.62,52.75,53.06,49.82,0.993,0.996,0.996,0.992,/tmpdir/crf_16.mpd,/videos/BigBuckBunny-2160.avi
1904,0.9862,8.5921,0.99815,50.15871,0.99971,0.88046,0.98916,0.99506,0.99716,100.0,0.53,0.33,0.31,0.63,50.93,52.89,53.21,50.16,0.994,0.996,0.996,0.993,/tmpdir/crf_16.mpd,/videos/BigBuckBunny-2160.avi
1905,0.98554,8.78798,0.99799,49.94533,0.99965,0.87896,0.98735,0.99399,0.99643,100.0,0.55,0.34,0.32,0.66,50.75,52.85,53.15,49.95,0.994,0.996,0.996,0.992,/tmpdir/crf_16.mpd,/videos/BigBuckBunny-2160.avi
1906,0.98925,8.78798,0.9984,50.71681,0.99978,0.89164,0.99086,0.99588,0.9977,100.0,0.47,0.31,0.28,0.55,51.45,53.26,53.6,50.72,0.994,0.996,0.996,0.993,/tmpdir/crf_16.mpd,/videos/BigBuckBunny-2160.avi
1907,0.98712,7.4285,0.99793,49.79185,0.99964,0.87268,0.9869,0.99379,0.9963,100.0,0.57,0.35,0.32,0.68,50.6,52.72,53.02,49.79,0.993,0.995,0.996,0.992,/tmpdir/crf_16.mpd,/videos/BigBuckBunny-2160.avi
1908,0.98832,7.4285,0.99807,49.93449,0.99971,0.8738,0.98907,0.99505,0.99718,100.0,0.55,0.35,0.32,0.66,50.72,52.75,53.1,49.93,0.993,0.995,0.996,0.992,/tmpdir/crf_16.mpd,/videos/BigBuckBunny-2160.avi
1909,0.98729,4.728,0.99794,49.6093,0.99965,0.86786,0.98769,0.99415,0.99652,100.0,0.59,0.35,0.32,0.71,50.45,52.7,53.07,49.61,0.993,0.995,0.996,0.992,/tmpdir/crf_16.mpd,/videos/BigBuckBunny-2160.avi
1910,0.99206,4.728,0.99847,50.57155,0.99981,0.88586,0.99274,0.99683,0.99822,100.0,0.48,0.32,0.29,0.57,51.3,53.14,53.45,50.57,0.994,0.996,0.996,0.993,/tmpdir/crf_16.mpd,/videos/BigBuckBunny-2160.avi
1911,0.98697,3.07438,0.99795,49.41765,0.99967,0.8619,0.98859,0.99457,0.99665,99.23316,0.61,0.35,0.32,0.74,50.29,52.66,53.05,49.42,0.993,0.995,0.996,0.992,/tmpdir/crf_16.mpd,/videos/BigBuckBunny-2160.avi
1912,0.98853,3.07438,0.99805,49.61034,0.99971,0.86541,0.99009,0.99549,0.99736,99.58753,0.58,0.35,0.32,0.71,50.46,52.73,53.15,49.61,0.993,0.995,0.996,0.992,/tmpdir/crf_16.mpd,/videos/BigBuckBunny-2160.avi
1913,0.98731,3.14766,0.99797,49.4963,0.99967,0.86445,0.98896,0.99478,0.99682,99.35599,0.6,0.35,0.32,0.73,50.36,52.67,53.12,49.5,0.993,0.995,0.996,0.992,/tmpdir/crf_16.mpd,/videos/BigBuckBunny-2160.avi
1914,0.98939,3.14766,0.99816,49.87041,0.99975,0.87058,0.99122,0.99622,0.99788,99.84412,0.55,0.33,0.3,0.67,50.71,52.91,53.32,49.87,0.993,0.996,0.996,0.992,/tmpdir/crf_16.mpd,/videos/BigBuckBunny-2160.avi
1915,0.98667,2.95961,0.99798,49.602,0.99966,0.86586,0.98854,0.99459,0.99667,99.12883,0.59,0.36,0.32,0.71,50.43,52.59,53.05,49.6,0.993,0.995,0.996,0.992,/tmpdir/crf_16.mpd,/videos/BigBuckBunny-2160.avi
1916,0.98789,2.95961,0.998,49.63938,0.9997,0.86578,0.98956,0.99526,0.99718,99.39662,0.58,0.35,0.32,0.71,50.48,52.68,53.12,49.64,0.993,0.995,0.996,0.992,/tmpdir/crf_16.mpd,/videos/BigBuckBunny-2160.avi
1917,0.98719,2.64515,0.99789,49.43815,0.99964,0.86128,0.98815,0.99449,0.99667,99.042,0.61,0.36,0.33,0.74,50.29,52.53,52.97,49.44,0.993,0.995,0.996,0.992,/tmpdir/crf_16.mpd,/videos/BigBuckBunny-2160.avi
1918,0.98896,2.64515,0.99813,49.76914,0.99976,0.86748,0.99071,0.99596,0.99776,99.47975,0.57,0.34,0.31,0.69,50.6,52.75,53.2,49.77,0.993,0.995,0.996,0.992,/tmpdir/crf_16.mpd,/videos/BigBuckBunny-2160.avi
1919,0.98701,3.18519,0.99779,49.13825,0.99968,0.85332,0.98866,0.99505,0.99717,99.329,0.64,0.36,0.32,0.79,50.05,52.54,53.03,49.14,0.993,0.995,0.995,0.991,/tmpdir/crf_16.mpd,/videos/BigBuckBunny-2160.avi
1920,0.99318,2.50131,0.99916,50.76824,0.99993,0.91651,0.99553,0.99787,0.9988,100.0,0.48,0.39,0.32,0.54,51.3,52.18,53.1,50.77,0.995,0.995,0.995,0.995,/tmpdir/crf_16.mpd,/videos/BigBuckBunny-2160.avi
1921,0.99,2.50131,0.99878,49.69519,0.99984,0.90084,0.99236,0.99613,0.99769,99.67293,0.6,0.45,0.36,0.7,50.35,51.64,52.58,49.7,0.994,0.994,0.995,0.994,/tmpdir/crf_16.mpd,/videos/BigBuckBunny-2160.avi
1922,0.98777,3.05562,0.99852,49.18991,0.99975,0.89006,0.98905,0.99444,0.99691,99.44287,0.66,0.48,0.38,0.78,49.9,51.33,52.37,49.19,0.993,0.994,0.994,0.993,/tmpdir/crf_16.mpd,/videos/BigBuckBunny-2160.avi
1923,0.98698,4.23968,0.99837,48.88381,0.99973,0.88494,0.98783,0.99374,0.99643,99.88484,0.71,0.52,0.41,0.84,49.59,50.99,52.05,48.88,0.993,0.993,0.994,0.993,/tmpdir/crf_16.mpd,/videos/BigBuckBunny-2160.avi
1924,0.98869,4.23968,0.99847,49.1726,0.9998,0.88658,0.9901,0.99507,0.99721,100.0,0.67,0.5,0.4,0.79,49.85,51.18,52.13,49.17,0.993,0.993,0.994,0.993,/tmpdir/crf_16.mpd,/videos/BigBuckBunny-2160.avi
1925,0.98563,4.5525,0.99824,48.78931,0.99971,0.87751,0.98481,0.99174,0.99511,99.66838,0.74,0.57,0.45,0.86,49.42,50.56,51.63,48.79,0.993,0.993,0.994,0.992,/tmpdir/crf_16.mpd,/videos/BigBuckBunny-2160.avi
1926,0.9848,4.5525,0.99805,48.4009,0.99964,0.87167,0.98368,0.99125,0.99474,99.47394,0.82,0.65,0.48,0.94,49.02,49.98,51.31,48.4,0.992,0.992,0.993,0.992,/tmpdir/crf_16.mpd,/videos/BigBuckBunny-2160.avi
1927,0.98866,5.06575,0.99836,48.95699,0.99981,0.88111,0.99023,0.99522,0.99722,100.0,0.71,0.53,0.43,0.83,49.61,50.85,51.81,48.96,0.993,0.993,0.994,0.992,/tmpdir/crf_16.mpd,/videos/BigBuckBunny-2160.avi
1928,0.98382,5.06575,0.99797,48.24788,0.99964,0.86755,0.98303,0.99081,0.99435,99.55367,0.84,0.67,0.49,0.97,48.87,49.84,51.22,48.25,0.992,0.992,0.993,0.991,/tmpdir/crf_16.mpd,/videos/BigBuckBunny-2160.avi
1929,0.9852,3.48,0.99809,48.37224,0.99968,0.87095,0.98528,0.99208,0.99503,98.9862,0.82,0.65,0.47,0.95,49.01,50.02,51.42,48.37,0.992,0.992,0.994,0.992,/tmpdir/crf_16.mpd,/videos/BigBuckBunny-2160.avi
1930,0.984,3.48,0.99794,48.11504,0.99962,0.86684,0.98363,0.99127,0.9947,98.7223,0.86,0.68,0.48,1.0,48.77,49.77,51.34,48.12,0.992,0.992,0.993,0.991,/tmpdir/crf_16.mpd,/videos/BigBuckBunny-2160.avi
1931,0.98873,3.03309,0.9984,48.90523,0.99981,0.88209,0.99123,0.9957,0.9975,99.65314,0.72,0.55,0.43,0.84,49.55,50.69,51.81,48.91,0.993,0.993,0.994,0.992,/tmpdir/crf_16.mpd,/videos/BigBuckBunny-2160.avi
1932,0.9844,3.03309,0.99794,48.03998,0.99962,0.86532,0.98375,0.99124,0.9946,98.54002,0.88,0.7,0.49,1.02,48.7,49.7,51.26,48.04,0.992,0.991,0.993,0.991,/tmpdir/crf_16.mpd,/videos/BigBuckBunny-2160.avi
1933,0.98531,3.49914,0.99801,48.1749,0.99964,0.86792,0.98496,0.99181,0.99487,98.99181,0.85,0.67,0.49,0.99,48.83,49.89,51.27,48.17,0.992,0.992,0.993,0.991,/tmpdir/crf_16.mpd,/videos/BigBuckBunny-2160.avi
1934,0.98442,3.49914,0.99789,47.99286,0.9996,0.86431,0.98388,0.99143,0.99468,98.80536,0.89,0.71,0.5,1.03,48.64,49.59,51.16,47.99,0.991,0.991,0.993,0.991,/tmpdir/crf_16.mpd,/videos/BigBuckBunny-2160.avi
1935,0.9886,4.20404,0.99834,48.7839,0.99981,0.87879,0.99082,0.99553,0.99737,100.0,0.75,0.58,0.45,0.86,49.41,50.48,51.61,48.78,0.992,0.992,0.994,0.992,/tmpdir/crf_16.mpd,/videos/BigBuckBunny-2160.avi
1936,0.98437,4.20404,0.99789,47.96117,0.99962,0.86282,0.98383,0.99138,0.99474,99.18756,0.9,0.71,0.51,1.04,48.61,49.61,51.08,47.96,0.991,0.991,0.993,0.991,/tmpdir/crf_16.mpd,/videos/BigBuckBunny-2160.avi
1937,0.9864,4.73273,0.99795,48.05228,0.99962,0.86475,0.98529,0.9922,0.9952,99.90189,0.88,0.68,0.5,1.02,48.71,49.83,51.12,48.05,0.992,0.992,0.993,0.991,/tmpdir/crf_16.mpd,/videos/BigBuckBunny-2160.avi
1938,0.98478,4.73273,0.99787,47.91014,0.99961,0.86163,0.9838,0.99138,0.99469,99.55529,0.91,0.72,0.52,1.05,48.55,49.53,51.0,47.91,0.991,0.991,0.993,0.991,/tmpdir/crf_16.mpd,/videos/BigBuckBunny-2160.avi
1939,0.98908,4.51785,0.99827,48.62456,0.99981,0.87464,0.99101,0.99581,0.99761,100.0,0.77,0.6,0.47,0.89,49.25,50.38,51.38,48.62,0.992,0.992,0.993,0.992,/tmpdir/crf_16.mpd,/videos/BigBuckBunny-2160.avi
1940,0.98448,4.51785,0.9978,47.84718,0.99961,0.85961,0.98355,0.99125,0.99461,99.36832,0.92,0.72,0.53,1.07,48.49,49.56,50.88,47.85,0.991,0.991,0.993,0.991,/tmpdir/crf_16.mpd,/videos/BigBuckBunny-2160.avi
1941,0.98572,4.59718,0.99787,47.9051,0.99963,0.85915,0.98484,0.99186,0.99493,99.66769,0.91,0.7,0.53,1.05,48.55,49.68,50.85,47.91,0.991,0.991,0.993,0.991,/tmpdir/crf_16.mpd,/videos/BigBuckBunny-2160.avi
1942,0.98452,4.59718,0.99771,47.62175,0.99959,0.85277,0.98291,0.99086,0.99435,99.38183,0.97,0.75,0.55,1.12,48.28,49.37,50.73,47.62,0.991,0.991,0.993,0.99,/tmpdir/crf_16.mpd,/videos/BigBuckBunny-2160.avi
1943,0.98856,5.18851,0.9981,48.2348,0.99979,0.86467,0.99083,0.99587,0.99768,100.0,0.84,0.63,0.49,0.98,48.9,50.16,51.19,48.23,0.991,0.992,0.993,0.991,/tmpdir/crf_16.mpd,/videos/BigBuckBunny-2160.avi
1944,0.98744,5.18851,0.99799,48.03475,0.99977,0.86007,0.98944,0.99499,0.99707,100.0,0.87,0.64,0.5,1.02,48.73,50.08,51.17,48.03,0.991,0.992,0.993,0.991,/tmpdir/crf_16.mpd,/videos/BigBuckBunny-2160.avi
1945,0.99311,5.19059,0.99908,50.58218,0.99993,0.91077,0.99529,0.99775,0.99876,100.0,0.5,0.39,0.33,0.57,51.14,52.18,52.93,50.58,0.995,0.995,0.995,0.995,/tmpdir/crf_16.mpd,/videos/BigBuckBunny-2160.avi
1946,0.98523,5.19059,0.99823,48.35662,0.99969,0.87251,0.98658,0.99288,0.99568,100.0,0.8,0.55,0.43,0.95,49.12,50.72,51.81,48.36,0.992,0.993,0.994,0.992,/tmpdir/crf_16.mpd,/videos/BigBuckBunny-2160.avi
1947,0.98729,5.26984,0.99819,48.42964,0.99967,0.87643,0.98688,0.993,0.99563,100.0,0.79,0.57,0.45,0.93,49.15,50.61,51.61,48.43,0.992,0.993,0.994,0.992,/tmpdir/crf_16.mpd,/videos/BigBuckBunny-2160.avi
1948,0.98563,5.26984,0.99792,48.05038,0.99959,0.86765,0.98403,0.99139,0.99457,100.0,0.87,0.65,0.48,1.02,48.75,50.0,51.33,48.05,0.992,0.992,0.993,0.991,/tmpdir/crf_16.mpd,/videos/BigBuckBunny-2160.avi
1949,0.99008,6.04804,0.99831,48.82844,0.9998,0.87923,0.99122,0.99608,0.99785,100.0,0.73,0.54,0.43,0.85,49.5,50.79,51.85,48.83,0.993,0.993,0.994,0.992,/tmpdir/crf_16.mpd,/videos/BigBuckBunny-2160.avi
1950,0.98527,6.04804,0.99779,47.98973,0.99956,0.86221,0.9816,0.98966,0.99319,100.0,0.89,0.7,0.51,1.03,48.64,49.69,51.09,47.99,0.992,0.992,0.993,0.991,/tmpdir/crf_16.mpd,/videos/BigBuckBunny-2160.avi
1951,0.98697,6.41372,0.99796,48.23107,0.99963,0.86843,0.98484,0.992,0.99507,100.0,0.84,0.65,0.49,0.98,48.88,49.98,51.23,48.23,0.992,0.992,0.993,0.992,/tmpdir/crf_16.mpd,/videos/BigBuckBunny-2160.avi
1952,0.98506,6.41372,0.99778,47.95323,0.99956,0.86265,0.98208,0.99024,0.99376,100.0,0.9,0.72,0.51,1.04,48.59,49.54,51.06,47.95,0.991,0.991,0.993,0.991,/tmpdir/crf_16.mpd,/videos/BigBuckBunny-2160.avi
1953,0.98954,6.13191,0.99827,48.67055,0.9998,0.87557,0.99133,0.99618,0.99789,100.0,0.76,0.59,0.46,0.88,49.3,50.41,51.49,48.67,0.992,0.992,0.993,0.992,/tmpdir/crf_16.mpd,/videos/BigBuckBunny-2160.avi
1954,0.98304,6.13191,0.99746,47.32778,0.99949,0.8488,0.98099,0.98979,0.99346,99.94142,1.01,0.73,0.54,1.2,48.07,49.48,50.8,47.33,0.99,0.991,0.993,0.99,/tmpdir/crf_16.mpd,/videos/BigBuckBunny-2160.avi
1955,0.98507,6.2566,0.99762,47.55206,0.99956,0.85199,0.98266,0.99087,0.99437,100.0,0.97,0.72,0.54,1.14,48.26,49.56,50.8,47.55,0.991,0.991,0.993,0.99,/tmpdir/crf_16.mpd,/videos/BigBuckBunny-2160.avi
1956,0.98334,6.2566,0.99742,47.23872,0.99948,0.84461,0.97956,0.98908,0.99312,100.0,1.05,0.79,0.58,1.23,47.93,49.16,50.52,47.24,0.99,0.991,0.992,0.99,/tmpdir/crf_16.mpd,/videos/BigBuckBunny-2160.avi
1957,0.98775,7.45938,0.99792,48.00063,0.99976,0.85795,0.98795,0.99427,0.99659,100.0,0.88,0.66,0.52,1.03,48.67,49.96,50.99,48.0,0.991,0.992,0.993,0.991,/tmpdir/crf_16.mpd,/videos/BigBuckBunny-2160.avi
1958,0.98272,7.45938,0.99735,47.16421,0.99948,0.8406,0.97719,0.98747,0.99192,100.0,1.07,0.81,0.62,1.25,47.84,49.06,50.23,47.16,0.99,0.99,0.992,0.99,/tmpdir/crf_16.mpd,/videos/BigBuckBunny-2160.avi
1959,0.98392,7.69584,0.99746,47.44099,0.99956,0.84309,0.97907,0.98856,0.99266,100.0,1.01,0.77,0.6,1.17,48.09,49.28,50.34,47.44,0.99,0.991,0.992,0.99,/tmpdir/crf_16.mpd,/videos/BigBuckBunny-2160.avi
1960,0.9826,7.69584,0.99726,47.15672,0.99948,0.83799,0.97716,0.98762,0.99218,100.0,1.08,0.81,0.63,1.25,47.82,49.03,50.12,47.16,0.99,0.99,0.991,0.989,/tmpdir/crf_16.mpd,/videos/BigBuckBunny-2160.avi
1961,0.98851,7.41642,0.99777,47.92266,0.99974,0.85352,0.98767,0.99428,0.99674,100.0,0.91,0.68,0.56,1.05,48.56,49.79,50.67,47.92,0.991,0.991,0.992,0.99,/tmpdir/crf_16.mpd,/videos/BigBuckBunny-2160.avi
1962,0.98218,7.41642,0.99717,46.98429,0.99942,0.83456,0.97522,0.9863,0.99127,100.0,1.12,0.85,0.66,1.3,47.64,48.86,49.96,46.98,0.99,0.99,0.991,0.989,/tmpdir/crf_16.mpd,/videos/BigBuckBunny-2160.avi
1963,0.98423,7.49001,0.99743,47.35479,0.99954,0.84222,0.97867,0.98843,0.99274,100.0,1.04,0.81,0.63,1.2,47.98,49.07,50.15,47.35,0.99,0.99,0.992,0.99,/tmpdir/crf_16.mpd,/videos/BigBuckBunny-2160.avi
1964,0.98226,7.49001,0.99722,47.07293,0.99943,0.83689,0.97549,0.98648,0.99141,100.0,1.1,0.87,0.66,1.28,47.7,48.73,49.97,47.07,0.99,0.989,0.991,0.989,/tmpdir/crf_16.mpd,/videos/BigBuckBunny-2160.avi
1965,0.98776,7.36012,0.99768,47.7256,0.99972,0.85089,0.98698,0.99395,0.99654,100.0,0.95,0.72,0.56,1.1,48.37,49.55,50.62,47.73,0.99,0.991,0.992,0.99,/tmpdir/crf_16.mpd,/videos/BigBuckBunny-2160.avi
1966,0.98182,7.36012,0.9972,47.04478,0.9994,0.83709,0.97488,0.98588,0.99071,100.0,1.11,0.87,0.65,1.28,47.68,48.72,49.99,47.04,0.99,0.99,0.991,0.989,/tmpdir/crf_16.mpd,/videos/BigBuckBunny-2160.avi
1967,0.98403,6.06397,0.99737,47.2782,0.99952,0.84089,0.97828,0.98809,0.99245,99.95551,1.05,0.81,0.61,1.22,47.93,49.05,50.26,47.28,0.99,0.99,0.992,0.99,/tmpdir/crf_16.mpd,/videos/BigBuckBunny-2160.avi
1968,0.98195,6.06397,0.99717,47.03539,0.99939,0.83612,0.97487,0.98581,0.99075,99.41785,1.11,0.87,0.64,1.29,47.67,48.72,50.04,47.04,0.99,0.99,0.991,0.989,/tmpdir/crf_16.mpd,/videos/BigBuckBunny-2160.avi
1969,0.9875,6.11771,0.9977,47.72023,0.99973,0.84981,0.98739,0.99424,0.99671,100.0,0.95,0.73,0.56,1.1,48.36,49.51,50.62,47.72,0.99,0.991,0.992,0.99,/tmpdir/crf_16.mpd,/videos/BigBuckBunny-2160.avi
1970,0.98217,6.11771,0.99715,47.00864,0.99938,0.83552,0.97469,0.98564,0.9905,99.46863,1.11,0.86,0.64,1.29,47.66,48.77,50.06,47.01,0.99,0.99,0.991,0.989,/tmpdir/crf_16.mpd,/videos/BigBuckBunny-2160.avi
1971,0.984,6.67459,0.99735,47.34284,0.99951,0.84058,0.97797,0.98782,0.99211,100.0,1.03,0.8,0.61,1.2,47.99,49.1,50.3,47.34,0.99,0.99,0.992,0.99,/tmpdir/crf_16.mpd,/videos/BigBuckBunny-2160.avi
1972,0.98268,6.67459,0.99715,47.09128,0.99939,0.83531,0.97456,0.98559,0.9905,99.90231,1.1,0.86,0.64,1.27,47.72,48.76,50.05,47.09,0.99,0.99,0.991,0.989,/tmpdir/crf_16.mpd,/videos/BigBuckBunny-2160.avi
1973,0.98791,7.35322,0.99764,47.74253,0.99972,0.84817,0.98681,0.99396,0.99661,100.0,0.94,0.72,0.56,1.09,48.39,49.56,50.61,47.74,0.99,0.991,0.992,0.99,/tmpdir/crf_16.mpd,/videos/BigBuckBunny-2160.avi
1974,0.98222,7.35322,0.99707,46.98407,0.99937,0.83228,0.97342,0.98484,0.98997,100.0,1.12,0.87,0.66,1.3,47.62,48.72,49.93,46.98,0.99,0.99,0.991,0.989,/tmpdir/crf_16.mpd,/videos/BigBuckBunny-2160.avi
1975,0.98432,6.91047,0.99725,47.30276,0.99949,0.83595,0.97629,0.98674,0.99144,100.0,1.05,0.82,0.64,1.21,47.92,48.98,50.05,47.3,0.99,0.99,0.991,0.989,/tmpdir/crf_16.mpd,/videos/BigBuckBunny-2160.avi
1976,0.98105,6.91047,0.99698,46.97801,0.99935,0.8289,0.97145,0.98361,0.98925,99.63208,1.13,0.89,0.68,1.3,47.6,48.64,49.79,46.98,0.989,0.989,0.991,0.989,/tmpdir/crf_16.mpd,/videos/BigBuckBunny-2160.avi
1977,0.9868,6.56487,0.9975,47.62911,0.99971,0.84141,0.98507,0.99295,0.99595,100.0,0.97,0.74,0.6,1.12,48.25,49.42,50.32,47.63,0.99,0.991,0.992,0.989,/tmpdir/crf_16.mpd,/videos/BigBuckBunny-2160.avi
1978,0.98004,6.56487,0.99688,46.86367,0.99931,0.82546,0.97018,0.98285,0.98867,99.17856,1.16,0.89,0.69,1.34,47.5,48.63,49.77,46.86,0.989,0.989,0.991,0.989,/tmpdir/crf_16.mpd,/videos/BigBuckBunny-2160.avi
1979,0.98315,6.77624,0.99708,47.12342,0.99946,0.82918,0.97531,0.98641,0.99131,100.0,1.09,0.82,0.65,1.26,47.77,48.97,49.98,47.12,0.989,0.99,0.991,0.989,/tmpdir/crf_16.mpd,/videos/BigBuckBunny-2160.avi
1980,0.98041,6.77624,0.99686,46.83708,0.99931,0.82361,0.97048,0.98304,0.98881,99.38865,1.16,0.89,0.68,1.35,47.49,48.63,49.79,46.84,0.989,0.989,0.991,0.989,/tmpdir/crf_16.mpd,/videos/BigBuckBunny-2160.avi
1981,0.98604,6.53105,0.9974,47.54801,0.99968,0.83622,0.98405,0.9924,0.9956,100.0,0.98,0.74,0.59,1.14,48.2,49.42,50.45,47.55,0.99,0.99,0.992,0.989,/tmpdir/crf_16.mpd,/videos/BigBuckBunny-2160.avi
1982,0.97971,6.53105,0.99683,46.82377,0.99928,0.82067,0.96862,0.98153,0.98756,98.99282,1.16,0.88,0.66,1.35,47.49,48.68,49.92,46.82,0.989,0.989,0.991,0.988,/tmpdir/crf_16.mpd,/videos/BigBuckBunny-2160.avi
1983,0.9822,5.87627,0.99704,47.08384,0.99944,0.82489,0.9742,0.98563,0.99078,99.33326,1.09,0.81,0.63,1.27,47.76,49.02,50.16,47.08,0.989,0.99,0.991,0.989,/tmpdir/crf_16.mpd,/videos/BigBuckBunny-2160.avi
1984,0.9803,5.87627,0.9968,46.78607,0.99928,0.81904,0.96949,0.98233,0.98829,98.75242,1.17,0.88,0.66,1.36,47.46,48.67,49.91,46.79,0.989,0.989,0.991,0.988,/tmpdir/crf_16.mpd,/videos/BigBuckBunny-2160.avi
1985,0.98627,5.4674,0.99736,47.4132,0.99966,0.83305,0.98362,0.99212,0.9954,100.0,1.01,0.74,0.58,1.18,48.1,49.42,50.47,47.41,0.99,0.991,0.992,0.989,/tmpdir/crf_16.mpd,/videos/BigBuckBunny-2160.avi
1986,0.98145,5.4674,0.99685,46.75364,0.99926,0.81983,0.96848,0.98136,0.98747,98.62926,1.17,0.88,0.66,1.37,47.44,48.69,49.95,46.75,0.989,0.99,0.991,0.988,/tmpdir/crf_16.mpd,/videos/BigBuckBunny-2160.avi
1987,0.98294,5.29272,0.99704,47.01319,0.99943,0.82456,0.97459,0.98591,0.99087,99.12308,1.11,0.82,0.64,1.29,47.7,48.98,50.09,47.01,0.989,0.99,0.991,0.989,/tmpdir/crf_16.mpd,/videos/BigBuckBunny-2160.avi
1988,0.98015,5.29272,0.99681,46.71847,0.99925,0.81905,0.9691,0.98194,0.98793,98.33776,1.18,0.88,0.66,1.38,47.41,48.69,49.92,46.72,0.989,0.989,0.991,0.988,/tmpdir/crf_16.mpd,/videos/BigBuckBunny-2160.avi
1989,0.98563,5.125,0.99739,47.4534,0.99967,0.83439,0.98392,0.99221,0.99538,99.95945,1.0,0.74,0.58,1.17,48.14,49.44,50.53,47.45,0.99,0.991,0.992,0.989,/tmpdir/crf_16.mpd,/videos/BigBuckBunny-2160.avi
1990,0.98046,5.125,0.99683,46.76105,0.99926,0.81919,0.96904,0.98165,0.98749,98.25677,1.17,0.87,0.65,1.37,47.46,48.76,49.97,46.76,0.989,0.99,0.991,0.988,/tmpdir/crf_16.mpd,/videos/BigBuckBunny-2160.avi
1991,0.98325,5.19674,0.99705,47.11155,0.99941,0.82667,0.97421,0.98539,0.99036,99.07577,1.08,0.8,0.62,1.26,47.8,49.11,50.19,47.11,0.989,0.99,0.991,0.989,/tmpdir/crf_16.mpd,/videos/BigBuckBunny-2160.avi
1992,0.98041,5.19674,0.99676,46.7789,0.99925,0.81896,0.96946,0.98215,0.98802,98.33789,1.16,0.85,0.66,1.37,47.48,48.82,49.95,46.78,0.989,0.99,0.991,0.988,/tmpdir/crf_16.mpd,/videos/BigBuckBunny-2160.avi
1993,0.98618,6.71303,0.99731,47.5732,0.99966,0.83435,0.9839,0.99227,0.99542,100.0,0.97,0.72,0.58,1.14,48.24,49.55,50.52,47.57,0.99,0.991,0.992,0.989,/tmpdir/crf_16.mpd,/videos/BigBuckBunny-2160.avi
1994,0.98146,6.71303,0.99686,47.00824,0.99929,0.82331,0.97035,0.98264,0.98823,99.48529,1.11,0.84,0.66,1.29,47.66,48.87,49.95,47.01,0.989,0.99,0.991,0.989,/tmpdir/crf_16.mpd,/videos/BigBuckBunny-2160.avi
1995,0.98369,7.50761,0.9971,47.38528,0.99944,0.83028,0.97538,0.98642,0.99128,100.0,1.03,0.79,0.64,1.19,48.0,49.17,50.06,47.39,0.99,0.99,0.991,0.989,/tmpdir/crf_16.mpd,/videos/BigBuckBunny-2160.avi
1996,0.98207,7.50761,0.9969,47.15702,0.99929,0.82543,0.96985,0.98241,0.98828,100.0,1.09,0.84,0.68,1.25,47.77,48.89,49.82,47.16,0.989,0.99,0.991,0.989,/tmpdir/crf_16.mpd,/videos/BigBuckBunny-2160.avi
1997,0.98787,7.09366,0.99756,48.0023,0.9997,0.84153,0.98426,0.99228,0.99545,100.0,0.9,0.7,0.59,1.03,48.58,49.67,50.46,48.0,0.99,0.991,0.992,0.99,/tmpdir/crf_16.mpd,/videos/BigBuckBunny-2160.avi
1998,0.98189,7.09366,0.99692,47.16504,0.9993,0.82502,0.97083,0.98317,0.98896,99.86479,1.08,0.83,0.66,1.25,47.79,48.96,49.91,47.17,0.989,0.99,0.991,0.989,/tmpdir/crf_16.mpd,/videos/BigBuckBunny-2160.avi
1999,0.98452,6.62356,0.99708,47.34397,0.99945,0.82726,0.97558,0.98663,0.99154,100.0,1.04,0.78,0.65,1.2,47.97,49.19,50.01,47.34,0.989,0.99,0.991,0.989,/tmpdir/crf_16.mpd,/videos/BigBuckBunny-2160.avi
2000,0.98212,6.62356,0.99681,47.02249,0.99929,0.82108,0.9701,0.98285,0.98871,99.5794,1.11,0.83,0.67,1.29,47.67,48.94,49.84,47.02,0.989,0.99,0.991,0.988,/tmpdir/crf_16.mpd,/videos/BigBuckBunny-2160.avi
2001,0.98619,6.54759,0.99749,47.89592,0.9997,0.83766,0.98257,0.99125,0.99478,100.0,0.92,0.71,0.59,1.06,48.49,49.6,50.41,47.9,0.99,0.991,0.992,0.989,/tmpdir/crf_16.mpd,/videos/BigBuckBunny-2160.avi
2002,0.9814,6.54759,0.99698,47.24285,0.99934,0.8263,0.97075,0.98298,0.98868,99.41004,1.06,0.82,0.66,1.23,47.86,48.98,49.95,47.24,0.99,0.99,0.991,0.989,/tmpdir/crf_16.mpd,/videos/BigBuckBunny-2160.avi
2003,0.98344,5.19205,0.99722,47.53478,0.99946,0.83307,0.97537,0.98621,0.9911,99.18206,0.99,0.76,0.62,1.15,48.16,49.32,50.23,47.53,0.99,0.99,0.992,0.989,/tmpdir/crf_16.mpd,/videos/BigBuckBunny-2160.avi
2004,0.98062,5.19205,0.99701,47.28639,0.99934,0.82785,0.9712,0.9831,0.98854,98.43737,1.05,0.81,0.64,1.21,47.92,49.06,50.07,47.29,0.99,0.99,0.991,0.989,/tmpdir/crf_16.mpd,/videos/BigBuckBunny-2160.avi
2005,0.9863,4.05678,0.99761,48.04124,0.99971,0.84127,0.98397,0.99199,0.99526,99.45855,0.89,0.68,0.55,1.02,48.66,49.81,50.69,48.04,0.99,0.991,0.992,0.99,/tmpdir/crf_16.mpd,/videos/BigBuckBunny-2160.avi
2006,0.98061,4.05678,0.99704,47.23564,0.99937,0.82499,0.9723,0.98384,0.98914,97.82496,1.06,0.79,0.63,1.23,47.89,49.14,50.15,47.24,0.99,0.99,0.992,0.989,/tmpdir/crf_16.mpd,/videos/BigBuckBunny-2160.avi
2007,0.98405,4.33844,0.99723,47.51196,0.99948,0.8302,0.97671,0.98697,0.99154,98.83344,0.99,0.75,0.6,1.15,48.16,49.4,50.33,47.51,0.99,0.991,0.992,0.989,/tmpdir/crf_16.mpd,/videos/BigBuckBunny-2160.avi
2008,0.9816,4.33844,0.99701,47.27948,0.99937,0.82478,0.97274,0.98433,0.98961,98.2031,1.05,0.79,0.63,1.22,47.93,49.17,50.11,47.28,0.989,0.99,0.992,0.989,/tmpdir/crf_16.mpd,/videos/BigBuckBunny-2160.avi
2009,0.98689,5.11657,0.99763,48.09758,0.99971,0.8413,0.98417,0.9921,0.99532,100.0,0.88,0.67,0.56,1.01,48.7,49.88,50.67,48.1,0.99,0.991,0.992,0.99,/tmpdir/crf_16.mpd,/videos/BigBuckBunny-2160.avi
2010,0.98221,5.11657,0.99712,47.39772,0.99942,0.8264,0.97373,0.985,0.9902,98.82407,1.02,0.78,0.64,1.18,48.02,49.23,50.08,47.4,0.99,0.99,0.992,0.989,/tmpdir/crf_16.mpd,/videos/BigBuckBunny-2160.avi
2011,0.98489,5.98355,0.99731,47.67707,0.99954,0.83198,0.97754,0.98753,0.99205,100.0,0.96,0.73,0.61,1.11,48.29,49.49,50.25,47.68,0.99,0.991,0.992,0.989,/tmpdir/crf_16.mpd,/videos/BigBuckBunny-2160.avi
2012,0.98284,5.98355,0.99709,47.43986,0.99942,0.82663,0.97315,0.9847,0.99003,99.44087,1.02,0.77,0.64,1.17,48.06,49.27,50.1,47.44,0.99,0.99,0.992,0.989,/tmpdir/crf_16.mpd,/videos/BigBuckBunny-2160.avi
2013,0.98797,5.66746,0.99769,48.26017,0.99973,0.84299,0.98451,0.99225,0.99549,100.0,0.85,0.65,0.55,0.97,48.85,50.0,50.71,48.26,0.991,0.991,0.992,0.99,/tmpdir/crf_16.mpd,/videos/BigBuckBunny-2160.avi
2014,0.98151,5.66746,0.99697,47.3293,0.99938,0.82204,0.97113,0.98319,0.98891,98.90033,1.03,0.76,0.64,1.2,47.98,49.31,50.1,47.33,0.989,0.99,0.992,0.989,/tmpdir/crf_16.mpd,/videos/BigBuckBunny-2160.avi
2015,0.98404,5.77384,0.9972,47.57984,0.99953,0.82846,0.97693,0.98743,0.99209,99.72705,0.98,0.73,0.63,1.14,48.2,49.47,50.16,47.58,0.99,0.991,0.992,0.989,/tmpdir/crf_16.mpd,/videos/BigBuckBunny-2160.avi
2016,0.98067,5.77384,0.99699,47.32991,0.9994,0.82245,0.97043,0.9829,0.98881,98.80532,1.04,0.78,0.66,1.2,47.95,49.19,49.96,47.33,0.989,0.99,0.991,0.989,/tmpdir/crf_16.mpd,/videos/BigBuckBunny-2160.avi
2017,0.98588,7.14074,0.9975,48.01533,0.99968,0.83645,0.98125,0.99037,0.99436,100.0,0.9,0.69,0.59,1.03,48.6,49.73,50.42,48.02,0.99,0.991,0.992,0.99,/tmpdir/crf_16.mpd,/videos/BigBuckBunny-2160.avi
2018,0.98173,7.14074,0.99711,47.49078,0.99939,0.82616,0.9696,0.98198,0.98797,99.77397,1.01,0.79,0.65,1.16,48.08,49.17,49.97,47.49,0.99,0.99,0.991,0.989,/tmpdir/crf_16.mpd,/videos/BigBuckBunny-2160.avi
2019,0.98397,6.76241,0.99728,47.77698,0.9995,0.83254,0.97497,0.98596,0.99102,100.0,0.95,0.75,0.62,1.08,48.34,49.39,50.18,47.78,0.99,0.991,0.992,0.99,/tmpdir/crf_16.mpd,/videos/BigBuckBunny-2160.avi
2020,0.98174,6.76241,0.99719,47.64713,0.99941,0.83038,0.9698,0.98222,0.98826,99.56347,0.99,0.79,0.65,1.12,48.19,49.15,49.97,47.65,0.99,0.99,0.991,0.99,/tmpdir/crf_16.mpd,/videos/BigBuckBunny-2160.avi
2021,0.98598,4.48245,0.99749,48.07659,0.99965,0.83692,0.97973,0.9893,0.99356,99.45704,0.89,0.7,0.59,1.01,48.64,49.66,50.44,48.08,0.99,0.991,0.992,0.99,/tmpdir/crf_16.mpd,/videos/BigBuckBunny-2160.avi
2022,0.98201,4.48245,0.99719,47.65106,0.99944,0.83176,0.97364,0.98517,0.99022,98.42995,0.98,0.79,0.64,1.12,48.2,49.16,50.04,47.65,0.99,0.99,0.991,0.99,/tmpdir/crf_16.mpd,/videos/BigBuckBunny-2160.avi
2023,0.9838,3.78995,0.99717,47.68214,0.99945,0.83028,0.97404,0.98559,0.99076,98.3917,0.97,0.78,0.63,1.11,48.25,49.23,50.14,47.68,0.99,0.99,0.991,0.989,/tmpdir/crf_16.mpd,/videos/BigBuckBunny-2160.avi
2024,0.98207,3.78995,0.99699,47.40098,0.99938,0.82418,0.97242,0.98474,0.99006,98.01244,1.03,0.81,0.65,1.18,47.99,49.07,49.97,47.4,0.99,0.99,0.991,0.989,/tmpdir/crf_16.mpd,/videos/BigBuckBunny-2160.avi
2025,0.98364,3.89054,0.99704,47.49137,0.99948,0.82131,0.97354,0.98558,0.99118,98.4368,1.0,0.76,0.61,1.16,48.13,49.32,50.27,47.49,0.989,0.99,0.992,0.989,/tmpdir/crf_16.mpd,/videos/BigBuckBunny-2160.avi
2026,0.99633,2.42795,0.99878,53.17683,0.99978,0.92432,0.99677,0.9986,0.99926,100.0,0.28,0.21,0.19,0.31,53.72,54.83,55.28,53.18,0.997,0.997,0.997,0.997,/tmpdir/crf_16.mpd,/videos/BigBuckBunny-2160.avi
2027,0.98992,2.42795,0.99835,51.06298,0.99963,0.89682,0.98795,0.99379,0.99622,99.45041,0.44,0.35,0.27,0.51,51.67,52.64,53.87,51.06,0.996,0.996,0.997,0.996,/tmpdir/crf_16.mpd,/videos/BigBuckBunny-2160.avi
2028,0.99045,2.55818,0.9983,50.9531,0.99963,0.89224,0.98777,0.99376,0.99622,99.59778,0.45,0.37,0.27,0.52,51.56,52.48,53.86,50.95,0.996,0.996,0.997,0.996,/tmpdir/crf_16.mpd,/videos/BigBuckBunny-2160.avi
2029,0.98878,2.94293,0.99818,50.42261,0.9996,0.88328,0.98558,0.99245,0.99528,99.38451,0.51,0.43,0.3,0.59,51.01,51.77,53.41,50.42,0.996,0.996,0.996,0.995,/tmpdir/crf_16.mpd,/videos/BigBuckBunny-2160.avi
2030,0.99353,2.94293,0.99839,51.18001,0.99972,0.8959,0.9928,0.99662,0.99803,100.0,0.43,0.33,0.26,0.5,51.82,53.0,54.01,51.18,0.996,0.996,0.997,0.996,/tmpdir/crf_16.mpd,/videos/BigBuckBunny-2160.avi
2031,0.9887,2.94989,0.99811,50.22173,0.9996,0.87764,0.985,0.99233,0.99545,99.36872,0.54,0.46,0.31,0.62,50.81,51.55,53.2,50.22,0.995,0.995,0.996,0.995,/tmpdir/crf_16.mpd,/videos/BigBuckBunny-2160.avi
2032,0.99022,2.94989,0.99818,50.44951,0.99964,0.88033,0.98698,0.99345,0.99605,99.71329,0.51,0.41,0.3,0.59,51.06,51.96,53.41,50.45,0.995,0.996,0.996,0.995,/tmpdir/crf_16.mpd,/videos/BigBuckBunny-2160.avi
2033,0.98867,3.60385,0.9981,50.13245,0.99961,0.87554,0.98489,0.99228,0.99536,99.70507,0.55,0.44,0.31,0.63,50.75,51.65,53.19,50.13,0.995,0.995,0.996,0.995,/tmpdir/crf_16.mpd,/videos/BigBuckBunny-2160.avi
2034,0.99398,3.60385,0.99842,51.26925,0.99974,0.89401,0.99352,0.99708,0.99832,100.0,0.42,0.32,0.26,0.49,51.88,53.03,53.92,51.27,0.996,0.996,0.996,0.996,/tmpdir/crf_16.mpd,/videos/BigBuckBunny-2160.avi
2035,0.98893,3.64464,0.99814,50.33004,0.99963,0.87724,0.98625,0.99316,0.99595,99.83837,0.53,0.45,0.32,0.6,50.88,51.56,53.09,50.33,0.995,0.995,0.996,0.995,/tmpdir/crf_16.mpd,/videos/BigBuckBunny-2160.avi
2036,0.99127,3.64464,0.99826,50.63317,0.99969,0.88296,0.98822,0.99419,0.99659,100.0,0.5,0.42,0.31,0.56,51.18,51.93,53.28,50.63,0.995,0.996,0.996,0.995,/tmpdir/crf_16.mpd,/videos/BigBuckBunny-2160.avi
2037,0.98948,3.94675,0.99816,50.30143,0.99965,0.87893,0.98585,0.99275,0.99556,100.0,0.53,0.46,0.32,0.61,50.85,51.54,53.05,50.3,0.995,0.995,0.996,0.995,/tmpdir/crf_16.mpd,/videos/BigBuckBunny-2160.avi
2038,0.99445,3.94675,0.99847,51.32108,0.99976,0.89591,0.99327,0.99694,0.99824,100.0,0.42,0.34,0.28,0.48,51.87,52.85,53.69,51.32,0.996,0.996,0.996,0.996,/tmpdir/crf_16.mpd,/videos/BigBuckBunny-2160.avi
2039,0.98917,3.8228,0.99814,50.15963,0.99965,0.87544,0.98583,0.99283,0.99571,99.94973,0.55,0.47,0.33,0.63,50.71,51.41,52.91,50.16,0.995,0.995,0.996,0.995,/tmpdir/crf_16.mpd,/videos/BigBuckBunny-2160.avi
2040,0.99059,3.8228,0.99828,50.46874,0.9997,0.88011,0.98777,0.99385,0.99636,100.0,0.52,0.44,0.32,0.58,51.0,51.71,53.02,50.47,0.995,0.995,0.996,0.995,/tmpdir/crf_16.mpd,/videos/BigBuckBunny-2160.avi
2041,0.98913,3.94537,0.99816,50.11246,0.99967,0.87565,0.98557,0.9926,0.9955,99.99126,0.56,0.48,0.34,0.63,50.66,51.34,52.82,50.11,0.995,0.995,0.996,0.995,/tmpdir/crf_16.mpd,/videos/BigBuckBunny-2160.avi
2042,0.99431,3.94537,0.99844,51.18618,0.99976,0.89493,0.99299,0.99682,0.9982,100.0,0.44,0.35,0.29,0.49,51.73,52.67,53.49,51.19,0.996,0.996,0.996,0.996,/tmpdir/crf_16.mpd,/videos/BigBuckBunny-2160.avi
2043,0.9889,4.44956,0.99821,50.32041,0.99967,0.88272,0.98517,0.99241,0.99548,100.0,0.54,0.48,0.34,0.6,50.81,51.31,52.82,50.32,0.995,0.995,0.996,0.995,/tmpdir/crf_16.mpd,/videos/BigBuckBunny-2160.avi
2044,0.99047,4.44956,0.99833,50.67821,0.99971,0.88824,0.98718,0.99338,0.99596,100.0,0.5,0.44,0.33,0.56,51.15,51.67,53.01,50.68,0.996,0.995,0.996,0.996,/tmpdir/crf_16.mpd,/videos/BigBuckBunny-2160.avi
2045,0.98919,4.72179,0.99821,50.28801,0.99968,0.88223,0.9851,0.99231,0.9953,100.0,0.54,0.47,0.34,0.61,50.79,51.36,52.81,50.29,0.995,0.995,0.996,0.995,/tmpdir/crf_16.mpd,/videos/BigBuckBunny-2160.avi
2046,0.99459,4.72179,0.99851,51.39157,0.99978,0.89992,0.9929,0.99674,0.99811,100.0,0.42,0.35,0.29,0.47,51.88,52.66,53.48,51.39,0.996,0.996,0.996,0.996,/tmpdir/crf_16.mpd,/videos/BigBuckBunny-2160.avi
2047,0.98891,4.63578,0.9982,50.26581,0.99967,0.8829,0.98492,0.99222,0.99532,100.0,0.55,0.49,0.34,0.61,50.76,51.27,52.77,50.27,0.995,0.995,0.996,0.995,/tmpdir/crf_16.mpd,/videos/BigBuckBunny-2160.avi
2048,0.99089,4.63578,0.99833,50.64796,0.99972,0.88843,0.98757,0.99367,0.99614,100.0,0.5,0.45,0.33,0.56,51.11,51.6,52.93,50.65,0.996,0.995,0.996,0.996,/tmpdir/crf_16.mpd,/videos/BigBuckBunny-2160.avi
2049,0.98887,4.44928,0.99824,50.3131,0.99969,0.88413,0.9852,0.99243,0.99546,100.0,0.54,0.47,0.34,0.61,50.82,51.4,52.81,50.31,0.995,0.995,0.996,0.995,/tmpdir/crf_16.mpd,/videos/BigBuckBunny-2160.avi
2050,0.9943,4.44928,0.99852,51.37424,0.99978,0.90082,0.99275,0.99666,0.99809,100.0,0.43,0.36,0.3,0.47,51.83,52.54,53.36,51.37,0.996,0.996,0.996,0.996,/tmpdir/crf_16.mpd,/videos/BigBuckBunny-2160.avi
2051,0.98957,4.72151,0.99829,50.49259,0.99969,0.88982,0.98594,0.99265,0.99547,100.0,0.52,0.45,0.33,0.58,50.99,51.59,52.9,50.49,0.996,0.995,0.996,0.995,/tmpdir/crf_16.mpd,/videos/BigBuckBunny-2160.avi
2052,0.99437,4.72151,0.99851,51.40597,0.99979,0.90235,0.99286,0.9967,0.99809,100.0,0.42,0.37,0.29,0.47,51.86,52.5,53.43,51.41,0.996,0.996,0.996,0.996,/tmpdir/crf_16.mpd,/videos/BigBuckBunny-2160.avi
2053,0.99663,3.99951,0.99891,53.55212,0.99985,0.93601,0.9969,0.99862,0.99926,100.0,0.26,0.2,0.19,0.29,54.05,55.04,55.46,53.55,0.997,0.998,0.997,0.997,/tmpdir/crf_16.mpd,/videos/BigBuckBunny-2160.avi
2054,0.98959,3.99951,0.99839,50.82856,0.99972,0.89608,0.98761,0.99373,0.99627,100.0,0.47,0.37,0.27,0.54,51.45,52.4,53.75,50.83,0.996,0.996,0.997,0.996,/tmpdir/crf_16.mpd,/videos/BigBuckBunny-2160.avi
2055,0.99065,3.88601,0.99839,50.852,0.99974,0.89262,0.98868,0.99434,0.99665,100.0,0.46,0.37,0.28,0.53,51.47,52.49,53.71,50.85,0.996,0.996,0.996,0.996,/tmpdir/crf_16.mpd,/videos/BigBuckBunny-2160.avi
2056,0.98868,3.88601,0.99828,50.46254,0.9997,0.88621,0.98613,0.99284,0.99572,99.92273,0.51,0.44,0.31,0.58,51.02,51.67,53.28,50.46,0.996,0.996,0.996,0.995,/tmpdir/crf_16.mpd,/videos/BigBuckBunny-2160.avi
2057,0.99526,3.71946,0.99864,51.89832,0.99981,0.90935,0.99429,0.99737,0.99848,100.0,0.37,0.3,0.25,0.42,52.44,53.37,54.2,51.9,0.996,0.997,0.997,0.996,/tmpdir/crf_16.mpd,/videos/BigBuckBunny-2160.avi
2058,0.98954,3.71946,0.9983,50.52239,0.9997,0.88858,0.98671,0.99314,0.99579,100.0,0.51,0.45,0.31,0.58,51.05,51.63,53.24,50.52,0.996,0.995,0.996,0.995,/tmpdir/crf_16.mpd,/videos/BigBuckBunny-2160.avi
2059,0.99099,2.8821,0.99836,50.67077,0.99973,0.88952,0.98836,0.99401,0.99636,99.87249,0.49,0.4,0.29,0.56,51.25,52.09,53.45,50.67,0.996,0.996,0.996,0.995,/tmpdir/crf_16.mpd,/videos/BigBuckBunny-2160.avi
2060,0.98999,2.8821,0.99836,50.57042,0.99972,0.88828,0.98721,0.99338,0.99601,99.65214,0.5,0.43,0.3,0.57,51.13,51.84,53.32,50.57,0.996,0.996,0.996,0.995,/tmpdir/crf_16.mpd,/videos/BigBuckBunny-2160.avi
2061,0.99534,2.44695,0.99868,51.86448,0.99982,0.90843,0.99491,0.99771,0.99872,100.0,0.38,0.3,0.26,0.42,52.39,53.33,54.06,51.86,0.996,0.997,0.997,0.996,/tmpdir/crf_16.mpd,/videos/BigBuckBunny-2160.avi
2062,0.99006,2.44695,0.99839,50.62655,0.99971,0.88983,0.98717,0.99325,0.9958,99.42369,0.5,0.46,0.31,0.56,51.11,51.54,53.18,50.63,0.996,0.995,0.996,0.996,/tmpdir/crf_16.mpd,/videos/BigBuckBunny-2160.avi
2063,0.99065,2.17062,0.99844,50.88676,0.99974,0.89294,0.9889,0.99424,0.99648,99.46583,0.47,0.4,0.29,0.53,51.42,52.09,53.46,50.89,0.996,0.996,0.996,0.996,/tmpdir/crf_16.mpd,/videos/BigBuckBunny-2160.avi
2064,0.98931,2.17062,0.99837,50.5784,0.99971,0.88865,0.98716,0.99327,0.99587,99.1503,0.51,0.46,0.32,0.57,51.07,51.52,53.13,50.58,0.996,0.995,0.996,0.995,/tmpdir/crf_16.mpd,/videos/BigBuckBunny-2160.avi
2065,0.995,2.0786,0.99864,51.68516,0.99982,0.90586,0.99479,0.99762,0.99863,100.0,0.39,0.31,0.26,0.44,52.22,53.17,53.94,51.69,0.996,0.996,0.996,0.996,/tmpdir/crf_16.mpd,/videos/BigBuckBunny-2160.avi
2066,0.98925,2.0786,0.99842,50.69939,0.99972,0.89145,0.98788,0.99353,0.99591,99.11111,0.5,0.46,0.32,0.55,51.16,51.52,53.13,50.7,0.996,0.995,0.996,0.996,/tmpdir/crf_16.mpd,/videos/BigBuckBunny-2160.avi
2067,0.99095,1.97221,0.99845,50.86413,0.99974,0.8931,0.98886,0.99418,0.99646,99.41562,0.47,0.4,0.3,0.53,51.39,52.06,53.4,50.86,0.996,0.996,0.996,0.996,/tmpdir/crf_16.mpd,/videos/BigBuckBunny-2160.avi
2068,0.98998,1.97221,0.99841,50.67709,0.99972,0.89067,0.98764,0.99348,0.99599,99.18734,0.51,0.48,0.33,0.56,51.09,51.3,52.96,50.68,0.996,0.995,0.996,0.996,/tmpdir/crf_16.mpd,/videos/BigBuckBunny-2160.avi
2069,0.99531,1.82169,0.99865,51.69084,0.99982,0.90608,0.99485,0.99764,0.99865,100.0,0.39,0.32,0.27,0.44,52.21,53.12,53.87,51.69,0.996,0.996,0.996,0.996,/tmpdir/crf_16.mpd,/videos/BigBuckBunny-2160.avi
2070,0.99034,1.82169,0.99843,50.73072,0.99973,0.89186,0.98807,0.99369,0.99613,99.19314,0.5,0.45,0.32,0.55,51.18,51.57,53.03,50.73,0.996,0.995,0.996,0.996,/tmpdir/crf_16.mpd,/videos/BigBuckBunny-2160.avi
2071,0.99086,1.86954,0.99847,50.91207,0.99975,0.89433,0.98916,0.99431,0.99651,99.3588,0.47,0.41,0.3,0.53,51.41,52.02,53.31,50.91,0.996,0.996,0.996,0.996,/tmpdir/crf_16.mpd,/videos/BigBuckBunny-2160.avi
2072,0.99076,1.86954,0.9984,50.67962,0.99971,0.8915,0.98826,0.99381,0.99616,99.29637,0.5,0.47,0.33,0.56,51.11,51.38,52.98,50.68,0.996,0.995,0.996,0.995,/tmpdir/crf_16.mpd,/videos/BigBuckBunny-2160.avi
2073,0.99498,1.70829,0.99863,51.62882,0.99982,0.90506,0.99456,0.99749,0.99853,100.0,0.4,0.32,0.27,0.45,52.15,53.06,53.8,51.63,0.996,0.996,0.996,0.996,/tmpdir/crf_16.mpd,/videos/BigBuckBunny-2160.avi
2074,0.99051,1.70829,0.9984,50.63292,0.99972,0.8905,0.98765,0.99339,0.9959,99.13988,0.51,0.46,0.33,0.56,51.08,51.48,52.93,50.63,0.996,0.995,0.996,0.995,/tmpdir/crf_16.mpd,/videos/BigBuckBunny-2160.avi
2075,0.99176,1.94827,0.99845,50.8557,0.99974,0.89328,0.9892,0.99442,0.99664,99.56627,0.48,0.42,0.31,0.53,51.34,51.91,53.2,50.86,0.996,0.996,0.996,0.996,/tmpdir/crf_16.mpd,/videos/BigBuckBunny-2160.avi
2076,0.99126,1.94827,0.99841,50.67321,0.99973,0.89062,0.98814,0.99369,0.99607,99.41352,0.5,0.45,0.32,0.56,51.14,51.61,53.02,50.67,0.996,0.995,0.996,0.995,/tmpdir/crf_16.mpd,/videos/BigBuckBunny-2160.avi
2077,0.99509,1.63343,0.9986,51.56529,0.99982,0.90362,0.99446,0.99746,0.99854,100.0,0.4,0.33,0.27,0.45,52.08,53.0,53.74,51.57,0.996,0.996,0.996,0.996,/tmpdir/crf_16.mpd,/videos/BigBuckBunny-2160.avi
2078,0.98998,1.63343,0.99839,50.63654,0.99972,0.88977,0.98798,0.99369,0.99621,99.03609,0.51,0.46,0.33,0.56,51.08,51.46,52.95,50.64,0.995,0.995,0.996,0.995,/tmpdir/crf_16.mpd,/videos/BigBuckBunny-2160.avi
2079,0.99084,1.99816,0.99844,50.81039,0.99975,0.89267,0.98927,0.99442,0.99664,99.42608,0.49,0.44,0.32,0.54,51.25,51.66,53.05,50.81,0.996,0.995,0.996,0.995,/tmpdir/crf_16.mpd,/videos/BigBuckBunny-2160.avi
2080,0.99045,1.99816,0.99836,50.5284,0.99972,0.88799,0.98757,0.99348,0.99601,99.2781,0.51,0.45,0.33,0.58,51.02,51.56,52.97,50.53,0.995,0.995,0.996,0.995,/tmpdir/crf_16.mpd,/videos/BigBuckBunny-2160.avi
2081,0.99465,1.99349,0.99854,51.36346,0.99981,0.90059,0.99393,0.99719,0.99835,100.0,0.42,0.33,0.28,0.48,51.91,52.89,53.67,51.36,0.996,0.996,0.996,0.996,/tmpdir/crf_16.mpd,/videos/BigBuckBunny-2160.avi
2082,0.98971,1.99349,0.99829,50.36833,0.99971,0.88471,0.98702,0.99319,0.99578,99.11295,0.53,0.48,0.34,0.6,50.85,51.3,52.87,50.37,0.995,0.995,0.996,0.995,/tmpdir/crf_16.mpd,/videos/BigBuckBunny-2160.avi
2083,0.99147,3.22221,0.9984,50.76472,0.99975,0.89234,0.98899,0.99426,0.99644,100.0,0.5,0.46,0.33,0.55,51.18,51.49,52.95,50.76,0.995,0.995,0.996,0.995,/tmpdir/crf_16.mpd,/videos/BigBuckBunny-2160.avi
2084,0.99027,3.22221,0.99831,50.45234,0.99972,0.88702,0.98656,0.99295,0.99574,99.8494,0.53,0.48,0.34,0.59,50.91,51.34,52.81,50.45,0.995,0.995,0.996,0.995,/tmpdir/crf_16.mpd,/videos/BigBuckBunny-2160.avi
2085,0.99485,3.16002,0.99857,51.52541,0.99982,0.90266,0.99346,0.99695,0.9982,100.0,0.41,0.33,0.28,0.46,52.04,52.95,53.67,51.53,0.996,0.996,0.996,0.996,/tmpdir/crf_16.mpd,/videos/BigBuckBunny-2160.avi
2086,0.99031,3.16002,0.99834,50.56334,0.99973,0.88936,0.987,0.9931,0.99573,99.83198,0.52,0.48,0.33,0.57,51.01,51.36,52.88,50.56,0.995,0.995,0.996,0.995,/tmpdir/crf_16.mpd,/videos/BigBuckBunny-2160.avi
2087,0.99172,3.56489,0.99844,50.90269,0.99975,0.89535,0.98882,0.99424,0.99646,100.0,0.48,0.44,0.32,0.53,51.34,51.73,53.12,50.9,0.996,0.995,0.996,0.996,/tmpdir/crf_16.mpd,/videos/BigBuckBunny-2160.avi
2088,0.98981,3.56489,0.99837,50.67049,0.99973,0.89187,0.9871,0.99318,0.99575,99.9716,0.51,0.47,0.33,0.56,51.09,51.39,52.9,50.67,0.995,0.995,0.996,0.995,/tmpdir/crf_16.mpd,/videos/BigBuckBunny-2160.avi
2089,0.99496,2.95587,0.99866,51.85477,0.99983,0.90852,0.99404,0.99718,0.99832,100.0,0.38,0.31,0.27,0.42,52.33,53.15,53.83,51.85,0.996,0.996,0.996,0.996,/tmpdir/crf_16.mpd,/videos/BigBuckBunny-2160.avi
2090,0.98954,2.95587,0.99837,50.57351,0.99973,0.88925,0.987,0.99309,0.99571,99.58573,0.51,0.47,0.33,0.57,51.03,51.44,52.96,50.57,0.995,0.995,0.996,0.995,/tmpdir/crf_16.mpd,/videos/BigBuckBunny-2160.avi
2091,0.99195,2.04047,0.99844,50.84395,0.99975,0.89311,0.98912,0.99434,0.99652,99.63555,0.47,0.39,0.3,0.54,51.38,52.19,53.32,50.84,0.996,0.996,0.996,0.995,/tmpdir/crf_16.mpd,/videos/BigBuckBunny-2160.avi
2092,0.98993,2.04047,0.99836,50.59231,0.99972,0.88876,0.98673,0.9929,0.99561,99.16695,0.51,0.47,0.33,0.57,51.04,51.41,52.94,50.59,0.995,0.995,0.996,0.995,/tmpdir/crf_16.mpd,/videos/BigBuckBunny-2160.avi
2093,0.99503,1.78576,0.99866,51.84088,0.99983,0.90731,0.99436,0.99735,0.99842,100.0,0.38,0.31,0.26,0.43,52.34,53.21,53.93,51.84,0.996,0.996,0.996,0.996,/tmpdir/crf_16.mpd,/videos/BigBuckBunny-2160.avi
2094,0.99053,1.78576,0.9984,50.73889,0.99972,0.89185,0.98711,0.99306,0.99568,99.16206,0.5,0.46,0.33,0.55,51.16,51.48,52.98,50.74,0.996,0.995,0.996,0.996,/tmpdir/crf_16.mpd,/videos/BigBuckBunny-2160.avi
2095,0.99156,1.37403,0.99848,50.95338,0.99975,0.89645,0.98925,0.99438,0.99659,99.25058,0.46,0.4,0.3,0.52,51.47,52.15,53.37,50.95,0.996,0.996,0.996,0.996,/tmpdir/crf_16.mpd,/videos/BigBuckBunny-2160.avi
2096,0.9904,1.37403,0.99842,50.81176,0.99972,0.89363,0.98731,0.99304,0.99558,98.9334,0.49,0.46,0.33,0.54,51.22,51.47,53.0,50.81,0.996,0.995,0.996,0.996,/tmpdir/crf_16.mpd,/videos/BigBuckBunny-2160.avi
2097,0.99533,1.25453,0.99873,52.13167,0.99984,0.91296,0.9951,0.9977,0.99864,100.0,0.36,0.3,0.26,0.4,52.58,53.31,54.02,52.13,0.996,0.996,0.996,0.996,/tmpdir/crf_16.mpd,/videos/BigBuckBunny-2160.avi
2098,0.99075,1.25453,0.99849,51.01824,0.99974,0.89751,0.98791,0.99337,0.99584,98.97351,0.46,0.4,0.31,0.51,51.49,52.07,53.26,51.02,0.996,0.996,0.996,0.996,/tmpdir/crf_16.mpd,/videos/BigBuckBunny-2160.avi
2099,0.99111,0.95391,0.99853,51.15397,0.99976,0.89994,0.98954,0.99441,0.99658,98.97723,0.45,0.41,0.3,0.5,51.59,52.01,53.34,51.15,0.996,0.996,0.996,0.996,/tmpdir/crf_16.mpd,/videos/BigBuckBunny-2160.avi
2100,0.99052,0.95391,0.99852,51.10989,0.99974,0.89993,0.9881,0.99343,0.99582,98.79509,0.46,0.42,0.31,0.5,51.53,51.89,53.28,51.11,0.996,0.996,0.996,0.996,/tmpdir/crf_16.mpd,/videos/BigBuckBunny-2160.avi
2101,0.99613,0.57543,0.99879,52.39437,0.99985,0.91759,0.99575,0.99801,0.99884,99.99875,0.34,0.29,0.25,0.37,52.83,53.53,54.2,52.39,0.996,0.997,0.997,0.996,/tmpdir/crf_16.mpd,/videos/BigBuckBunny-2160.avi
2102,0.99153,0.57543,0.99858,51.27211,0.99976,0.90342,0.98911,0.99399,0.99619,98.84443,0.44,0.4,0.29,0.49,51.7,52.09,53.46,51.27,0.996,0.996,0.996,0.996,/tmpdir/crf_16.mpd,/videos/BigBuckBunny-2160.avi
2103,0.99246,0.49174,0.99863,51.50615,0.99978,0.90569,0.99012,0.99462,0.99667,99.02791,0.42,0.4,0.29,0.46,51.87,52.06,53.46,51.51,0.996,0.996,0.996,0.996,/tmpdir/crf_16.mpd,/videos/BigBuckBunny-2160.avi
2104,0.99139,0.49174,0.99859,51.22926,0.99977,0.90157,0.98953,0.99419,0.99625,98.7843,0.44,0.39,0.29,0.49,51.7,52.19,53.54,51.23,0.996,0.996,0.996,0.996,/tmpdir/crf_16.mpd,/videos/BigBuckBunny-2160.avi
2105,0.99594,0.36863,0.99882,52.50176,0.99986,0.91838,0.99599,0.99814,0.99892,99.87954,0.33,0.28,0.24,0.37,52.95,53.71,54.36,52.5,0.997,0.997,0.997,0.996,/tmpdir/crf_16.mpd,/videos/BigBuckBunny-2160.avi
2106,0.99149,0.36863,0.99864,51.46143,0.99978,0.90521,0.99006,0.99459,0.99663,98.79271,0.41,0.36,0.27,0.46,51.96,52.61,53.79,51.46,0.996,0.996,0.996,0.996,/tmpdir/crf_16.mpd,/videos/BigBuckBunny-2160.avi
2107,0.99286,0.2736,0.99867,51.5699,0.99979,0.90674,0.99066,0.99484,0.9968,99.01528,0.41,0.36,0.27,0.45,52.03,52.54,53.8,51.57,0.996,0.996,0.996,0.996,/tmpdir/crf_16.mpd,/videos/BigBuckBunny-2160.avi
2108,0.99093,0.2736,0.99865,51.4604,0.99978,0.90539,0.99019,0.99465,0.99672,98.65814,0.41,0.35,0.27,0.46,51.98,52.69,53.85,51.46,0.996,0.996,0.996,0.996,/tmpdir/crf_16.mpd,/videos/BigBuckBunny-2160.avi
2109,0.99576,0.20493,0.99884,52.58047,0.99986,0.91937,0.99605,0.99812,0.99889,99.77443,0.32,0.26,0.23,0.36,53.06,53.94,54.53,52.58,0.997,0.997,0.997,0.997,/tmpdir/crf_16.mpd,/videos/BigBuckBunny-2160.avi
2110,0.99193,0.20493,0.99872,51.72067,0.9998,0.9095,0.99196,0.99574,0.99744,98.89508,0.38,0.31,0.25,0.44,52.29,53.28,54.23,51.72,0.996,0.997,0.997,0.996,/tmpdir/crf_16.mpd,/videos/BigBuckBunny-2160.avi
2111,0.99246,0.15298,0.9987,51.63121,0.9998,0.90723,0.99144,0.99546,0.99728,98.93968,0.39,0.31,0.24,0.45,52.23,53.29,54.29,51.63,0.996,0.997,0.997,0.996,/tmpdir/crf_16.mpd,/videos/BigBuckBunny-2160.avi
2112,0.99237,0.15298,0.99871,51.70377,0.9998,0.90888,0.99229,0.99593,0.99747,98.95517,0.38,0.3,0.24,0.44,52.31,53.41,54.33,51.7,0.996,0.997,0.997,0.996,/tmpdir/crf_16.mpd,/videos/BigBuckBunny-2160.avi
2113,0.99561,0.09785,0.99887,52.62241,0.99987,0.92058,0.99629,0.99826,0.99897,99.71318,0.32,0.26,0.22,0.36,53.13,54.03,54.7,52.62,0.997,0.997,0.997,0.997,/tmpdir/crf_16.mpd,/videos/BigBuckBunny-2160.avi
2114,0.99434,0.09785,0.99882,52.28346,0.99984,0.9165,0.99456,0.99716,0.99821,99.38971,0.34,0.27,0.23,0.38,52.83,53.83,54.59,52.28,0.997,0.997,0.997,0.997,/tmpdir/crf_16.mpd,/videos/BigBuckBunny-2160.avi
2115,0.99514,0.57139,0.99882,52.30908,0.99985,0.91676,0.99528,0.99772,0.99863,99.79461,0.34,0.27,0.23,0.38,52.85,53.88,54.54,52.31,0.997,0.997,0.997,0.996,/tmpdir/crf_16.mpd,/videos/BigBuckBunny-2160.avi
2116,0.99591,0.90012,0.9988,52.28247,0.99984,0.91733,0.99524,0.99773,0.99865,100.0,0.34,0.27,0.23,0.38,52.83,53.89,54.5,52.28,0.997,0.997,0.997,0.996,/tmpdir/crf_16.mpd,/videos/BigBuckBunny-2160.avi
2117,0.99695,0.52551,0.99887,52.7948,0.99987,0.92259,0.99631,0.99831,0.99902,100.0,0.3,0.24,0.21,0.34,53.32,54.3,54.92,52.79,0.997,0.997,0.997,0.997,/tmpdir/crf_16.mpd,/videos/BigBuckBunny-2160.avi
2118,0.99654,0.52551,0.99885,52.76557,0.99985,0.92292,0.99567,0.99791,0.99871,100.0,0.31,0.25,0.22,0.34,53.27,54.21,54.77,52.77,0.997,0.997,0.997,0.997,/tmpdir/crf_16.mpd,/videos/BigBuckBunny-2160.avi
2119,0.99666,0.64016,0.99886,52.84786,0.99985,0.92535,0.99574,0.99794,0.99875,100.0,0.3,0.24,0.21,0.34,53.35,54.29,54.83,52.85,0.997,0.997,0.997,0.997,/tmpdir/crf_16.mpd,/videos/BigBuckBunny-2160.avi
2120,0.99666,0.70236,0.9988,52.59738,0.99984,0.92257,0.99525,0.99777,0.99871,100.0,0.32,0.25,0.22,0.36,53.13,54.19,54.72,52.6,0.997,0.997,0.997,0.997,/tmpdir/crf_16.mpd,/videos/BigBuckBunny-2160.avi
2121,0.99692,0.70236,0.99892,53.10799,0.99987,0.92843,0.99661,0.99844,0.99909,100.0,0.29,0.23,0.21,0.32,53.58,54.46,55.01,53.11,0.997,0.997,0.997,0.997,/tmpdir/crf_16.mpd,/videos/BigBuckBunny-2160.avi
2122,0.99634,0.45689,0.99886,52.84483,0.99985,0.92618,0.99569,0.99791,0.99873,100.0,0.3,0.24,0.21,0.34,53.35,54.35,54.84,52.84,0.997,0.997,0.997,0.997,/tmpdir/crf_16.mpd,/videos/BigBuckBunny-2160.avi
2123,0.99663,0.228,0.99889,52.83594,0.99986,0.9237,0.99616,0.99817,0.99889,99.95646,0.3,0.23,0.21,0.34,53.37,54.44,54.92,52.84,0.997,0.997,0.997,0.997,/tmpdir/crf_16.mpd,/videos/BigBuckBunny-2160.avi
2124,0.9965,0.228,0.9989,52.91276,0.99986,0.9246,0.99623,0.99817,0.99886,99.93427,0.3,0.23,0.21,0.33,53.43,54.45,54.95,52.91,0.997,0.997,0.997,0.997,/tmpdir/crf_16.mpd,/videos/BigBuckBunny-2160.avi
2125,0.99715,0.16442,0.99896,53.25107,0.99988,0.92839,0.99706,0.99864,0.99918,100.0,0.28,0.22,0.2,0.31,53.74,54.67,55.16,53.25,0.997,0.997,0.997,0.997,/tmpdir/crf_16.mpd,/videos/BigBuckBunny-2160.avi
2126,0.99683,0.16442,0.99893,53.09525,0.99987,0.92699,0.99655,0.99835,0.99902,99.98798,0.28,0.23,0.2,0.32,53.59,54.57,55.02,53.1,0.997,0.997,0.997,0.997,/tmpdir/crf_16.mpd,/videos/BigBuckBunny-2160.avi
2127,0.99678,0.13801,0.99893,53.09639,0.99987,0.92694,0.99665,0.9984,0.99903,99.97024,0.28,0.22,0.2,0.32,53.6,54.63,55.08,53.1,0.997,0.997,0.997,0.997,/tmpdir/crf_16.mpd,/videos/BigBuckBunny-2160.avi
2128,0.99679,0.13801,0.99894,53.11393,0.99987,0.92723,0.99668,0.9984,0.99901,99.97007,0.28,0.23,0.2,0.32,53.61,54.6,55.03,53.11,0.997,0.997,0.997,0.997,/tmpdir/crf_16.mpd,/videos/BigBuckBunny-2160.avi
2129,0.99715,0.13675,0.99897,53.30599,0.99988,0.92931,0.99722,0.99874,0.99927,100.0,0.27,0.22,0.19,0.3,53.8,54.78,55.24,53.31,0.997,0.997,0.997,0.997,/tmpdir/crf_16.mpd,/videos/BigBuckBunny-2160.avi
2130,0.99682,0.13675,0.99895,53.17556,0.99987,0.92812,0.99681,0.9985,0.9991,99.9874,0.28,0.22,0.2,0.31,53.67,54.69,55.09,53.18,0.997,0.997,0.997,0.997,/tmpdir/crf_16.mpd,/videos/BigBuckBunny-2160.avi
2131,0.99665,0.09136,0.99895,53.1749,0.99987,0.92808,0.99686,0.99852,0.99909,99.93591,0.28,0.22,0.2,0.31,53.68,54.7,55.14,53.17,0.997,0.997,0.997,0.997,/tmpdir/crf_16.mpd,/videos/BigBuckBunny-2160.avi
2132,0.99655,0.09136,0.99895,53.17199,0.99987,0.92807,0.99687,0.99854,0.99914,99.92322,0.28,0.22,0.2,0.31,53.67,54.68,55.12,53.17,0.997,0.997,0.997,0.997,/tmpdir/crf_16.mpd,/videos/BigBuckBunny-2160.avi
2133,0.99712,0.0492,0.99898,53.37957,0.99988,0.93033,0.99739,0.99883,0.99933,100.0,0.27,0.21,0.19,0.3,53.88,54.86,55.34,53.38,0.997,0.997,0.997,0.997,/tmpdir/crf_16.mpd,/videos/BigBuckBunny-2160.avi
2134,0.99688,0.04352,0.99896,53.2244,0.99988,0.92879,0.99696,0.99859,0.99919,99.96632,0.28,0.22,0.2,0.31,53.74,54.77,55.21,53.22,0.997,0.997,0.997,0.997,/tmpdir/crf_16.mpd,/videos/BigBuckBunny-2160.avi
2135,0.99667,0.03871,0.99896,53.23959,0.99988,0.92894,0.99703,0.99861,0.99918,99.92776,0.27,0.22,0.19,0.31,53.75,54.8,55.24,53.24,0.997,0.997,0.997,0.997,/tmpdir/crf_16.mpd,/videos/BigBuckBunny-2160.avi
2136,0.99672,0.03871,0.99896,53.22598,0.99988,0.92879,0.99694,0.99856,0.99914,99.93287,0.27,0.22,0.2,0.31,53.74,54.79,55.19,53.23,0.997,0.997,0.997,0.997,/tmpdir/crf_16.mpd,/videos/BigBuckBunny-2160.avi
2137,0.99718,0.03235,0.99899,53.40781,0.99988,0.93081,0.99742,0.99883,0.99933,100.0,0.26,0.21,0.19,0.3,53.91,54.91,55.4,53.41,0.997,0.997,0.997,0.997,/tmpdir/crf_16.mpd,/videos/BigBuckBunny-2160.avi
2138,0.99673,0.02421,0.99897,53.28599,0.99988,0.92953,0.99707,0.99864,0.99921,99.93715,0.27,0.21,0.19,0.31,53.8,54.85,55.26,53.29,0.997,0.997,0.997,0.997,/tmpdir/crf_16.mpd,/videos/BigBuckBunny-2160.avi
2139,0.99674,0.02421,0.99897,53.28968,0.99988,0.92956,0.99715,0.9987,0.99925,99.94385,0.27,0.21,0.19,0.3,53.81,54.88,55.32,53.29,0.997,0.997,0.997,0.997,/tmpdir/crf_16.mpd,/videos/BigBuckBunny-2160.avi
2140,0.99662,0.03274,0.99895,53.19704,0.99987,0.92902,0.99694,0.99851,0.99909,99.90826,0.27,0.21,0.19,0.31,53.74,54.88,55.28,53.2,0.997,0.997,0.997,0.997,/tmpdir/crf_16.mpd,/videos/BigBuckBunny-2160.avi
2141,0.99715,0.02042,0.99899,53.40695,0.99988,0.93088,0.99743,0.99885,0.99934,100.0,0.26,0.21,0.19,0.3,53.92,54.93,55.41,53.41,0.997,0.997,0.997,0.997,/tmpdir/crf_16.mpd,/videos/BigBuckBunny-2160.avi
2142,0.99682,0.02042,0.99897,53.31064,0.99988,0.92989,0.99718,0.99869,0.99923,99.95473,0.27,0.21,0.19,0.3,53.84,54.91,55.39,53.31,0.997,0.997,0.997,0.997,/tmpdir/crf_16.mpd,/videos/BigBuckBunny-2160.avi
2143,0.99666,0.01876,0.99897,53.29253,0.99988,0.92965,0.99716,0.9987,0.99926,99.92702,0.27,0.21,0.19,0.3,53.83,54.91,55.4,53.29,0.997,0.997,0.997,0.997,/tmpdir/crf_16.mpd,/videos/BigBuckBunny-2160.avi
2144,0.99674,0.01876,0.99896,53.26836,0.99988,0.92942,0.99713,0.99867,0.99922,99.93777,0.27,0.21,0.19,0.31,53.81,54.91,55.4,53.27,0.997,0.997,0.997,0.997,/tmpdir/crf_16.mpd,/videos/BigBuckBunny-2160.avi
2145,0.99714,0.01985,0.99898,53.37049,0.99988,0.93053,0.99738,0.99882,0.99932,100.0,0.27,0.21,0.19,0.3,53.89,54.94,55.42,53.37,0.997,0.997,0.997,0.997,/tmpdir/crf_16.mpd,/videos/BigBuckBunny-2160.avi
2146,0.9966,0.01985,0.99897,53.27633,0.99988,0.92953,0.99711,0.99865,0.9992,99.91282,0.27,0.21,0.19,0.31,53.81,54.91,55.39,53.28,0.997,0.997,0.997,0.997,/tmpdir/crf_16.mpd,/videos/BigBuckBunny-2160.avi
2147,0.99661,0.02039,0.99897,53.27411,0.99988,0.92944,0.99716,0.9987,0.99926,99.91897,0.27,0.21,0.19,0.31,53.81,54.91,55.39,53.27,0.997,0.997,0.997,0.997,/tmpdir/crf_16.mpd,/videos/BigBuckBunny-2160.avi
2148,0.99675,0.02039,0.99896,53.23437,0.99988,0.92898,0.99706,0.99862,0.9992,99.93497,0.27,0.21,0.19,0.31,53.78,54.89,55.39,53.23,0.997,0.997,0.997,0.997,/tmpdir/crf_16.mpd,/videos/BigBuckBunny-2160.avi
2149,0.99711,0.02304,0.99897,53.32102,0.99988,0.93007,0.99733,0.99879,0.99931,100.0,0.27,0.21,0.19,0.3,53.85,54.91,55.41,53.32,0.997,0.997,0.997,0.997,/tmpdir/crf_16.mpd,/videos/BigBuckBunny-2160.avi
2150,0.99653,0.02304,0.99895,53.21516,0.99987,0.92892,0.99703,0.9986,0.99916,99.89413,0.27,0.21,0.19,0.31,53.77,54.9,55.38,53.22,0.997,0.997,0.997,0.997,/tmpdir/crf_16.mpd,/videos/BigBuckBunny-2160.avi
2151,0.99676,0.03097,0.99895,53.18338,0.99987,0.92857,0.997,0.9986,0.99917,99.93785,0.27,0.21,0.19,0.31,53.74,54.89,55.37,53.18,0.997,0.997,0.997,0.997,/tmpdir/crf_16.mpd,/videos/BigBuckBunny-2160.avi
2152,0.99666,0.03226,0.99895,53.1965,0.99987,0.92842,0.99704,0.99865,0.99923,99.92615,0.27,0.21,0.19,0.31,53.75,54.88,55.37,53.2,0.997,0.997,0.997,0.997,/tmpdir/crf_16.mpd,/videos/BigBuckBunny-2160.avi
2153,0.99701,0.03226,0.99896,53.26638,0.99988,0.92923,0.99721,0.99872,0.99926,99.99452,0.27,0.21,0.19,0.31,53.81,54.91,55.39,53.27,0.997,0.997,0.997,0.997,/tmpdir/crf_16.mpd,/videos/BigBuckBunny-2160.avi
2154,0.99638,0.03729,0.99893,53.09382,0.99987,0.92769,0.99684,0.99849,0.99909,99.86292,0.28,0.21,0.19,0.32,53.67,54.87,55.35,53.09,0.997,0.997,0.997,0.997,/tmpdir/crf_16.mpd,/videos/BigBuckBunny-2160.avi
2155,0.99661,0.02959,0.99894,53.13526,0.99987,0.9278,0.99687,0.99851,0.9991,99.90145,0.28,0.21,0.19,0.32,53.7,54.86,55.35,53.14,0.997,0.997,0.997,0.997,/tmpdir/crf_16.mpd,/videos/BigBuckBunny-2160.avi
2156,0.99641,0.02959,0.99893,53.11164,0.99987,0.92759,0.99684,0.99852,0.99914,99.86748,0.28,0.21,0.19,0.32,53.67,54.84,55.33,53.11,0.997,0.997,0.997,0.997,/tmpdir/crf_16.mpd,/videos/BigBuckBunny-2160.avi
2157,0.99681,0.03695,0.99894,53.1695,0.99988,0.92843,0.99701,0.99862,0.99919,99.95055,0.28,0.21,0.19,0.31,53.73,54.88,55.37,53.17,0.997,0.997,0.997,0.997,/tmpdir/crf_16.mpd,/videos/BigBuckBunny-2160.avi
2158,0.99637,0.03695,0.99893,53.14971,0.99987,0.92811,0.99678,0.99848,0.99912,99.86292,0.28,0.21,0.19,0.31,53.7,54.85,55.34,53.15,0.997,0.997,0.997,0.997,/tmpdir/crf_16.mpd,/videos/BigBuckBunny-2160.avi
2159,0.9966,0.06163,0.99892,53.10812,0.99987,0.92797,0.99661,0.99838,0.99903,99.9051,0.28,0.21,0.19,0.32,53.67,54.81,55.31,53.11,0.997,0.997,0.997,0.997,/tmpdir/crf_16.mpd,/videos/BigBuckBunny-2160.avi
2160,0.99697,0.07113,0.99892,53.08289,0.99987,0.92802,0.99678,0.99851,0.99914,99.98755,0.28,0.21,0.19,0.32,53.65,54.84,55.34,53.08,0.997,0.997,0.997,0.997,/tmpdir/crf_16.mpd,/videos/BigBuckBunny-2160.avi
2161,0.99769,0.12012,0.99915,55.24098,0.9999,0.95288,0.99824,0.99922,0.99956,100.0,0.17,0.11,0.11,0.19,55.91,57.58,57.79,55.24,0.998,0.999,0.998,0.998,/tmpdir/crf_16.mpd,/videos/BigBuckBunny-2160.avi
2162,0.99718,0.20905,0.99906,54.4953,0.99988,0.94706,0.99726,0.99873,0.99925,100.0,0.19,0.12,0.11,0.23,55.28,57.32,57.57,54.5,0.998,0.999,0.998,0.998,/tmpdir/crf_16.mpd,/videos/BigBuckBunny-2160.avi
2163,0.99748,0.41916,0.99902,54.32498,0.99987,0.94764,0.99727,0.99879,0.99934,100.0,0.2,0.12,0.12,0.24,55.12,57.19,57.51,54.32,0.998,0.998,0.998,0.998,/tmpdir/crf_16.mpd,/videos/BigBuckBunny-2160.avi
2164,0.99675,0.47096,0.99894,53.9092,0.99985,0.94374,0.99629,0.99828,0.999,100.0,0.22,0.13,0.12,0.26,54.74,56.92,57.3,53.91,0.998,0.998,0.998,0.997,/tmpdir/crf_16.mpd,/videos/BigBuckBunny-2160.avi
2165,0.99712,1.3293,0.99896,53.93571,0.99987,0.94186,0.9964,0.99838,0.99907,100.0,0.22,0.14,0.13,0.26,54.7,56.66,57.01,53.94,0.998,0.998,0.998,0.997,/tmpdir/crf_16.mpd,/videos/BigBuckBunny-2160.avi
2166,0.9962,1.4855,0.99887,53.49445,0.99985,0.93851,0.99511,0.99767,0.99862,100.0,0.24,0.16,0.14,0.29,54.27,56.18,56.65,53.49,0.998,0.998,0.998,0.997,/tmpdir/crf_16.mpd,/videos/BigBuckBunny-2160.avi
2167,0.99617,1.75781,0.99891,53.57455,0.99986,0.93795,0.99571,0.99801,0.99885,100.0,0.24,0.16,0.14,0.29,54.32,56.13,56.58,53.57,0.998,0.998,0.998,0.997,/tmpdir/crf_16.mpd,/videos/BigBuckBunny-2160.avi
2168,0.99589,1.75781,0.99885,53.27157,0.99984,0.93442,0.99505,0.99767,0.99863,100.0,0.26,0.16,0.15,0.31,54.05,55.99,56.47,53.27,0.997,0.998,0.998,0.997,/tmpdir/crf_16.mpd,/videos/BigBuckBunny-2160.avi
2169,0.99742,1.6584,0.99897,53.92634,0.99987,0.9396,0.99667,0.9985,0.99917,100.0,0.22,0.15,0.14,0.26,54.64,56.39,56.77,53.93,0.998,0.998,0.998,0.997,/tmpdir/crf_16.mpd,/videos/BigBuckBunny-2160.avi
2170,0.99606,1.6584,0.99886,53.29194,0.99985,0.93351,0.99542,0.99782,0.99872,100.0,0.25,0.16,0.15,0.3,54.07,56.05,56.43,53.29,0.997,0.998,0.998,0.997,/tmpdir/crf_16.mpd,/videos/BigBuckBunny-2160.avi
2171,0.99668,1.35599,0.99888,53.29524,0.99985,0.93357,0.99593,0.99808,0.99887,100.0,0.25,0.16,0.15,0.3,54.09,56.12,56.49,53.3,0.997,0.998,0.998,0.997,/tmpdir/crf_16.mpd,/videos/BigBuckBunny-2160.avi
2172,0.99656,1.28645,0.99885,53.1562,0.99984,0.93179,0.99556,0.99793,0.99879,100.0,0.26,0.16,0.15,0.31,53.97,56.07,56.46,53.16,0.997,0.998,0.998,0.997,/tmpdir/crf_16.mpd,/videos/BigBuckBunny-2160.avi
2173,0.99736,0.68496,0.999,53.85525,0.99988,0.93822,0.99703,0.99864,0.99922,100.0,0.23,0.15,0.14,0.27,54.59,56.4,56.74,53.86,0.998,0.998,0.998,0.997,/tmpdir/crf_16.mpd,/videos/BigBuckBunny-2160.avi
2174,0.9962,0.616,0.99888,53.32114,0.99985,0.93315,0.99603,0.99815,0.99894,100.0,0.25,0.16,0.14,0.3,54.12,56.18,56.57,53.32,0.997,0.998,0.998,0.997,/tmpdir/crf_16.mpd,/videos/BigBuckBunny-2160.avi
2175,0.99662,0.35793,0.9989,53.36233,0.99986,0.93344,0.99638,0.99833,0.99903,100.0,0.25,0.16,0.14,0.3,54.16,56.22,56.61,53.36,0.997,0.998,0.998,0.997,/tmpdir/crf_16.mpd,/videos/BigBuckBunny-2160.avi
2176,0.9963,0.35793,0.99887,53.295,0.99984,0.93305,0.99609,0.99814,0.99888,99.98766,0.25,0.16,0.14,0.3,54.1,56.18,56.57,53.29,0.997,0.998,0.998,0.997,/tmpdir/crf_16.mpd,/videos/BigBuckBunny-2160.avi
2177,0.9974,0.32096,0.99896,53.66713,0.99987,0.93644,0.99712,0.9987,0.99925,100.0,0.23,0.15,0.14,0.28,54.43,56.33,56.73,53.67,0.997,0.998,0.998,0.997,/tmpdir/crf_16.mpd,/videos/BigBuckBunny-2160.avi
2178,0.99667,0.32096,0.99889,53.38285,0.99985,0.93361,0.99632,0.99828,0.99896,100.0,0.25,0.16,0.14,0.3,54.17,56.19,56.59,53.38,0.997,0.998,0.998,0.997,/tmpdir/crf_16.mpd,/videos/BigBuckBunny-2160.avi
2179,0.99676,0.28593,0.99889,53.33005,0.99985,0.93294,0.99639,0.9983,0.99902,100.0,0.25,0.16,0.14,0.3,54.12,56.15,56.57,53.33,0.997,0.998,0.998,0.997,/tmpdir/crf_16.mpd,/videos/BigBuckBunny-2160.avi
2180,0.99651,0.28593,0.99884,53.12351,0.99984,0.93094,0.99594,0.99807,0.99887,99.98231,0.26,0.16,0.15,0.32,53.94,56.06,56.49,53.12,0.997,0.998,0.998,0.997,/tmpdir/crf_16.mpd,/videos/BigBuckBunny-2160.avi
2181,0.99709,0.54505,0.99889,53.27374,0.99987,0.93233,0.99646,0.99839,0.99909,100.0,0.25,0.16,0.14,0.31,54.08,56.16,56.59,53.27,0.997,0.998,0.998,0.997,/tmpdir/crf_16.mpd,/videos/BigBuckBunny-2160.avi
2182,0.99643,0.63073,0.99879,52.90007,0.99983,0.92801,0.99546,0.99789,0.99877,100.0,0.28,0.17,0.15,0.33,53.73,55.89,56.29,52.9,0.997,0.998,0.998,0.997,/tmpdir/crf_16.mpd,/videos/BigBuckBunny-2160.avi
2183,0.99655,0.7967,0.99883,52.95262,0.99986,0.92817,0.99575,0.99807,0.99891,100.0,0.27,0.17,0.15,0.33,53.76,55.86,56.24,52.95,0.997,0.998,0.998,0.997,/tmpdir/crf_16.mpd,/videos/BigBuckBunny-2160.avi
2184,0.99567,0.7967,0.99876,52.71864,0.99983,0.92564,0.99504,0.99767,0.99861,100.0,0.29,0.17,0.16,0.35,53.55,55.75,56.15,52.72,0.997,0.998,0.998,0.997,/tmpdir/crf_16.mpd,/videos/BigBuckBunny-2160.avi
2185,0.99694,0.68873,0.9989,53.22811,0.99987,0.93125,0.99639,0.99837,0.99908,100.0,0.26,0.16,0.15,0.31,54.01,55.98,56.39,53.23,0.997,0.998,0.998,0.997,/tmpdir/crf_16.mpd,/videos/BigBuckBunny-2160.avi
2186,0.99587,0.68873,0.99879,52.81497,0.99984,0.92741,0.9952,0.99779,0.9987,100.0,0.28,0.17,0.16,0.34,53.63,55.73,56.16,52.81,0.997,0.998,0.998,0.997,/tmpdir/crf_16.mpd,/videos/BigBuckBunny-2160.avi
2187,0.99578,0.65841,0.99882,52.88502,0.99985,0.92863,0.99576,0.99808,0.99891,100.0,0.28,0.17,0.16,0.33,53.69,55.76,56.13,52.89,0.997,0.998,0.998,0.997,/tmpdir/crf_16.mpd,/videos/BigBuckBunny-2160.avi
2188,0.99557,0.65841,0.99872,52.47572,0.99983,0.92401,0.99487,0.99764,0.99864,99.93476,0.3,0.18,0.16,0.37,53.33,55.61,55.99,52.48,0.997,0.998,0.998,0.996,/tmpdir/crf_16.mpd,/videos/BigBuckBunny-2160.avi
2189,0.99664,1.76723,0.99888,53.36993,0.99986,0.93407,0.99605,0.99824,0.99901,100.0,0.25,0.16,0.15,0.3,54.13,56.07,56.36,53.37,0.997,0.998,0.998,0.997,/tmpdir/crf_16.mpd,/videos/BigBuckBunny-2160.avi
2190,0.9954,1.86478,0.99881,53.08171,0.99984,0.93233,0.99463,0.99742,0.99845,100.0,0.27,0.17,0.16,0.32,53.84,55.8,56.1,53.08,0.997,0.998,0.998,0.997,/tmpdir/crf_16.mpd,/videos/BigBuckBunny-2160.avi
2191,0.99599,2.39121,0.99888,53.49263,0.99985,0.93671,0.9954,0.99777,0.99865,100.0,0.25,0.16,0.15,0.29,54.2,55.97,56.26,53.49,0.997,0.998,0.998,0.997,/tmpdir/crf_16.mpd,/videos/BigBuckBunny-2160.avi
2192,0.99589,2.39121,0.99883,53.34974,0.99983,0.93562,0.99476,0.9974,0.99837,100.0,0.25,0.17,0.15,0.3,54.08,55.88,56.24,53.35,0.997,0.998,0.998,0.997,/tmpdir/crf_16.mpd,/videos/BigBuckBunny-2160.avi
2193,0.99668,1.51475,0.99894,53.90243,0.99987,0.93875,0.99655,0.99845,0.99913,100.0,0.23,0.15,0.14,0.26,54.6,56.36,56.61,53.9,0.998,0.998,0.998,0.997,/tmpdir/crf_16.mpd,/videos/BigBuckBunny-2160.avi
2194,0.99575,1.51475,0.99881,53.31061,0.99983,0.93325,0.99508,0.99767,0.99862,100.0,0.26,0.17,0.15,0.3,54.06,55.94,56.29,53.31,0.997,0.998,0.998,0.997,/tmpdir/crf_16.mpd,/videos/BigBuckBunny-2160.avi
2195,0.99619,1.3587,0.99886,53.44395,0.99985,0.93491,0.99576,0.99806,0.99889,100.0,0.25,0.16,0.15,0.29,54.18,56.02,56.34,53.44,0.997,0.998,0.998,0.997,/tmpdir/crf_16.mpd,/videos/BigBuckBunny-2160.avi
2196,0.99571,1.3587,0.99882,53.28096,0.99983,0.93326,0.99519,0.99774,0.99868,100.0,0.26,0.17,0.16,0.31,54.03,55.91,56.21,53.28,0.997,0.998,0.998,0.997,/tmpdir/crf_16.mpd,/videos/BigBuckBunny-2160.avi
2197,0.99662,1.04006,0.99895,53.86795,0.99987,0.93852,0.99683,0.9986,0.99923,100.0,0.23,0.15,0.14,0.27,54.57,56.3,56.63,53.87,0.998,0.998,0.998,0.997,/tmpdir/crf_16.mpd,/videos/BigBuckBunny-2160.avi
2198,0.99559,1.04006,0.99882,53.25133,0.99984,0.93295,0.99545,0.99783,0.99867,100.0,0.26,0.16,0.15,0.31,54.02,56.01,56.3,53.25,0.997,0.998,0.998,0.997,/tmpdir/crf_16.mpd,/videos/BigBuckBunny-2160.avi
2199,0.99614,0.64402,0.99886,53.34586,0.99985,0.93372,0.99609,0.99824,0.99901,100.0,0.25,0.16,0.15,0.3,54.11,56.12,56.36,53.35,0.997,0.998,0.998,0.997,/tmpdir/crf_16.mpd,/videos/BigBuckBunny-2160.avi
2200,0.99582,0.62785,0.99883,53.284,0.99984,0.93314,0.99584,0.99812,0.99894,100.0,0.25,0.16,0.15,0.31,54.07,56.13,56.37,53.28,0.997,0.998,0.998,0.997,/tmpdir/crf_16.mpd,/videos/BigBuckBunny-2160.avi
2201,0.99667,0.29727,0.99895,53.78154,0.99987,0.93776,0.99702,0.9987,0.99929,100.0,0.23,0.15,0.14,0.27,54.52,56.38,56.69,53.78,0.998,0.998,0.998,0.997,/tmpdir/crf_16.mpd,/videos/BigBuckBunny-2160.avi
2202,0.99603,0.29727,0.99886,53.39676,0.99985,0.93432,0.99604,0.9982,0.99898,99.9262,0.25,0.15,0.14,0.3,54.19,56.27,56.56,53.4,0.997,0.998,0.998,0.997,/tmpdir/crf_16.mpd,/videos/BigBuckBunny-2160.avi
2203,0.99636,0.49068,0.99887,53.37383,0.99985,0.93423,0.99619,0.99826,0.999,100.0,0.25,0.16,0.15,0.3,54.16,56.2,56.48,53.37,0.997,0.998,0.998,0.997,/tmpdir/crf_16.mpd,/videos/BigBuckBunny-2160.avi
2204,0.99625,0.73689,0.99882,53.21909,0.99984,0.93286,0.99538,0.99784,0.99873,100.0,0.26,0.16,0.15,0.31,54.01,56.08,56.35,53.22,0.997,0.998,0.998,0.997,/tmpdir/crf_16.mpd,/videos/BigBuckBunny-2160.avi
2205,0.99689,1.44409,0.99889,53.61267,0.99986,0.93683,0.99631,0.99833,0.99904,100.0,0.24,0.15,0.14,0.28,54.36,56.26,56.54,53.61,0.998,0.998,0.998,0.997,/tmpdir/crf_16.mpd,/videos/BigBuckBunny-2160.avi
2206,0.99652,1.44409,0.99882,53.32187,0.99984,0.93452,0.99524,0.99772,0.99859,100.0,0.25,0.16,0.15,0.3,54.07,55.98,56.27,53.32,0.997,0.998,0.998,0.997,/tmpdir/crf_16.mpd,/videos/BigBuckBunny-2160.avi
2207,0.99668,1.79127,0.99889,53.59306,0.99985,0.93715,0.99586,0.99807,0.99887,100.0,0.24,0.16,0.15,0.28,54.31,56.08,56.39,53.59,0.998,0.998,0.998,0.997,/tmpdir/crf_16.mpd,/videos/BigBuckBunny-2160.avi
2208,0.99659,1.79127,0.99883,53.36502,0.99984,0.93489,0.99509,0.99762,0.99856,100.0,0.25,0.16,0.15,0.3,54.11,55.98,56.34,53.37,0.997,0.998,0.998,0.997,/tmpdir/crf_16.mpd,/videos/BigBuckBunny-2160.avi
2209,0.99723,1.98667,0.99896,54.00993,0.99987,0.94013,0.99655,0.99841,0.99909,100.0,0.22,0.15,0.14,0.26,54.7,56.42,56.68,54.01,0.998,0.998,0.998,0.997,/tmpdir/crf_16.mpd,/videos/BigBuckBunny-2160.avi
2210,0.99655,1.98667,0.99884,53.3371,0.99984,0.93445,0.99503,0.99759,0.99854,100.0,0.25,0.16,0.15,0.3,54.09,56.04,56.28,53.34,0.997,0.998,0.998,0.997,/tmpdir/crf_16.mpd,/videos/BigBuckBunny-2160.avi
2211,0.99668,1.72273,0.99888,53.4746,0.99986,0.93542,0.99575,0.99801,0.99884,100.0,0.25,0.16,0.15,0.29,54.2,56.06,56.31,53.47,0.997,0.998,0.998,0.997,/tmpdir/crf_16.mpd,/videos/BigBuckBunny-2160.avi
2212,0.99605,1.72273,0.99886,53.33962,0.99984,0.93358,0.99524,0.99767,0.99855,100.0,0.25,0.16,0.16,0.3,54.08,55.98,56.21,53.34,0.997,0.998,0.998,0.997,/tmpdir/crf_16.mpd,/videos/BigBuckBunny-2160.avi
2213,0.99731,0.92047,0.99906,54.34297,0.99989,0.94383,0.99749,0.99884,0.99932,100.0,0.21,0.14,0.14,0.24,54.99,56.56,56.8,54.34,0.998,0.998,0.998,0.998,/tmpdir/crf_16.mpd,/videos/BigBuckBunny-2160.avi
2214,0.99618,0.71022,0.99892,53.57561,0.99985,0.93636,0.99614,0.99814,0.99889,100.0,0.24,0.15,0.15,0.29,54.32,56.26,56.43,53.58,0.998,0.998,0.998,0.997,/tmpdir/crf_16.mpd,/videos/BigBuckBunny-2160.avi
2215,0.99661,0.28041,0.99895,53.64145,0.99986,0.93695,0.99657,0.99837,0.99904,100.0,0.24,0.15,0.14,0.28,54.4,56.37,56.59,53.64,0.998,0.998,0.998,0.997,/tmpdir/crf_16.mpd,/videos/BigBuckBunny-2160.avi
2216,0.99643,0.28041,0.99896,53.78666,0.99986,0.93866,0.99669,0.99842,0.99905,100.0,0.23,0.15,0.14,0.27,54.52,56.38,56.62,53.79,0.998,0.998,0.998,0.997,/tmpdir/crf_16.mpd,/videos/BigBuckBunny-2160.avi
2217,0.99757,0.15071,0.99907,54.3541,0.99989,0.944,0.99786,0.99903,0.99944,100.0,0.2,0.14,0.13,0.24,55.02,56.65,56.93,54.35,0.998,0.998,0.998,0.998,/tmpdir/crf_16.mpd,/videos/BigBuckBunny-2160.avi
2218,0.9967,0.13447,0.99901,53.98348,0.99987,0.94102,0.99711,0.9986,0.99917,100.0,0.22,0.15,0.14,0.26,54.7,56.51,56.72,53.98,0.998,0.998,0.998,0.997,/tmpdir/crf_16.mpd,/videos/BigBuckBunny-2160.avi
2219,0.99679,0.074,0.99901,53.92308,0.99987,0.93896,0.99726,0.9987,0.99923,100.0,0.22,0.14,0.14,0.26,54.66,56.55,56.75,53.92,0.998,0.998,0.998,0.997,/tmpdir/crf_16.mpd,/videos/BigBuckBunny-2160.avi
2220,0.99676,0.074,0.99901,53.91618,0.99987,0.93872,0.99723,0.99867,0.9992,100.0,0.22,0.15,0.14,0.26,54.64,56.51,56.69,53.92,0.998,0.998,0.998,0.997,/tmpdir/crf_16.mpd,/videos/BigBuckBunny-2160.avi
2221,0.99729,0.06358,0.99905,54.12257,0.99989,0.93972,0.9978,0.999,0.99942,100.0,0.21,0.14,0.13,0.25,54.84,56.66,56.92,54.12,0.998,0.998,0.998,0.997,/tmpdir/crf_16.mpd,/videos/BigBuckBunny-2160.avi
2222,0.99657,0.06109,0.99898,53.74548,0.99986,0.93679,0.99716,0.99861,0.99914,99.94647,0.23,0.14,0.14,0.27,54.51,56.55,56.73,53.75,0.998,0.998,0.998,0.997,/tmpdir/crf_16.mpd,/videos/BigBuckBunny-2160.avi
2223,0.99678,0.05765,0.999,53.79826,0.99987,0.93765,0.99733,0.99877,0.99931,100.0,0.23,0.14,0.14,0.27,54.56,56.57,56.77,53.8,0.998,0.998,0.998,0.997,/tmpdir/crf_16.mpd,/videos/BigBuckBunny-2160.avi
2224,0.99682,0.05375,0.99901,53.96521,0.99987,0.93922,0.99732,0.99873,0.99923,100.0,0.22,0.14,0.14,0.26,54.69,56.57,56.77,53.97,0.998,0.998,0.998,0.997,/tmpdir/crf_16.mpd,/videos/BigBuckBunny-2160.avi
2225,0.9973,0.05186,0.99905,54.18822,0.99989,0.94179,0.99773,0.99896,0.9994,100.0,0.21,0.14,0.13,0.25,54.9,56.68,56.95,54.19,0.998,0.998,0.998,0.998,/tmpdir/crf_16.mpd,/videos/BigBuckBunny-2160.avi
2226,0.99664,0.05186,0.99898,53.86041,0.99985,0.93974,0.99719,0.99862,0.99915,99.96693,0.22,0.14,0.14,0.27,54.62,56.57,56.81,53.86,0.998,0.998,0.998,0.997,/tmpdir/crf_16.mpd,/videos/BigBuckBunny-2160.avi
2227,0.99692,0.03834,0.99902,54.02865,0.99987,0.94092,0.9974,0.99879,0.9993,100.0,0.22,0.14,0.14,0.26,54.75,56.58,56.79,54.03,0.998,0.998,0.998,0.997,/tmpdir/crf_16.mpd,/videos/BigBuckBunny-2160.avi
2228,0.99681,0.03834,0.999,53.87632,0.99987,0.93907,0.9973,0.99872,0.99926,99.99913,0.22,0.14,0.14,0.27,54.62,56.56,56.75,53.88,0.998,0.998,0.998,0.997,/tmpdir/crf_16.mpd,/videos/BigBuckBunny-2160.avi
2229,0.9971,0.03964,0.99903,54.04611,0.99988,0.94085,0.99772,0.99898,0.99946,100.0,0.22,0.14,0.13,0.26,54.78,56.68,56.92,54.05,0.998,0.998,0.998,0.997,/tmpdir/crf_16.mpd,/videos/BigBuckBunny-2160.avi
2230,0.99683,0.03964,0.999,53.87406,0.99987,0.93939,0.99725,0.99871,0.99926,100.0,0.22,0.14,0.14,0.27,54.63,56.58,56.8,53.87,0.998,0.998,0.998,0.997,/tmpdir/crf_16.mpd,/videos/BigBuckBunny-2160.avi
2231,0.99707,0.04207,0.99901,54.02935,0.99987,0.94147,0.99726,0.99871,0.99927,100.0,0.22,0.14,0.14,0.26,54.74,56.56,56.76,54.03,0.998,0.998,0.998,0.997,/tmpdir/crf_16.mpd,/videos/BigBuckBunny-2160.avi
2232,0.99701,0.04207,0.999,54.01082,0.99986,0.94143,0.99721,0.99869,0.99924,100.0,0.22,0.14,0.14,0.26,54.72,56.53,56.73,54.01,0.998,0.998,0.998,0.997,/tmpdir/crf_16.mpd,/videos/BigBuckBunny-2160.avi
2233,0.99741,0.0521,0.99902,54.11812,0.99988,0.94291,0.99754,0.99885,0.99934,100.0,0.21,0.14,0.13,0.25,54.83,56.64,56.88,54.12,0.998,0.998,0.998,0.997,/tmpdir/crf_16.mpd,/videos/BigBuckBunny-2160.avi
2234,0.99698,0.0521,0.99901,54.02958,0.99987,0.94159,0.99712,0.99862,0.99919,100.0,0.22,0.15,0.14,0.26,54.72,56.48,56.65,54.03,0.998,0.998,0.998,0.997,/tmpdir/crf_16.mpd,/videos/BigBuckBunny-2160.avi
2235,0.99708,0.08543,0.99899,53.92108,0.99986,0.94094,0.99706,0.9986,0.9992,100.0,0.22,0.15,0.14,0.26,54.63,56.46,56.65,53.92,0.998,0.998,0.998,0.997,/tmpdir/crf_16.mpd,/videos/BigBuckBunny-2160.avi
2236,0.99679,0.08543,0.99898,53.88889,0.99986,0.94011,0.99696,0.99859,0.99921,100.0,0.23,0.15,0.14,0.27,54.59,56.38,56.54,53.89,0.998,0.998,0.998,0.997,/tmpdir/crf_16.mpd,/videos/BigBuckBunny-2160.avi
2237,0.99711,0.18945,0.99899,53.92413,0.99987,0.94103,0.99722,0.99872,0.99926,100.0,0.22,0.14,0.14,0.26,54.66,56.53,56.76,53.92,0.998,0.998,0.998,0.997,/tmpdir/crf_16.mpd,/videos/BigBuckBunny-2160.avi
2238,0.99674,0.19453,0.99895,53.72356,0.99985,0.93871,0.99659,0.99836,0.999,100.0,0.23,0.15,0.15,0.28,54.43,56.27,56.42,53.72,0.998,0.998,0.998,0.997,/tmpdir/crf_16.mpd,/videos/BigBuckBunny-2160.avi
2239,0.99689,0.37829,0.99894,53.69042,0.99986,0.93787,0.99658,0.99837,0.99903,100.0,0.24,0.15,0.15,0.28,54.41,56.27,56.47,53.69,0.998,0.998,0.998,0.997,/tmpdir/crf_16.mpd,/videos/BigBuckBunny-2160.avi
2240,0.99636,0.37829,0.99891,53.58193,0.99985,0.93649,0.99627,0.9982,0.99891,100.0,0.24,0.16,0.15,0.29,54.29,56.13,56.3,53.58,0.998,0.998,0.998,0.997,/tmpdir/crf_16.mpd,/videos/BigBuckBunny-2160.avi
2241,0.99701,0.5212,0.99895,53.68508,0.99987,0.9376,0.997,0.99863,0.99919,100.0,0.23,0.15,0.14,0.28,54.43,56.31,56.58,53.69,0.998,0.998,0.998,0.997,/tmpdir/crf_16.mpd,/videos/BigBuckBunny-2160.avi
2242,0.99614,0.5212,0.9989,53.43731,0.99985,0.93474,0.99599,0.99804,0.99877,100.0,0.25,0.16,0.15,0.29,54.16,56.01,56.24,53.44,0.997,0.998,0.998,0.997,/tmpdir/crf_16.mpd,/videos/BigBuckBunny-2160.avi
2243,0.99629,0.53275,0.9989,53.412,0.99985,0.93442,0.99618,0.99816,0.99887,100.0,0.25,0.16,0.15,0.3,54.16,56.07,56.35,53.41,0.997,0.998,0.998,0.997,/tmpdir/crf_16.mpd,/videos/BigBuckBunny-2160.avi
2244,0.99602,0.53275,0.99889,53.36553,0.99985,0.9339,0.99598,0.99807,0.9988,100.0,0.25,0.16,0.16,0.3,54.1,55.97,56.19,53.37,0.997,0.998,0.998,0.997,/tmpdir/crf_16.mpd,/videos/BigBuckBunny-2160.avi
2245,0.99693,0.53072,0.99896,53.61641,0.99988,0.93662,0.99695,0.99859,0.99917,100.0,0.24,0.16,0.15,0.28,54.36,56.23,56.52,53.62,0.997,0.998,0.998,0.997,/tmpdir/crf_16.mpd,/videos/BigBuckBunny-2160.avi
2246,0.99596,0.53072,0.99887,53.27181,0.99984,0.93328,0.99584,0.998,0.99876,99.99681,0.26,0.16,0.15,0.31,54.03,56.0,56.23,53.27,0.997,0.998,0.998,0.997,/tmpdir/crf_16.mpd,/videos/BigBuckBunny-2160.avi
2247,0.99635,0.58744,0.99891,53.39947,0.99986,0.93387,0.99613,0.99813,0.99887,100.0,0.25,0.16,0.15,0.3,54.14,56.02,56.32,53.4,0.997,0.998,0.998,0.997,/tmpdir/crf_16.mpd,/videos/BigBuckBunny-2160.avi
2248,0.99607,0.58744,0.99888,53.32041,0.99984,0.93344,0.99581,0.99797,0.99874,100.0,0.26,0.17,0.15,0.3,54.06,55.96,56.24,53.32,0.997,0.998,0.998,0.997,/tmpdir/crf_16.mpd,/videos/BigBuckBunny-2160.avi
2249,0.99687,0.59724,0.99898,53.70513,0.99988,0.93754,0.99703,0.99861,0.99915,100.0,0.23,0.16,0.14,0.28,54.43,56.2,56.59,53.71,0.998,0.998,0.998,0.997,/tmpdir/crf_16.mpd,/videos/BigBuckBunny-2160.avi
2250,0.9963,0.59724,0.99889,53.39604,0.99985,0.93447,0.99605,0.99809,0.99884,100.0,0.25,0.16,0.15,0.3,54.14,56.02,56.37,53.4,0.997,0.998,0.998,0.997,/tmpdir/crf_16.mpd,/videos/BigBuckBunny-2160.avi
2251,0.99632,0.44932,0.99891,53.38909,0.99985,0.93428,0.99624,0.99818,0.99887,100.0,0.25,0.16,0.15,0.3,54.15,56.06,56.46,53.39,0.997,0.998,0.998,0.997,/tmpdir/crf_16.mpd,/videos/BigBuckBunny-2160.avi
2252,0.99613,0.44932,0.99892,53.47527,0.99985,0.93502,0.99622,0.99814,0.99885,100.0,0.25,0.16,0.15,0.29,54.21,56.04,56.4,53.48,0.997,0.998,0.998,0.997,/tmpdir/crf_16.mpd,/videos/BigBuckBunny-2160.avi
2253,0.9968,0.19051,0.999,53.75996,0.99988,0.93809,0.99719,0.99866,0.99918,100.0,0.23,0.15,0.14,0.27,54.49,56.24,56.68,53.76,0.998,0.998,0.998,0.997,/tmpdir/crf_16.mpd,/videos/BigBuckBunny-2160.avi
2254,0.99621,0.14649,0.99894,53.56853,0.99986,0.93679,0.99648,0.99827,0.99892,99.89581,0.24,0.16,0.15,0.29,54.3,56.13,56.47,53.57,0.998,0.998,0.998,0.997,/tmpdir/crf_16.mpd,/videos/BigBuckBunny-2160.avi
2255,0.99628,0.0825,0.99892,53.31865,0.99986,0.93317,0.99653,0.99834,0.999,99.87394,0.25,0.16,0.14,0.3,54.11,56.12,56.55,53.32,0.997,0.998,0.998,0.997,/tmpdir/crf_16.mpd,/videos/BigBuckBunny-2160.avi
2256,0.99588,0.07575,0.99892,53.26468,0.99986,0.93128,0.99646,0.99828,0.99893,99.78686,0.26,0.16,0.15,0.31,54.05,56.08,56.44,53.26,0.997,0.998,0.998,0.997,/tmpdir/crf_16.mpd,/videos/BigBuckBunny-2160.avi
2257,0.99613,0.04378,0.99893,53.23582,0.99987,0.93037,0.99672,0.99846,0.99906,99.82803,0.26,0.16,0.14,0.31,54.05,56.15,56.58,53.24,0.997,0.998,0.998,0.997,/tmpdir/crf_16.mpd,/videos/BigBuckBunny-2160.avi
2258,0.99593,0.04378,0.9989,53.11889,0.99986,0.92856,0.99639,0.99828,0.99894,99.77306,0.26,0.16,0.15,0.32,53.94,56.1,56.48,53.12,0.997,0.998,0.998,0.997,/tmpdir/crf_16.mpd,/videos/BigBuckBunny-2160.avi
2259,0.99543,0.03558,0.99887,52.92482,0.99985,0.92665,0.99619,0.99816,0.99885,99.66279,0.27,0.16,0.15,0.33,53.77,56.03,56.41,52.92,0.997,0.998,0.998,0.997,/tmpdir/crf_16.mpd,/videos/BigBuckBunny-2160.avi
2260,0.99495,0.03558,0.99884,52.68723,0.99985,0.92405,0.99602,0.99808,0.99881,99.56338,0.29,0.16,0.15,0.35,53.58,56.03,56.42,52.69,0.997,0.998,0.998,0.997,/tmpdir/crf_16.mpd,/videos/BigBuckBunny-2160.avi
2261,0.99798,0.18737,0.99934,53.31011,0.99995,0.9407,0.99789,0.99911,0.99954,100.0,0.27,0.22,0.2,0.3,53.76,54.64,55.03,53.31,0.998,0.998,0.997,0.997,/tmpdir/crf_16.mpd,/videos/BigBuckBunny-2160.avi
2262,0.99373,0.18737,0.99911,50.80985,0.9999,0.91074,0.99328,0.99711,0.99861,99.32813,0.46,0.32,0.26,0.54,51.53,53.02,53.99,50.81,0.997,0.997,0.997,0.997,/tmpdir/crf_16.mpd,/videos/BigBuckBunny-2160.avi
2263,0.99341,0.19725,0.99903,50.31965,0.99989,0.90123,0.99237,0.99658,0.99817,99.19956,0.52,0.39,0.29,0.6,51.01,52.27,53.53,50.32,0.996,0.997,0.996,0.996,/tmpdir/crf_16.mpd,/videos/BigBuckBunny-2160.avi
2264,0.99281,0.19725,0.99899,50.00428,0.99988,0.89739,0.99189,0.99646,0.99821,99.07992,0.55,0.41,0.31,0.65,50.7,51.98,53.24,50.0,0.996,0.996,0.996,0.996,/tmpdir/crf_16.mpd,/videos/BigBuckBunny-2160.avi
2265,0.99637,0.20331,0.99908,51.03646,0.99991,0.90953,0.99548,0.99795,0.99881,99.83667,0.45,0.38,0.3,0.51,51.55,52.32,53.36,51.04,0.996,0.997,0.996,0.996,/tmpdir/crf_16.mpd,/videos/BigBuckBunny-2160.avi
2266,0.99337,0.20331,0.999,50.21807,0.99989,0.89774,0.99258,0.9966,0.99807,99.17707,0.54,0.42,0.32,0.62,50.85,51.92,53.09,50.22,0.996,0.996,0.996,0.996,/tmpdir/crf_16.mpd,/videos/BigBuckBunny-2160.avi
2267,0.99295,0.20112,0.99894,49.88783,0.99987,0.89399,0.992,0.9965,0.99816,99.09439,0.58,0.45,0.34,0.67,50.52,51.6,52.8,49.89,0.996,0.996,0.996,0.996,/tmpdir/crf_16.mpd,/videos/BigBuckBunny-2160.avi
2268,0.9961,0.20112,0.99904,50.81014,0.99991,0.90553,0.99523,0.99789,0.99879,99.77179,0.48,0.41,0.33,0.54,51.29,51.96,52.97,50.81,0.996,0.996,0.996,0.996,/tmpdir/crf_16.mpd,/videos/BigBuckBunny-2160.avi
2269,0.99801,0.20621,0.99932,53.22054,0.99995,0.93984,0.99781,0.99906,0.99951,100.0,0.28,0.23,0.21,0.31,53.67,54.56,54.93,53.22,0.997,0.998,0.997,0.997,/tmpdir/crf_16.mpd,/videos/BigBuckBunny-2160.avi
2270,0.99366,0.20621,0.99907,50.69083,0.99988,0.90928,0.99294,0.9969,0.99847,99.30245,0.47,0.33,0.27,0.55,51.42,52.95,53.89,50.69,0.997,0.997,0.997,0.997,/tmpdir/crf_16.mpd,/videos/BigBuckBunny-2160.avi
2271,0.99301,0.218,0.999,50.22274,0.99988,0.89976,0.99206,0.99636,0.99802,99.11693,0.53,0.39,0.29,0.62,50.92,52.17,53.45,50.22,0.996,0.997,0.996,0.996,/tmpdir/crf_16.mpd,/videos/BigBuckBunny-2160.avi
2272,0.99246,0.218,0.99895,49.91001,0.99987,0.89579,0.99155,0.99626,0.9981,99.00932,0.57,0.42,0.31,0.66,50.61,51.88,53.17,49.91,0.996,0.996,0.996,0.996,/tmpdir/crf_16.mpd,/videos/BigBuckBunny-2160.avi
2273,0.99619,0.24261,0.99906,50.93596,0.9999,0.90797,0.99528,0.99785,0.99876,99.81287,0.46,0.39,0.3,0.52,51.46,52.25,53.3,50.94,0.996,0.996,0.996,0.996,/tmpdir/crf_16.mpd,/videos/BigBuckBunny-2160.avi
2274,0.99247,0.24261,0.99892,49.80582,0.99986,0.89296,0.99149,0.99618,0.99794,99.00126,0.59,0.46,0.34,0.68,50.45,51.53,52.82,49.81,0.996,0.996,0.996,0.996,/tmpdir/crf_16.mpd,/videos/BigBuckBunny-2160.avi
2275,0.99259,0.49154,0.99888,49.69708,0.99986,0.88944,0.99106,0.99588,0.99772,99.10514,0.6,0.49,0.35,0.7,50.31,51.26,52.64,49.7,0.996,0.996,0.996,0.996,/tmpdir/crf_16.mpd,/videos/BigBuckBunny-2160.avi
2276,0.99214,0.69285,0.99883,49.51632,0.99984,0.88777,0.99052,0.99565,0.99763,99.1024,0.63,0.49,0.36,0.73,50.16,51.21,52.52,49.52,0.996,0.996,0.996,0.996,/tmpdir/crf_16.mpd,/videos/BigBuckBunny-2160.avi
2277,0.99607,1.23957,0.99896,50.60112,0.99988,0.90211,0.99465,0.99753,0.99857,100.0,0.51,0.43,0.35,0.57,51.08,51.75,52.75,50.6,0.996,0.996,0.996,0.996,/tmpdir/crf_16.mpd,/videos/BigBuckBunny-2160.avi
2278,0.99223,1.23957,0.9988,49.54155,0.99983,0.88757,0.99053,0.99558,0.99755,99.37459,0.63,0.5,0.38,0.72,50.15,51.11,52.35,49.54,0.996,0.996,0.995,0.996,/tmpdir/crf_16.mpd,/videos/BigBuckBunny-2160.avi
2279,0.99238,1.20591,0.9988,49.47675,0.99984,0.88485,0.99053,0.99562,0.99755,99.37738,0.64,0.53,0.39,0.73,50.06,50.9,52.26,49.48,0.995,0.995,0.995,0.995,/tmpdir/crf_16.mpd,/videos/BigBuckBunny-2160.avi
2280,0.99212,1.20591,0.99879,49.36496,0.99983,0.88423,0.99027,0.99562,0.99768,99.33787,0.66,0.53,0.39,0.75,49.97,50.89,52.2,49.36,0.995,0.995,0.995,0.995,/tmpdir/crf_16.mpd,/videos/BigBuckBunny-2160.avi
2281,0.99587,0.93693,0.99895,50.45991,0.9999,0.89904,0.99457,0.99754,0.9986,100.0,0.53,0.47,0.36,0.58,50.9,51.44,52.51,50.46,0.996,0.996,0.996,0.996,/tmpdir/crf_16.mpd,/videos/BigBuckBunny-2160.avi
2282,0.99212,0.93693,0.99879,49.43711,0.99984,0.88516,0.9905,0.99567,0.99765,99.21032,0.65,0.53,0.4,0.74,50.01,50.87,52.13,49.44,0.995,0.995,0.995,0.995,/tmpdir/crf_16.mpd,/videos/BigBuckBunny-2160.avi
2283,0.99227,0.64196,0.99877,49.35963,0.99984,0.88213,0.9903,0.99553,0.99751,99.0737,0.66,0.56,0.41,0.75,49.92,50.68,52.02,49.36,0.995,0.995,0.995,0.995,/tmpdir/crf_16.mpd,/videos/BigBuckBunny-2160.avi
2284,0.99179,0.64196,0.99875,49.24185,0.99983,0.88158,0.99007,0.99555,0.99765,98.99645,0.68,0.55,0.41,0.77,49.83,50.7,51.99,49.24,0.995,0.995,0.995,0.995,/tmpdir/crf_16.mpd,/videos/BigBuckBunny-2160.avi
2285,0.99564,0.89343,0.99893,50.27221,0.9999,0.89555,0.99424,0.99739,0.99851,99.95012,0.55,0.49,0.38,0.61,50.71,51.24,52.28,50.27,0.996,0.996,0.995,0.996,/tmpdir/crf_16.mpd,/videos/BigBuckBunny-2160.avi
2286,0.9924,0.89343,0.99878,49.35416,0.99984,0.88288,0.99039,0.99562,0.99763,99.22867,0.66,0.55,0.41,0.75,49.91,50.7,51.95,49.35,0.995,0.995,0.995,0.995,/tmpdir/crf_16.mpd,/videos/BigBuckBunny-2160.avi
2287,0.99229,0.62683,0.99877,49.27923,0.99985,0.88004,0.99012,0.99543,0.99745,99.0581,0.68,0.58,0.42,0.77,49.82,50.53,51.86,49.28,0.995,0.995,0.995,0.995,/tmpdir/crf_16.mpd,/videos/BigBuckBunny-2160.avi
2288,0.99176,0.62683,0.99876,49.15582,0.99984,0.87933,0.9899,0.99546,0.99761,98.97201,0.69,0.58,0.43,0.79,49.72,50.51,51.82,49.16,0.995,0.995,0.995,0.995,/tmpdir/crf_16.mpd,/videos/BigBuckBunny-2160.avi
2289,0.99538,0.2831,0.99891,50.06479,0.9999,0.89179,0.99411,0.99738,0.99851,99.6051,0.58,0.52,0.4,0.64,50.49,50.98,52.09,50.06,0.995,0.995,0.995,0.996,/tmpdir/crf_16.mpd,/videos/BigBuckBunny-2160.avi
2290,0.9918,0.2831,0.99878,49.2043,0.99985,0.87978,0.9903,0.99567,0.9977,98.8313,0.69,0.58,0.43,0.78,49.74,50.46,51.78,49.2,0.995,0.995,0.995,0.995,/tmpdir/crf_16.mpd,/videos/BigBuckBunny-2160.avi
2291,0.99199,0.23285,0.99877,49.13969,0.99985,0.87728,0.99002,0.99547,0.99752,98.81614,0.7,0.61,0.44,0.79,49.66,50.28,51.69,49.14,0.995,0.995,0.995,0.995,/tmpdir/crf_16.mpd,/videos/BigBuckBunny-2160.avi
2292,0.99153,0.23285,0.99875,48.98647,0.99985,0.87575,0.98977,0.99551,0.99767,98.74188,0.72,0.62,0.45,0.82,49.53,50.23,51.62,48.99,0.995,0.995,0.995,0.995,/tmpdir/crf_16.mpd,/videos/BigBuckBunny-2160.avi
2293,0.9947,0.2209,0.99885,49.68824,0.99989,0.88498,0.99323,0.997,0.99831,99.41076,0.63,0.57,0.43,0.7,50.13,50.6,51.82,49.69,0.995,0.995,0.995,0.995,/tmpdir/crf_16.mpd,/videos/BigBuckBunny-2160.avi
2294,0.99146,0.2209,0.99875,48.98056,0.99985,0.87506,0.98999,0.99566,0.99771,98.72896,0.73,0.63,0.46,0.82,49.49,50.11,51.5,48.98,0.995,0.995,0.995,0.995,/tmpdir/crf_16.mpd,/videos/BigBuckBunny-2160.avi
2295,0.99167,0.20652,0.99872,48.87435,0.99985,0.87173,0.98948,0.99526,0.99739,98.71631,0.75,0.67,0.48,0.84,49.36,49.85,51.35,48.87,0.995,0.994,0.994,0.995,/tmpdir/crf_16.mpd,/videos/BigBuckBunny-2160.avi
2296,0.99076,0.20652,0.99869,48.64931,0.99984,0.86887,0.98897,0.99526,0.99756,98.55863,0.79,0.69,0.49,0.89,49.16,49.72,51.25,48.65,0.995,0.994,0.994,0.995,/tmpdir/crf_16.mpd,/videos/BigBuckBunny-2160.avi
2297,0.9937,0.20233,0.99874,49.02304,0.99987,0.8727,0.9913,0.99617,0.99788,99.13664,0.73,0.66,0.48,0.81,49.48,49.91,51.35,49.02,0.995,0.994,0.994,0.995,/tmpdir/crf_16.mpd,/videos/BigBuckBunny-2160.avi
2298,0.99056,0.20233,0.99864,48.46748,0.99985,0.86341,0.98808,0.99463,0.99698,98.45112,0.82,0.73,0.5,0.93,48.98,49.49,51.13,48.47,0.994,0.994,0.994,0.995,/tmpdir/crf_16.mpd,/videos/BigBuckBunny-2160.avi
2299,0.98951,0.19326,0.99853,47.95042,0.99982,0.85441,0.98602,0.99389,0.99673,98.20042,0.92,0.82,0.54,1.04,48.48,48.99,50.8,47.95,0.994,0.994,0.994,0.994,/tmpdir/crf_16.mpd,/videos/BigBuckBunny-2160.avi
2300,0.99041,0.19326,0.99845,47.65519,0.99981,0.84745,0.98493,0.99315,0.99609,98.27898,0.98,0.85,0.55,1.12,48.23,48.83,50.74,47.66,0.994,0.993,0.994,0.994,/tmpdir/crf_16.mpd,/videos/BigBuckBunny-2160.avi
2301,0.9981,0.01462,0.99921,55.79319,0.9999,0.95738,0.99863,0.99939,0.99966,100.0,0.15,0.1,0.09,0.17,56.47,58.14,58.36,55.79,0.998,0.999,0.999,0.998,/tmpdir/crf_16.mpd,/videos/BigBuckBunny-2160.avi
2302,0.99791,0.01462,0.99917,55.36112,0.9999,0.95403,0.99838,0.99927,0.99959,100.0,0.16,0.1,0.1,0.19,56.11,58.04,58.24,55.36,0.998,0.999,0.999,0.998,/tmpdir/crf_16.mpd,/videos/BigBuckBunny-2160.avi
2303,0.99757,0.02309,0.99913,55.06301,0.99989,0.95254,0.99805,0.99907,0.99945,100.0,0.17,0.1,0.1,0.2,55.86,57.99,58.16,55.06,0.998,0.999,0.999,0.998,/tmpdir/crf_16.mpd,/videos/BigBuckBunny-2160.avi
2304,0.99769,0.03033,0.99912,54.96858,0.99988,0.95193,0.99796,0.99902,0.99942,100.0,0.17,0.1,0.1,0.21,55.77,57.96,58.12,54.97,0.998,0.999,0.999,0.998,/tmpdir/crf_16.mpd,/videos/BigBuckBunny-2160.avi
2305,0.99823,0.03828,0.99913,55.05848,0.99989,0.95353,0.99816,0.99914,0.9995,100.0,0.17,0.1,0.1,0.2,55.85,57.98,58.16,55.06,0.998,0.999,0.999,0.998,/tmpdir/crf_16.mpd,/videos/BigBuckBunny-2160.avi
2306,0.99758,0.06352,0.99905,54.75131,0.99985,0.95232,0.99744,0.99866,0.99914,100.0,0.18,0.11,0.11,0.22,55.54,57.67,57.88,54.75,0.998,0.999,0.999,0.998,/tmpdir/crf_16.mpd,/videos/BigBuckBunny-2160.avi
2307,0.99772,0.12739,0.99907,54.76355,0.99987,0.95173,0.99754,0.99879,0.99928,100.0,0.18,0.11,0.11,0.22,55.56,57.7,57.88,54.76,0.998,0.999,0.999,0.998,/tmpdir/crf_16.mpd,/videos/BigBuckBunny-2160.avi
2308,0.99731,0.18116,0.99901,54.38425,0.99985,0.94787,0.99699,0.99852,0.99909,100.0,0.2,0.12,0.12,0.24,55.19,57.37,57.52,54.38,0.998,0.999,0.998,0.998,/tmpdir/crf_16.mpd,/videos/BigBuckBunny-2160.avi
2309,0.99736,0.52176,0.99896,53.97888,0.99987,0.94442,0.99718,0.99869,0.99924,100.0,0.21,0.12,0.12,0.26,54.86,57.34,57.52,53.98,0.998,0.999,0.998,0.997,/tmpdir/crf_16.mpd,/videos/BigBuckBunny-2160.avi
2310,0.99647,0.60095,0.99891,53.67397,0.99984,0.93817,0.99597,0.99803,0.99877,100.0,0.23,0.14,0.13,0.28,54.48,56.68,56.85,53.67,0.998,0.998,0.998,0.997,/tmpdir/crf_16.mpd,/videos/BigBuckBunny-2160.avi
2311,0.99659,0.85618,0.9989,53.56,0.99986,0.93631,0.99618,0.99819,0.99891,100.0,0.24,0.14,0.13,0.29,54.39,56.71,56.87,53.56,0.997,0.998,0.998,0.997,/tmpdir/crf_16.mpd,/videos/BigBuckBunny-2160.avi
2312,0.99633,0.85618,0.99885,53.41154,0.99984,0.93436,0.99568,0.99792,0.99873,100.0,0.24,0.15,0.14,0.3,54.24,56.51,56.7,53.41,0.997,0.998,0.998,0.997,/tmpdir/crf_16.mpd,/videos/BigBuckBunny-2160.avi
2313,0.99733,0.84842,0.99901,54.14554,0.99988,0.94198,0.99742,0.99886,0.99937,100.0,0.21,0.13,0.13,0.25,54.92,57.0,57.16,54.15,0.998,0.998,0.998,0.997,/tmpdir/crf_16.mpd,/videos/BigBuckBunny-2160.avi
2314,0.99625,0.84842,0.99891,53.64696,0.99985,0.93695,0.99613,0.99817,0.9989,100.0,0.23,0.14,0.14,0.28,54.44,56.58,56.73,53.65,0.998,0.998,0.998,0.997,/tmpdir/crf_16.mpd,/videos/BigBuckBunny-2160.avi
2315,0.99679,0.59111,0.99892,53.66902,0.99985,0.93824,0.99654,0.99842,0.99906,100.0,0.23,0.14,0.13,0.28,54.49,56.74,56.9,53.67,0.998,0.998,0.998,0.997,/tmpdir/crf_16.mpd,/videos/BigBuckBunny-2160.avi
2316,0.99666,0.52984,0.99895,53.85726,0.99985,0.94034,0.99658,0.99841,0.99907,100.0,0.22,0.14,0.13,0.27,54.64,56.77,56.9,53.86,0.998,0.998,0.998,0.997,/tmpdir/crf_16.mpd,/videos/BigBuckBunny-2160.avi
2317,0.99749,0.15668,0.9991,54.63208,0.99989,0.94739,0.998,0.99912,0.99951,100.0,0.19,0.13,0.12,0.22,55.33,57.08,57.27,54.63,0.998,0.998,0.998,0.998,/tmpdir/crf_16.mpd,/videos/BigBuckBunny-2160.avi
2318,0.99685,0.15589,0.99899,54.07511,0.99986,0.94271,0.99706,0.99857,0.99915,100.0,0.21,0.13,0.13,0.25,54.85,56.94,57.11,54.08,0.998,0.998,0.998,0.997,/tmpdir/crf_16.mpd,/videos/BigBuckBunny-2160.avi
2319,0.9971,0.09055,0.99902,54.18255,0.99987,0.94324,0.99736,0.99878,0.99932,100.0,0.21,0.13,0.13,0.25,54.94,56.97,57.12,54.18,0.998,0.998,0.998,0.998,/tmpdir/crf_16.mpd,/videos/BigBuckBunny-2160.avi
2320,0.99702,0.09055,0.99901,54.19636,0.99987,0.94323,0.99734,0.99874,0.99924,100.0,0.21,0.13,0.13,0.25,54.95,56.96,57.1,54.2,0.998,0.998,0.998,0.998,/tmpdir/crf_16.mpd,/videos/BigBuckBunny-2160.avi
2321,0.99733,0.05705,0.99906,54.4181,0.99989,0.94515,0.99792,0.9991,0.9995,100.0,0.2,0.13,0.12,0.24,55.16,57.06,57.27,54.42,0.998,0.998,0.998,0.998,/tmpdir/crf_16.mpd,/videos/BigBuckBunny-2160.avi
2322,0.99678,0.05705,0.99901,54.06109,0.99987,0.94118,0.99749,0.99886,0.99936,100.0,0.21,0.13,0.13,0.26,54.85,57.0,57.15,54.06,0.998,0.998,0.998,0.997,/tmpdir/crf_16.mpd,/videos/BigBuckBunny-2160.avi
2323,0.99681,0.03456,0.99902,54.06415,0.99987,0.94106,0.99753,0.99889,0.99937,100.0,0.21,0.13,0.13,0.26,54.86,57.01,57.15,54.06,0.998,0.998,0.998,0.997,/tmpdir/crf_16.mpd,/videos/BigBuckBunny-2160.avi
2324,0.99667,0.03456,0.99901,54.04017,0.99987,0.9406,0.99754,0.9989,0.99939,99.99283,0.21,0.13,0.13,0.26,54.84,57.0,57.14,54.04,0.998,0.998,0.998,0.997,/tmpdir/crf_16.mpd,/videos/BigBuckBunny-2160.avi
2325,0.99699,0.02744,0.99905,54.17626,0.99989,0.94147,0.99783,0.99907,0.9995,100.0,0.21,0.13,0.12,0.25,54.95,57.03,57.18,54.18,0.998,0.998,0.998,0.997,/tmpdir/crf_16.mpd,/videos/BigBuckBunny-2160.avi
2326,0.99642,0.02744,0.999,53.8877,0.99987,0.93846,0.99747,0.99883,0.99932,99.93055,0.22,0.13,0.13,0.27,54.71,56.97,57.12,53.89,0.998,0.998,0.998,0.997,/tmpdir/crf_16.mpd,/videos/BigBuckBunny-2160.avi
2327,0.99634,0.04567,0.99898,53.69921,0.99987,0.93535,0.99743,0.99886,0.99937,99.91649,0.23,0.13,0.13,0.28,54.55,56.96,57.08,53.7,0.998,0.998,0.998,0.997,/tmpdir/crf_16.mpd,/videos/BigBuckBunny-2160.avi
2328,0.99714,0.04567,0.99902,54.23647,0.99987,0.94421,0.99736,0.99877,0.99927,100.0,0.21,0.13,0.13,0.25,54.98,56.96,57.09,54.24,0.998,0.998,0.998,0.998,/tmpdir/crf_16.mpd,/videos/BigBuckBunny-2160.avi
2329,0.99735,0.1128,0.99905,54.37664,0.99988,0.94595,0.99767,0.99894,0.99941,100.0,0.2,0.13,0.12,0.24,55.12,57.04,57.21,54.38,0.998,0.998,0.998,0.998,/tmpdir/crf_16.mpd,/videos/BigBuckBunny-2160.avi
2330,0.99682,0.13345,0.99901,54.21238,0.99986,0.94424,0.99712,0.99861,0.99917,100.0,0.21,0.14,0.13,0.25,54.93,56.8,56.89,54.21,0.998,0.998,0.998,0.998,/tmpdir/crf_16.mpd,/videos/BigBuckBunny-2160.avi
2331,0.99693,0.16926,0.99902,54.23596,0.99987,0.94409,0.99718,0.99869,0.99925,100.0,0.21,0.13,0.13,0.25,54.96,56.83,56.97,54.24,0.998,0.998,0.998,0.998,/tmpdir/crf_16.mpd,/videos/BigBuckBunny-2160.avi
2332,0.99676,0.16926,0.999,54.12616,0.99986,0.94297,0.99702,0.9986,0.99919,100.0,0.21,0.14,0.14,0.25,54.84,56.73,56.82,54.13,0.998,0.998,0.998,0.998,/tmpdir/crf_16.mpd,/videos/BigBuckBunny-2160.avi
2333,0.99715,0.1007,0.99902,54.14841,0.99988,0.94328,0.99751,0.99887,0.99936,100.0,0.21,0.13,0.13,0.25,54.9,56.89,57.08,54.15,0.998,0.998,0.998,0.997,/tmpdir/crf_16.mpd,/videos/BigBuckBunny-2160.avi
2334,0.99668,0.1007,0.99895,53.81178,0.99985,0.93988,0.99689,0.99855,0.99914,99.99498,0.23,0.14,0.14,0.27,54.58,56.67,56.79,53.81,0.998,0.998,0.998,0.997,/tmpdir/crf_16.mpd,/videos/BigBuckBunny-2160.avi
2335,0.99682,0.1256,0.99896,53.86134,0.99986,0.94044,0.99694,0.99861,0.99923,100.0,0.22,0.14,0.13,0.27,54.64,56.71,56.87,53.86,0.998,0.998,0.998,0.997,/tmpdir/crf_16.mpd,/videos/BigBuckBunny-2160.avi
2336,0.99658,0.32023,0.99894,53.80349,0.99985,0.94028,0.99665,0.99843,0.99909,100.0,0.23,0.14,0.14,0.27,54.57,56.61,56.74,53.8,0.998,0.998,0.998,0.997,/tmpdir/crf_16.mpd,/videos/BigBuckBunny-2160.avi
2337,0.9971,0.70978,0.99898,53.96652,0.99987,0.94185,0.99722,0.99876,0.9993,100.0,0.22,0.14,0.13,0.26,54.73,56.8,56.92,53.97,0.998,0.998,0.998,0.997,/tmpdir/crf_16.mpd,/videos/BigBuckBunny-2160.avi
2338,0.99649,0.71616,0.99891,53.69557,0.99985,0.93835,0.9962,0.99819,0.99893,100.0,0.23,0.15,0.14,0.28,54.45,56.47,56.61,53.7,0.998,0.998,0.998,0.997,/tmpdir/crf_16.mpd,/videos/BigBuckBunny-2160.avi
2339,0.99681,0.95451,0.99893,53.7709,0.99986,0.93868,0.99638,0.99831,0.99902,100.0,0.23,0.14,0.14,0.27,54.53,56.56,56.66,53.77,0.998,0.998,0.998,0.997,/tmpdir/crf_16.mpd,/videos/BigBuckBunny-2160.avi
2340,0.99648,0.95451,0.99893,53.76928,0.99985,0.93891,0.99608,0.99816,0.99893,100.0,0.23,0.15,0.14,0.27,54.51,56.49,56.56,53.77,0.998,0.998,0.998,0.997,/tmpdir/crf_16.mpd,/videos/BigBuckBunny-2160.avi
2341,0.99748,0.82838,0.99906,54.46412,0.99988,0.94606,0.99767,0.99897,0.99942,100.0,0.2,0.13,0.13,0.23,55.16,56.91,57.08,54.46,0.998,0.998,0.998,0.998,/tmpdir/crf_16.mpd,/videos/BigBuckBunny-2160.avi
2342,0.99659,0.82838,0.99897,54.01131,0.99985,0.94246,0.99652,0.99833,0.99899,100.0,0.22,0.14,0.14,0.26,54.75,56.68,56.8,54.01,0.998,0.998,0.998,0.998,/tmpdir/crf_16.mpd,/videos/BigBuckBunny-2160.avi
2343,0.99683,0.30274,0.99899,54.11849,0.99986,0.94381,0.99691,0.99854,0.99913,100.0,0.21,0.13,0.13,0.25,54.87,56.85,56.96,54.12,0.998,0.998,0.998,0.998,/tmpdir/crf_16.mpd,/videos/BigBuckBunny-2160.avi
2344,0.99675,0.18657,0.99902,54.30517,0.99987,0.94545,0.99704,0.99858,0.99914,100.0,0.21,0.13,0.13,0.24,55.01,56.86,56.94,54.31,0.998,0.998,0.998,0.998,/tmpdir/crf_16.mpd,/videos/BigBuckBunny-2160.avi
2345,0.99756,0.07742,0.9991,54.66163,0.99989,0.94711,0.99806,0.99913,0.9995,100.0,0.19,0.13,0.12,0.22,55.35,57.07,57.26,54.66,0.998,0.998,0.998,0.998,/tmpdir/crf_16.mpd,/videos/BigBuckBunny-2160.avi
2346,0.99678,0.07742,0.99903,54.23714,0.99987,0.94278,0.99734,0.99874,0.99925,100.0,0.21,0.13,0.13,0.25,54.99,56.98,57.13,54.24,0.998,0.998,0.998,0.998,/tmpdir/crf_16.mpd,/videos/BigBuckBunny-2160.avi
2347,0.99704,0.09054,0.99904,54.34431,0.99987,0.94438,0.99741,0.99877,0.99928,100.0,0.2,0.13,0.13,0.24,55.07,56.97,57.14,54.34,0.998,0.998,0.998,0.998,/tmpdir/crf_16.mpd,/videos/BigBuckBunny-2160.avi
2348,0.99678,0.09054,0.99905,54.39364,0.99987,0.94534,0.99742,0.9988,0.9993,100.0,0.2,0.13,0.13,0.24,55.1,56.93,57.06,54.39,0.998,0.998,0.998,0.998,/tmpdir/crf_16.mpd,/videos/BigBuckBunny-2160.avi
2349,0.99739,0.09365,0.99909,54.6824,0.99989,0.94815,0.99804,0.99915,0.99954,100.0,0.19,0.13,0.12,0.22,55.37,57.11,57.31,54.68,0.998,0.998,0.998,0.998,/tmpdir/crf_16.mpd,/videos/BigBuckBunny-2160.avi
2350,0.99679,0.09365,0.99905,54.4627,0.99987,0.94645,0.9974,0.99874,0.99924,100.0,0.2,0.13,0.13,0.23,55.17,56.98,57.11,54.46,0.998,0.998,0.998,0.998,/tmpdir/crf_16.mpd,/videos/BigBuckBunny-2160.avi
2351,0.99702,0.09488,0.99906,54.51754,0.99988,0.94688,0.99751,0.99884,0.99934,100.0,0.2,0.13,0.13,0.23,55.21,56.99,57.16,54.52,0.998,0.998,0.998,0.998,/tmpdir/crf_16.mpd,/videos/BigBuckBunny-2160.avi
2352,0.99691,0.09488,0.99906,54.50549,0.99988,0.94657,0.9975,0.99883,0.99933,100.0,0.2,0.13,0.13,0.23,55.2,56.96,57.1,54.51,0.998,0.998,0.998,0.998,/tmpdir/crf_16.mpd,/videos/BigBuckBunny-2160.avi
2353,0.99754,0.05684,0.99909,54.71314,0.99989,0.94819,0.99804,0.99916,0.99955,100.0,0.19,0.13,0.12,0.22,55.4,57.13,57.36,54.71,0.998,0.998,0.998,0.998,/tmpdir/crf_16.mpd,/videos/BigBuckBunny-2160.avi
2354,0.99704,0.05684,0.99905,54.48,0.99987,0.94626,0.99755,0.99882,0.99927,100.0,0.2,0.13,0.12,0.23,55.19,57.01,57.17,54.48,0.998,0.998,0.998,0.998,/tmpdir/crf_16.mpd,/videos/BigBuckBunny-2160.avi
2355,0.99707,0.04019,0.99906,54.49593,0.99988,0.94548,0.99767,0.99893,0.99939,100.0,0.2,0.13,0.12,0.23,55.21,57.03,57.19,54.5,0.998,0.998,0.998,0.998,/tmpdir/crf_16.mpd,/videos/BigBuckBunny-2160.avi
2356,0.9971,0.04019,0.99906,54.42334,0.99988,0.94465,0.99764,0.99892,0.99937,100.0,0.2,0.13,0.12,0.23,55.15,57.03,57.18,54.42,0.998,0.998,0.998,0.998,/tmpdir/crf_16.mpd,/videos/BigBuckBunny-2160.avi
2357,0.99734,0.04156,0.99909,54.58272,0.99989,0.94558,0.99801,0.99915,0.99954,100.0,0.19,0.13,0.12,0.23,55.29,57.12,57.3,54.58,0.998,0.998,0.998,0.998,/tmpdir/crf_16.mpd,/videos/BigBuckBunny-2160.avi
2358,0.99686,0.04492,0.99903,54.22832,0.99986,0.94327,0.99754,0.99881,0.99927,100.0,0.21,0.13,0.12,0.25,55.0,57.06,57.24,54.23,0.998,0.998,0.998,0.998,/tmpdir/crf_16.mpd,/videos/BigBuckBunny-2160.avi
2359,0.99692,0.03946,0.99906,54.34531,0.99988,0.94354,0.99771,0.99898,0.99945,100.0,0.2,0.13,0.12,0.24,55.09,57.06,57.23,54.35,0.998,0.998,0.998,0.998,/tmpdir/crf_16.mpd,/videos/BigBuckBunny-2160.avi
2360,0.99659,0.03946,0.99904,54.1285,0.99986,0.94225,0.99759,0.9989,0.99934,99.98439,0.21,0.13,0.12,0.25,54.92,57.05,57.23,54.13,0.998,0.998,0.998,0.998,/tmpdir/crf_16.mpd,/videos/BigBuckBunny-2160.avi
2361,0.99702,0.0345,0.99908,54.4444,0.99989,0.9441,0.99797,0.99913,0.99953,100.0,0.2,0.13,0.12,0.23,55.18,57.08,57.25,54.44,0.998,0.998,0.998,0.998,/tmpdir/crf_16.mpd,/videos/BigBuckBunny-2160.avi
2362,0.99677,0.0345,0.99905,54.18013,0.99987,0.94282,0.99771,0.99896,0.99941,100.0,0.21,0.13,0.12,0.25,54.96,57.06,57.24,54.18,0.998,0.998,0.998,0.998,/tmpdir/crf_16.mpd,/videos/BigBuckBunny-2160.avi
2363,0.99669,0.01184,0.99907,54.3701,0.99989,0.94354,0.99783,0.99904,0.99948,100.0,0.2,0.13,0.12,0.24,55.12,57.07,57.24,54.37,0.998,0.998,0.998,0.998,/tmpdir/crf_16.mpd,/videos/BigBuckBunny-2160.avi
2364,0.99667,0.01184,0.99907,54.34287,0.99989,0.94332,0.99779,0.99902,0.99945,99.99951,0.2,0.13,0.12,0.24,55.09,57.06,57.23,54.34,0.998,0.998,0.998,0.998,/tmpdir/crf_16.mpd,/videos/BigBuckBunny-2160.avi
2365,0.99689,0.0178,0.99907,54.34515,0.99989,0.94341,0.99785,0.99907,0.9995,100.0,0.2,0.13,0.12,0.24,55.1,57.07,57.23,54.35,0.998,0.998,0.998,0.998,/tmpdir/crf_16.mpd,/videos/BigBuckBunny-2160.avi
2366,0.99651,0.01801,0.99906,54.24435,0.99988,0.94261,0.99767,0.99896,0.99943,99.9683,0.21,0.13,0.12,0.24,55.01,57.03,57.18,54.24,0.998,0.998,0.998,0.998,/tmpdir/crf_16.mpd,/videos/BigBuckBunny-2160.avi
2367,0.99653,0.03143,0.99904,54.18848,0.99988,0.94267,0.99762,0.99895,0.99944,99.97786,0.21,0.13,0.13,0.25,54.95,57.0,57.12,54.19,0.998,0.998,0.998,0.998,/tmpdir/crf_16.mpd,/videos/BigBuckBunny-2160.avi
2368,0.99651,0.03386,0.99903,54.13668,0.99987,0.94334,0.99737,0.99878,0.99931,99.96484,0.21,0.13,0.13,0.25,54.9,56.96,57.08,54.14,0.998,0.998,0.998,0.998,/tmpdir/crf_16.mpd,/videos/BigBuckBunny-2160.avi
2369,0.99756,0.17142,0.99902,54.27332,0.99987,0.94771,0.99745,0.99886,0.99938,100.0,0.2,0.13,0.13,0.24,55.02,56.99,57.13,54.27,0.998,0.998,0.998,0.998,/tmpdir/crf_16.mpd,/videos/BigBuckBunny-2160.avi
2370,0.9964,0.50616,0.99895,53.86248,0.99985,0.94202,0.99649,0.9984,0.9991,100.0,0.22,0.14,0.14,0.27,54.61,56.61,56.72,53.86,0.998,0.998,0.998,0.997,/tmpdir/crf_16.mpd,/videos/BigBuckBunny-2160.avi
2371,0.99676,1.31992,0.99893,53.80628,0.99986,0.94039,0.99641,0.99834,0.99908,100.0,0.23,0.14,0.14,0.27,54.56,56.57,56.71,53.81,0.998,0.998,0.998,0.997,/tmpdir/crf_16.mpd,/videos/BigBuckBunny-2160.avi
2372,0.99674,1.31992,0.9989,53.62682,0.99985,0.93818,0.99596,0.99811,0.9989,100.0,0.24,0.15,0.14,0.28,54.39,56.39,56.56,53.63,0.998,0.998,0.998,0.997,/tmpdir/crf_16.mpd,/videos/BigBuckBunny-2160.avi
2373,0.99716,1.33974,0.99897,53.95921,0.99987,0.94052,0.9969,0.99859,0.99919,100.0,0.22,0.14,0.13,0.26,54.71,56.69,56.9,53.96,0.998,0.998,0.998,0.997,/tmpdir/crf_16.mpd,/videos/BigBuckBunny-2160.avi
2374,0.99651,1.33974,0.99891,53.61204,0.99986,0.93768,0.99625,0.99827,0.99903,100.0,0.24,0.14,0.14,0.28,54.4,56.52,56.67,53.61,0.998,0.998,0.998,0.997,/tmpdir/crf_16.mpd,/videos/BigBuckBunny-2160.avi
2375,0.99648,0.28032,0.99891,53.51845,0.99985,0.93795,0.9964,0.99838,0.99907,100.0,0.24,0.14,0.14,0.29,54.34,56.59,56.76,53.52,0.998,0.998,0.998,0.997,/tmpdir/crf_16.mpd,/videos/BigBuckBunny-2160.avi
2376,0.99692,0.28032,0.99899,53.83273,0.99988,0.93854,0.99729,0.99881,0.99934,100.0,0.22,0.14,0.13,0.27,54.63,56.75,56.95,53.83,0.998,0.998,0.998,0.997,/tmpdir/crf_16.mpd,/videos/BigBuckBunny-2160.avi
2377,0.99788,0.31185,0.99917,55.36785,0.9999,0.9541,0.99832,0.99924,0.99957,100.0,0.16,0.11,0.11,0.19,56.04,57.75,57.9,55.37,0.998,0.999,0.999,0.998,/tmpdir/crf_16.mpd,/videos/BigBuckBunny-2160.avi
2378,0.99686,0.31185,0.99901,54.30518,0.99985,0.94596,0.99694,0.99851,0.99909,100.0,0.2,0.12,0.12,0.24,55.11,57.34,57.45,54.31,0.998,0.999,0.998,0.998,/tmpdir/crf_16.mpd,/videos/BigBuckBunny-2160.avi
2379,0.99691,0.32717,0.99902,54.19352,0.99987,0.94435,0.99703,0.99866,0.99926,100.0,0.21,0.12,0.12,0.25,55.0,57.26,57.32,54.19,0.998,0.999,0.998,0.998,/tmpdir/crf_16.mpd,/videos/BigBuckBunny-2160.avi
2380,0.99647,0.32717,0.99898,54.05181,0.99986,0.94308,0.99678,0.99852,0.99915,100.0,0.21,0.13,0.13,0.26,54.86,57.11,57.14,54.05,0.998,0.999,0.998,0.997,/tmpdir/crf_16.mpd,/videos/BigBuckBunny-2160.avi
2381,0.99723,0.37328,0.99901,54.14923,0.99988,0.9443,0.99746,0.99889,0.99941,100.0,0.21,0.12,0.12,0.25,54.96,57.19,57.32,54.15,0.998,0.999,0.998,0.997,/tmpdir/crf_16.mpd,/videos/BigBuckBunny-2160.avi
2382,0.99644,0.37328,0.99895,53.90098,0.99985,0.94156,0.99657,0.99839,0.99908,100.0,0.22,0.13,0.13,0.26,54.71,56.94,57.06,53.9,0.998,0.998,0.998,0.997,/tmpdir/crf_16.mpd,/videos/BigBuckBunny-2160.avi
2383,0.99678,0.48963,0.99896,53.89605,0.99986,0.94119,0.99683,0.99859,0.99922,100.0,0.22,0.13,0.13,0.27,54.71,56.95,57.09,53.9,0.998,0.998,0.998,0.997,/tmpdir/crf_16.mpd,/videos/BigBuckBunny-2160.avi
2384,0.99661,0.48963,0.99892,53.74274,0.99985,0.94,0.99646,0.99838,0.99909,100.0,0.23,0.13,0.13,0.27,54.56,56.87,56.94,53.74,0.998,0.998,0.998,0.997,/tmpdir/crf_16.mpd,/videos/BigBuckBunny-2160.avi
2385,0.99713,0.61211,0.99896,53.91012,0.99987,0.94191,0.99725,0.99879,0.99934,100.0,0.22,0.13,0.13,0.26,54.73,56.99,57.14,53.91,0.998,0.998,0.998,0.997,/tmpdir/crf_16.mpd,/videos/BigBuckBunny-2160.avi
2386,0.99654,0.61211,0.99889,53.61932,0.99984,0.9389,0.99624,0.99827,0.99903,100.0,0.23,0.14,0.13,0.28,54.44,56.72,56.87,53.62,0.998,0.998,0.998,0.997,/tmpdir/crf_16.mpd,/videos/BigBuckBunny-2160.avi
2387,0.99662,0.93279,0.99891,53.61571,0.99986,0.9387,0.99635,0.99831,0.99903,100.0,0.23,0.14,0.13,0.28,54.43,56.68,56.83,53.62,0.998,0.998,0.998,0.997,/tmpdir/crf_16.mpd,/videos/BigBuckBunny-2160.avi
2388,0.99615,0.93279,0.99888,53.49314,0.99984,0.93724,0.99571,0.99792,0.99874,100.0,0.24,0.15,0.14,0.29,54.3,56.51,56.67,53.49,0.998,0.998,0.998,0.997,/tmpdir/crf_16.mpd,/videos/BigBuckBunny-2160.avi
2389,0.99664,1.0803,0.99894,53.74964,0.99987,0.93902,0.99685,0.99859,0.99921,100.0,0.23,0.14,0.13,0.27,54.54,56.65,56.86,53.75,0.998,0.998,0.998,0.997,/tmpdir/crf_16.mpd,/videos/BigBuckBunny-2160.avi
2390,0.99583,1.0803,0.99885,53.33776,0.99984,0.93513,0.99557,0.99791,0.99875,100.0,0.25,0.15,0.15,0.3,54.14,56.28,56.48,53.34,0.997,0.998,0.998,0.997,/tmpdir/crf_16.mpd,/videos/BigBuckBunny-2160.avi
2391,0.99596,1.04567,0.99888,53.36495,0.99985,0.93464,0.9961,0.99824,0.99899,100.0,0.25,0.15,0.15,0.3,54.15,56.23,56.43,53.36,0.997,0.998,0.998,0.997,/tmpdir/crf_16.mpd,/videos/BigBuckBunny-2160.avi
2392,0.99528,1.04567,0.99884,53.25774,0.99984,0.93392,0.99541,0.99784,0.99873,100.0,0.26,0.16,0.15,0.31,54.03,56.05,56.3,53.26,0.997,0.998,0.998,0.997,/tmpdir/crf_16.mpd,/videos/BigBuckBunny-2160.avi
2393,0.9963,0.96415,0.99894,53.57624,0.99987,0.93634,0.99657,0.99849,0.99915,100.0,0.24,0.15,0.14,0.29,54.34,56.33,56.54,53.58,0.998,0.998,0.998,0.997,/tmpdir/crf_16.mpd,/videos/BigBuckBunny-2160.avi
2394,0.99559,0.96415,0.99881,53.01427,0.99984,0.93103,0.99524,0.99777,0.9987,100.0,0.27,0.16,0.16,0.32,53.82,55.97,56.19,53.01,0.997,0.998,0.998,0.997,/tmpdir/crf_16.mpd,/videos/BigBuckBunny-2160.avi
2395,0.99557,0.95499,0.99886,53.13239,0.99986,0.93127,0.99578,0.9981,0.99892,100.0,0.26,0.17,0.16,0.32,53.91,55.95,56.17,53.13,0.997,0.998,0.998,0.997,/tmpdir/crf_16.mpd,/videos/BigBuckBunny-2160.avi
2396,0.99493,0.95499,0.9988,52.91798,0.99984,0.92957,0.99513,0.99777,0.99873,99.98935,0.28,0.17,0.16,0.33,53.71,55.8,56.08,52.92,0.997,0.998,0.998,0.997,/tmpdir/crf_16.mpd,/videos/BigBuckBunny-2160.avi
2397,0.99592,1.00988,0.99893,53.45497,0.99987,0.93534,0.99645,0.9984,0.99908,100.0,0.25,0.16,0.15,0.29,54.21,56.12,56.43,53.45,0.997,0.998,0.998,0.997,/tmpdir/crf_16.mpd,/videos/BigBuckBunny-2160.avi
2398,0.99508,1.00988,0.99882,52.99574,0.99984,0.93169,0.99524,0.9978,0.9987,100.0,0.27,0.17,0.16,0.33,53.79,55.86,56.17,53.0,0.997,0.998,0.998,0.997,/tmpdir/crf_16.mpd,/videos/BigBuckBunny-2160.avi
2399,0.9954,1.31721,0.99887,53.21402,0.99985,0.93442,0.9957,0.99805,0.99889,100.0,0.26,0.17,0.15,0.31,53.97,55.89,56.23,53.21,0.997,0.998,0.998,0.997,/tmpdir/crf_16.mpd,/videos/BigBuckBunny-2160.avi
2400,0.99524,1.31721,0.99883,53.1044,0.99984,0.93452,0.99505,0.99769,0.99866,100.0,0.27,0.17,0.16,0.32,53.86,55.75,56.13,53.1,0.997,0.998,0.998,0.997,/tmpdir/crf_16.mpd,/videos/BigBuckBunny-2160.avi
2401,0.99658,1.94926,0.99896,53.75094,0.99987,0.94079,0.99642,0.99842,0.99913,100.0,0.23,0.16,0.14,0.27,54.46,56.18,56.54,53.75,0.998,0.998,0.998,0.997,/tmpdir/crf_16.mpd,/videos/BigBuckBunny-2160.avi
2402,0.9957,1.94926,0.99887,53.40474,0.99983,0.93935,0.99506,0.99763,0.99859,100.0,0.25,0.17,0.15,0.3,54.12,55.85,56.23,53.4,0.998,0.998,0.998,0.997,/tmpdir/crf_16.mpd,/videos/BigBuckBunny-2160.avi
2403,0.9961,2.17135,0.99892,53.58703,0.99985,0.94123,0.99564,0.99796,0.99883,100.0,0.24,0.17,0.15,0.28,54.28,55.92,56.32,53.59,0.998,0.998,0.998,0.997,/tmpdir/crf_16.mpd,/videos/BigBuckBunny-2160.avi
2404,0.99593,2.17135,0.99889,53.45367,0.99983,0.94043,0.99503,0.99757,0.99855,100.0,0.25,0.17,0.15,0.29,54.15,55.81,56.24,53.45,0.998,0.998,0.998,0.997,/tmpdir/crf_16.mpd,/videos/BigBuckBunny-2160.avi
2405,0.99729,2.15837,0.99898,53.93801,0.99987,0.94312,0.99644,0.99839,0.99912,100.0,0.23,0.16,0.14,0.26,54.6,56.13,56.59,53.94,0.998,0.998,0.998,0.998,/tmpdir/crf_16.mpd,/videos/BigBuckBunny-2160.avi
2406,0.99607,2.15837,0.9989,53.49295,0.99983,0.9407,0.99498,0.99751,0.99849,100.0,0.25,0.17,0.15,0.29,54.18,55.78,56.28,53.49,0.998,0.998,0.998,0.997,/tmpdir/crf_16.mpd,/videos/BigBuckBunny-2160.avi
2407,0.99654,2.29545,0.99893,53.60732,0.99985,0.94059,0.99554,0.99789,0.99877,100.0,0.24,0.17,0.15,0.28,54.26,55.74,56.23,53.61,0.998,0.998,0.998,0.997,/tmpdir/crf_16.mpd,/videos/BigBuckBunny-2160.avi
2408,0.99616,2.29545,0.99889,53.41459,0.99983,0.93919,0.99488,0.99749,0.9985,100.0,0.25,0.18,0.16,0.3,54.07,55.56,56.04,53.41,0.998,0.998,0.998,0.997,/tmpdir/crf_16.mpd,/videos/BigBuckBunny-2160.avi
2409,0.99686,2.09865,0.99899,53.84,0.99987,0.94166,0.99623,0.99828,0.99905,100.0,0.23,0.17,0.15,0.27,54.47,55.91,56.33,53.84,0.998,0.998,0.998,0.998,/tmpdir/crf_16.mpd,/videos/BigBuckBunny-2160.avi
2410,0.99567,2.09865,0.99889,53.34278,0.99984,0.93845,0.99488,0.99753,0.99851,100.0,0.26,0.18,0.17,0.3,54.0,55.54,55.94,53.34,0.998,0.998,0.998,0.997,/tmpdir/crf_16.mpd,/videos/BigBuckBunny-2160.avi
2411,0.99611,2.04556,0.99893,53.44641,0.99985,0.93862,0.99547,0.99791,0.99882,100.0,0.25,0.18,0.16,0.29,54.09,55.54,55.97,53.45,0.998,0.998,0.998,0.997,/tmpdir/crf_16.mpd,/videos/BigBuckBunny-2160.avi
2412,0.99515,2.04556,0.99889,53.16932,0.99984,0.93673,0.99481,0.99756,0.99858,100.0,0.27,0.19,0.17,0.31,53.84,55.4,55.8,53.17,0.997,0.998,0.998,0.997,/tmpdir/crf_16.mpd,/videos/BigBuckBunny-2160.avi
2413,0.99646,1.98883,0.99899,53.62874,0.99987,0.93919,0.99612,0.99826,0.99903,100.0,0.24,0.17,0.16,0.28,54.28,55.75,56.21,53.63,0.998,0.998,0.998,0.998,/tmpdir/crf_16.mpd,/videos/BigBuckBunny-2160.avi
2414,0.99422,1.98883,0.99889,53.00558,0.99984,0.9345,0.99438,0.99726,0.99833,100.0,0.28,0.19,0.17,0.33,53.7,55.33,55.74,53.01,0.997,0.998,0.998,0.997,/tmpdir/crf_16.mpd,/videos/BigBuckBunny-2160.avi
2415,0.9949,2.09772,0.99893,53.1596,0.99985,0.93539,0.99513,0.99774,0.99875,100.0,0.27,0.19,0.17,0.31,53.82,55.37,55.74,53.16,0.997,0.998,0.998,0.997,/tmpdir/crf_16.mpd,/videos/BigBuckBunny-2160.avi
2416,0.9946,2.09772,0.99888,52.95558,0.99984,0.93418,0.99425,0.99715,0.99827,100.0,0.28,0.19,0.18,0.33,53.65,55.28,55.69,52.96,0.997,0.998,0.998,0.997,/tmpdir/crf_16.mpd,/videos/BigBuckBunny-2160.avi
2417,0.99639,2.20356,0.99899,53.57381,0.99987,0.93881,0.99599,0.99815,0.99896,100.0,0.25,0.18,0.16,0.29,54.21,55.63,56.06,53.57,0.998,0.998,0.998,0.998,/tmpdir/crf_16.mpd,/videos/BigBuckBunny-2160.avi
2418,0.99415,2.20356,0.9989,53.06096,0.99984,0.93543,0.99432,0.99715,0.99828,100.0,0.28,0.19,0.17,0.32,53.73,55.26,55.72,53.06,0.997,0.998,0.998,0.997,/tmpdir/crf_16.mpd,/videos/BigBuckBunny-2160.avi
2419,0.99479,2.26754,0.99894,53.26005,0.99985,0.93657,0.99512,0.99769,0.99866,100.0,0.27,0.19,0.17,0.31,53.89,55.27,55.77,53.26,0.997,0.998,0.998,0.997,/tmpdir/crf_16.mpd,/videos/BigBuckBunny-2160.avi
2420,0.99349,2.26754,0.99891,53.06508,0.99984,0.93537,0.99453,0.99734,0.99839,100.0,0.28,0.2,0.18,0.32,53.72,55.19,55.68,53.07,0.997,0.998,0.998,0.997,/tmpdir/crf_16.mpd,/videos/BigBuckBunny-2160.avi
2421,0.99572,2.2476,0.99901,53.65134,0.99987,0.93935,0.9962,0.99825,0.99901,100.0,0.24,0.18,0.16,0.28,54.26,55.55,56.07,53.65,0.998,0.998,0.998,0.998,/tmpdir/crf_16.mpd,/videos/BigBuckBunny-2160.avi
2422,0.99387,2.2476,0.99891,53.12888,0.99984,0.93541,0.99477,0.99745,0.99848,100.0,0.27,0.19,0.17,0.32,53.78,55.24,55.72,53.13,0.997,0.998,0.998,0.997,/tmpdir/crf_16.mpd,/videos/BigBuckBunny-2160.avi
2423,0.99449,2.32346,0.99895,53.36595,0.99985,0.93705,0.99544,0.99783,0.99874,100.0,0.26,0.2,0.17,0.3,53.96,55.22,55.77,53.37,0.998,0.998,0.998,0.997,/tmpdir/crf_16.mpd,/videos/BigBuckBunny-2160.avi
2424,0.99425,2.32346,0.99891,53.14789,0.99984,0.93555,0.99474,0.99743,0.99848,100.0,0.27,0.2,0.17,0.31,53.78,55.11,55.71,53.15,0.997,0.998,0.998,0.997,/tmpdir/crf_16.mpd,/videos/BigBuckBunny-2160.avi
2425,0.99577,2.27877,0.99901,53.75808,0.99987,0.93999,0.99648,0.9984,0.9991,100.0,0.24,0.18,0.16,0.27,54.33,55.48,56.08,53.76,0.998,0.998,0.998,0.998,/tmpdir/crf_16.mpd,/videos/BigBuckBunny-2160.avi
2426,0.99396,2.27877,0.9989,53.18382,0.99983,0.93532,0.99482,0.99745,0.99846,100.0,0.27,0.2,0.17,0.31,53.81,55.16,55.73,53.18,0.997,0.998,0.998,0.997,/tmpdir/crf_16.mpd,/videos/BigBuckBunny-2160.avi
2427,0.99478,1.90586,0.99894,53.32554,0.99985,0.93558,0.99557,0.99795,0.99884,100.0,0.26,0.2,0.17,0.3,53.94,55.23,55.81,53.33,0.997,0.998,0.998,0.997,/tmpdir/crf_16.mpd,/videos/BigBuckBunny-2160.avi
2428,0.99428,1.90586,0.99887,53.04758,0.99983,0.93277,0.99471,0.99746,0.99848,100.0,0.28,0.2,0.17,0.32,53.72,55.2,55.77,53.05,0.997,0.998,0.998,0.997,/tmpdir/crf_16.mpd,/videos/BigBuckBunny-2160.avi
2429,0.99577,1.58631,0.99899,53.69371,0.99986,0.93811,0.99647,0.99842,0.99911,100.0,0.24,0.18,0.16,0.28,54.29,55.53,56.1,53.69,0.998,0.998,0.998,0.997,/tmpdir/crf_16.mpd,/videos/BigBuckBunny-2160.avi
2430,0.99513,1.58631,0.9989,53.1956,0.99984,0.93515,0.99501,0.99765,0.99863,100.0,0.27,0.19,0.17,0.31,53.85,55.31,55.84,53.2,0.997,0.998,0.998,0.997,/tmpdir/crf_16.mpd,/videos/BigBuckBunny-2160.avi
2431,0.995,1.48024,0.99895,53.37658,0.99985,0.93677,0.99568,0.99803,0.99887,100.0,0.26,0.19,0.16,0.3,54.01,55.35,55.96,53.38,0.998,0.998,0.998,0.997,/tmpdir/crf_16.mpd,/videos/BigBuckBunny-2160.avi
2432,0.99495,1.48024,0.99893,53.20101,0.99984,0.93572,0.99517,0.99775,0.9987,100.0,0.27,0.19,0.17,0.31,53.86,55.3,55.89,53.2,0.997,0.998,0.998,0.997,/tmpdir/crf_16.mpd,/videos/BigBuckBunny-2160.avi
2433,0.99586,1.23046,0.999,53.67913,0.99987,0.93861,0.9965,0.99846,0.99916,100.0,0.24,0.18,0.16,0.28,54.31,55.68,56.19,53.68,0.998,0.998,0.998,0.997,/tmpdir/crf_16.mpd,/videos/BigBuckBunny-2160.avi
2434,0.99613,1.23046,0.99892,53.20021,0.99985,0.93476,0.99539,0.99782,0.99874,100.0,0.27,0.18,0.17,0.31,53.89,55.48,55.94,53.2,0.997,0.998,0.998,0.997,/tmpdir/crf_16.mpd,/videos/BigBuckBunny-2160.avi
2435,0.9964,1.02898,0.99896,53.35374,0.99986,0.93571,0.99599,0.99814,0.99895,100.0,0.26,0.18,0.16,0.3,54.01,55.48,55.97,53.35,0.997,0.998,0.998,0.997,/tmpdir/crf_16.mpd,/videos/BigBuckBunny-2160.avi
2436,0.99616,1.02898,0.99892,53.28202,0.99985,0.93515,0.99548,0.99789,0.99878,100.0,0.26,0.19,0.17,0.31,53.95,55.45,55.94,53.28,0.997,0.998,0.998,0.997,/tmpdir/crf_16.mpd,/videos/BigBuckBunny-2160.avi
2437,0.99678,0.90477,0.99901,53.87544,0.99987,0.9402,0.99679,0.99859,0.99922,100.0,0.23,0.17,0.15,0.27,54.49,55.88,56.29,53.88,0.998,0.998,0.998,0.998,/tmpdir/crf_16.mpd,/videos/BigBuckBunny-2160.avi
2438,0.99611,0.90477,0.99895,53.48559,0.99984,0.93743,0.99561,0.9979,0.99871,100.0,0.25,0.18,0.16,0.29,54.13,55.62,56.03,53.49,0.998,0.998,0.998,0.997,/tmpdir/crf_16.mpd,/videos/BigBuckBunny-2160.avi
2439,0.99632,0.88223,0.999,53.83513,0.99986,0.94054,0.99637,0.99834,0.99905,100.0,0.23,0.17,0.16,0.27,54.43,55.74,56.13,53.84,0.998,0.998,0.998,0.998,/tmpdir/crf_16.mpd,/videos/BigBuckBunny-2160.avi
2440,0.99633,0.88223,0.99897,53.736,0.99985,0.94031,0.99588,0.99806,0.99885,100.0,0.24,0.17,0.16,0.28,54.35,55.77,56.11,53.74,0.998,0.998,0.998,0.998,/tmpdir/crf_16.mpd,/videos/BigBuckBunny-2160.avi
2441,0.99678,1.0376,0.99907,54.47839,0.99987,0.94722,0.99706,0.99864,0.99921,100.0,0.21,0.16,0.15,0.23,55.0,56.12,56.49,54.48,0.998,0.998,0.998,0.998,/tmpdir/crf_16.mpd,/videos/BigBuckBunny-2160.avi
2442,0.9964,1.0376,0.99903,54.24958,0.99985,0.94711,0.99638,0.9982,0.99888,100.0,0.22,0.16,0.15,0.24,54.8,55.99,56.38,54.25,0.998,0.998,0.998,0.998,/tmpdir/crf_16.mpd,/videos/BigBuckBunny-2160.avi
2443,0.99639,0.78975,0.99905,54.36273,0.99986,0.94729,0.99676,0.99842,0.99906,100.0,0.21,0.16,0.15,0.24,54.91,56.05,56.51,54.36,0.998,0.998,0.998,0.998,/tmpdir/crf_16.mpd,/videos/BigBuckBunny-2160.avi
2444,0.996,0.78975,0.99904,54.27257,0.99985,0.94677,0.99661,0.99832,0.99898,100.0,0.21,0.16,0.14,0.24,54.85,56.03,56.55,54.27,0.998,0.998,0.998,0.998,/tmpdir/crf_16.mpd,/videos/BigBuckBunny-2160.avi
2445,0.99704,0.62743,0.99908,54.7443,0.99987,0.94972,0.99747,0.9988,0.9993,100.0,0.19,0.15,0.13,0.22,55.28,56.36,56.87,54.74,0.998,0.998,0.998,0.998,/tmpdir/crf_16.mpd,/videos/BigBuckBunny-2160.avi
2446,0.99703,0.62743,0.99905,54.54249,0.99986,0.94891,0.99713,0.99861,0.99919,100.0,0.2,0.15,0.14,0.23,55.1,56.23,56.76,54.54,0.998,0.998,0.998,0.998,/tmpdir/crf_16.mpd,/videos/BigBuckBunny-2160.avi
2447,0.99679,0.51378,0.99908,54.81723,0.99987,0.95122,0.99743,0.99874,0.99926,100.0,0.19,0.15,0.13,0.21,55.33,56.33,56.89,54.82,0.998,0.998,0.998,0.998,/tmpdir/crf_16.mpd,/videos/BigBuckBunny-2160.avi
2448,0.99674,0.51378,0.99907,54.76635,0.99987,0.95124,0.9973,0.99865,0.9992,100.0,0.19,0.15,0.13,0.22,55.29,56.28,56.88,54.77,0.998,0.998,0.998,0.998,/tmpdir/crf_16.mpd,/videos/BigBuckBunny-2160.avi
2449,0.99744,0.42954,0.99911,55.17717,0.99988,0.95395,0.99795,0.99903,0.99942,100.0,0.18,0.14,0.13,0.2,55.66,56.57,57.12,55.18,0.998,0.998,0.998,0.998,/tmpdir/crf_16.mpd,/videos/BigBuckBunny-2160.avi
2450,0.99757,0.42954,0.99909,54.98252,0.99987,0.95314,0.9976,0.99882,0.9993,100.0,0.18,0.15,0.13,0.21,55.48,56.4,57.02,54.98,0.998,0.998,0.998,0.998,/tmpdir/crf_16.mpd,/videos/BigBuckBunny-2160.avi
2451,0.99748,0.35139,0.99912,55.14136,0.99988,0.95409,0.99776,0.99892,0.99937,100.0,0.18,0.15,0.13,0.2,55.6,56.41,56.98,55.14,0.998,0.998,0.998,0.998,/tmpdir/crf_16.mpd,/videos/BigBuckBunny-2160.avi
2452,0.99765,0.35139,0.99912,55.08536,0.99987,0.95386,0.9976,0.99882,0.9993,100.0,0.18,0.15,0.13,0.2,55.54,56.37,56.92,55.09,0.998,0.998,0.998,0.998,/tmpdir/crf_16.mpd,/videos/BigBuckBunny-2160.avi
2453,0.99758,0.38706,0.99916,55.41147,0.99988,0.95608,0.99789,0.99894,0.99936,100.0,0.17,0.14,0.13,0.19,55.83,56.55,57.07,55.41,0.998,0.998,0.998,0.998,/tmpdir/crf_16.mpd,/videos/BigBuckBunny-2160.avi
2454,0.99789,0.33384,0.99914,55.14672,0.99988,0.95458,0.99754,0.99877,0.99926,100.0,0.18,0.15,0.14,0.2,55.55,56.24,56.77,55.15,0.998,0.998,0.998,0.998,/tmpdir/crf_16.mpd,/videos/BigBuckBunny-2160.avi
2455,0.99763,0.24466,0.99915,55.2057,0.99988,0.95455,0.99766,0.99882,0.99927,100.0,0.18,0.15,0.13,0.2,55.62,56.34,56.84,55.21,0.998,0.998,0.998,0.998,/tmpdir/crf_16.mpd,/videos/BigBuckBunny-2160.avi
2456,0.99789,0.24466,0.99916,55.26975,0.99988,0.9552,0.99779,0.99893,0.99938,100.0,0.18,0.15,0.13,0.19,55.68,56.41,56.85,55.27,0.998,0.998,0.998,0.998,/tmpdir/crf_16.mpd,/videos/BigBuckBunny-2160.avi
2457,0.99753,0.30085,0.99917,55.47061,0.99989,0.95623,0.99803,0.99905,0.99945,100.0,0.17,0.14,0.13,0.18,55.88,56.65,57.05,55.47,0.998,0.998,0.998,0.998,/tmpdir/crf_16.mpd,/videos/BigBuckBunny-2160.avi
2458,0.99783,0.30085,0.99916,55.2627,0.99988,0.95501,0.99765,0.99882,0.99929,100.0,0.18,0.15,0.13,0.19,55.67,56.41,56.84,55.26,0.998,0.998,0.998,0.998,/tmpdir/crf_16.mpd,/videos/BigBuckBunny-2160.avi
2459,0.99736,0.21297,0.99917,55.39317,0.99989,0.95593,0.99784,0.99891,0.99934,100.0,0.17,0.15,0.13,0.19,55.79,56.48,56.96,55.39,0.998,0.998,0.998,0.998,/tmpdir/crf_16.mpd,/videos/BigBuckBunny-2160.avi
2460,0.99754,0.21297,0.99917,55.30512,0.99989,0.95534,0.9977,0.99883,0.99928,100.0,0.17,0.15,0.13,0.19,55.71,56.45,56.87,55.31,0.998,0.998,0.998,0.998,/tmpdir/crf_16.mpd,/videos/BigBuckBunny-2160.avi
2461,0.99724,0.21867,0.99918,55.50601,0.99989,0.95658,0.99805,0.99903,0.9994,100.0,0.17,0.14,0.13,0.18,55.9,56.62,57.06,55.51,0.998,0.998,0.998,0.998,/tmpdir/crf_16.mpd,/videos/BigBuckBunny-2160.avi
2462,0.99737,0.2221,0.99918,55.4236,0.99989,0.95619,0.99792,0.99896,0.99936,100.0,0.17,0.15,0.13,0.19,55.81,56.5,56.89,55.42,0.998,0.998,0.998,0.998,/tmpdir/crf_16.mpd,/videos/BigBuckBunny-2160.avi
2463,0.99704,0.29336,0.99918,55.32625,0.99989,0.95558,0.9978,0.99888,0.99929,100.0,0.17,0.15,0.13,0.19,55.72,56.44,56.86,55.33,0.998,0.998,0.998,0.998,/tmpdir/crf_16.mpd,/videos/BigBuckBunny-2160.avi
2464,0.99701,0.29336,0.99918,55.41185,0.99989,0.95616,0.99791,0.99894,0.99934,100.0,0.17,0.15,0.13,0.19,55.81,56.49,56.96,55.41,0.998,0.998,0.998,0.998,/tmpdir/crf_16.mpd,/videos/BigBuckBunny-2160.avi
2465,0.99679,0.23342,0.99918,55.43342,0.99989,0.95627,0.99803,0.99902,0.99939,100.0,0.17,0.14,0.13,0.19,55.85,56.58,57.05,55.43,0.998,0.998,0.998,0.998,/tmpdir/crf_16.mpd,/videos/BigBuckBunny-2160.avi
2466,0.99702,0.23342,0.99918,55.49971,0.99989,0.95657,0.998,0.99901,0.9994,100.0,0.17,0.14,0.13,0.18,55.89,56.58,57.01,55.5,0.998,0.998,0.998,0.998,/tmpdir/crf_16.mpd,/videos/BigBuckBunny-2160.avi
2467,0.99692,0.2957,0.99918,55.44281,0.99989,0.9563,0.99801,0.99904,0.99943,100.0,0.17,0.14,0.13,0.19,55.83,56.53,56.92,55.44,0.998,0.998,0.998,0.998,/tmpdir/crf_16.mpd,/videos/BigBuckBunny-2160.avi
2468,0.99672,0.26538,0.99917,55.33209,0.99989,0.95549,0.99786,0.99894,0.99935,100.0,0.17,0.15,0.13,0.19,55.72,56.41,56.84,55.33,0.998,0.998,0.998,0.998,/tmpdir/crf_16.mpd,/videos/BigBuckBunny-2160.avi
2469,0.99721,0.23636,0.99918,55.53962,0.99989,0.9568,0.99811,0.99907,0.99944,100.0,0.17,0.14,0.13,0.18,55.95,56.66,57.13,55.54,0.998,0.998,0.998,0.998,/tmpdir/crf_16.mpd,/videos/BigBuckBunny-2160.avi
2470,0.99703,0.23636,0.99917,55.4152,0.99989,0.95601,0.99793,0.99897,0.99936,100.0,0.17,0.14,0.13,0.19,55.81,56.55,56.94,55.42,0.998,0.998,0.998,0.998,/tmpdir/crf_16.mpd,/videos/BigBuckBunny-2160.avi
2471,0.99712,0.37319,0.99917,55.39899,0.99989,0.95606,0.99795,0.99901,0.99942,100.0,0.17,0.14,0.13,0.19,55.8,56.57,56.87,55.4,0.998,0.998,0.998,0.998,/tmpdir/crf_16.mpd,/videos/BigBuckBunny-2160.avi
2472,0.9969,0.48196,0.99916,55.31577,0.99988,0.95563,0.99782,0.99891,0.99934,100.0,0.17,0.15,0.14,0.19,55.71,56.45,56.77,55.32,0.998,0.998,0.998,0.998,/tmpdir/crf_16.mpd,/videos/BigBuckBunny-2160.avi
2473,0.9967,0.44632,0.99916,55.18097,0.99989,0.95477,0.99786,0.99898,0.9994,100.0,0.18,0.16,0.14,0.2,55.56,56.22,56.68,55.18,0.998,0.998,0.998,0.998,/tmpdir/crf_16.mpd,/videos/BigBuckBunny-2160.avi
2474,0.99709,0.44632,0.99916,55.36621,0.99988,0.95573,0.99786,0.99894,0.99936,100.0,0.17,0.15,0.13,0.19,55.76,56.48,56.88,55.37,0.998,0.998,0.998,0.998,/tmpdir/crf_16.mpd,/videos/BigBuckBunny-2160.avi
2475,0.99698,0.395,0.99916,55.2664,0.99988,0.95505,0.99777,0.99889,0.99932,100.0,0.18,0.15,0.14,0.19,55.66,56.38,56.76,55.27,0.998,0.998,0.998,0.998,/tmpdir/crf_16.mpd,/videos/BigBuckBunny-2160.avi
2476,0.99697,0.395,0.99916,55.3638,0.99989,0.95564,0.99792,0.99899,0.9994,100.0,0.17,0.15,0.14,0.19,55.75,56.45,56.82,55.36,0.998,0.998,0.998,0.998,/tmpdir/crf_16.mpd,/videos/BigBuckBunny-2160.avi
2477,0.99687,0.60507,0.99916,55.25944,0.99988,0.95514,0.99781,0.99893,0.99936,100.0,0.18,0.15,0.14,0.19,55.65,56.36,56.76,55.26,0.998,0.998,0.998,0.998,/tmpdir/crf_16.mpd,/videos/BigBuckBunny-2160.avi
2478,0.99669,0.49744,0.99915,55.12,0.99988,0.95415,0.99762,0.99883,0.9993,100.0,0.18,0.16,0.14,0.2,55.48,56.07,56.57,55.12,0.998,0.998,0.998,0.998,/tmpdir/crf_16.mpd,/videos/BigBuckBunny-2160.avi
2479,0.99722,0.38356,0.99917,55.37501,0.99989,0.95553,0.99792,0.99898,0.99939,100.0,0.17,0.15,0.13,0.19,55.76,56.42,56.89,55.38,0.998,0.998,0.998,0.998,/tmpdir/crf_16.mpd,/videos/BigBuckBunny-2160.avi
2480,0.99691,0.38356,0.99916,55.23963,0.99988,0.95473,0.99771,0.99886,0.99931,100.0,0.18,0.15,0.14,0.19,55.61,56.23,56.7,55.24,0.998,0.998,0.998,0.998,/tmpdir/crf_16.mpd,/videos/BigBuckBunny-2160.avi
2481,0.99681,0.44184,0.99916,55.20839,0.99988,0.95463,0.99776,0.99891,0.99936,100.0,0.18,0.15,0.14,0.2,55.59,56.23,56.71,55.21,0.998,0.998,0.998,0.998,/tmpdir/crf_16.mpd,/videos/BigBuckBunny-2160.avi
2482,0.99673,0.38353,0.99916,55.0981,0.99988,0.954,0.99765,0.99885,0.9993,100.0,0.18,0.16,0.14,0.2,55.48,56.11,56.61,55.1,0.998,0.998,0.998,0.998,/tmpdir/crf_16.mpd,/videos/BigBuckBunny-2160.avi
2483,0.99677,0.28964,0.99917,55.26207,0.99989,0.95475,0.99789,0.99898,0.99938,100.0,0.18,0.16,0.14,0.19,55.63,56.21,56.75,55.26,0.998,0.998,0.998,0.998,/tmpdir/crf_16.mpd,/videos/BigBuckBunny-2160.avi
2484,0.99693,0.26496,0.99917,55.31429,0.99989,0.95512,0.9979,0.99897,0.99937,100.0,0.18,0.15,0.13,0.19,55.7,56.34,56.84,55.31,0.998,0.998,0.998,0.998,/tmpdir/crf_16.mpd,/videos/BigBuckBunny-2160.avi
2485,0.99777,0.16273,0.99918,55.66566,0.99989,0.95693,0.99827,0.9992,0.99955,100.0,0.16,0.14,0.12,0.18,56.06,56.78,57.22,55.67,0.998,0.998,0.998,0.998,/tmpdir/crf_16.mpd,/videos/BigBuckBunny-2160.avi
2486,0.99745,0.16273,0.99917,55.43347,0.99989,0.95551,0.99803,0.99908,0.99947,100.0,0.17,0.15,0.13,0.19,55.81,56.5,56.89,55.43,0.998,0.998,0.998,0.998,/tmpdir/crf_16.mpd,/videos/BigBuckBunny-2160.avi
2487,0.99741,0.24204,0.99916,55.37577,0.99989,0.95531,0.99802,0.99908,0.99947,100.0,0.17,0.15,0.13,0.19,55.77,56.49,56.86,55.38,0.998,0.998,0.998,0.998,/tmpdir/crf_16.mpd,/videos/BigBuckBunny-2160.avi
2488,0.9975,0.24204,0.99917,55.41864,0.99989,0.95528,0.99804,0.99908,0.99947,100.0,0.17,0.15,0.13,0.19,55.8,56.47,56.88,55.42,0.998,0.998,0.998,0.998,/tmpdir/crf_16.mpd,/videos/BigBuckBunny-2160.avi
2489,0.99735,0.20594,0.99918,55.43814,0.99989,0.9555,0.99802,0.99906,0.99944,100.0,0.17,0.14,0.13,0.19,55.83,56.53,56.93,55.44,0.998,0.998,0.998,0.998,/tmpdir/crf_16.mpd,/videos/BigBuckBunny-2160.avi
2490,0.99723,0.20594,0.99917,55.36027,0.99989,0.95513,0.99797,0.99904,0.99944,100.0,0.17,0.15,0.14,0.19,55.73,56.37,56.81,55.36,0.998,0.998,0.998,0.998,/tmpdir/crf_16.mpd,/videos/BigBuckBunny-2160.avi
2491,0.99747,0.17381,0.99917,55.40895,0.99989,0.95526,0.99806,0.9991,0.9995,100.0,0.17,0.15,0.13,0.19,55.8,56.49,56.93,55.41,0.998,0.998,0.998,0.998,/tmpdir/crf_16.mpd,/videos/BigBuckBunny-2160.avi
2492,0.99727,0.17381,0.99917,55.34053,0.99989,0.95497,0.99799,0.99906,0.99947,100.0,0.17,0.15,0.13,0.19,55.73,56.4,56.85,55.34,0.998,0.998,0.998,0.998,/tmpdir/crf_16.mpd,/videos/BigBuckBunny-2160.avi
2493,0.99737,0.21935,0.99917,55.38009,0.99989,0.9552,0.998,0.99906,0.99945,100.0,0.17,0.15,0.13,0.19,55.75,56.37,56.83,55.38,0.998,0.998,0.998,0.998,/tmpdir/crf_16.mpd,/videos/BigBuckBunny-2160.avi
2494,0.99747,0.21935,0.99917,55.43235,0.99989,0.95548,0.99803,0.99907,0.99946,100.0,0.17,0.14,0.13,0.19,55.82,56.52,56.95,55.43,0.998,0.998,0.998,0.998,/tmpdir/crf_16.mpd,/videos/BigBuckBunny-2160.avi
2495,0.99731,0.25704,0.99917,55.34034,0.99989,0.95494,0.99793,0.99901,0.99942,100.0,0.17,0.15,0.14,0.19,55.72,56.4,56.82,55.34,0.998,0.998,0.998,0.998,/tmpdir/crf_16.mpd,/videos/BigBuckBunny-2160.avi
2496,0.99748,0.2387,0.99917,55.38804,0.99989,0.95525,0.99801,0.99906,0.99945,100.0,0.17,0.15,0.13,0.19,55.77,56.44,56.86,55.39,0.998,0.998,0.998,0.998,/tmpdir/crf_16.mpd,/videos/BigBuckBunny-2160.avi
2497,0.99752,0.2387,0.99917,55.39228,0.99989,0.95528,0.99799,0.99905,0.99945,100.0,0.17,0.15,0.13,0.19,55.78,56.45,56.9,55.39,0.998,0.998,0.998,0.998,/tmpdir/crf_16.mpd,/videos/BigBuckBunny-2160.avi
2498,0.99727,0.24066,0.99917,55.35385,0.99989,0.95509,0.998,0.99906,0.99947,100.0,0.17,0.15,0.13,0.19,55.73,56.36,56.84,55.35,0.998,0.998,0.998,0.998,/tmpdir/crf_16.mpd,/videos/BigBuckBunny-2160.avi
2499,0.99738,0.25543,0.99917,55.33431,0.99989,0.95497,0.99796,0.99904,0.99945,100.0,0.17,0.15,0.13,0.19,55.72,56.41,56.86,55.33,0.998,0.998,0.998,0.998,/tmpdir/crf_16.mpd,/videos/BigBuckBunny-2160.avi
2500,0.99749,0.28015,0.99917,55.35055,0.99989,0.95503,0.99798,0.99906,0.99947,100.0,0.17,0.15,0.13,0.19,55.74,56.41,56.88,55.35,0.998,0.998,0.998,0.998,/tmpdir/crf_16.mpd,/videos/BigBuckBunny-2160.avi
2501,0.9977,0.33715,0.99963,53.19739,0.99997,0.95303,0.99815,0.99918,0.99956,100.0,0.28,0.22,0.23,0.31,53.63,54.71,54.57,53.2,0.998,0.998,0.997,0.998,/tmpdir/crf_16.mpd,/videos/BigBuckBunny-2160.avi
2502,0.9972,0.33715,0.99954,52.37588,0.99994,0.94688,0.99723,0.99869,0.99928,100.0,0.34,0.26,0.26,0.38,52.85,54.02,53.96,52.38,0.997,0.997,0.996,0.997,/tmpdir/crf_16.mpd,/videos/BigBuckBunny-2160.avi
2503,0.99705,0.32993,0.99948,52.04107,0.99992,0.94362,0.9969,0.9985,0.99914,100.0,0.36,0.28,0.28,0.41,52.53,53.73,53.69,52.04,0.997,0.997,0.996,0.997,/tmpdir/crf_16.mpd,/videos/BigBuckBunny-2160.avi
2504,0.99672,0.32993,0.99945,51.8668,0.99991,0.94188,0.99652,0.99828,0.99902,100.0,0.38,0.29,0.29,0.42,52.36,53.54,53.54,51.87,0.997,0.997,0.996,0.997,/tmpdir/crf_16.mpd,/videos/BigBuckBunny-2160.avi
2505,0.99694,0.30223,0.99944,51.88414,0.99992,0.94096,0.99684,0.99854,0.99922,100.0,0.38,0.29,0.29,0.42,52.36,53.54,53.5,51.88,0.997,0.997,0.996,0.997,/tmpdir/crf_16.mpd,/videos/BigBuckBunny-2160.avi
2506,0.99664,0.30223,0.99939,51.59883,0.99989,0.93901,0.99613,0.9981,0.99893,100.0,0.4,0.31,0.31,0.45,52.08,53.2,53.25,51.6,0.997,0.997,0.996,0.997,/tmpdir/crf_16.mpd,/videos/BigBuckBunny-2160.avi
2507,0.99656,0.24753,0.99938,51.54063,0.99989,0.9381,0.99608,0.99806,0.99889,100.0,0.41,0.32,0.31,0.46,52.02,53.12,53.19,51.54,0.997,0.997,0.996,0.997,/tmpdir/crf_16.mpd,/videos/BigBuckBunny-2160.avi
2508,0.99647,0.24753,0.99937,51.42811,0.99988,0.93685,0.99592,0.99799,0.99885,99.97613,0.42,0.33,0.32,0.47,51.91,53.01,53.12,51.43,0.997,0.997,0.996,0.997,/tmpdir/crf_16.mpd,/videos/BigBuckBunny-2160.avi
2509,0.99671,0.24775,0.99939,51.52751,0.99991,0.9368,0.99641,0.99827,0.99902,100.0,0.41,0.32,0.31,0.46,52.0,53.11,53.18,51.53,0.997,0.997,0.996,0.997,/tmpdir/crf_16.mpd,/videos/BigBuckBunny-2160.avi
2510,0.99647,0.24775,0.99935,51.32165,0.99988,0.93534,0.99565,0.99781,0.99873,99.95673,0.43,0.34,0.33,0.48,51.79,52.82,52.97,51.32,0.997,0.996,0.996,0.997,/tmpdir/crf_16.mpd,/videos/BigBuckBunny-2160.avi
2511,0.99652,0.27975,0.99934,51.28153,0.99988,0.93479,0.99561,0.99782,0.99878,99.98184,0.44,0.34,0.33,0.48,51.74,52.78,52.91,51.28,0.997,0.996,0.996,0.997,/tmpdir/crf_16.mpd,/videos/BigBuckBunny-2160.avi
2512,0.99653,0.27975,0.99932,51.21661,0.99987,0.93428,0.9956,0.99782,0.99877,99.98135,0.44,0.35,0.34,0.49,51.68,52.71,52.86,51.22,0.997,0.996,0.996,0.997,/tmpdir/crf_16.mpd,/videos/BigBuckBunny-2160.avi
2513,0.99676,0.3236,0.99936,51.34319,0.9999,0.93473,0.99625,0.99822,0.99902,100.0,0.43,0.33,0.33,0.48,51.81,52.89,52.99,51.34,0.997,0.996,0.996,0.997,/tmpdir/crf_16.mpd,/videos/BigBuckBunny-2160.avi
2514,0.99622,0.3236,0.9993,51.09107,0.99987,0.93301,0.99529,0.99757,0.99857,99.9208,0.45,0.36,0.34,0.51,51.56,52.61,52.8,51.09,0.996,0.996,0.995,0.997,/tmpdir/crf_16.mpd,/videos/BigBuckBunny-2160.avi
2515,0.99622,0.36983,0.99931,51.08973,0.99987,0.93262,0.99524,0.99758,0.99862,99.9447,0.46,0.36,0.35,0.51,51.55,52.54,52.73,51.09,0.996,0.996,0.995,0.997,/tmpdir/crf_16.mpd,/videos/BigBuckBunny-2160.avi
2516,0.99628,0.36983,0.99929,51.00737,0.99986,0.93193,0.99517,0.9975,0.99849,99.94229,0.46,0.37,0.35,0.52,51.46,52.46,52.64,51.01,0.996,0.996,0.995,0.997,/tmpdir/crf_16.mpd,/videos/BigBuckBunny-2160.avi
2517,0.99656,0.37735,0.99933,51.16626,0.9999,0.93274,0.9961,0.99813,0.99894,100.0,0.45,0.35,0.34,0.5,51.63,52.68,52.83,51.17,0.996,0.996,0.995,0.997,/tmpdir/crf_16.mpd,/videos/BigBuckBunny-2160.avi
2518,0.99628,0.37735,0.99928,50.92279,0.99986,0.93101,0.99509,0.99748,0.9985,99.94233,0.47,0.37,0.36,0.53,51.39,52.4,52.59,50.92,0.996,0.996,0.995,0.997,/tmpdir/crf_16.mpd,/videos/BigBuckBunny-2160.avi
2519,0.99631,0.34571,0.99927,50.90128,0.99986,0.93045,0.99497,0.99741,0.99851,99.92949,0.48,0.38,0.36,0.53,51.36,52.37,52.55,50.9,0.996,0.996,0.995,0.997,/tmpdir/crf_16.mpd,/videos/BigBuckBunny-2160.avi
2520,0.99626,0.34571,0.99925,50.80207,0.99985,0.92953,0.99486,0.99737,0.99848,99.91342,0.49,0.39,0.37,0.54,51.26,52.28,52.47,50.8,0.996,0.996,0.995,0.997,/tmpdir/crf_16.mpd,/videos/BigBuckBunny-2160.avi
2521,0.99654,0.32188,0.99931,50.9826,0.99989,0.93058,0.99593,0.99807,0.99895,100.0,0.47,0.37,0.35,0.52,51.45,52.5,52.67,50.98,0.996,0.996,0.995,0.997,/tmpdir/crf_16.mpd,/videos/BigBuckBunny-2160.avi
2522,0.99622,0.32188,0.99925,50.75806,0.99986,0.92893,0.99488,0.9974,0.9985,99.89658,0.49,0.39,0.37,0.55,51.22,52.2,52.46,50.76,0.996,0.996,0.995,0.997,/tmpdir/crf_16.mpd,/videos/BigBuckBunny-2160.avi
2523,0.99625,0.33228,0.99926,50.7687,0.99986,0.92877,0.99484,0.99739,0.99855,99.90893,0.49,0.39,0.37,0.54,51.23,52.21,52.45,50.77,0.996,0.996,0.995,0.997,/tmpdir/crf_16.mpd,/videos/BigBuckBunny-2160.avi
2524,0.99626,0.33228,0.99923,50.68327,0.99985,0.92813,0.99474,0.99735,0.99852,99.90543,0.5,0.4,0.38,0.56,51.15,52.14,52.37,50.68,0.996,0.996,0.995,0.997,/tmpdir/crf_16.mpd,/videos/BigBuckBunny-2160.avi
2525,0.99647,0.36291,0.99929,50.89325,0.99989,0.92961,0.99582,0.99797,0.99887,100.0,0.47,0.37,0.36,0.53,51.37,52.4,52.61,50.89,0.996,0.996,0.995,0.997,/tmpdir/crf_16.mpd,/videos/BigBuckBunny-2160.avi
2526,0.99586,0.36291,0.99924,50.66946,0.99985,0.92809,0.99472,0.99728,0.9984,99.8376,0.5,0.4,0.37,0.56,51.14,52.16,52.41,50.67,0.996,0.996,0.995,0.997,/tmpdir/crf_16.mpd,/videos/BigBuckBunny-2160.avi
2527,0.99587,0.37473,0.99924,50.66953,0.99985,0.92781,0.99465,0.99724,0.99847,99.8477,0.5,0.39,0.37,0.56,51.14,52.17,52.39,50.67,0.996,0.996,0.995,0.997,/tmpdir/crf_16.mpd,/videos/BigBuckBunny-2160.avi
2528,0.99586,0.37473,0.99921,50.60612,0.99984,0.92734,0.99454,0.99719,0.99839,99.83713,0.51,0.4,0.38,0.57,51.08,52.11,52.33,50.61,0.996,0.996,0.995,0.996,/tmpdir/crf_16.mpd,/videos/BigBuckBunny-2160.avi
2529,0.99612,0.35403,0.99928,50.84765,0.99989,0.92893,0.99571,0.9979,0.99884,99.92941,0.48,0.38,0.36,0.53,51.32,52.35,52.59,50.85,0.996,0.996,0.995,0.997,/tmpdir/crf_16.mpd,/videos/BigBuckBunny-2160.avi
2530,0.99559,0.35403,0.99922,50.61426,0.99984,0.92716,0.99454,0.9972,0.99839,99.77877,0.51,0.4,0.38,0.56,51.08,52.08,52.35,50.61,0.996,0.996,0.995,0.996,/tmpdir/crf_16.mpd,/videos/BigBuckBunny-2160.avi
2531,0.99572,0.32263,0.99922,50.59876,0.99985,0.92683,0.99451,0.99717,0.99838,99.78544,0.51,0.4,0.38,0.57,51.07,52.09,52.35,50.6,0.996,0.996,0.995,0.996,/tmpdir/crf_16.mpd,/videos/BigBuckBunny-2160.avi
2532,0.99554,0.32263,0.9992,50.5284,0.99984,0.92632,0.99447,0.9972,0.9984,99.75434,0.52,0.41,0.38,0.58,51.01,52.03,52.3,50.53,0.996,0.996,0.995,0.996,/tmpdir/crf_16.mpd,/videos/BigBuckBunny-2160.avi
2533,0.99603,0.30934,0.99926,50.7359,0.99988,0.9276,0.99549,0.99778,0.99877,99.8802,0.49,0.39,0.36,0.55,51.22,52.27,52.53,50.74,0.996,0.996,0.995,0.996,/tmpdir/crf_16.mpd,/videos/BigBuckBunny-2160.avi
2534,0.99547,0.30934,0.9992,50.54573,0.99984,0.92618,0.99426,0.99701,0.99826,99.72094,0.51,0.41,0.38,0.57,51.01,51.97,52.3,50.55,0.996,0.996,0.995,0.996,/tmpdir/crf_16.mpd,/videos/BigBuckBunny-2160.avi
2535,0.99547,0.294,0.99921,50.54696,0.99985,0.92593,0.99431,0.99702,0.99827,99.71354,0.51,0.41,0.38,0.57,51.02,51.99,52.3,50.55,0.996,0.996,0.995,0.996,/tmpdir/crf_16.mpd,/videos/BigBuckBunny-2160.avi
2536,0.99543,0.294,0.99918,50.44273,0.99983,0.92526,0.99393,0.99682,0.99816,99.69076,0.53,0.42,0.39,0.59,50.92,51.92,52.23,50.44,0.996,0.996,0.995,0.996,/tmpdir/crf_16.mpd,/videos/BigBuckBunny-2160.avi
2537,0.99606,0.32347,0.99923,50.6388,0.99987,0.92658,0.99531,0.9977,0.99871,99.88278,0.5,0.4,0.37,0.56,51.12,52.14,52.44,50.64,0.996,0.996,0.995,0.996,/tmpdir/crf_16.mpd,/videos/BigBuckBunny-2160.avi
2538,0.99581,0.32347,0.99917,50.38999,0.99983,0.92475,0.99397,0.99689,0.99824,99.77752,0.53,0.42,0.39,0.59,50.88,51.9,52.22,50.39,0.996,0.996,0.995,0.996,/tmpdir/crf_16.mpd,/videos/BigBuckBunny-2160.avi
2539,0.99555,0.38295,0.99917,50.43059,0.99983,0.92476,0.99431,0.99711,0.99837,99.77315,0.53,0.42,0.39,0.59,50.91,51.89,52.22,50.43,0.996,0.996,0.995,0.996,/tmpdir/crf_16.mpd,/videos/BigBuckBunny-2160.avi
2540,0.99535,0.38295,0.99914,50.32002,0.99982,0.92383,0.99377,0.99678,0.99812,99.7079,0.54,0.43,0.4,0.6,50.81,51.81,52.16,50.32,0.996,0.996,0.995,0.996,/tmpdir/crf_16.mpd,/videos/BigBuckBunny-2160.avi
2541,0.99583,0.52587,0.99916,50.44332,0.99985,0.92466,0.99491,0.99753,0.99863,99.9186,0.52,0.41,0.38,0.59,50.94,52.0,52.33,50.44,0.996,0.996,0.995,0.996,/tmpdir/crf_16.mpd,/videos/BigBuckBunny-2160.avi
2542,0.99553,0.52587,0.99908,50.13535,0.9998,0.92252,0.99378,0.99681,0.99813,99.80314,0.56,0.44,0.4,0.63,50.65,51.72,52.1,50.14,0.996,0.995,0.995,0.996,/tmpdir/crf_16.mpd,/videos/BigBuckBunny-2160.avi
2543,0.99549,1.21791,0.99903,50.16301,0.99978,0.92277,0.9936,0.99664,0.99797,100.0,0.56,0.43,0.4,0.63,50.68,51.81,52.06,50.16,0.996,0.995,0.995,0.996,/tmpdir/crf_16.mpd,/videos/BigBuckBunny-2160.avi
2544,0.99525,1.79357,0.99894,50.00945,0.99974,0.92104,0.99288,0.9962,0.99765,100.0,0.58,0.44,0.42,0.65,50.53,51.7,51.9,50.01,0.996,0.995,0.994,0.996,/tmpdir/crf_16.mpd,/videos/BigBuckBunny-2160.avi
2545,0.99544,2.09861,0.99905,50.43013,0.99983,0.92219,0.99382,0.99683,0.99816,100.0,0.53,0.41,0.4,0.59,50.91,52.04,52.11,50.43,0.996,0.996,0.995,0.996,/tmpdir/crf_16.mpd,/videos/BigBuckBunny-2160.avi
2546,0.99486,2.09861,0.99886,49.95026,0.99973,0.91836,0.99225,0.99587,0.99748,100.0,0.58,0.44,0.43,0.66,50.46,51.68,51.76,49.95,0.995,0.995,0.994,0.996,/tmpdir/crf_16.mpd,/videos/BigBuckBunny-2160.avi
2547,0.99509,2.16382,0.99891,50.03926,0.99976,0.9195,0.99266,0.9961,0.99768,100.0,0.57,0.44,0.43,0.64,50.54,51.74,51.81,50.04,0.995,0.995,0.994,0.996,/tmpdir/crf_16.mpd,/videos/BigBuckBunny-2160.avi
2548,0.99504,4.50235,0.9989,49.81964,0.99974,0.91917,0.99254,0.99596,0.99752,100.0,0.6,0.46,0.44,0.68,50.34,51.53,51.71,49.82,0.995,0.995,0.994,0.996,/tmpdir/crf_16.mpd,/videos/BigBuckBunny-2160.avi
2549,0.99553,6.07876,0.99906,49.97598,0.99983,0.92075,0.99362,0.99664,0.99802,100.0,0.59,0.46,0.44,0.65,50.45,51.47,51.71,49.98,0.996,0.995,0.994,0.996,/tmpdir/crf_16.mpd,/videos/BigBuckBunny-2160.avi
2550,0.99533,6.07876,0.99894,49.49825,0.99978,0.91798,0.99273,0.99611,0.99765,100.0,0.65,0.51,0.49,0.73,49.98,51.06,51.27,49.5,0.995,0.995,0.994,0.996,/tmpdir/crf_16.mpd,/videos/BigBuckBunny-2160.avi
2551,0.996,8.14562,0.99908,49.36291,0.99987,0.91677,0.99406,0.99704,0.99836,100.0,0.68,0.55,0.51,0.75,49.81,50.74,51.03,49.36,0.995,0.994,0.993,0.996,/tmpdir/crf_16.mpd,/videos/BigBuckBunny-2160.avi
2552,0.99515,7.87872,0.99897,48.89446,0.9998,0.91387,0.99245,0.99588,0.99742,100.0,0.75,0.6,0.56,0.84,49.37,50.35,50.67,48.89,0.995,0.994,0.993,0.996,/tmpdir/crf_16.mpd,/videos/BigBuckBunny-2160.avi
2553,0.99542,3.86822,0.99905,48.91487,0.99982,0.9152,0.99281,0.99607,0.99761,100.0,0.75,0.59,0.56,0.83,49.39,50.41,50.66,48.91,0.995,0.994,0.993,0.996,/tmpdir/crf_16.mpd,/videos/BigBuckBunny-2160.avi
2554,0.99574,1.63479,0.99909,49.08973,0.99983,0.91725,0.99337,0.99639,0.99777,100.0,0.73,0.6,0.55,0.8,49.52,50.36,50.71,49.09,0.995,0.994,0.993,0.996,/tmpdir/crf_16.mpd,/videos/BigBuckBunny-2160.avi
2555,0.99633,0.66962,0.99927,49.52387,0.99992,0.92049,0.99549,0.99784,0.99884,100.0,0.66,0.53,0.5,0.73,49.96,50.86,51.13,49.52,0.995,0.995,0.993,0.996,/tmpdir/crf_16.mpd,/videos/BigBuckBunny-2160.avi
2556,0.9961,0.55661,0.99918,49.27652,0.99986,0.91908,0.99443,0.99706,0.99823,99.92113,0.69,0.56,0.52,0.77,49.73,50.65,50.97,49.28,0.995,0.995,0.993,0.996,/tmpdir/crf_16.mpd,/videos/BigBuckBunny-2160.avi
2557,0.99607,0.29425,0.9992,49.33691,0.99987,0.91933,0.99452,0.99707,0.99822,99.7952,0.68,0.56,0.51,0.76,49.78,50.63,51.02,49.34,0.995,0.995,0.993,0.996,/tmpdir/crf_16.mpd,/videos/BigBuckBunny-2160.avi
2558,0.99614,0.29425,0.99922,49.38093,0.99988,0.91959,0.9947,0.99721,0.99834,99.82111,0.68,0.56,0.51,0.75,49.82,50.63,51.06,49.38,0.995,0.995,0.993,0.996,/tmpdir/crf_16.mpd,/videos/BigBuckBunny-2160.avi
2559,0.99634,0.19495,0.99929,49.54078,0.99992,0.92083,0.99567,0.99793,0.99888,99.87055,0.65,0.53,0.49,0.72,49.98,50.87,51.19,49.54,0.996,0.995,0.994,0.996,/tmpdir/crf_16.mpd,/videos/BigBuckBunny-2160.avi
2560,0.99626,0.19495,0.99925,49.47651,0.99989,0.92063,0.99507,0.99751,0.9986,99.82635,0.66,0.54,0.5,0.73,49.91,50.77,51.12,49.48,0.996,0.995,0.993,0.996,/tmpdir/crf_16.mpd,/videos/BigBuckBunny-2160.avi
2561,0.99629,0.2168,0.99925,49.4563,0.99989,0.92061,0.99498,0.99742,0.99852,99.83313,0.67,0.54,0.5,0.74,49.9,50.77,51.12,49.46,0.996,0.995,0.993,0.996,/tmpdir/crf_16.mpd,/videos/BigBuckBunny-2160.avi
2562,0.99622,0.2168,0.99924,49.44708,0.99989,0.92029,0.99488,0.99737,0.99848,99.8154,0.67,0.55,0.5,0.74,49.89,50.76,51.13,49.45,0.996,0.995,0.993,0.996,/tmpdir/crf_16.mpd,/videos/BigBuckBunny-2160.avi
2563,0.99648,0.21074,0.99928,49.53484,0.99992,0.9209,0.99568,0.99793,0.99888,99.90286,0.65,0.53,0.49,0.72,49.98,50.89,51.2,49.53,0.996,0.995,0.994,0.996,/tmpdir/crf_16.mpd,/videos/BigBuckBunny-2160.avi
2564,0.99631,0.21074,0.99925,49.45046,0.99989,0.92034,0.99501,0.99746,0.99855,99.83513,0.67,0.54,0.5,0.74,49.9,50.79,51.13,49.45,0.996,0.995,0.993,0.996,/tmpdir/crf_16.mpd,/videos/BigBuckBunny-2160.avi
2565,0.99626,0.25069,0.99924,49.40748,0.99989,0.92011,0.99485,0.99732,0.99844,99.83403,0.67,0.54,0.5,0.75,49.86,50.79,51.13,49.41,0.996,0.995,0.993,0.996,/tmpdir/crf_16.mpd,/videos/BigBuckBunny-2160.avi
2566,0.99621,0.25069,0.99923,49.38682,0.99989,0.91973,0.99478,0.99728,0.9984,99.81862,0.67,0.55,0.5,0.75,49.84,50.76,51.13,49.39,0.995,0.995,0.993,0.996,/tmpdir/crf_16.mpd,/videos/BigBuckBunny-2160.avi
2567,0.99635,0.26778,0.99927,49.47501,0.99992,0.92024,0.99556,0.99786,0.99885,99.89941,0.66,0.53,0.49,0.73,49.93,50.87,51.2,49.48,0.995,0.995,0.994,0.996,/tmpdir/crf_16.mpd,/videos/BigBuckBunny-2160.avi
2568,0.9962,0.26778,0.99923,49.38516,0.99989,0.91968,0.99489,0.99736,0.99848,99.83301,0.67,0.54,0.5,0.75,49.85,50.79,51.12,49.39,0.995,0.995,0.993,0.996,/tmpdir/crf_16.mpd,/videos/BigBuckBunny-2160.avi
2569,0.99612,0.26139,0.99923,49.3772,0.99989,0.91962,0.99487,0.99734,0.99844,99.8118,0.67,0.54,0.5,0.75,49.84,50.8,51.12,49.38,0.995,0.995,0.993,0.996,/tmpdir/crf_16.mpd,/videos/BigBuckBunny-2160.avi
2570,0.99601,0.26139,0.99923,49.37169,0.99989,0.91922,0.99463,0.99712,0.99824,99.77117,0.68,0.55,0.5,0.75,49.83,50.75,51.13,49.37,0.995,0.995,0.993,0.996,/tmpdir/crf_16.mpd,/videos/BigBuckBunny-2160.avi
2571,0.99611,0.21488,0.99927,49.44386,0.99992,0.91968,0.99538,0.99768,0.99866,99.81398,0.66,0.53,0.5,0.74,49.91,50.86,51.18,49.44,0.995,0.995,0.994,0.996,/tmpdir/crf_16.mpd,/videos/BigBuckBunny-2160.avi
2572,0.99591,0.21488,0.99923,49.34527,0.99989,0.91899,0.99473,0.99722,0.99834,99.74053,0.68,0.55,0.5,0.76,49.81,50.76,51.1,49.35,0.995,0.995,0.993,0.996,/tmpdir/crf_16.mpd,/videos/BigBuckBunny-2160.avi
2573,0.99591,0.21193,0.99923,49.33685,0.99988,0.91897,0.99467,0.99717,0.99832,99.7374,0.68,0.54,0.51,0.76,49.81,50.78,51.1,49.34,0.995,0.995,0.993,0.996,/tmpdir/crf_16.mpd,/videos/BigBuckBunny-2160.avi
2574,0.99583,0.21193,0.99923,49.3352,0.99989,0.91874,0.99464,0.99718,0.9983,99.72155,0.68,0.55,0.5,0.76,49.8,50.73,51.11,49.34,0.995,0.995,0.993,0.996,/tmpdir/crf_16.mpd,/videos/BigBuckBunny-2160.avi
2575,0.99575,0.23193,0.99927,49.4048,0.99992,0.91907,0.99526,0.99762,0.99863,99.75133,0.67,0.54,0.5,0.75,49.88,50.85,51.17,49.4,0.995,0.995,0.993,0.996,/tmpdir/crf_16.mpd,/videos/BigBuckBunny-2160.avi
2576,0.99573,0.23193,0.99924,49.33843,0.99989,0.9186,0.99475,0.99727,0.99841,99.72189,0.68,0.55,0.5,0.76,49.81,50.75,51.11,49.34,0.995,0.995,0.993,0.996,/tmpdir/crf_16.mpd,/videos/BigBuckBunny-2160.avi
2577,0.99569,0.23478,0.99924,49.303,0.99989,0.91844,0.99464,0.99717,0.99833,99.70711,0.68,0.55,0.51,0.76,49.77,50.75,51.07,49.3,0.995,0.995,0.993,0.996,/tmpdir/crf_16.mpd,/videos/BigBuckBunny-2160.avi
2578,0.99565,0.23478,0.99923,49.285,0.99989,0.91815,0.99453,0.99711,0.99829,99.69424,0.69,0.55,0.51,0.77,49.76,50.73,51.08,49.29,0.995,0.995,0.993,0.996,/tmpdir/crf_16.mpd,/videos/BigBuckBunny-2160.avi
2579,0.99563,0.2264,0.99926,49.31749,0.99991,0.91836,0.99513,0.99755,0.9986,99.72148,0.68,0.54,0.5,0.76,49.8,50.81,51.14,49.32,0.995,0.995,0.993,0.996,/tmpdir/crf_16.mpd,/videos/BigBuckBunny-2160.avi
2580,0.99552,0.2264,0.99923,49.25956,0.99989,0.91789,0.9946,0.99718,0.99834,99.67169,0.69,0.55,0.51,0.77,49.74,50.72,51.09,49.26,0.995,0.995,0.993,0.996,/tmpdir/crf_16.mpd,/videos/BigBuckBunny-2160.avi
2581,0.99542,0.20506,0.99923,49.22983,0.99989,0.91772,0.99444,0.99705,0.99826,99.63533,0.69,0.55,0.51,0.78,49.71,50.71,51.07,49.23,0.995,0.995,0.993,0.996,/tmpdir/crf_16.mpd,/videos/BigBuckBunny-2160.avi
2582,0.99529,0.20506,0.99922,49.2165,0.99989,0.91744,0.99436,0.997,0.9982,99.60502,0.7,0.56,0.51,0.78,49.7,50.67,51.06,49.22,0.995,0.995,0.993,0.996,/tmpdir/crf_16.mpd,/videos/BigBuckBunny-2160.avi
2583,0.99524,0.17492,0.99925,49.26045,0.99991,0.91759,0.99478,0.9973,0.99841,99.60576,0.69,0.54,0.5,0.77,49.75,50.77,51.11,49.26,0.995,0.995,0.993,0.996,/tmpdir/crf_16.mpd,/videos/BigBuckBunny-2160.avi
2584,0.99506,0.17492,0.99922,49.19807,0.99989,0.91713,0.9943,0.99696,0.99819,99.54911,0.7,0.56,0.51,0.78,49.69,50.68,51.06,49.2,0.995,0.995,0.993,0.996,/tmpdir/crf_16.mpd,/videos/BigBuckBunny-2160.avi
2585,0.99499,0.17104,0.99922,49.1631,0.99988,0.91688,0.99417,0.99686,0.99812,99.52523,0.7,0.56,0.51,0.79,49.66,50.67,51.03,49.16,0.995,0.995,0.993,0.996,/tmpdir/crf_16.mpd,/videos/BigBuckBunny-2160.avi
2586,0.99493,0.17104,0.99921,49.13814,0.99988,0.91656,0.9941,0.99683,0.9981,99.51085,0.71,0.56,0.51,0.79,49.63,50.65,51.02,49.14,0.995,0.995,0.993,0.996,/tmpdir/crf_16.mpd,/videos/BigBuckBunny-2160.avi
2587,0.99496,0.16574,0.99922,49.14914,0.9999,0.91634,0.99436,0.99702,0.99821,99.52676,0.7,0.55,0.51,0.79,49.65,50.71,51.06,49.15,0.995,0.995,0.993,0.996,/tmpdir/crf_16.mpd,/videos/BigBuckBunny-2160.avi
2588,0.99494,0.16574,0.9992,49.11983,0.99988,0.91614,0.99396,0.99675,0.99806,99.50333,0.71,0.56,0.52,0.8,49.61,50.62,51.0,49.12,0.995,0.995,0.993,0.996,/tmpdir/crf_16.mpd,/videos/BigBuckBunny-2160.avi
2589,0.99478,0.16884,0.99919,49.07529,0.99988,0.9158,0.99373,0.99659,0.99795,99.46369,0.72,0.56,0.52,0.8,49.58,50.61,50.99,49.08,0.995,0.995,0.993,0.996,/tmpdir/crf_16.mpd,/videos/BigBuckBunny-2160.avi
2590,0.99469,0.16884,0.99918,49.04775,0.99987,0.91546,0.9936,0.99648,0.99785,99.43811,0.72,0.57,0.52,0.81,49.55,50.58,50.97,49.05,0.995,0.995,0.993,0.996,/tmpdir/crf_16.mpd,/videos/BigBuckBunny-2160.avi
2591,0.99466,0.20204,0.99918,49.0376,0.99988,0.91514,0.99384,0.99666,0.99798,99.45891,0.72,0.56,0.52,0.81,49.55,50.63,51.0,49.04,0.995,0.995,0.993,0.996,/tmpdir/crf_16.mpd,/videos/BigBuckBunny-2160.avi
2592,0.99467,0.20204,0.99918,49.02067,0.99988,0.91507,0.99386,0.99671,0.99805,99.46714,0.72,0.56,0.52,0.81,49.54,50.61,50.99,49.02,0.995,0.995,0.993,0.996,/tmpdir/crf_16.mpd,/videos/BigBuckBunny-2160.avi
2593,0.99582,0.19373,0.99944,49.52346,0.99995,0.91756,0.99653,0.99843,0.99916,99.80037,0.66,0.53,0.53,0.73,49.93,50.85,50.91,49.52,0.996,0.995,0.993,0.997,/tmpdir/crf_16.mpd,/videos/BigBuckBunny-2160.avi
2594,0.9955,0.19373,0.99935,49.2169,0.99992,0.9138,0.99558,0.99784,0.99876,99.68698,0.71,0.57,0.55,0.78,49.64,50.57,50.7,49.22,0.995,0.994,0.993,0.996,/tmpdir/crf_16.mpd,/videos/BigBuckBunny-2160.avi
2595,0.99528,0.18963,0.99929,49.02272,0.9999,0.91153,0.99503,0.99748,0.99851,99.6104,0.74,0.59,0.57,0.81,49.46,50.44,50.58,49.02,0.995,0.994,0.992,0.996,/tmpdir/crf_16.mpd,/videos/BigBuckBunny-2160.avi
2596,0.99513,0.18963,0.99925,48.91249,0.99989,0.91006,0.99459,0.9972,0.99832,99.55756,0.75,0.6,0.58,0.84,49.36,50.35,50.5,48.91,0.995,0.994,0.992,0.996,/tmpdir/crf_16.mpd,/videos/BigBuckBunny-2160.avi
2597,0.99506,0.16112,0.99923,48.81708,0.9999,0.9086,0.99457,0.99725,0.99836,99.53294,0.77,0.6,0.59,0.85,49.28,50.33,50.45,48.82,0.995,0.994,0.992,0.996,/tmpdir/crf_16.mpd,/videos/BigBuckBunny-2160.avi
2598,0.99489,0.16112,0.9992,48.70641,0.99988,0.90766,0.99398,0.99681,0.99802,99.46362,0.79,0.61,0.59,0.88,49.18,50.24,50.39,48.71,0.995,0.994,0.992,0.996,/tmpdir/crf_16.mpd,/videos/BigBuckBunny-2160.avi
2599,0.99469,0.15831,0.99915,48.53664,0.99986,0.90623,0.99361,0.99664,0.99792,99.41128,0.81,0.63,0.6,0.91,49.03,50.13,50.33,48.54,0.995,0.994,0.992,0.996,/tmpdir/crf_16.mpd,/videos/BigBuckBunny-2160.avi
2600,0.99458,0.15831,0.99911,48.39769,0.99985,0.90483,0.99318,0.99633,0.99765,99.35932,0.83,0.64,0.61,0.94,48.92,50.08,50.29,48.4,0.995,0.994,0.992,0.996,/tmpdir/crf_16.mpd,/videos/BigBuckBunny-2160.avi
2601,0.99388,1.10121,0.99839,55.16305,0.99928,0.93626,0.9977,0.99901,0.99944,99.98,0.16,0.1,0.09,0.2,55.98,57.97,58.69,55.16,0.998,0.998,0.999,0.997,/tmpdir/crf_16.mpd,/videos/BigBuckBunny-2160.avi
2602,0.98796,1.10121,0.99802,53.35302,0.99918,0.91553,0.99459,0.99756,0.99859,98.76129,0.24,0.12,0.1,0.3,54.39,57.33,58.24,53.35,0.997,0.998,0.999,0.996,/tmpdir/crf_16.mpd,/videos/BigBuckBunny-2160.avi
2603,0.98867,1.47108,0.99801,53.17218,0.99922,0.90823,0.99476,0.99781,0.99882,99.06368,0.25,0.12,0.1,0.31,54.21,57.18,57.99,53.17,0.997,0.998,0.998,0.996,/tmpdir/crf_16.mpd,/videos/BigBuckBunny-2160.avi
2604,0.98717,1.47108,0.99796,53.1403,0.99919,0.90923,0.99397,0.99743,0.99856,98.77424,0.25,0.13,0.11,0.32,54.17,57.12,57.87,53.14,0.997,0.998,0.998,0.996,/tmpdir/crf_16.mpd,/videos/BigBuckBunny-2160.avi
2605,0.99082,2.32485,0.99817,53.91648,0.99925,0.92097,0.99599,0.99834,0.99912,99.94523,0.21,0.12,0.1,0.26,54.87,57.43,58.27,53.92,0.997,0.998,0.999,0.997,/tmpdir/crf_16.mpd,/videos/BigBuckBunny-2160.avi
2606,0.9893,2.32485,0.998,53.36536,0.9992,0.91335,0.994,0.99746,0.99859,99.59242,0.24,0.13,0.1,0.3,54.35,56.98,57.94,53.37,0.997,0.998,0.998,0.996,/tmpdir/crf_16.mpd,/videos/BigBuckBunny-2160.avi
2607,0.98753,1.80664,0.99794,52.80106,0.99922,0.89986,0.99419,0.99761,0.99868,98.98843,0.27,0.13,0.11,0.34,53.85,56.88,57.72,52.8,0.997,0.998,0.998,0.996,/tmpdir/crf_16.mpd,/videos/BigBuckBunny-2160.avi
2608,0.9841,1.80664,0.9978,52.32102,0.99918,0.89197,0.99327,0.99729,0.99852,98.33975,0.3,0.14,0.12,0.38,53.41,56.71,57.51,52.32,0.996,0.998,0.998,0.995,/tmpdir/crf_16.mpd,/videos/BigBuckBunny-2160.avi
2609,0.98809,1.69559,0.99801,52.84216,0.99925,0.90037,0.99527,0.99807,0.99895,99.0654,0.27,0.13,0.11,0.34,53.9,56.97,57.82,52.84,0.997,0.998,0.998,0.996,/tmpdir/crf_16.mpd,/videos/BigBuckBunny-2160.avi
2610,0.98391,1.69559,0.9978,52.3158,0.99919,0.89381,0.99306,0.99711,0.99839,98.24122,0.3,0.14,0.12,0.38,53.4,56.64,57.44,52.32,0.996,0.998,0.998,0.995,/tmpdir/crf_16.mpd,/videos/BigBuckBunny-2160.avi
2611,0.98555,2.10729,0.99794,52.88181,0.99923,0.90309,0.99378,0.99749,0.99868,98.79473,0.27,0.13,0.12,0.33,53.9,56.85,57.45,52.88,0.997,0.998,0.998,0.996,/tmpdir/crf_16.mpd,/videos/BigBuckBunny-2160.avi
2612,0.98488,2.10729,0.99786,52.78393,0.99919,0.90307,0.99218,0.99675,0.99822,98.62471,0.27,0.14,0.12,0.34,53.79,56.66,57.31,52.78,0.997,0.998,0.998,0.996,/tmpdir/crf_16.mpd,/videos/BigBuckBunny-2160.avi
2613,0.98886,2.93677,0.99816,53.91848,0.99926,0.922,0.99491,0.99787,0.99883,99.88211,0.21,0.12,0.1,0.26,54.83,57.23,57.96,53.92,0.997,0.998,0.999,0.997,/tmpdir/crf_16.mpd,/videos/BigBuckBunny-2160.avi
2614,0.98626,2.93677,0.99798,53.36645,0.99919,0.9211,0.99316,0.99682,0.99815,99.34515,0.24,0.13,0.11,0.3,54.32,56.92,57.59,53.37,0.997,0.998,0.998,0.996,/tmpdir/crf_16.mpd,/videos/BigBuckBunny-2160.avi
2615,0.98824,2.59446,0.99806,53.59557,0.99923,0.92225,0.99425,0.99748,0.99861,99.57124,0.23,0.13,0.11,0.28,54.51,56.85,57.76,53.6,0.997,0.998,0.998,0.997,/tmpdir/crf_16.mpd,/videos/BigBuckBunny-2160.avi
2616,0.98461,2.59446,0.99788,52.89437,0.99919,0.90472,0.99209,0.99673,0.99824,98.83188,0.27,0.15,0.11,0.33,53.88,56.5,57.53,52.89,0.997,0.998,0.998,0.996,/tmpdir/crf_16.mpd,/videos/BigBuckBunny-2160.avi
2617,0.98983,2.07243,0.99815,53.70447,0.99926,0.91562,0.99557,0.99822,0.99905,99.61697,0.22,0.13,0.11,0.28,54.63,57.05,57.88,53.7,0.997,0.998,0.998,0.997,/tmpdir/crf_16.mpd,/videos/BigBuckBunny-2160.avi
2618,0.98563,2.07243,0.99785,52.57708,0.99918,0.89727,0.99301,0.99711,0.99839,98.74484,0.28,0.15,0.12,0.36,53.59,56.33,57.33,52.58,0.997,0.998,0.998,0.996,/tmpdir/crf_16.mpd,/videos/BigBuckBunny-2160.avi
2619,0.98594,2.42801,0.99789,52.43862,0.99922,0.89335,0.99392,0.99756,0.99868,99.00173,0.29,0.15,0.12,0.37,53.48,56.44,57.34,52.44,0.996,0.998,0.998,0.996,/tmpdir/crf_16.mpd,/videos/BigBuckBunny-2160.avi
2620,0.98588,2.42801,0.99782,52.34561,0.99918,0.89415,0.99307,0.99716,0.99845,98.96714,0.3,0.15,0.13,0.38,53.37,56.33,57.07,52.35,0.996,0.998,0.998,0.996,/tmpdir/crf_16.mpd,/videos/BigBuckBunny-2160.avi
2621,0.99098,2.75125,0.99803,53.00064,0.99925,0.90433,0.99514,0.99805,0.99894,100.0,0.26,0.14,0.12,0.33,53.98,56.63,57.5,53.0,0.997,0.998,0.998,0.996,/tmpdir/crf_16.mpd,/videos/BigBuckBunny-2160.avi
2622,0.98747,2.75125,0.9978,52.22319,0.9992,0.88981,0.99224,0.99665,0.99805,99.36383,0.31,0.17,0.13,0.39,53.23,55.95,56.97,52.22,0.996,0.998,0.998,0.995,/tmpdir/crf_16.mpd,/videos/BigBuckBunny-2160.avi
2623,0.989,2.46337,0.99788,52.25471,0.99923,0.89023,0.99353,0.99729,0.9985,99.53369,0.31,0.16,0.13,0.39,53.28,56.12,57.07,52.25,0.996,0.998,0.998,0.995,/tmpdir/crf_16.mpd,/videos/BigBuckBunny-2160.avi
2624,0.98743,2.46337,0.99771,51.73937,0.99919,0.87918,0.99223,0.99675,0.99818,99.19219,0.34,0.17,0.14,0.44,52.79,55.83,56.74,51.74,0.996,0.998,0.998,0.995,/tmpdir/crf_16.mpd,/videos/BigBuckBunny-2160.avi
2625,0.99218,2.01063,0.99801,52.80027,0.99925,0.90105,0.99511,0.99801,0.99892,99.9458,0.27,0.15,0.12,0.34,53.79,56.47,57.44,52.8,0.997,0.998,0.998,0.996,/tmpdir/crf_16.mpd,/videos/BigBuckBunny-2160.avi
2626,0.98997,2.01063,0.99786,52.53699,0.99919,0.9012,0.99287,0.99697,0.99825,99.48069,0.29,0.17,0.13,0.36,53.48,55.96,56.83,52.54,0.997,0.998,0.998,0.996,/tmpdir/crf_16.mpd,/videos/BigBuckBunny-2160.avi
2627,0.99072,2.06391,0.99795,52.81952,0.99922,0.90741,0.99415,0.99752,0.99859,99.6968,0.27,0.15,0.13,0.34,53.76,56.26,57.08,52.82,0.997,0.998,0.998,0.996,/tmpdir/crf_16.mpd,/videos/BigBuckBunny-2160.avi
2628,0.98818,2.06391,0.99777,52.28764,0.99918,0.89786,0.99275,0.99688,0.99824,99.17778,0.3,0.16,0.13,0.38,53.3,56.14,56.93,52.29,0.996,0.998,0.998,0.995,/tmpdir/crf_16.mpd,/videos/BigBuckBunny-2160.avi
2629,0.99106,2.02179,0.99803,52.99326,0.99924,0.90626,0.995,0.99796,0.99892,99.76617,0.26,0.14,0.12,0.33,53.96,56.55,57.4,52.99,0.997,0.998,0.998,0.996,/tmpdir/crf_16.mpd,/videos/BigBuckBunny-2160.avi
2630,0.98738,2.02179,0.99781,52.23795,0.99919,0.89424,0.99249,0.99676,0.99814,98.99494,0.31,0.16,0.13,0.39,53.25,56.12,56.92,52.24,0.996,0.998,0.998,0.996,/tmpdir/crf_16.mpd,/videos/BigBuckBunny-2160.avi
2631,0.98968,2.25304,0.99788,52.34246,0.99922,0.89342,0.99364,0.99745,0.99864,99.56937,0.3,0.16,0.13,0.38,53.34,56.08,56.98,52.34,0.996,0.998,0.998,0.996,/tmpdir/crf_16.mpd,/videos/BigBuckBunny-2160.avi
2632,0.98815,2.25304,0.99775,52.00382,0.99918,0.88821,0.99215,0.99679,0.99826,99.24121,0.32,0.17,0.13,0.41,53.03,55.89,56.88,52.0,0.996,0.998,0.998,0.995,/tmpdir/crf_16.mpd,/videos/BigBuckBunny-2160.avi
2633,0.99157,3.63847,0.99805,53.07333,0.99925,0.90693,0.99439,0.99766,0.99871,100.0,0.26,0.15,0.12,0.32,54.02,56.44,57.45,53.07,0.997,0.998,0.998,0.996,/tmpdir/crf_16.mpd,/videos/BigBuckBunny-2160.avi
2634,0.98853,3.63847,0.9978,52.29503,0.99918,0.89597,0.9921,0.99663,0.99811,100.0,0.3,0.17,0.13,0.38,53.29,55.88,57.13,52.3,0.996,0.998,0.998,0.996,/tmpdir/crf_16.mpd,/videos/BigBuckBunny-2160.avi
2635,0.98844,2.82115,0.99782,52.11231,0.99921,0.88897,0.99328,0.99723,0.99847,99.61431,0.32,0.17,0.13,0.4,53.14,55.95,57.01,52.11,0.996,0.998,0.998,0.995,/tmpdir/crf_16.mpd,/videos/BigBuckBunny-2160.avi
2636,0.98542,2.82115,0.99765,51.58695,0.99918,0.87713,0.99146,0.99637,0.99799,98.99663,0.35,0.18,0.14,0.45,52.65,55.66,56.69,51.59,0.996,0.998,0.998,0.995,/tmpdir/crf_16.mpd,/videos/BigBuckBunny-2160.avi
2637,0.98885,2.66592,0.99787,52.34435,0.99922,0.89141,0.99389,0.99749,0.99864,99.63001,0.3,0.16,0.13,0.38,53.35,56.12,57.03,52.34,0.996,0.998,0.998,0.995,/tmpdir/crf_16.mpd,/videos/BigBuckBunny-2160.avi
2638,0.98347,2.66592,0.99764,51.72439,0.99918,0.88073,0.99177,0.99652,0.99807,98.58672,0.34,0.17,0.14,0.44,52.77,55.71,56.71,51.72,0.996,0.998,0.998,0.995,/tmpdir/crf_16.mpd,/videos/BigBuckBunny-2160.avi
2639,0.98905,3.40197,0.99792,52.73072,0.99922,0.90245,0.99377,0.99736,0.99855,100.0,0.28,0.16,0.13,0.35,53.67,56.13,56.97,52.73,0.997,0.998,0.998,0.996,/tmpdir/crf_16.mpd,/videos/BigBuckBunny-2160.avi
2640,0.98592,3.40197,0.99779,52.2747,0.99919,0.89745,0.99187,0.99635,0.99785,99.43406,0.31,0.17,0.14,0.39,53.22,55.79,56.53,52.27,0.996,0.998,0.998,0.995,/tmpdir/crf_16.mpd,/videos/BigBuckBunny-2160.avi
2641,0.98804,4.71275,0.99799,53.05531,0.99925,0.90747,0.99397,0.99738,0.99853,100.0,0.26,0.15,0.12,0.32,53.99,56.38,57.29,53.06,0.997,0.998,0.998,0.996,/tmpdir/crf_16.mpd,/videos/BigBuckBunny-2160.avi
2642,0.98702,4.8792,0.99778,52.26177,0.99918,0.89449,0.99236,0.99661,0.99804,100.0,0.31,0.17,0.14,0.39,53.21,55.73,56.61,52.26,0.996,0.998,0.998,0.995,/tmpdir/crf_16.mpd,/videos/BigBuckBunny-2160.avi
2643,0.98959,4.61753,0.99799,52.7591,0.99926,0.90254,0.99402,0.9974,0.99854,100.0,0.28,0.17,0.14,0.34,53.65,55.86,56.72,52.76,0.997,0.998,0.998,0.996,/tmpdir/crf_16.mpd,/videos/BigBuckBunny-2160.avi
2644,0.98732,3.97017,0.99782,52.15252,0.9992,0.89391,0.99273,0.9967,0.99806,100.0,0.32,0.18,0.15,0.4,53.09,55.6,56.38,52.15,0.996,0.998,0.998,0.995,/tmpdir/crf_16.mpd,/videos/BigBuckBunny-2160.avi
2645,0.99011,3.10163,0.99793,52.15785,0.99929,0.89308,0.99377,0.99737,0.99856,100.0,0.32,0.18,0.15,0.4,53.08,55.5,56.26,52.16,0.996,0.998,0.998,0.995,/tmpdir/crf_16.mpd,/videos/BigBuckBunny-2160.avi
2646,0.98814,3.10163,0.99782,51.79489,0.99928,0.88762,0.99205,0.9965,0.998,99.65509,0.35,0.19,0.16,0.43,52.74,55.31,56.03,51.79,0.996,0.998,0.998,0.995,/tmpdir/crf_16.mpd,/videos/BigBuckBunny-2160.avi
2647,0.99139,3.83148,0.99792,52.2603,0.99927,0.89631,0.99385,0.99738,0.99858,100.0,0.31,0.18,0.15,0.39,53.17,55.58,56.29,52.26,0.996,0.998,0.998,0.995,/tmpdir/crf_16.mpd,/videos/BigBuckBunny-2160.avi
2648,0.99173,3.83148,0.99786,52.16611,0.99924,0.89505,0.99359,0.99722,0.99845,100.0,0.32,0.18,0.15,0.39,53.1,55.59,56.32,52.17,0.996,0.998,0.998,0.995,/tmpdir/crf_16.mpd,/videos/BigBuckBunny-2160.avi
2649,0.98997,4.14872,0.99783,51.98207,0.99923,0.89285,0.99245,0.99665,0.99809,100.0,0.33,0.19,0.16,0.41,52.9,55.36,56.0,51.98,0.996,0.998,0.998,0.995,/tmpdir/crf_16.mpd,/videos/BigBuckBunny-2160.avi
2650,0.99237,4.14872,0.99795,52.29955,0.99928,0.89849,0.99378,0.99732,0.9985,100.0,0.31,0.18,0.15,0.38,53.2,55.57,56.26,52.3,0.996,0.998,0.998,0.996,/tmpdir/crf_16.mpd,/videos/BigBuckBunny-2160.avi
2651,0.99079,5.09862,0.99785,51.889,0.99926,0.89082,0.9921,0.99645,0.99796,100.0,0.34,0.19,0.16,0.42,52.82,55.36,56.0,51.89,0.996,0.998,0.998,0.995,/tmpdir/crf_16.mpd,/videos/BigBuckBunny-2160.avi
2652,0.99263,5.05426,0.99796,52.40177,0.99927,0.89884,0.99414,0.99753,0.99866,100.0,0.3,0.18,0.15,0.37,53.31,55.66,56.42,52.4,0.996,0.998,0.998,0.996,/tmpdir/crf_16.mpd,/videos/BigBuckBunny-2160.avi
2653,0.99101,4.27625,0.99792,52.18183,0.99929,0.895,0.99398,0.99747,0.99863,100.0,0.32,0.18,0.15,0.39,53.11,55.58,56.31,52.18,0.996,0.998,0.998,0.995,/tmpdir/crf_16.mpd,/videos/BigBuckBunny-2160.avi
2654,0.99292,3.90895,0.99795,52.24116,0.9993,0.89637,0.99404,0.9974,0.99852,100.0,0.31,0.18,0.15,0.39,53.16,55.66,56.25,52.24,0.996,0.998,0.998,0.995,/tmpdir/crf_16.mpd,/videos/BigBuckBunny-2160.avi
2655,0.991,2.59061,0.99789,52.03432,0.99928,0.89122,0.99289,0.99686,0.99822,99.92685,0.33,0.18,0.15,0.41,52.99,55.59,56.29,52.03,0.996,0.998,0.998,0.995,/tmpdir/crf_16.mpd,/videos/BigBuckBunny-2160.avi
2656,0.99004,2.59061,0.99788,51.99561,0.99928,0.89004,0.9924,0.99662,0.99806,99.73647,0.33,0.18,0.16,0.41,52.94,55.58,56.15,52.0,0.996,0.998,0.998,0.995,/tmpdir/crf_16.mpd,/videos/BigBuckBunny-2160.avi
2657,0.99299,2.28316,0.99804,52.728,0.99929,0.90336,0.99528,0.99802,0.99892,100.0,0.28,0.16,0.14,0.35,53.65,56.11,56.78,52.73,0.997,0.998,0.998,0.996,/tmpdir/crf_16.mpd,/videos/BigBuckBunny-2160.avi
2658,0.98796,2.28316,0.99785,52.1688,0.99923,0.89385,0.99371,0.9973,0.99849,99.26764,0.31,0.16,0.14,0.39,53.16,55.98,56.67,52.17,0.996,0.998,0.998,0.995,/tmpdir/crf_16.mpd,/videos/BigBuckBunny-2160.avi
2659,0.99081,1.95366,0.99792,52.0014,0.99928,0.89162,0.99316,0.99703,0.99839,99.5848,0.33,0.18,0.15,0.41,52.97,55.68,56.25,52.0,0.996,0.998,0.998,0.995,/tmpdir/crf_16.mpd,/videos/BigBuckBunny-2160.avi
2660,0.99261,1.95366,0.99805,52.48442,0.99932,0.90023,0.99467,0.99767,0.99869,99.96508,0.3,0.17,0.14,0.37,53.41,55.92,56.55,52.48,0.996,0.998,0.998,0.996,/tmpdir/crf_16.mpd,/videos/BigBuckBunny-2160.avi
2661,0.99157,2.16617,0.99791,52.05517,0.99929,0.8925,0.99355,0.99723,0.99842,99.83545,0.32,0.17,0.15,0.41,53.04,55.81,56.42,52.06,0.996,0.998,0.998,0.995,/tmpdir/crf_16.mpd,/videos/BigBuckBunny-2160.avi
2662,0.9929,2.09705,0.99797,52.39672,0.99927,0.89812,0.99509,0.99792,0.99885,100.0,0.3,0.16,0.14,0.37,53.36,56.02,56.71,52.4,0.996,0.998,0.998,0.996,/tmpdir/crf_16.mpd,/videos/BigBuckBunny-2160.avi
2663,0.99144,2.09705,0.99794,52.21979,0.99929,0.8939,0.99505,0.99794,0.99888,99.83218,0.31,0.17,0.14,0.39,53.21,55.95,56.74,52.22,0.996,0.998,0.998,0.995,/tmpdir/crf_16.mpd,/videos/BigBuckBunny-2160.avi
2664,0.99188,2.24497,0.99801,52.25193,0.99931,0.89615,0.99483,0.99779,0.99879,99.98036,0.31,0.17,0.15,0.39,53.2,55.84,56.45,52.25,0.996,0.998,0.998,0.995,/tmpdir/crf_16.mpd,/videos/BigBuckBunny-2160.avi
2665,0.99053,1.5747,0.99791,51.98149,0.99928,0.89017,0.99332,0.99709,0.99838,99.34228,0.33,0.18,0.15,0.41,52.95,55.65,56.27,51.98,0.996,0.998,0.998,0.995,/tmpdir/crf_16.mpd,/videos/BigBuckBunny-2160.avi
2666,0.99126,1.5747,0.99795,52.0814,0.9993,0.89183,0.99398,0.99738,0.99853,99.49467,0.32,0.17,0.15,0.4,53.06,55.77,56.44,52.08,0.996,0.998,0.998,0.995,/tmpdir/crf_16.mpd,/videos/BigBuckBunny-2160.avi
2667,0.99139,1.66598,0.99789,52.27053,0.99922,0.89634,0.99406,0.99742,0.99858,99.58005,0.31,0.17,0.14,0.39,53.24,55.9,56.57,52.27,0.996,0.998,0.998,0.996,/tmpdir/crf_16.mpd,/videos/BigBuckBunny-2160.avi
2668,0.99121,1.66598,0.99798,52.6542,0.99924,0.90266,0.99532,0.99803,0.99891,99.60623,0.28,0.16,0.13,0.35,53.6,56.19,56.86,52.65,0.996,0.998,0.998,0.996,/tmpdir/crf_16.mpd,/videos/BigBuckBunny-2160.avi
2669,0.99051,2.10025,0.99791,52.12232,0.99926,0.89569,0.99331,0.99705,0.99833,99.61417,0.32,0.17,0.15,0.4,53.08,55.75,56.34,52.12,0.996,0.998,0.998,0.995,/tmpdir/crf_16.mpd,/videos/BigBuckBunny-2160.avi
2670,0.99212,2.10025,0.99802,52.53029,0.99929,0.9021,0.99478,0.99773,0.99875,99.96251,0.29,0.16,0.14,0.36,53.46,55.97,56.61,52.53,0.996,0.998,0.998,0.996,/tmpdir/crf_16.mpd,/videos/BigBuckBunny-2160.avi
2671,0.99033,2.21914,0.99787,52.09992,0.99924,0.89432,0.99303,0.99693,0.99827,99.6314,0.32,0.17,0.15,0.4,53.06,55.7,56.41,52.1,0.996,0.998,0.998,0.995,/tmpdir/crf_16.mpd,/videos/BigBuckBunny-2160.avi
2672,0.99114,2.65875,0.99793,52.45594,0.99924,0.901,0.99418,0.99746,0.99856,100.0,0.3,0.16,0.14,0.37,53.4,56.0,56.65,52.46,0.996,0.998,0.998,0.996,/tmpdir/crf_16.mpd,/videos/BigBuckBunny-2160.avi
2673,0.98914,2.65875,0.99785,52.27483,0.9992,0.89755,0.9935,0.99715,0.99839,99.66856,0.31,0.16,0.14,0.39,53.25,55.99,56.65,52.27,0.996,0.998,0.998,0.996,/tmpdir/crf_16.mpd,/videos/BigBuckBunny-2160.avi
2674,0.99235,2.69913,0.9981,52.82959,0.9993,0.90722,0.99501,0.99785,0.9988,100.0,0.28,0.16,0.14,0.34,53.71,56.02,56.59,52.83,0.997,0.998,0.998,0.996,/tmpdir/crf_16.mpd,/videos/BigBuckBunny-2160.avi
2675,0.99074,1.73388,0.99789,52.18219,0.99924,0.89599,0.99333,0.99713,0.99843,99.47938,0.32,0.17,0.15,0.39,53.13,55.8,56.27,52.18,0.996,0.998,0.998,0.996,/tmpdir/crf_16.mpd,/videos/BigBuckBunny-2160.avi
2676,0.99174,1.73388,0.99795,52.3749,0.99926,0.89902,0.99441,0.99759,0.99863,99.69146,0.3,0.16,0.14,0.38,53.33,56.04,56.53,52.37,0.996,0.998,0.998,0.996,/tmpdir/crf_16.mpd,/videos/BigBuckBunny-2160.avi
2677,0.99029,1.48335,0.99783,52.08669,0.9992,0.89101,0.99438,0.99764,0.99867,99.29187,0.32,0.16,0.14,0.4,53.1,56.1,56.65,52.09,0.996,0.998,0.998,0.995,/tmpdir/crf_16.mpd,/videos/BigBuckBunny-2160.avi
2678,0.99015,1.48335,0.99797,52.66895,0.99924,0.89955,0.99568,0.99824,0.99907,99.33454,0.28,0.15,0.13,0.35,53.64,56.35,56.96,52.67,0.996,0.998,0.998,0.996,/tmpdir/crf_16.mpd,/videos/BigBuckBunny-2160.avi
2679,0.98986,1.35997,0.99792,52.16841,0.99924,0.89439,0.9942,0.99751,0.99863,99.15772,0.31,0.17,0.15,0.39,53.15,55.95,56.49,52.17,0.996,0.998,0.998,0.995,/tmpdir/crf_16.mpd,/videos/BigBuckBunny-2160.avi
2680,0.99122,1.35997,0.99809,52.77092,0.99928,0.90311,0.99554,0.99813,0.99899,99.46766,0.28,0.16,0.14,0.34,53.69,56.2,56.78,52.77,0.997,0.998,0.998,0.996,/tmpdir/crf_16.mpd,/videos/BigBuckBunny-2160.avi
2681,0.99039,1.60678,0.99794,52.43143,0.99923,0.8981,0.99461,0.99767,0.9987,99.39336,0.3,0.16,0.14,0.37,53.4,56.09,56.73,52.43,0.996,0.998,0.998,0.996,/tmpdir/crf_16.mpd,/videos/BigBuckBunny-2160.avi
2682,0.99013,1.5828,0.99795,52.50377,0.99922,0.89971,0.99529,0.99806,0.99898,99.37037,0.29,0.15,0.13,0.37,53.49,56.26,56.92,52.5,0.996,0.998,0.998,0.996,/tmpdir/crf_16.mpd,/videos/BigBuckBunny-2160.avi
2683,0.98911,1.5828,0.99785,52.17591,0.99919,0.89389,0.99464,0.99774,0.99872,99.14645,0.31,0.16,0.13,0.39,53.21,56.18,56.99,52.18,0.996,0.998,0.998,0.995,/tmpdir/crf_16.mpd,/videos/BigBuckBunny-2160.avi
2684,0.99175,1.41122,0.99804,52.55678,0.99926,0.89991,0.99556,0.99814,0.99899,99.57658,0.29,0.16,0.14,0.36,53.49,55.99,56.68,52.56,0.996,0.998,0.998,0.996,/tmpdir/crf_16.mpd,/videos/BigBuckBunny-2160.avi
2685,0.99081,1.19351,0.9979,52.07193,0.99923,0.88804,0.99457,0.99774,0.99876,99.24279,0.32,0.17,0.14,0.4,53.08,55.93,56.66,52.07,0.996,0.998,0.998,0.995,/tmpdir/crf_16.mpd,/videos/BigBuckBunny-2160.avi
2686,0.99145,1.19351,0.99796,52.36423,0.99924,0.89706,0.99506,0.99791,0.99884,99.3919,0.3,0.16,0.14,0.38,53.35,56.13,56.82,52.36,0.996,0.998,0.998,0.996,/tmpdir/crf_16.mpd,/videos/BigBuckBunny-2160.avi
2687,0.99088,1.94835,0.99789,52.31935,0.99921,0.89965,0.99422,0.99755,0.99863,99.64776,0.3,0.16,0.14,0.38,53.3,56.04,56.71,52.32,0.996,0.998,0.998,0.996,/tmpdir/crf_16.mpd,/videos/BigBuckBunny-2160.avi
2688,0.98993,1.94835,0.99794,52.52368,0.99924,0.90395,0.99469,0.99775,0.99878,99.50773,0.29,0.16,0.13,0.36,53.49,56.11,56.88,52.52,0.996,0.998,0.998,0.996,/tmpdir/crf_16.mpd,/videos/BigBuckBunny-2160.avi
2689,0.99199,3.92227,0.99789,52.45598,0.9992,0.90386,0.99215,0.99656,0.99805,100.0,0.3,0.18,0.15,0.37,53.35,55.61,56.4,52.46,0.997,0.998,0.998,0.996,/tmpdir/crf_16.mpd,/videos/BigBuckBunny-2160.avi
2690,0.9929,3.92227,0.99812,53.518,0.99925,0.92003,0.99377,0.99722,0.99848,100.0,0.24,0.15,0.13,0.29,54.34,56.25,57.15,53.52,0.997,0.998,0.998,0.997,/tmpdir/crf_16.mpd,/videos/BigBuckBunny-2160.avi
2691,0.99214,4.46159,0.99781,52.03674,0.99925,0.88974,0.99221,0.99669,0.9982,100.0,0.32,0.18,0.15,0.41,53.01,55.64,56.51,52.04,0.996,0.998,0.998,0.995,/tmpdir/crf_16.mpd,/videos/BigBuckBunny-2160.avi
2692,0.99255,5.49654,0.99808,53.33314,0.99928,0.91946,0.99351,0.99714,0.99843,100.0,0.25,0.15,0.13,0.3,54.19,56.28,57.13,53.33,0.997,0.998,0.998,0.996,/tmpdir/crf_16.mpd,/videos/BigBuckBunny-2160.avi
2693,0.9923,7.20709,0.99817,53.55082,0.9993,0.92214,0.99424,0.9974,0.99855,100.0,0.24,0.14,0.12,0.29,54.41,56.54,57.33,53.55,0.997,0.998,0.998,0.997,/tmpdir/crf_16.mpd,/videos/BigBuckBunny-2160.avi
2694,0.99208,4.14728,0.99778,51.72715,0.99924,0.8885,0.9922,0.99661,0.99812,100.0,0.35,0.19,0.16,0.44,52.7,55.37,56.14,51.73,0.996,0.998,0.998,0.995,/tmpdir/crf_16.mpd,/videos/BigBuckBunny-2160.avi
2695,0.99333,2.77657,0.99788,51.93753,0.99926,0.88872,0.99306,0.99707,0.99842,100.0,0.33,0.18,0.15,0.42,52.9,55.54,56.3,51.94,0.996,0.998,0.998,0.995,/tmpdir/crf_16.mpd,/videos/BigBuckBunny-2160.avi
2696,0.99073,2.77657,0.99775,51.55724,0.99923,0.88171,0.99217,0.99671,0.99821,99.94571,0.36,0.19,0.15,0.45,52.57,55.45,56.25,51.56,0.996,0.998,0.998,0.995,/tmpdir/crf_16.mpd,/videos/BigBuckBunny-2160.avi
2697,0.99239,2.61125,0.99811,52.68163,0.9993,0.90008,0.99519,0.99803,0.99893,100.0,0.28,0.16,0.13,0.35,53.6,55.98,56.83,52.68,0.997,0.998,0.998,0.996,/tmpdir/crf_16.mpd,/videos/BigBuckBunny-2160.avi
2698,0.98821,2.61125,0.99782,51.88068,0.99924,0.88669,0.99338,0.99717,0.99842,99.45256,0.33,0.17,0.14,0.42,52.92,55.91,56.69,51.88,0.996,0.998,0.998,0.995,/tmpdir/crf_16.mpd,/videos/BigBuckBunny-2160.avi
2699,0.99161,1.56873,0.99784,51.65879,0.99924,0.88571,0.99307,0.99702,0.99834,99.51386,0.35,0.18,0.16,0.44,52.67,55.54,56.22,51.66,0.996,0.998,0.998,0.995,/tmpdir/crf_16.mpd,/videos/BigBuckBunny-2160.avi
2700,0.99275,1.56873,0.99804,52.30291,0.9993,0.89567,0.99485,0.99779,0.99877,99.79379,0.31,0.17,0.15,0.38,53.24,55.76,56.41,52.3,0.996,0.998,0.998,0.995,/tmpdir/crf_16.mpd,/videos/BigBuckBunny-2160.avi
2701,0.99558,1.60404,0.99846,54.51498,0.99935,0.93209,0.99751,0.9989,0.99937,100.0,0.19,0.12,0.11,0.23,55.32,57.33,57.84,54.51,0.998,0.998,0.998,0.997,/tmpdir/crf_16.mpd,/videos/BigBuckBunny-2160.avi
2702,0.99325,1.76943,0.9982,53.08819,0.99931,0.91433,0.99576,0.99814,0.99898,100.0,0.25,0.13,0.11,0.32,54.08,56.84,57.55,53.09,0.997,0.998,0.998,0.996,/tmpdir/crf_16.mpd,/videos/BigBuckBunny-2160.avi
2703,0.99192,1.76943,0.99817,52.94823,0.99932,0.91067,0.99569,0.99817,0.999,99.81744,0.26,0.14,0.12,0.33,53.93,56.71,57.36,52.95,0.997,0.998,0.998,0.996,/tmpdir/crf_16.mpd,/videos/BigBuckBunny-2160.avi
2704,0.99194,1.6612,0.99808,52.48644,0.99928,0.90411,0.99443,0.99751,0.99856,99.69891,0.29,0.16,0.13,0.37,53.46,56.14,56.85,52.49,0.997,0.998,0.998,0.996,/tmpdir/crf_16.mpd,/videos/BigBuckBunny-2160.avi
2705,0.99272,1.22397,0.99809,52.57571,0.99929,0.90476,0.9946,0.99761,0.99861,99.63173,0.29,0.15,0.13,0.36,53.55,56.23,56.96,52.58,0.997,0.998,0.998,0.996,/tmpdir/crf_16.mpd,/videos/BigBuckBunny-2160.avi
2706,0.99129,1.22397,0.99804,52.3877,0.99929,0.90124,0.99408,0.99743,0.99857,99.35998,0.3,0.16,0.13,0.38,53.38,56.16,56.92,52.39,0.997,0.998,0.998,0.996,/tmpdir/crf_16.mpd,/videos/BigBuckBunny-2160.avi
2707,0.99253,2.76204,0.99798,52.24149,0.99929,0.90063,0.9943,0.99752,0.99857,100.0,0.31,0.15,0.13,0.39,53.28,56.3,57.08,52.24,0.996,0.998,0.998,0.996,/tmpdir/crf_16.mpd,/videos/BigBuckBunny-2160.avi
2708,0.99081,2.76204,0.99793,52.37724,0.99927,0.90474,0.99237,0.99657,0.99799,99.99525,0.3,0.16,0.13,0.38,53.38,56.16,56.94,52.38,0.996,0.998,0.998,0.996,/tmpdir/crf_16.mpd,/videos/BigBuckBunny-2160.avi
2709,0.99247,5.39937,0.99808,53.11115,0.9993,0.91924,0.9923,0.99647,0.99802,100.0,0.26,0.16,0.14,0.32,53.94,55.97,56.72,53.11,0.997,0.998,0.998,0.996,/tmpdir/crf_16.mpd,/videos/BigBuckBunny-2160.avi
2710,0.99182,5.39937,0.99817,53.39161,0.99931,0.92239,0.993,0.99668,0.99813,100.0,0.25,0.15,0.13,0.3,54.22,56.25,56.97,53.39,0.997,0.998,0.998,0.997,/tmpdir/crf_16.mpd,/videos/BigBuckBunny-2160.avi
2711,0.99223,5.74414,0.99806,52.89196,0.99931,0.91501,0.99254,0.99661,0.99806,100.0,0.27,0.17,0.14,0.33,53.75,55.87,56.7,52.89,0.997,0.998,0.998,0.996,/tmpdir/crf_16.mpd,/videos/BigBuckBunny-2160.avi
2712,0.99277,5.74414,0.99818,53.33683,0.99933,0.9195,0.99335,0.997,0.99837,100.0,0.25,0.15,0.13,0.3,54.2,56.35,57.14,53.34,0.997,0.998,0.998,0.997,/tmpdir/crf_16.mpd,/videos/BigBuckBunny-2160.avi
2713,0.9933,4.76483,0.99818,53.39761,0.99934,0.91985,0.99393,0.99725,0.99849,100.0,0.25,0.15,0.13,0.3,54.23,56.32,56.9,53.4,0.997,0.998,0.998,0.997,/tmpdir/crf_16.mpd,/videos/BigBuckBunny-2160.avi
2714,0.99345,4.21764,0.99815,53.0653,0.99934,0.91429,0.99437,0.99756,0.99867,100.0,0.26,0.16,0.14,0.32,53.93,56.2,56.78,53.07,0.997,0.998,0.998,0.996,/tmpdir/crf_16.mpd,/videos/BigBuckBunny-2160.avi
2715,0.99073,2.39175,0.9978,51.66192,0.99925,0.89109,0.99255,0.99678,0.99818,99.77064,0.35,0.18,0.16,0.44,52.66,55.5,56.18,51.66,0.996,0.998,0.998,0.995,/tmpdir/crf_16.mpd,/videos/BigBuckBunny-2160.avi
2716,0.99253,2.39175,0.99793,51.92909,0.9993,0.89224,0.99362,0.99732,0.99857,100.0,0.33,0.17,0.15,0.42,52.93,55.77,56.42,51.93,0.996,0.998,0.998,0.995,/tmpdir/crf_16.mpd,/videos/BigBuckBunny-2160.avi
2717,0.99137,2.16718,0.99797,52.12612,0.99929,0.89755,0.99356,0.99725,0.99853,99.82389,0.32,0.17,0.15,0.4,53.09,55.73,56.48,52.13,0.996,0.998,0.998,0.996,/tmpdir/crf_16.mpd,/videos/BigBuckBunny-2160.avi
2718,0.99332,2.16718,0.99826,53.28867,0.99935,0.91365,0.99604,0.9983,0.99903,100.0,0.25,0.15,0.13,0.3,54.15,56.35,56.99,53.29,0.997,0.998,0.998,0.996,/tmpdir/crf_16.mpd,/videos/BigBuckBunny-2160.avi
2719,0.99136,1.45636,0.99801,52.31246,0.99927,0.89985,0.99386,0.99726,0.99842,99.46683,0.31,0.17,0.14,0.38,53.26,55.87,56.53,52.31,0.996,0.998,0.998,0.996,/tmpdir/crf_16.mpd,/videos/BigBuckBunny-2160.avi
2720,0.99204,1.45636,0.99804,52.42278,0.99928,0.9008,0.99437,0.99755,0.99865,99.61404,0.3,0.16,0.14,0.37,53.36,55.97,56.53,52.42,0.996,0.998,0.998,0.996,/tmpdir/crf_16.mpd,/videos/BigBuckBunny-2160.avi
2721,0.99172,1.85959,0.99804,52.34774,0.9993,0.90106,0.99439,0.99754,0.99859,99.75252,0.3,0.16,0.14,0.38,53.31,55.99,56.63,52.35,0.996,0.998,0.998,0.996,/tmpdir/crf_16.mpd,/videos/BigBuckBunny-2160.avi
2722,0.9933,2.34414,0.99818,52.76989,0.99936,0.90743,0.99572,0.99821,0.99902,100.0,0.28,0.16,0.14,0.34,53.68,56.13,56.7,52.77,0.997,0.998,0.998,0.996,/tmpdir/crf_16.mpd,/videos/BigBuckBunny-2160.avi
2723,0.99318,1.75086,0.99823,52.93874,0.99936,0.91056,0.99581,0.99825,0.99908,100.0,0.27,0.16,0.14,0.33,53.81,56.17,56.61,52.94,0.997,0.998,0.998,0.996,/tmpdir/crf_16.mpd,/videos/BigBuckBunny-2160.avi
2724,0.99194,1.38142,0.9981,52.58718,0.99929,0.90641,0.99474,0.99761,0.99864,99.57763,0.29,0.16,0.14,0.36,53.52,56.07,56.61,52.59,0.997,0.998,0.998,0.996,/tmpdir/crf_16.mpd,/videos/BigBuckBunny-2160.avi
2725,0.99356,1.2616,0.99811,52.66538,0.99929,0.90751,0.99515,0.99785,0.99878,99.82607,0.29,0.16,0.14,0.35,53.58,56.1,56.55,52.67,0.997,0.998,0.998,0.996,/tmpdir/crf_16.mpd,/videos/BigBuckBunny-2160.avi
2726,0.9925,1.2616,0.9981,52.54631,0.9993,0.90555,0.99505,0.99785,0.9988,99.63284,0.29,0.16,0.14,0.36,53.48,56.05,56.56,52.55,0.997,0.998,0.998,0.996,/tmpdir/crf_16.mpd,/videos/BigBuckBunny-2160.avi
2727,0.9934,1.52817,0.99823,52.87345,0.99937,0.91055,0.99583,0.99824,0.999,99.96272,0.27,0.16,0.14,0.34,53.76,56.17,56.64,52.87,0.997,0.998,0.998,0.996,/tmpdir/crf_16.mpd,/videos/BigBuckBunny-2160.avi
2728,0.99184,1.52817,0.99813,52.69957,0.99931,0.90762,0.99503,0.99778,0.99872,99.64451,0.28,0.16,0.14,0.35,53.62,56.11,56.64,52.7,0.997,0.998,0.998,0.996,/tmpdir/crf_16.mpd,/videos/BigBuckBunny-2160.avi
2729,0.99204,0.95417,0.99811,52.63592,0.9993,0.90725,0.99515,0.99785,0.99881,99.41046,0.29,0.16,0.14,0.35,53.57,56.16,56.63,52.64,0.997,0.998,0.998,0.996,/tmpdir/crf_16.mpd,/videos/BigBuckBunny-2160.avi
2730,0.99186,0.95417,0.99806,52.54213,0.99926,0.90611,0.99514,0.99789,0.99885,99.37813,0.29,0.16,0.15,0.36,53.46,55.99,56.44,52.54,0.997,0.998,0.998,0.996,/tmpdir/crf_16.mpd,/videos/BigBuckBunny-2160.avi
2731,0.99342,1.50612,0.9982,52.95165,0.99934,0.91134,0.99599,0.99831,0.9991,99.96669,0.27,0.15,0.14,0.33,53.84,56.26,56.72,52.95,0.997,0.998,0.998,0.996,/tmpdir/crf_16.mpd,/videos/BigBuckBunny-2160.avi
2732,0.99108,2.01336,0.99814,52.5908,0.99933,0.90636,0.9947,0.99764,0.99869,99.74076,0.29,0.17,0.15,0.36,53.49,55.94,56.42,52.59,0.997,0.998,0.998,0.996,/tmpdir/crf_16.mpd,/videos/BigBuckBunny-2160.avi
2733,0.99239,1.65828,0.99814,52.52388,0.99933,0.9059,0.99465,0.99762,0.99868,99.79383,0.3,0.17,0.15,0.36,53.43,55.91,56.34,52.52,0.997,0.998,0.998,0.996,/tmpdir/crf_16.mpd,/videos/BigBuckBunny-2160.avi
2734,0.99171,1.12517,0.99811,52.64111,0.9993,0.90732,0.99496,0.99781,0.99877,99.42993,0.29,0.16,0.15,0.35,53.54,56.0,56.44,52.64,0.997,0.998,0.998,0.996,/tmpdir/crf_16.mpd,/videos/BigBuckBunny-2160.avi
2735,0.99278,1.12517,0.99812,52.6486,0.9993,0.90476,0.99587,0.99829,0.99909,99.64519,0.29,0.16,0.14,0.35,53.58,56.2,56.65,52.65,0.997,0.998,0.998,0.996,/tmpdir/crf_16.mpd,/videos/BigBuckBunny-2160.avi
2736,0.99139,1.12653,0.99798,51.79824,0.99928,0.88309,0.99464,0.99773,0.99877,99.29916,0.34,0.16,0.15,0.43,52.84,56.01,56.5,51.8,0.996,0.998,0.998,0.995,/tmpdir/crf_16.mpd,/videos/BigBuckBunny-2160.avi
2737,0.98957,1.40994,0.998,51.53046,0.99934,0.8739,0.99449,0.99772,0.99875,99.08866,0.36,0.17,0.15,0.46,52.59,55.87,56.37,51.53,0.996,0.998,0.998,0.995,/tmpdir/crf_16.mpd,/videos/BigBuckBunny-2160.avi
2738,0.99035,1.40994,0.99799,51.73346,0.9993,0.88054,0.99439,0.99758,0.99863,99.23234,0.34,0.16,0.15,0.44,52.78,55.97,56.45,51.73,0.996,0.998,0.998,0.995,/tmpdir/crf_16.mpd,/videos/BigBuckBunny-2160.avi
2739,0.99352,2.13844,0.99803,52.51706,0.99927,0.9093,0.99483,0.9977,0.99869,100.0,0.29,0.15,0.14,0.36,53.48,56.24,56.72,52.52,0.997,0.998,0.998,0.996,/tmpdir/crf_16.mpd,/videos/BigBuckBunny-2160.avi
2740,0.99202,2.82754,0.99795,52.49905,0.99922,0.91085,0.99286,0.99673,0.99804,100.0,0.3,0.17,0.16,0.37,53.38,55.79,56.21,52.5,0.997,0.998,0.998,0.996,/tmpdir/crf_16.mpd,/videos/BigBuckBunny-2160.avi
2741,0.99122,4.48961,0.998,52.55701,0.9993,0.90671,0.99324,0.99704,0.99834,100.0,0.29,0.17,0.15,0.36,53.45,55.79,56.43,52.56,0.996,0.998,0.998,0.996,/tmpdir/crf_16.mpd,/videos/BigBuckBunny-2160.avi
2742,0.99074,4.48961,0.99788,52.1761,0.99928,0.90136,0.99136,0.99619,0.99786,100.0,0.32,0.18,0.16,0.39,53.08,55.46,56.1,52.18,0.996,0.998,0.998,0.995,/tmpdir/crf_16.mpd,/videos/BigBuckBunny-2160.avi
2743,0.99224,5.03122,0.99814,53.1002,0.99932,0.91592,0.99306,0.99686,0.99824,100.0,0.26,0.16,0.14,0.32,53.96,56.17,56.78,53.1,0.997,0.998,0.998,0.996,/tmpdir/crf_16.mpd,/videos/BigBuckBunny-2160.avi
2744,0.99148,5.03122,0.99807,52.99955,0.99929,0.91967,0.99295,0.99676,0.99815,100.0,0.27,0.16,0.15,0.33,53.83,55.97,56.51,53.0,0.997,0.998,0.998,0.996,/tmpdir/crf_16.mpd,/videos/BigBuckBunny-2160.avi
2745,0.9926,4.18486,0.99803,52.92836,0.99926,0.91877,0.99306,0.99683,0.99818,100.0,0.27,0.17,0.15,0.33,53.76,55.83,56.49,52.93,0.997,0.998,0.998,0.996,/tmpdir/crf_16.mpd,/videos/BigBuckBunny-2160.avi
2746,0.99343,4.18486,0.99813,53.1881,0.9993,0.91542,0.99407,0.9974,0.99861,100.0,0.26,0.15,0.13,0.31,54.06,56.3,56.96,53.19,0.997,0.998,0.998,0.996,/tmpdir/crf_16.mpd,/videos/BigBuckBunny-2160.avi
2747,0.99125,3.26336,0.99786,51.85195,0.99929,0.89225,0.99152,0.99632,0.99793,100.0,0.34,0.19,0.15,0.42,52.82,55.44,56.28,51.85,0.996,0.998,0.998,0.995,/tmpdir/crf_16.mpd,/videos/BigBuckBunny-2160.avi
2748,0.99252,3.26336,0.9981,52.66528,0.99933,0.90158,0.99423,0.99754,0.99864,100.0,0.28,0.16,0.14,0.35,53.6,56.05,56.82,52.67,0.997,0.998,0.998,0.996,/tmpdir/crf_16.mpd,/videos/BigBuckBunny-2160.avi
2749,0.99104,1.90622,0.99785,51.77282,0.99927,0.88553,0.99274,0.99703,0.9984,99.58498,0.34,0.18,0.15,0.43,52.78,55.67,56.38,51.77,0.996,0.998,0.998,0.995,/tmpdir/crf_16.mpd,/videos/BigBuckBunny-2160.avi
2750,0.99142,1.90622,0.99788,51.95343,0.99925,0.88855,0.99269,0.99689,0.99825,99.64716,0.33,0.18,0.15,0.41,52.92,55.53,56.35,51.95,0.996,0.998,0.998,0.995,/tmpdir/crf_16.mpd,/videos/BigBuckBunny-2160.avi
2751,0.99269,2.51314,0.99825,52.98914,0.99934,0.90865,0.99578,0.99824,0.99905,100.0,0.27,0.16,0.13,0.33,53.87,56.11,56.87,52.99,0.997,0.998,0.998,0.996,/tmpdir/crf_16.mpd,/videos/BigBuckBunny-2160.avi
2752,0.99117,2.51314,0.99804,52.18383,0.9993,0.89547,0.99356,0.9972,0.99842,99.95017,0.32,0.17,0.14,0.39,53.15,55.73,56.56,52.18,0.996,0.998,0.998,0.996,/tmpdir/crf_16.mpd,/videos/BigBuckBunny-2160.avi
2753,0.99305,1.81385,0.99821,52.64078,0.99936,0.90391,0.9955,0.99812,0.99897,100.0,0.29,0.17,0.14,0.35,53.54,55.84,56.57,52.64,0.996,0.998,0.998,0.996,/tmpdir/crf_16.mpd,/videos/BigBuckBunny-2160.avi
2754,0.99111,1.32923,0.99805,52.32849,0.99928,0.89756,0.99412,0.99741,0.99847,99.36115,0.31,0.17,0.14,0.38,53.27,55.76,56.54,52.33,0.996,0.998,0.998,0.996,/tmpdir/crf_16.mpd,/videos/BigBuckBunny-2160.avi
2755,0.99249,1.2558,0.99806,52.47401,0.99927,0.90037,0.9949,0.9978,0.99872,99.60657,0.3,0.17,0.14,0.37,53.41,55.87,56.67,52.47,0.996,0.998,0.998,0.996,/tmpdir/crf_16.mpd,/videos/BigBuckBunny-2160.avi
2756,0.9912,1.2558,0.99804,52.36739,0.99926,0.89936,0.99456,0.99764,0.99866,99.36548,0.3,0.17,0.14,0.38,53.31,55.82,56.57,52.37,0.996,0.998,0.998,0.996,/tmpdir/crf_16.mpd,/videos/BigBuckBunny-2160.avi
2757,0.99338,1.5366,0.99823,52.73839,0.99936,0.90617,0.99579,0.99825,0.99907,99.95365,0.28,0.17,0.14,0.35,53.63,55.89,56.66,52.74,0.997,0.998,0.998,0.996,/tmpdir/crf_16.mpd,/videos/BigBuckBunny-2160.avi
2758,0.9912,1.5366,0.99809,52.3584,0.9993,0.89909,0.99447,0.99757,0.9986,99.49618,0.3,0.17,0.14,0.38,53.3,55.82,56.62,52.36,0.996,0.998,0.998,0.996,/tmpdir/crf_16.mpd,/videos/BigBuckBunny-2160.avi
2759,0.99236,0.90741,0.99809,52.53224,0.99928,0.90234,0.99505,0.99786,0.9988,99.42798,0.29,0.17,0.14,0.36,53.46,55.94,56.67,52.53,0.997,0.998,0.998,0.996,/tmpdir/crf_16.mpd,/videos/BigBuckBunny-2160.avi
2760,0.99158,0.90741,0.99803,52.4058,0.99925,0.90139,0.99494,0.99781,0.99878,99.28345,0.3,0.17,0.14,0.37,53.34,55.79,56.57,52.41,0.996,0.998,0.998,0.996,/tmpdir/crf_16.mpd,/videos/BigBuckBunny-2160.avi
2761,0.99346,1.58487,0.99819,52.7488,0.99932,0.90584,0.99584,0.99829,0.9991,99.99443,0.28,0.16,0.14,0.35,53.65,56.0,56.72,52.75,0.997,0.998,0.998,0.996,/tmpdir/crf_16.mpd,/videos/BigBuckBunny-2160.avi
2762,0.99082,2.14837,0.99805,52.20835,0.99928,0.89818,0.99413,0.99745,0.99858,99.72782,0.31,0.17,0.15,0.39,53.16,55.72,56.5,52.21,0.996,0.998,0.998,0.996,/tmpdir/crf_16.mpd,/videos/BigBuckBunny-2160.avi
2763,0.99141,1.6456,0.9981,52.33441,0.99931,0.89941,0.99434,0.99754,0.99861,99.58735,0.31,0.17,0.15,0.38,53.26,55.71,56.41,52.33,0.996,0.998,0.998,0.996,/tmpdir/crf_16.mpd,/videos/BigBuckBunny-2160.avi
2764,0.991,1.31577,0.99803,52.28553,0.99927,0.89913,0.99466,0.99768,0.99869,99.36186,0.31,0.17,0.15,0.38,53.23,55.81,56.49,52.29,0.996,0.998,0.998,0.996,/tmpdir/crf_16.mpd,/videos/BigBuckBunny-2160.avi
2765,0.99356,1.13395,0.99815,52.82653,0.9993,0.9063,0.99617,0.99845,0.9992,99.8055,0.28,0.16,0.14,0.34,53.73,56.12,56.81,52.83,0.997,0.998,0.998,0.996,/tmpdir/crf_16.mpd,/videos/BigBuckBunny-2160.avi
2766,0.99111,1.13395,0.99806,52.39414,0.99927,0.90008,0.99472,0.99777,0.9988,99.30618,0.3,0.17,0.15,0.37,53.32,55.81,56.5,52.39,0.996,0.998,0.998,0.996,/tmpdir/crf_16.mpd,/videos/BigBuckBunny-2160.avi
2767,0.99147,1.55241,0.99808,52.30554,0.99929,0.89889,0.9944,0.9976,0.9987,99.55924,0.31,0.17,0.14,0.38,53.25,55.76,56.57,52.31,0.996,0.998,0.998,0.996,/tmpdir/crf_16.mpd,/videos/BigBuckBunny-2160.avi
2768,0.99045,1.55241,0.99803,52.26169,0.99927,0.89839,0.99439,0.99756,0.99862,99.37005,0.31,0.17,0.14,0.39,53.22,55.8,56.58,52.26,0.996,0.998,0.998,0.996,/tmpdir/crf_16.mpd,/videos/BigBuckBunny-2160.avi
2769,0.99216,1.10168,0.99809,52.52626,0.9993,0.90072,0.99554,0.99818,0.9991,99.50936,0.29,0.16,0.14,0.36,53.48,56.1,56.77,52.53,0.996,0.998,0.998,0.996,/tmpdir/crf_16.mpd,/videos/BigBuckBunny-2160.avi
2770,0.99025,1.10168,0.99795,51.89032,0.99925,0.88909,0.99452,0.99765,0.99868,99.09318,0.33,0.17,0.15,0.42,52.9,55.79,56.5,51.89,0.996,0.998,0.998,0.995,/tmpdir/crf_16.mpd,/videos/BigBuckBunny-2160.avi
2771,0.99111,1.5429,0.99802,52.21073,0.99927,0.89675,0.99448,0.99765,0.99874,99.48718,0.31,0.17,0.14,0.39,53.17,55.77,56.54,52.21,0.996,0.998,0.998,0.996,/tmpdir/crf_16.mpd,/videos/BigBuckBunny-2160.avi
2772,0.9915,2.40661,0.99794,51.87783,0.99926,0.89114,0.99344,0.99712,0.99838,99.93681,0.34,0.18,0.15,0.42,52.87,55.63,56.45,51.88,0.996,0.998,0.998,0.995,/tmpdir/crf_16.mpd,/videos/BigBuckBunny-2160.avi
2773,0.99265,3.74259,0.99792,51.99081,0.99928,0.89514,0.99345,0.99717,0.99843,100.0,0.33,0.17,0.14,0.41,52.98,55.75,56.53,51.99,0.996,0.998,0.998,0.995,/tmpdir/crf_16.mpd,/videos/BigBuckBunny-2160.avi
2774,0.99009,3.75815,0.99773,51.44232,0.99924,0.88013,0.99236,0.99676,0.99821,100.0,0.37,0.19,0.16,0.47,52.46,55.38,56.15,51.44,0.996,0.998,0.998,0.995,/tmpdir/crf_16.mpd,/videos/BigBuckBunny-2160.avi
2775,0.99104,3.90342,0.99786,52.19237,0.99924,0.89954,0.99103,0.99607,0.9978,100.0,0.32,0.18,0.15,0.39,53.11,55.5,56.25,52.19,0.996,0.998,0.998,0.996,/tmpdir/crf_16.mpd,/videos/BigBuckBunny-2160.avi
2776,0.99267,5.05706,0.99821,53.61783,0.9993,0.92461,0.99324,0.99686,0.99823,100.0,0.23,0.15,0.13,0.28,54.44,56.43,57.11,53.62,0.997,0.998,0.998,0.997,/tmpdir/crf_16.mpd,/videos/BigBuckBunny-2160.avi
2777,0.99402,4.98565,0.99823,53.30949,0.99936,0.91804,0.99393,0.9974,0.99861,100.0,0.25,0.16,0.13,0.3,54.15,56.2,56.91,53.31,0.997,0.998,0.998,0.996,/tmpdir/crf_16.mpd,/videos/BigBuckBunny-2160.avi
2778,0.98945,4.98565,0.99783,51.88539,0.99928,0.89098,0.99118,0.99619,0.9979,100.0,0.34,0.18,0.15,0.42,52.87,55.61,56.4,51.89,0.996,0.998,0.998,0.995,/tmpdir/crf_16.mpd,/videos/BigBuckBunny-2160.avi
2779,0.99128,2.93657,0.99782,51.36322,0.99932,0.87432,0.99261,0.99693,0.99836,100.0,0.37,0.19,0.16,0.48,52.39,55.37,56.1,51.36,0.996,0.998,0.998,0.994,/tmpdir/crf_16.mpd,/videos/BigBuckBunny-2160.avi
2780,0.99002,2.93657,0.9977,51.13769,0.99927,0.87394,0.99167,0.99644,0.99799,99.86486,0.39,0.2,0.16,0.5,52.18,55.2,55.99,51.14,0.995,0.997,0.998,0.994,/tmpdir/crf_16.mpd,/videos/BigBuckBunny-2160.avi
2781,0.99258,3.69136,0.99812,52.46848,0.99937,0.89984,0.99456,0.99771,0.99878,100.0,0.3,0.18,0.15,0.37,53.37,55.7,56.51,52.47,0.996,0.998,0.998,0.996,/tmpdir/crf_16.mpd,/videos/BigBuckBunny-2160.avi
2782,0.99094,3.69136,0.99795,52.1093,0.99931,0.89607,0.99288,0.99694,0.99834,100.0,0.32,0.18,0.14,0.4,53.08,55.69,56.54,52.11,0.996,0.998,0.998,0.995,/tmpdir/crf_16.mpd,/videos/BigBuckBunny-2160.avi
2783,0.99,3.37974,0.9978,51.53345,0.99926,0.88328,0.99249,0.99674,0.99816,100.0,0.36,0.18,0.15,0.46,52.57,55.47,56.39,51.53,0.996,0.998,0.998,0.995,/tmpdir/crf_16.mpd,/videos/BigBuckBunny-2160.avi
2784,0.99199,3.15803,0.99804,52.02853,0.99935,0.88982,0.99417,0.99753,0.99867,100.0,0.33,0.18,0.15,0.41,52.99,55.53,56.4,52.03,0.996,0.998,0.998,0.995,/tmpdir/crf_16.mpd,/videos/BigBuckBunny-2160.avi
2785,0.98909,1.69066,0.99778,51.30059,0.99927,0.8764,0.99247,0.99675,0.99818,99.08548,0.38,0.19,0.15,0.48,52.35,55.36,56.25,51.3,0.996,0.998,0.998,0.995,/tmpdir/crf_16.mpd,/videos/BigBuckBunny-2160.avi
2786,0.99098,1.69066,0.99791,51.65201,0.99933,0.88103,0.99402,0.99751,0.99866,99.48456,0.35,0.18,0.15,0.44,52.68,55.58,56.4,51.65,0.996,0.998,0.998,0.995,/tmpdir/crf_16.mpd,/videos/BigBuckBunny-2160.avi
2787,0.98859,1.8963,0.99771,51.49878,0.99919,0.87973,0.99283,0.99693,0.99825,99.11846,0.36,0.18,0.15,0.46,52.56,55.69,56.44,51.5,0.996,0.998,0.998,0.995,/tmpdir/crf_16.mpd,/videos/BigBuckBunny-2160.avi
2788,0.99018,1.8963,0.99779,51.81101,0.99922,0.8868,0.99333,0.99721,0.99846,99.44013,0.34,0.17,0.15,0.43,52.83,55.77,56.49,51.81,0.996,0.998,0.998,0.995,/tmpdir/crf_16.mpd,/videos/BigBuckBunny-2160.avi
2789,0.98919,3.31174,0.99793,52.53813,0.99924,0.90496,0.99274,0.99691,0.99826,100.0,0.29,0.16,0.14,0.36,53.47,55.97,56.62,52.54,0.997,0.998,0.998,0.996,/tmpdir/crf_16.mpd,/videos/BigBuckBunny-2160.avi
2790,0.99222,3.31174,0.99794,52.65226,0.99925,0.90878,0.9934,0.99713,0.99841,100.0,0.28,0.15,0.13,0.35,53.62,56.32,56.92,52.65,0.997,0.998,0.998,0.996,/tmpdir/crf_16.mpd,/videos/BigBuckBunny-2160.avi
2791,0.98678,5.32436,0.99796,53.04307,0.99921,0.91413,0.9919,0.99615,0.99768,100.0,0.26,0.16,0.13,0.32,53.93,56.14,56.98,53.04,0.997,0.998,0.998,0.996,/tmpdir/crf_16.mpd,/videos/BigBuckBunny-2160.avi
2792,0.99018,5.36742,0.99809,53.88444,0.99922,0.92522,0.9937,0.99712,0.99836,100.0,0.22,0.14,0.12,0.27,54.71,56.68,57.46,53.88,0.997,0.998,0.998,0.997,/tmpdir/crf_16.mpd,/videos/BigBuckBunny-2160.avi
2793,0.98989,5.47301,0.99811,54.08838,0.99923,0.93078,0.99336,0.99688,0.99821,100.0,0.21,0.14,0.12,0.25,54.86,56.63,57.41,54.09,0.997,0.998,0.998,0.997,/tmpdir/crf_16.mpd,/videos/BigBuckBunny-2160.avi
2794,0.99089,5.47301,0.9982,54.53558,0.99925,0.93483,0.99453,0.99743,0.99854,100.0,0.19,0.12,0.11,0.23,55.32,57.17,57.85,54.54,0.998,0.998,0.998,0.997,/tmpdir/crf_16.mpd,/videos/BigBuckBunny-2160.avi
2795,0.98775,5.05617,0.99807,53.89247,0.99922,0.9293,0.99336,0.99695,0.99828,100.0,0.22,0.14,0.12,0.27,54.68,56.58,57.19,53.89,0.997,0.998,0.998,0.997,/tmpdir/crf_16.mpd,/videos/BigBuckBunny-2160.avi
2796,0.9907,5.05617,0.99819,54.54742,0.99924,0.93758,0.99451,0.99741,0.99854,100.0,0.19,0.13,0.11,0.23,55.28,56.95,57.65,54.55,0.998,0.998,0.998,0.997,/tmpdir/crf_16.mpd,/videos/BigBuckBunny-2160.avi
2797,0.9864,8.32929,0.99811,54.09695,0.99923,0.93695,0.99384,0.9969,0.99809,100.0,0.21,0.14,0.12,0.25,54.86,56.58,57.36,54.1,0.997,0.998,0.998,0.997,/tmpdir/crf_16.mpd,/videos/BigBuckBunny-2160.avi
2798,0.98891,9.09052,0.99818,54.41848,0.99927,0.93912,0.99465,0.99737,0.99843,100.0,0.2,0.13,0.11,0.24,55.2,56.98,57.84,54.42,0.997,0.998,0.998,0.997,/tmpdir/crf_16.mpd,/videos/BigBuckBunny-2160.avi
2799,0.98826,13.33111,0.99815,53.96862,0.9993,0.92964,0.99405,0.99716,0.99838,100.0,0.22,0.14,0.11,0.26,54.79,56.73,57.62,53.97,0.997,0.998,0.998,0.997,/tmpdir/crf_16.mpd,/videos/BigBuckBunny-2160.avi
2800,0.98693,13.33111,0.99817,53.79884,0.99931,0.92821,0.99398,0.9971,0.99829,100.0,0.22,0.15,0.12,0.27,54.62,56.51,57.42,53.8,0.997,0.998,0.998,0.997,/tmpdir/crf_16.mpd,/videos/BigBuckBunny-2160.avi
2801,0.98732,12.41109,0.99811,53.26624,0.99931,0.92388,0.99279,0.99624,0.9976,100.0,0.26,0.17,0.14,0.31,54.05,55.79,56.75,53.27,0.997,0.998,0.998,0.996,/tmpdir/crf_16.mpd,/videos/BigBuckBunny-2160.avi
2802,0.98985,12.41109,0.99822,53.66466,0.99934,0.92696,0.99389,0.99695,0.99811,100.0,0.23,0.15,0.13,0.28,54.46,56.31,57.13,53.66,0.997,0.998,0.998,0.996,/tmpdir/crf_16.mpd,/videos/BigBuckBunny-2160.avi
2803,0.98874,10.78123,0.99817,53.41253,0.99932,0.92572,0.99367,0.99682,0.99804,100.0,0.25,0.17,0.14,0.3,54.17,55.88,56.7,53.41,0.997,0.998,0.998,0.996,/tmpdir/crf_16.mpd,/videos/BigBuckBunny-2160.avi
2804,0.98782,10.78123,0.99811,53.35518,0.99927,0.92476,0.99337,0.99671,0.99796,100.0,0.25,0.17,0.14,0.3,54.11,55.76,56.61,53.36,0.997,0.998,0.998,0.996,/tmpdir/crf_16.mpd,/videos/BigBuckBunny-2160.avi
2805,0.9887,8.16116,0.99822,54.45806,0.99925,0.9359,0.99517,0.99764,0.99858,100.0,0.2,0.14,0.12,0.23,55.15,56.55,57.45,54.46,0.997,0.998,0.998,0.997,/tmpdir/crf_16.mpd,/videos/BigBuckBunny-2160.avi
2806,0.98689,6.49294,0.99815,54.396,0.99922,0.93733,0.99523,0.99771,0.99867,100.0,0.2,0.16,0.12,0.24,55.03,56.2,57.17,54.4,0.997,0.998,0.998,0.997,/tmpdir/crf_16.mpd,/videos/BigBuckBunny-2160.avi
2807,0.98856,2.98905,0.99822,55.11283,0.99921,0.94134,0.99588,0.99798,0.99882,99.91983,0.18,0.15,0.11,0.2,55.67,56.51,57.7,55.11,0.998,0.998,0.998,0.997,/tmpdir/crf_16.mpd,/videos/BigBuckBunny-2160.avi
2808,0.98882,1.9057,0.99822,55.2241,0.9992,0.94116,0.99585,0.9979,0.99876,99.41107,0.17,0.15,0.11,0.2,55.71,56.23,57.62,55.22,0.998,0.998,0.998,0.997,/tmpdir/crf_16.mpd,/videos/BigBuckBunny-2160.avi
2809,0.98851,0.24408,0.99819,55.09763,0.99918,0.93705,0.99571,0.99787,0.99879,98.55619,0.19,0.18,0.13,0.2,55.45,55.67,56.92,55.1,0.997,0.998,0.998,0.997,/tmpdir/crf_16.mpd,/videos/BigBuckBunny-2160.avi
2810,0.98839,0.24408,0.99819,55.22013,0.99918,0.93844,0.99552,0.99776,0.99871,98.53079,0.18,0.18,0.13,0.2,55.54,55.66,56.92,55.22,0.998,0.998,0.998,0.997,/tmpdir/crf_16.mpd,/videos/BigBuckBunny-2160.avi
2811,0.99746,2.22808,0.99907,51.50805,0.99984,0.93389,0.99737,0.99891,0.9994,100.0,0.39,0.28,0.25,0.46,52.18,53.67,54.23,51.51,0.997,0.997,0.996,0.997,/tmpdir/crf_16.mpd,/videos/BigBuckBunny-2160.avi
2812,0.99735,2.22808,0.99883,50.9018,0.99977,0.92964,0.99591,0.99806,0.99883,100.0,0.44,0.29,0.26,0.53,51.66,53.48,54.05,50.9,0.996,0.997,0.996,0.996,/tmpdir/crf_16.mpd,/videos/BigBuckBunny-2160.avi
2813,0.99703,4.86796,0.99878,50.57909,0.99976,0.92646,0.99537,0.99767,0.99849,100.0,0.47,0.31,0.26,0.57,51.37,53.21,53.96,50.58,0.996,0.996,0.996,0.996,/tmpdir/crf_16.mpd,/videos/BigBuckBunny-2160.avi
2814,0.99696,4.86796,0.99885,50.71838,0.99979,0.92663,0.99573,0.9979,0.99869,100.0,0.46,0.31,0.25,0.55,51.5,53.28,54.11,50.72,0.996,0.997,0.996,0.996,/tmpdir/crf_16.mpd,/videos/BigBuckBunny-2160.avi
2815,0.99676,4.70457,0.99882,50.46482,0.99979,0.92638,0.99504,0.99747,0.99843,100.0,0.49,0.34,0.27,0.58,51.22,52.84,53.78,50.46,0.996,0.996,0.996,0.996,/tmpdir/crf_16.mpd,/videos/BigBuckBunny-2160.avi
2816,0.99671,4.70457,0.99878,50.36572,0.99977,0.927,0.99473,0.99733,0.99841,100.0,0.5,0.35,0.28,0.6,51.1,52.63,53.61,50.37,0.996,0.996,0.996,0.996,/tmpdir/crf_16.mpd,/videos/BigBuckBunny-2160.avi
2817,0.99677,5.59174,0.99891,50.74545,0.99979,0.92923,0.99519,0.99756,0.99857,100.0,0.47,0.33,0.27,0.55,51.45,52.9,53.85,50.75,0.996,0.996,0.996,0.996,/tmpdir/crf_16.mpd,/videos/BigBuckBunny-2160.avi
2818,0.99661,5.59174,0.99877,50.44357,0.99974,0.92728,0.99473,0.99732,0.99838,100.0,0.5,0.36,0.29,0.59,51.15,52.58,53.54,50.44,0.996,0.996,0.996,0.996,/tmpdir/crf_16.mpd,/videos/BigBuckBunny-2160.avi
2819,0.99683,5.04242,0.99887,50.77494,0.99976,0.9296,0.99556,0.99776,0.99867,100.0,0.46,0.33,0.26,0.54,51.49,52.93,53.96,50.77,0.996,0.996,0.996,0.996,/tmpdir/crf_16.mpd,/videos/BigBuckBunny-2160.avi
2820,0.99675,5.04242,0.99881,50.61094,0.99973,0.93062,0.99531,0.99755,0.99849,100.0,0.48,0.35,0.28,0.56,51.3,52.68,53.67,50.61,0.996,0.996,0.996,0.996,/tmpdir/crf_16.mpd,/videos/BigBuckBunny-2160.avi
2821,0.99653,3.37666,0.99877,50.6156,0.9997,0.93064,0.99507,0.99739,0.99841,100.0,0.48,0.36,0.28,0.56,51.3,52.6,53.68,50.62,0.996,0.996,0.996,0.996,/tmpdir/crf_16.mpd,/videos/BigBuckBunny-2160.avi
2822,0.99677,3.33262,0.9989,50.953,0.99973,0.9328,0.99593,0.99793,0.99877,100.0,0.45,0.34,0.26,0.52,51.62,52.88,53.93,50.95,0.997,0.996,0.996,0.997,/tmpdir/crf_16.mpd,/videos/BigBuckBunny-2160.avi
2823,0.99645,3.19596,0.99873,50.44639,0.99968,0.92803,0.99487,0.99735,0.99836,100.0,0.5,0.38,0.29,0.59,51.12,52.38,53.47,50.45,0.996,0.996,0.996,0.996,/tmpdir/crf_16.mpd,/videos/BigBuckBunny-2160.avi
2824,0.99653,3.19596,0.9988,50.68144,0.9997,0.92815,0.99545,0.99778,0.99872,100.0,0.48,0.36,0.28,0.56,51.35,52.57,53.7,50.68,0.996,0.996,0.996,0.996,/tmpdir/crf_16.mpd,/videos/BigBuckBunny-2160.avi
2825,0.99651,3.21725,0.99876,50.79035,0.99968,0.93002,0.99543,0.99765,0.99856,100.0,0.46,0.35,0.27,0.54,51.47,52.73,53.86,50.79,0.996,0.996,0.996,0.996,/tmpdir/crf_16.mpd,/videos/BigBuckBunny-2160.avi
2826,0.99666,3.21725,0.99889,51.19407,0.99973,0.93369,0.99606,0.99797,0.99875,100.0,0.42,0.32,0.25,0.49,51.86,53.11,54.14,51.19,0.997,0.997,0.996,0.997,/tmpdir/crf_16.mpd,/videos/BigBuckBunny-2160.avi
2827,0.99644,2.31023,0.9988,50.86216,0.99971,0.93214,0.99534,0.99749,0.99836,100.0,0.46,0.36,0.27,0.53,51.5,52.61,53.75,50.86,0.996,0.996,0.996,0.997,/tmpdir/crf_16.mpd,/videos/BigBuckBunny-2160.avi
2828,0.99647,2.31023,0.99885,51.00667,0.99972,0.93266,0.99559,0.99769,0.99855,100.0,0.45,0.35,0.27,0.52,51.63,52.71,53.87,51.01,0.997,0.996,0.996,0.997,/tmpdir/crf_16.mpd,/videos/BigBuckBunny-2160.avi
2829,0.99642,1.72027,0.99875,50.80385,0.99971,0.92979,0.99518,0.99749,0.99842,100.0,0.46,0.35,0.27,0.54,51.47,52.65,53.83,50.8,0.996,0.996,0.996,0.996,/tmpdir/crf_16.mpd,/videos/BigBuckBunny-2160.avi
2830,0.99667,1.72027,0.99891,51.19253,0.99975,0.93336,0.99611,0.99802,0.9988,100.0,0.43,0.32,0.25,0.49,51.84,53.03,54.11,51.19,0.997,0.996,0.996,0.997,/tmpdir/crf_16.mpd,/videos/BigBuckBunny-2160.avi
2831,0.99648,2.01386,0.99882,50.86343,0.99971,0.93227,0.99543,0.99755,0.99841,100.0,0.46,0.35,0.27,0.53,51.51,52.66,53.78,50.86,0.996,0.996,0.996,0.997,/tmpdir/crf_16.mpd,/videos/BigBuckBunny-2160.avi
2832,0.99651,2.01386,0.99885,50.88206,0.99974,0.93092,0.99567,0.99776,0.99859,100.0,0.46,0.35,0.27,0.53,51.53,52.69,53.8,50.88,0.996,0.996,0.996,0.997,/tmpdir/crf_16.mpd,/videos/BigBuckBunny-2160.avi
2833,0.99646,1.26742,0.99875,50.61701,0.99972,0.92793,0.99547,0.99768,0.99853,100.0,0.48,0.36,0.28,0.56,51.29,52.52,53.66,50.62,0.996,0.996,0.996,0.996,/tmpdir/crf_16.mpd,/videos/BigBuckBunny-2160.avi
2834,0.99669,1.26719,0.99886,50.93099,0.99976,0.9283,0.99623,0.99815,0.99891,100.0,0.45,0.33,0.26,0.52,51.62,52.94,53.99,50.93,0.996,0.996,0.996,0.997,/tmpdir/crf_16.mpd,/videos/BigBuckBunny-2160.avi
2835,0.99648,1.26719,0.99878,50.67908,0.99972,0.92794,0.9955,0.99766,0.99852,100.0,0.48,0.36,0.28,0.56,51.34,52.58,53.66,50.68,0.996,0.996,0.996,0.996,/tmpdir/crf_16.mpd,/videos/BigBuckBunny-2160.avi
2836,0.99657,1.77811,0.99896,51.09981,0.99975,0.93442,0.99603,0.99794,0.9987,100.0,0.44,0.35,0.27,0.5,51.69,52.68,53.75,51.1,0.997,0.996,0.996,0.997,/tmpdir/crf_16.mpd,/videos/BigBuckBunny-2160.avi
2837,0.99651,2.19004,0.9989,50.89986,0.99973,0.93315,0.9958,0.99782,0.99864,100.0,0.46,0.37,0.29,0.53,51.49,52.51,53.55,50.9,0.997,0.996,0.996,0.997,/tmpdir/crf_16.mpd,/videos/BigBuckBunny-2160.avi
2838,0.99678,2.01514,0.99897,51.15478,0.99977,0.93347,0.99632,0.9982,0.99894,100.0,0.43,0.34,0.27,0.5,51.75,52.78,53.76,51.15,0.997,0.996,0.996,0.997,/tmpdir/crf_16.mpd,/videos/BigBuckBunny-2160.avi
2839,0.9966,1.21194,0.99883,50.79133,0.99974,0.92994,0.99576,0.99787,0.99868,100.0,0.47,0.36,0.28,0.54,51.42,52.51,53.6,50.79,0.996,0.996,0.996,0.997,/tmpdir/crf_16.mpd,/videos/BigBuckBunny-2160.avi
2840,0.99668,1.21194,0.99889,50.99051,0.99976,0.9311,0.99611,0.99809,0.99887,100.0,0.45,0.36,0.28,0.52,51.59,52.59,53.68,50.99,0.997,0.996,0.996,0.997,/tmpdir/crf_16.mpd,/videos/BigBuckBunny-2160.avi
2841,0.99662,1.40997,0.99887,50.97198,0.99974,0.93262,0.99585,0.9979,0.9987,100.0,0.45,0.36,0.28,0.52,51.56,52.55,53.62,50.97,0.997,0.996,0.996,0.997,/tmpdir/crf_16.mpd,/videos/BigBuckBunny-2160.avi
2842,0.99681,1.40997,0.99898,51.28696,0.99977,0.93542,0.99648,0.99827,0.99899,100.0,0.42,0.34,0.27,0.48,51.86,52.84,53.8,51.29,0.997,0.996,0.996,0.997,/tmpdir/crf_16.mpd,/videos/BigBuckBunny-2160.avi
2843,0.99662,1.67108,0.99889,51.04738,0.99971,0.9346,0.99598,0.99791,0.99866,100.0,0.45,0.36,0.28,0.51,51.62,52.58,53.59,51.05,0.997,0.996,0.996,0.997,/tmpdir/crf_16.mpd,/videos/BigBuckBunny-2160.avi
2844,0.99683,1.67108,0.99893,51.23539,0.99974,0.93537,0.99628,0.9981,0.99882,100.0,0.43,0.35,0.27,0.49,51.81,52.75,53.78,51.24,0.997,0.996,0.996,0.997,/tmpdir/crf_16.mpd,/videos/BigBuckBunny-2160.avi
2845,0.99681,1.30708,0.99889,51.18358,0.99972,0.93476,0.9962,0.99807,0.9988,100.0,0.43,0.35,0.27,0.5,51.76,52.71,53.76,51.18,0.997,0.996,0.996,0.997,/tmpdir/crf_16.mpd,/videos/BigBuckBunny-2160.avi
2846,0.99697,1.30708,0.99898,51.444,0.99975,0.93663,0.99666,0.99836,0.99902,100.0,0.41,0.33,0.26,0.47,52.01,52.95,53.98,51.44,0.997,0.996,0.996,0.997,/tmpdir/crf_16.mpd,/videos/BigBuckBunny-2160.avi
2847,0.99689,1.29913,0.99889,51.20472,0.99972,0.93516,0.99627,0.99814,0.99888,100.0,0.43,0.35,0.27,0.49,51.78,52.72,53.77,51.2,0.997,0.996,0.996,0.997,/tmpdir/crf_16.mpd,/videos/BigBuckBunny-2160.avi
2848,0.99697,1.29913,0.99897,51.41075,0.99974,0.93722,0.9966,0.99828,0.99898,100.0,0.41,0.34,0.27,0.47,51.95,52.78,53.86,51.41,0.997,0.996,0.996,0.997,/tmpdir/crf_16.mpd,/videos/BigBuckBunny-2160.avi
2849,0.99684,1.23193,0.99894,51.3186,0.99973,0.93649,0.9964,0.99816,0.99885,100.0,0.42,0.35,0.27,0.48,51.87,52.73,53.78,51.32,0.997,0.996,0.996,0.997,/tmpdir/crf_16.mpd,/videos/BigBuckBunny-2160.avi
2850,0.997,1.2139,0.99899,51.52155,0.99975,0.9374,0.99678,0.99842,0.99907,100.0,0.4,0.33,0.26,0.46,52.07,52.95,53.96,51.52,0.997,0.997,0.996,0.997,/tmpdir/crf_16.mpd,/videos/BigBuckBunny-2160.avi
2851,0.99684,0.8772,0.99893,51.31074,0.99974,0.93591,0.99638,0.99816,0.99887,100.0,0.42,0.34,0.27,0.48,51.86,52.75,53.74,51.31,0.997,0.996,0.996,0.997,/tmpdir/crf_16.mpd,/videos/BigBuckBunny-2160.avi
2852,0.99679,0.85784,0.99896,51.37012,0.99975,0.93618,0.99662,0.99836,0.99906,100.0,0.42,0.34,0.27,0.47,51.91,52.77,53.8,51.37,0.997,0.996,0.996,0.997,/tmpdir/crf_16.mpd,/videos/BigBuckBunny-2160.avi
2853,0.99657,0.63919,0.9989,51.19972,0.99974,0.93427,0.99646,0.99827,0.99898,100.0,0.43,0.35,0.28,0.49,51.76,52.68,53.69,51.2,0.997,0.996,0.996,0.997,/tmpdir/crf_16.mpd,/videos/BigBuckBunny-2160.avi
2854,0.99695,0.63919,0.99898,51.49421,0.99976,0.93659,0.99688,0.9985,0.99914,100.0,0.41,0.33,0.26,0.46,52.04,52.93,53.93,51.49,0.997,0.997,0.996,0.997,/tmpdir/crf_16.mpd,/videos/BigBuckBunny-2160.avi
2855,0.99697,0.93061,0.99893,51.36067,0.99974,0.93592,0.99657,0.99831,0.999,100.0,0.42,0.34,0.27,0.48,51.91,52.79,53.82,51.36,0.997,0.996,0.996,0.997,/tmpdir/crf_16.mpd,/videos/BigBuckBunny-2160.avi
2856,0.99694,0.93061,0.99895,51.36288,0.99975,0.93565,0.9967,0.99839,0.99905,100.0,0.42,0.34,0.27,0.48,51.92,52.83,53.83,51.36,0.997,0.996,0.996,0.997,/tmpdir/crf_16.mpd,/videos/BigBuckBunny-2160.avi
2857,0.99668,0.79492,0.99891,51.20025,0.99974,0.93477,0.99648,0.99826,0.99896,100.0,0.43,0.35,0.28,0.49,51.77,52.73,53.73,51.2,0.997,0.996,0.996,0.997,/tmpdir/crf_16.mpd,/videos/BigBuckBunny-2160.avi
2858,0.99697,0.6482,0.99898,51.41827,0.99976,0.93579,0.99688,0.99851,0.99916,100.0,0.41,0.33,0.26,0.47,51.98,52.92,53.91,51.42,0.997,0.997,0.996,0.997,/tmpdir/crf_16.mpd,/videos/BigBuckBunny-2160.avi
2859,0.99695,0.6482,0.9989,51.23684,0.99974,0.93445,0.9965,0.99829,0.99901,100.0,0.43,0.34,0.27,0.49,51.81,52.79,53.8,51.24,0.997,0.996,0.996,0.997,/tmpdir/crf_16.mpd,/videos/BigBuckBunny-2160.avi
2860,0.99711,0.86641,0.999,51.52423,0.99975,0.93827,0.99684,0.99846,0.99913,100.0,0.41,0.34,0.27,0.46,52.05,52.87,53.87,51.52,0.997,0.996,0.996,0.997,/tmpdir/crf_16.mpd,/videos/BigBuckBunny-2160.avi
2861,0.99702,0.99432,0.99899,51.45853,0.99975,0.93796,0.99675,0.99839,0.99905,100.0,0.41,0.34,0.27,0.46,51.99,52.83,53.8,51.46,0.997,0.996,0.996,0.997,/tmpdir/crf_16.mpd,/videos/BigBuckBunny-2160.avi
2862,0.99696,0.89214,0.99901,51.57091,0.99976,0.93802,0.99699,0.99855,0.99919,100.0,0.4,0.33,0.26,0.45,52.1,52.96,53.93,51.57,0.997,0.997,0.996,0.998,/tmpdir/crf_16.mpd,/videos/BigBuckBunny-2160.avi
2863,0.99678,0.59152,0.99896,51.3903,0.99975,0.93644,0.99676,0.99843,0.9991,100.0,0.42,0.34,0.27,0.47,51.93,52.81,53.79,51.39,0.997,0.996,0.996,0.997,/tmpdir/crf_16.mpd,/videos/BigBuckBunny-2160.avi
2864,0.99689,0.56141,0.99897,51.48523,0.99976,0.93687,0.99689,0.99849,0.99913,100.0,0.41,0.33,0.27,0.46,52.02,52.9,53.86,51.49,0.997,0.997,0.996,0.997,/tmpdir/crf_16.mpd,/videos/BigBuckBunny-2160.avi
2865,0.9969,0.56141,0.99895,51.47758,0.99975,0.93722,0.99681,0.99843,0.99906,100.0,0.41,0.33,0.27,0.46,52.02,52.92,53.88,51.48,0.997,0.997,0.996,0.997,/tmpdir/crf_16.mpd,/videos/BigBuckBunny-2160.avi
2866,0.99698,0.59394,0.99901,51.62506,0.99976,0.93869,0.9971,0.99866,0.99928,100.0,0.4,0.32,0.26,0.45,52.16,53.04,53.95,51.63,0.997,0.997,0.996,0.998,/tmpdir/crf_16.mpd,/videos/BigBuckBunny-2160.avi
2867,0.99693,1.29315,0.99896,51.3238,0.99973,0.93719,0.99656,0.99829,0.99898,100.0,0.42,0.35,0.28,0.48,51.85,52.68,53.68,51.32,0.997,0.996,0.996,0.997,/tmpdir/crf_16.mpd,/videos/BigBuckBunny-2160.avi
2868,0.99707,1.34134,0.99895,51.29293,0.99974,0.9359,0.99662,0.99837,0.99906,100.0,0.43,0.35,0.28,0.48,51.83,52.72,53.68,51.29,0.997,0.996,0.996,0.997,/tmpdir/crf_16.mpd,/videos/BigBuckBunny-2160.avi
2869,0.99718,1.51481,0.9989,51.09328,0.99972,0.9342,0.99625,0.99817,0.99896,100.0,0.44,0.36,0.28,0.51,51.66,52.61,53.61,51.09,0.997,0.996,0.996,0.997,/tmpdir/crf_16.mpd,/videos/BigBuckBunny-2160.avi
2870,0.99757,1.51481,0.99895,51.2868,0.99974,0.93485,0.99685,0.99865,0.99938,100.0,0.42,0.34,0.28,0.48,51.85,52.83,53.73,51.29,0.997,0.996,0.996,0.997,/tmpdir/crf_16.mpd,/videos/BigBuckBunny-2160.avi
2871,0.99711,1.85319,0.99887,50.97308,0.99971,0.93287,0.9959,0.99799,0.99887,100.0,0.46,0.36,0.29,0.52,51.54,52.54,53.46,50.97,0.997,0.996,0.996,0.997,/tmpdir/crf_16.mpd,/videos/BigBuckBunny-2160.avi
2872,0.99745,1.85319,0.99891,51.04918,0.99972,0.93431,0.99645,0.99839,0.99915,100.0,0.45,0.35,0.29,0.51,51.62,52.67,53.49,51.05,0.997,0.996,0.996,0.997,/tmpdir/crf_16.mpd,/videos/BigBuckBunny-2160.avi
2873,0.99728,1.78101,0.99888,50.98385,0.99971,0.93296,0.99619,0.99825,0.99908,100.0,0.45,0.36,0.3,0.52,51.55,52.6,53.4,50.98,0.997,0.996,0.996,0.997,/tmpdir/crf_16.mpd,/videos/BigBuckBunny-2160.avi
2874,0.99741,1.78101,0.99891,51.29663,0.99973,0.93411,0.99664,0.99854,0.9993,100.0,0.43,0.34,0.28,0.48,51.84,52.8,53.62,51.3,0.997,0.996,0.996,0.997,/tmpdir/crf_16.mpd,/videos/BigBuckBunny-2160.avi
2875,0.99737,1.82872,0.99886,51.04223,0.99971,0.93236,0.99591,0.99808,0.99899,100.0,0.45,0.36,0.29,0.51,51.6,52.55,53.5,51.04,0.997,0.996,0.996,0.997,/tmpdir/crf_16.mpd,/videos/BigBuckBunny-2160.avi
2876,0.99717,1.82872,0.99887,51.00602,0.99972,0.93151,0.99592,0.99806,0.99898,100.0,0.45,0.36,0.29,0.52,51.58,52.59,53.49,51.01,0.997,0.996,0.996,0.997,/tmpdir/crf_16.mpd,/videos/BigBuckBunny-2160.avi
2877,0.99665,1.96438,0.99881,50.6239,0.99971,0.92742,0.99512,0.99758,0.9986,100.0,0.49,0.37,0.3,0.56,51.25,52.43,53.38,50.62,0.997,0.996,0.996,0.997,/tmpdir/crf_16.mpd,/videos/BigBuckBunny-2160.avi
2878,0.99715,1.96438,0.99888,50.86574,0.99974,0.92925,0.99584,0.99805,0.99898,100.0,0.46,0.36,0.29,0.53,51.48,52.6,53.54,50.87,0.997,0.996,0.996,0.997,/tmpdir/crf_16.mpd,/videos/BigBuckBunny-2160.avi
2879,0.99687,2.27352,0.9988,50.54854,0.99973,0.92658,0.99509,0.99753,0.99857,100.0,0.49,0.37,0.3,0.57,51.2,52.42,53.42,50.55,0.997,0.996,0.996,0.997,/tmpdir/crf_16.mpd,/videos/BigBuckBunny-2160.avi
2880,0.99701,2.27352,0.99883,50.65285,0.99974,0.92629,0.99524,0.99763,0.99865,100.0,0.48,0.36,0.29,0.56,51.3,52.51,53.5,50.65,0.997,0.996,0.996,0.997,/tmpdir/crf_16.mpd,/videos/BigBuckBunny-2160.avi
2881,0.99717,3.56729,0.99873,50.29882,0.99974,0.92207,0.9946,0.99737,0.99855,100.0,0.52,0.38,0.3,0.61,50.99,52.36,53.37,50.3,0.996,0.996,0.996,0.996,/tmpdir/crf_16.mpd,/videos/BigBuckBunny-2160.avi
2882,0.99743,3.56729,0.99881,50.41354,0.99978,0.92144,0.99535,0.99799,0.999,100.0,0.5,0.36,0.29,0.59,51.11,52.51,53.45,50.41,0.996,0.996,0.996,0.996,/tmpdir/crf_16.mpd,/videos/BigBuckBunny-2160.avi
2883,0.99685,4.24809,0.99869,49.89571,0.99975,0.91668,0.99421,0.99723,0.99837,100.0,0.56,0.39,0.31,0.67,50.63,52.18,53.15,49.9,0.996,0.996,0.996,0.996,/tmpdir/crf_16.mpd,/videos/BigBuckBunny-2160.avi
2884,0.99704,4.24809,0.99876,50.00932,0.99977,0.91854,0.99463,0.99757,0.99874,100.0,0.55,0.38,0.31,0.65,50.74,52.32,53.16,50.01,0.996,0.996,0.996,0.996,/tmpdir/crf_16.mpd,/videos/BigBuckBunny-2160.avi
2885,0.99627,2.71358,0.99856,49.36714,0.99974,0.90863,0.99317,0.9968,0.99817,100.0,0.62,0.4,0.34,0.75,50.17,52.09,52.84,49.37,0.995,0.996,0.995,0.995,/tmpdir/crf_16.mpd,/videos/BigBuckBunny-2160.avi
2886,0.99652,2.71358,0.99875,49.99637,0.99979,0.91361,0.99489,0.99777,0.99887,100.0,0.55,0.38,0.32,0.65,50.72,52.34,53.01,50.0,0.996,0.996,0.996,0.996,/tmpdir/crf_16.mpd,/videos/BigBuckBunny-2160.avi
2887,0.99571,2.45637,0.9985,49.32765,0.99974,0.906,0.99318,0.99681,0.99816,100.0,0.63,0.41,0.35,0.76,50.11,51.97,52.65,49.33,0.995,0.996,0.995,0.995,/tmpdir/crf_16.mpd,/videos/BigBuckBunny-2160.avi
2888,0.99635,2.45637,0.99864,49.56551,0.99977,0.90842,0.99404,0.99726,0.9985,100.0,0.6,0.41,0.35,0.72,50.32,52.03,52.74,49.57,0.995,0.996,0.995,0.995,/tmpdir/crf_16.mpd,/videos/BigBuckBunny-2160.avi
2889,0.99584,2.34609,0.99855,49.62223,0.99975,0.90899,0.99329,0.9968,0.99815,100.0,0.6,0.41,0.34,0.71,50.37,52.05,52.83,49.62,0.995,0.996,0.995,0.995,/tmpdir/crf_16.mpd,/videos/BigBuckBunny-2160.avi
2890,0.99654,2.34609,0.99874,50.21025,0.99979,0.91592,0.99468,0.99755,0.99869,100.0,0.53,0.37,0.32,0.62,50.91,52.43,53.12,50.21,0.996,0.996,0.996,0.996,/tmpdir/crf_16.mpd,/videos/BigBuckBunny-2160.avi
2891,0.99616,2.48763,0.99863,49.83776,0.99976,0.91352,0.99356,0.99676,0.99807,100.0,0.57,0.4,0.32,0.68,50.57,52.13,53.02,49.84,0.996,0.996,0.996,0.995,/tmpdir/crf_16.mpd,/videos/BigBuckBunny-2160.avi
2892,0.99635,2.48763,0.99871,50.06645,0.99978,0.91613,0.99421,0.99706,0.99822,100.0,0.54,0.39,0.32,0.64,50.77,52.25,53.11,50.07,0.996,0.996,0.996,0.996,/tmpdir/crf_16.mpd,/videos/BigBuckBunny-2160.avi
2893,0.99637,3.08074,0.99859,49.82571,0.99975,0.91372,0.99354,0.99684,0.9982,100.0,0.57,0.39,0.32,0.68,50.57,52.19,53.09,49.83,0.996,0.996,0.996,0.995,/tmpdir/crf_16.mpd,/videos/BigBuckBunny-2160.avi
2894,0.99676,3.08074,0.99876,50.35098,0.99979,0.91814,0.99492,0.99759,0.99864,100.0,0.51,0.36,0.29,0.6,51.06,52.54,53.44,50.35,0.996,0.996,0.996,0.996,/tmpdir/crf_16.mpd,/videos/BigBuckBunny-2160.avi
2895,0.99633,3.67353,0.99854,49.89921,0.99974,0.91362,0.99403,0.99714,0.99832,100.0,0.56,0.39,0.31,0.67,50.64,52.19,53.22,49.9,0.995,0.996,0.996,0.995,/tmpdir/crf_16.mpd,/videos/BigBuckBunny-2160.avi
2896,0.99663,3.67353,0.99871,50.28612,0.99977,0.9171,0.99426,0.99714,0.99834,100.0,0.52,0.38,0.3,0.61,50.98,52.37,53.37,50.29,0.996,0.996,0.996,0.996,/tmpdir/crf_16.mpd,/videos/BigBuckBunny-2160.avi
2897,0.99613,3.65713,0.99844,49.62165,0.99972,0.9061,0.99205,0.99604,0.99764,100.0,0.59,0.39,0.31,0.71,50.42,52.17,53.18,49.62,0.995,0.996,0.996,0.995,/tmpdir/crf_16.mpd,/videos/BigBuckBunny-2160.avi
2898,0.99658,3.65713,0.99863,50.03317,0.99977,0.90947,0.99413,0.99742,0.99864,100.0,0.54,0.37,0.3,0.65,50.8,52.46,53.38,50.03,0.996,0.996,0.996,0.995,/tmpdir/crf_16.mpd,/videos/BigBuckBunny-2160.avi
2899,0.99603,3.63785,0.99842,49.46934,0.99971,0.903,0.99242,0.99647,0.99798,100.0,0.61,0.4,0.32,0.73,50.28,52.07,53.1,49.47,0.995,0.996,0.996,0.995,/tmpdir/crf_16.mpd,/videos/BigBuckBunny-2160.avi
2900,0.9961,3.63785,0.9985,49.54969,0.99973,0.90501,0.99325,0.99691,0.99826,100.0,0.6,0.39,0.31,0.72,50.37,52.26,53.2,49.55,0.995,0.996,0.996,0.995,/tmpdir/crf_16.mpd,/videos/BigBuckBunny-2160.avi
2901,0.99534,2.58144,0.99825,48.95485,0.99969,0.89517,0.99227,0.99651,0.99807,100.0,0.67,0.41,0.33,0.83,49.84,52.04,52.9,48.95,0.995,0.996,0.996,0.994,/tmpdir/crf_16.mpd,/videos/BigBuckBunny-2160.avi
2902,0.99603,2.58144,0.99853,49.68575,0.99975,0.90307,0.99414,0.99757,0.99877,100.0,0.58,0.38,0.31,0.7,50.49,52.38,53.17,49.69,0.995,0.996,0.996,0.995,/tmpdir/crf_16.mpd,/videos/BigBuckBunny-2160.avi
2903,0.99542,2.8709,0.99828,49.24726,0.99968,0.89903,0.99222,0.99649,0.99803,100.0,0.64,0.4,0.33,0.77,50.09,52.12,52.96,49.25,0.995,0.996,0.996,0.994,/tmpdir/crf_16.mpd,/videos/BigBuckBunny-2160.avi
2904,0.99592,3.145,0.99851,49.69246,0.99973,0.90476,0.99362,0.99712,0.99843,100.0,0.58,0.38,0.31,0.7,50.48,52.3,53.16,49.69,0.995,0.996,0.996,0.995,/tmpdir/crf_16.mpd,/videos/BigBuckBunny-2160.avi
2905,0.99506,1.93762,0.9982,48.93361,0.99968,0.89238,0.99174,0.99629,0.99795,100.0,0.68,0.41,0.34,0.83,49.81,52.0,52.86,48.93,0.994,0.996,0.995,0.994,/tmpdir/crf_16.mpd,/videos/BigBuckBunny-2160.avi
2906,0.99591,1.93762,0.99851,49.59922,0.99974,0.9014,0.99418,0.99755,0.99875,100.0,0.59,0.38,0.32,0.71,50.41,52.33,53.1,49.6,0.995,0.996,0.996,0.995,/tmpdir/crf_16.mpd,/videos/BigBuckBunny-2160.avi
2907,0.99517,2.3455,0.99831,49.31999,0.99969,0.89926,0.99173,0.99594,0.99759,100.0,0.63,0.4,0.33,0.76,50.15,52.11,52.97,49.32,0.995,0.996,0.996,0.994,/tmpdir/crf_16.mpd,/videos/BigBuckBunny-2160.avi
2908,0.99586,2.61523,0.99855,49.82429,0.99974,0.90767,0.99355,0.99687,0.9982,100.0,0.57,0.38,0.31,0.68,50.6,52.33,53.22,49.82,0.995,0.996,0.996,0.995,/tmpdir/crf_16.mpd,/videos/BigBuckBunny-2160.avi
2909,0.99565,2.8656,0.99839,49.48967,0.9997,0.90387,0.99243,0.99627,0.99777,100.0,0.61,0.4,0.32,0.73,50.3,52.16,53.09,49.49,0.995,0.996,0.996,0.995,/tmpdir/crf_16.mpd,/videos/BigBuckBunny-2160.avi
2910,0.99623,2.8656,0.99867,50.12522,0.99977,0.91045,0.99462,0.99754,0.99866,100.0,0.53,0.37,0.3,0.63,50.87,52.48,53.34,50.13,0.996,0.996,0.996,0.995,/tmpdir/crf_16.mpd,/videos/BigBuckBunny-2160.avi
2911,0.99521,2.08428,0.99819,48.96425,0.99968,0.89352,0.9918,0.99628,0.9979,100.0,0.68,0.41,0.35,0.83,49.83,51.98,52.73,48.96,0.994,0.995,0.995,0.994,/tmpdir/crf_16.mpd,/videos/BigBuckBunny-2160.avi
2912,0.99569,2.08428,0.99847,49.51201,0.99974,0.90129,0.9932,0.99688,0.99825,100.0,0.61,0.4,0.33,0.73,50.3,52.11,52.93,49.51,0.995,0.996,0.996,0.995,/tmpdir/crf_16.mpd,/videos/BigBuckBunny-2160.avi
2913,0.99531,2.38881,0.99836,49.36342,0.99968,0.89979,0.99171,0.99613,0.99779,100.0,0.63,0.42,0.34,0.75,50.15,51.92,52.77,49.36,0.995,0.995,0.995,0.995,/tmpdir/crf_16.mpd,/videos/BigBuckBunny-2160.avi
2914,0.99645,2.38881,0.99871,50.10935,0.99978,0.91052,0.99515,0.99797,0.99901,100.0,0.54,0.37,0.32,0.63,50.83,52.42,53.14,50.11,0.996,0.996,0.996,0.996,/tmpdir/crf_16.mpd,/videos/BigBuckBunny-2160.avi
2915,0.99563,2.43058,0.99838,49.30721,0.99969,0.89918,0.99207,0.99631,0.99787,100.0,0.63,0.41,0.34,0.76,50.11,51.99,52.8,49.31,0.995,0.996,0.995,0.995,/tmpdir/crf_16.mpd,/videos/BigBuckBunny-2160.avi
2916,0.99628,2.43058,0.99866,49.87583,0.99978,0.90683,0.99507,0.99793,0.99895,100.0,0.57,0.39,0.33,0.67,50.61,52.27,52.97,49.88,0.995,0.996,0.996,0.995,/tmpdir/crf_16.mpd,/videos/BigBuckBunny-2160.avi
2917,0.99699,2.26413,0.99909,51.8889,0.99985,0.93472,0.99738,0.9989,0.99943,100.0,0.37,0.27,0.25,0.42,52.47,53.79,54.11,51.89,0.997,0.997,0.996,0.997,/tmpdir/crf_16.mpd,/videos/BigBuckBunny-2160.avi
2918,0.99572,2.26413,0.99851,49.89,0.99971,0.90927,0.99322,0.99695,0.99828,100.0,0.55,0.34,0.31,0.67,50.7,52.81,53.15,49.89,0.995,0.996,0.996,0.995,/tmpdir/crf_16.mpd,/videos/BigBuckBunny-2160.avi
2919,0.99579,2.13629,0.99855,49.85264,0.99974,0.90744,0.99373,0.99722,0.99845,100.0,0.56,0.35,0.32,0.67,50.65,52.72,53.11,49.85,0.995,0.996,0.996,0.995,/tmpdir/crf_16.mpd,/videos/BigBuckBunny-2160.avi
2920,0.99552,2.13629,0.99849,49.62152,0.99971,0.90551,0.99324,0.99695,0.99821,100.0,0.59,0.37,0.32,0.71,50.44,52.5,53.03,49.62,0.995,0.996,0.996,0.995,/tmpdir/crf_16.mpd,/videos/BigBuckBunny-2160.avi
2921,0.99627,1.82378,0.99887,50.54634,0.99982,0.9178,0.99627,0.99845,0.99922,100.0,0.49,0.33,0.3,0.57,51.24,52.9,53.31,50.55,0.996,0.996,0.996,0.996,/tmpdir/crf_16.mpd,/videos/BigBuckBunny-2160.avi
2922,0.99522,1.82378,0.9985,49.48864,0.99971,0.90383,0.99332,0.9969,0.99817,100.0,0.61,0.37,0.34,0.73,50.31,52.45,52.85,49.49,0.995,0.996,0.995,0.995,/tmpdir/crf_16.mpd,/videos/BigBuckBunny-2160.avi
2923,0.99553,1.54291,0.99853,49.54269,0.99975,0.90351,0.99411,0.99741,0.99855,100.0,0.6,0.37,0.33,0.72,50.36,52.48,52.91,49.54,0.995,0.996,0.995,0.995,/tmpdir/crf_16.mpd,/videos/BigBuckBunny-2160.avi
2924,0.99535,1.54291,0.99849,49.40986,0.99973,0.90232,0.99372,0.99724,0.99852,100.0,0.62,0.38,0.34,0.74,50.24,52.39,52.86,49.41,0.995,0.996,0.995,0.995,/tmpdir/crf_16.mpd,/videos/BigBuckBunny-2160.avi
2925,0.99607,1.3586,0.99881,50.26705,0.99982,0.91393,0.99627,0.9985,0.99928,100.0,0.52,0.35,0.32,0.61,50.98,52.71,53.1,50.27,0.996,0.996,0.996,0.996,/tmpdir/crf_16.mpd,/videos/BigBuckBunny-2160.avi
2926,0.99553,1.3586,0.99853,49.49885,0.99972,0.90426,0.99401,0.99729,0.99849,100.0,0.6,0.37,0.33,0.73,50.31,52.39,52.88,49.5,0.995,0.996,0.995,0.995,/tmpdir/crf_16.mpd,/videos/BigBuckBunny-2160.avi
2927,0.99573,1.0385,0.99856,49.63634,0.99973,0.90562,0.99446,0.99753,0.99867,100.0,0.59,0.37,0.33,0.71,50.44,52.5,52.95,49.64,0.995,0.996,0.995,0.995,/tmpdir/crf_16.mpd,/videos/BigBuckBunny-2160.avi
2928,0.99539,1.02279,0.99853,49.54143,0.99972,0.90472,0.99424,0.99741,0.99855,99.99866,0.6,0.37,0.33,0.72,50.35,52.41,52.9,49.54,0.995,0.996,0.995,0.995,/tmpdir/crf_16.mpd,/videos/BigBuckBunny-2160.avi
2929,0.99628,0.54237,0.99877,50.22422,0.9998,0.91305,0.99617,0.99841,0.99921,100.0,0.52,0.34,0.31,0.62,50.97,52.78,53.23,50.22,0.996,0.996,0.996,0.996,/tmpdir/crf_16.mpd,/videos/BigBuckBunny-2160.avi
2930,0.99542,0.54237,0.99857,49.6864,0.99973,0.90659,0.99454,0.99764,0.99874,99.80173,0.58,0.36,0.32,0.7,50.5,52.58,53.04,49.69,0.995,0.996,0.996,0.995,/tmpdir/crf_16.mpd,/videos/BigBuckBunny-2160.avi
2931,0.99565,0.56281,0.99858,49.69425,0.99974,0.90659,0.99486,0.99784,0.99894,99.87055,0.58,0.36,0.32,0.7,50.51,52.59,53.05,49.69,0.995,0.996,0.996,0.995,/tmpdir/crf_16.mpd,/videos/BigBuckBunny-2160.avi
2932,0.99541,0.65746,0.99857,49.62622,0.99973,0.90616,0.99452,0.99759,0.99871,99.84935,0.59,0.36,0.33,0.71,50.44,52.52,52.96,49.63,0.995,0.996,0.995,0.995,/tmpdir/crf_16.mpd,/videos/BigBuckBunny-2160.avi
2933,0.99596,0.49299,0.99867,49.90173,0.99977,0.90888,0.99556,0.99811,0.99903,99.91523,0.56,0.35,0.32,0.67,50.68,52.64,53.06,49.9,0.995,0.996,0.996,0.995,/tmpdir/crf_16.mpd,/videos/BigBuckBunny-2160.avi
2934,0.99548,0.41547,0.99854,49.57208,0.99973,0.90506,0.99445,0.9976,0.99872,99.74619,0.6,0.37,0.33,0.72,50.38,52.45,52.88,49.57,0.995,0.996,0.995,0.995,/tmpdir/crf_16.mpd,/videos/BigBuckBunny-2160.avi
2935,0.99562,0.25084,0.99854,49.57551,0.99973,0.90487,0.99444,0.99756,0.99867,99.69061,0.6,0.37,0.33,0.72,50.38,52.46,52.9,49.58,0.995,0.996,0.995,0.995,/tmpdir/crf_16.mpd,/videos/BigBuckBunny-2160.avi
2936,0.99539,0.25084,0.99851,49.4595,0.99972,0.90374,0.99422,0.99751,0.99865,99.64285,0.61,0.38,0.34,0.74,50.28,52.37,52.86,49.46,0.995,0.996,0.995,0.995,/tmpdir/crf_16.mpd,/videos/BigBuckBunny-2160.avi
2937,0.99531,0.26488,0.99845,49.17343,0.99973,0.89939,0.99401,0.9974,0.9986,99.61503,0.64,0.38,0.34,0.79,50.04,52.35,52.81,49.17,0.995,0.996,0.995,0.994,/tmpdir/crf_16.mpd,/videos/BigBuckBunny-2160.avi
2938,0.997,0.11992,0.9988,51.81552,0.99951,0.93285,0.99763,0.999,0.99946,100.0,0.38,0.29,0.28,0.43,52.32,53.46,53.62,51.82,0.997,0.997,0.996,0.997,/tmpdir/crf_16.mpd,/videos/BigBuckBunny-2160.avi
2939,0.99408,0.11992,0.99852,49.37743,0.99947,0.90023,0.99503,0.99764,0.99862,99.33998,0.61,0.34,0.32,0.75,50.28,52.83,53.07,49.38,0.996,0.996,0.996,0.996,/tmpdir/crf_16.mpd,/videos/BigBuckBunny-2160.avi
2940,0.98947,0.34009,0.99808,47.28974,0.99939,0.86279,0.98962,0.99467,0.99678,98.30857,0.95,0.46,0.41,1.21,48.34,51.5,52.05,47.29,0.994,0.995,0.995,0.994,/tmpdir/crf_16.mpd,/videos/BigBuckBunny-2160.avi
2941,0.98783,0.91254,0.99783,46.22478,0.99936,0.83974,0.98794,0.9939,0.9963,98.1849,1.22,0.58,0.51,1.55,47.28,50.48,51.07,46.22,0.993,0.994,0.994,0.992,/tmpdir/crf_16.mpd,/videos/BigBuckBunny-2160.avi
2942,0.99375,0.9262,0.99838,48.90069,0.99944,0.88975,0.99386,0.99707,0.9983,99.59061,0.71,0.45,0.43,0.84,49.64,51.57,51.78,48.9,0.995,0.995,0.995,0.995,/tmpdir/crf_16.mpd,/videos/BigBuckBunny-2160.avi
2943,0.9881,1.92149,0.99792,46.88547,0.99935,0.85497,0.98774,0.99354,0.99595,98.74043,1.11,0.71,0.61,1.33,47.68,49.59,50.28,46.89,0.993,0.993,0.993,0.993,/tmpdir/crf_16.mpd,/videos/BigBuckBunny-2160.avi
2944,0.98977,1.93797,0.99794,47.04509,0.99938,0.85426,0.98901,0.99441,0.99652,99.1032,1.04,0.6,0.53,1.28,47.94,50.33,50.89,47.05,0.993,0.994,0.994,0.993,/tmpdir/crf_16.mpd,/videos/BigBuckBunny-2160.avi
2945,0.98846,3.93025,0.9979,46.86175,0.9994,0.85091,0.98806,0.99392,0.99625,99.89958,1.12,0.73,0.63,1.34,47.64,49.51,50.12,46.86,0.993,0.993,0.993,0.993,/tmpdir/crf_16.mpd,/videos/BigBuckBunny-2160.avi
2946,0.99333,3.93025,0.99814,48.09556,0.99948,0.87045,0.99223,0.99644,0.99797,100.0,0.83,0.5,0.48,1.01,48.92,51.18,51.35,48.1,0.994,0.995,0.994,0.994,/tmpdir/crf_16.mpd,/videos/BigBuckBunny-2160.avi
2947,0.98777,5.81558,0.99767,46.45307,0.99937,0.83701,0.98659,0.99325,0.99589,100.0,1.19,0.65,0.59,1.47,47.38,49.98,50.39,46.45,0.992,0.993,0.993,0.992,/tmpdir/crf_16.mpd,/videos/BigBuckBunny-2160.avi
2948,0.9882,5.81558,0.99769,46.58625,0.99938,0.83549,0.9872,0.99362,0.99614,100.0,1.15,0.64,0.57,1.43,47.51,50.06,50.55,46.59,0.992,0.993,0.993,0.992,/tmpdir/crf_16.mpd,/videos/BigBuckBunny-2160.avi
2949,0.9876,7.77776,0.99759,46.41867,0.99937,0.83192,0.98647,0.99343,0.99618,100.0,1.2,0.65,0.6,1.48,47.35,49.98,50.38,46.42,0.992,0.993,0.993,0.991,/tmpdir/crf_16.mpd,/videos/BigBuckBunny-2160.avi
2950,0.99325,7.77776,0.99803,48.0687,0.99946,0.86261,0.99184,0.99638,0.99803,100.0,0.84,0.52,0.49,1.01,48.87,50.96,51.27,48.07,0.994,0.994,0.994,0.993,/tmpdir/crf_16.mpd,/videos/BigBuckBunny-2160.avi
2951,0.98835,6.75652,0.99741,46.51569,0.99931,0.8277,0.98469,0.99239,0.99537,100.0,1.19,0.74,0.62,1.45,47.36,49.44,50.2,46.52,0.991,0.993,0.993,0.991,/tmpdir/crf_16.mpd,/videos/BigBuckBunny-2160.avi
2952,0.9889,6.75652,0.99758,46.94298,0.99936,0.83406,0.987,0.99373,0.99632,100.0,1.08,0.66,0.57,1.31,47.79,49.95,50.53,46.94,0.992,0.993,0.993,0.991,/tmpdir/crf_16.mpd,/videos/BigBuckBunny-2160.avi
2953,0.98718,6.68575,0.99739,46.53764,0.99932,0.82445,0.98514,0.99267,0.9955,100.0,1.18,0.71,0.6,1.44,47.41,49.64,50.32,46.54,0.991,0.993,0.993,0.991,/tmpdir/crf_16.mpd,/videos/BigBuckBunny-2160.avi
2954,0.99336,6.68575,0.99803,48.41676,0.99945,0.86448,0.99224,0.99661,0.99817,100.0,0.79,0.52,0.49,0.94,49.14,50.95,51.25,48.42,0.993,0.994,0.994,0.993,/tmpdir/crf_16.mpd,/videos/BigBuckBunny-2160.avi
2955,0.98677,7.09817,0.9973,46.25119,0.99932,0.81568,0.9842,0.99221,0.99529,100.0,1.25,0.71,0.63,1.54,47.16,49.64,50.14,46.25,0.991,0.993,0.993,0.99,/tmpdir/crf_16.mpd,/videos/BigBuckBunny-2160.avi
2956,0.98853,7.09817,0.9975,46.72849,0.99936,0.82611,0.98682,0.99365,0.99626,100.0,1.13,0.67,0.59,1.38,47.6,49.86,50.41,46.73,0.992,0.993,0.993,0.991,/tmpdir/crf_16.mpd,/videos/BigBuckBunny-2160.avi
2957,0.98672,6.69354,0.99724,46.08193,0.99932,0.81106,0.98449,0.99254,0.99559,100.0,1.28,0.68,0.61,1.6,47.04,49.78,50.27,46.08,0.991,0.993,0.993,0.99,/tmpdir/crf_16.mpd,/videos/BigBuckBunny-2160.avi
2958,0.99297,6.69354,0.99798,48.16692,0.99945,0.85821,0.99248,0.99682,0.99829,100.0,0.83,0.53,0.5,0.99,48.92,50.89,51.12,48.17,0.993,0.994,0.994,0.993,/tmpdir/crf_16.mpd,/videos/BigBuckBunny-2160.avi
2959,0.9859,5.97436,0.9971,45.56143,0.9993,0.79963,0.98388,0.99222,0.99538,100.0,1.43,0.7,0.65,1.81,46.58,49.68,49.97,45.56,0.99,0.993,0.993,0.989,/tmpdir/crf_16.mpd,/videos/BigBuckBunny-2160.avi
2960,0.98772,5.97436,0.99721,45.77897,0.99934,0.80212,0.98611,0.99353,0.99621,100.0,1.37,0.72,0.65,1.72,46.75,49.58,49.97,45.78,0.99,0.993,0.992,0.989,/tmpdir/crf_16.mpd,/videos/BigBuckBunny-2160.avi
2961,0.98427,6.17655,0.99689,44.91339,0.99929,0.78104,0.98319,0.99202,0.99529,100.0,1.65,0.79,0.7,2.1,45.97,49.18,49.67,44.91,0.989,0.992,0.992,0.987,/tmpdir/crf_16.mpd,/videos/BigBuckBunny-2160.avi
2962,0.99107,6.17655,0.99756,46.96509,0.9994,0.83076,0.99003,0.99579,0.99774,100.0,1.07,0.59,0.58,1.31,47.85,50.39,50.52,46.97,0.992,0.993,0.993,0.991,/tmpdir/crf_16.mpd,/videos/BigBuckBunny-2160.avi
2963,0.98474,7.82494,0.9968,45.01715,0.99926,0.78503,0.98136,0.99102,0.99468,100.0,1.61,0.76,0.69,2.05,46.07,49.29,49.74,45.02,0.989,0.992,0.992,0.988,/tmpdir/crf_16.mpd,/videos/BigBuckBunny-2160.avi
2964,0.98753,7.82494,0.99706,45.64368,0.99931,0.79907,0.98409,0.99248,0.99558,100.0,1.41,0.72,0.66,1.77,46.63,49.53,49.97,45.64,0.99,0.993,0.993,0.989,/tmpdir/crf_16.mpd,/videos/BigBuckBunny-2160.avi
2965,0.98475,8.22062,0.99671,44.87028,0.99927,0.77893,0.98067,0.99084,0.9946,100.0,1.67,0.8,0.73,2.12,45.91,49.08,49.5,44.87,0.989,0.992,0.992,0.987,/tmpdir/crf_16.mpd,/videos/BigBuckBunny-2160.avi
2966,0.99092,8.22062,0.99737,46.8429,0.99937,0.82413,0.98741,0.99447,0.99695,100.0,1.1,0.61,0.59,1.35,47.72,50.24,50.4,46.84,0.991,0.993,0.993,0.991,/tmpdir/crf_16.mpd,/videos/BigBuckBunny-2160.avi
2967,0.98414,10.20773,0.9965,44.61439,0.99926,0.77009,0.97851,0.98953,0.99377,100.0,1.75,0.78,0.71,2.25,45.71,49.2,49.61,44.61,0.988,0.992,0.992,0.986,/tmpdir/crf_16.mpd,/videos/BigBuckBunny-2160.avi
2968,0.98602,10.20773,0.9969,45.23934,0.99934,0.78615,0.98186,0.99131,0.99491,100.0,1.54,0.78,0.7,1.95,46.25,49.23,49.69,45.24,0.989,0.992,0.992,0.988,/tmpdir/crf_16.mpd,/videos/BigBuckBunny-2160.avi
2969,0.98376,10.63334,0.99645,44.47452,0.99932,0.76501,0.97813,0.98951,0.99385,100.0,1.81,0.82,0.74,2.32,45.56,48.98,49.46,44.47,0.988,0.992,0.992,0.986,/tmpdir/crf_16.mpd,/videos/BigBuckBunny-2160.avi
2970,0.98996,10.63334,0.99717,46.01822,0.99946,0.80304,0.98604,0.99402,0.99678,100.0,1.3,0.66,0.64,1.63,46.99,49.95,50.1,46.02,0.99,0.993,0.992,0.989,/tmpdir/crf_16.mpd,/videos/BigBuckBunny-2160.avi
2971,0.98354,9.74751,0.99618,44.22125,0.99931,0.75416,0.97631,0.98849,0.99306,100.0,1.91,0.86,0.78,2.46,45.31,48.81,49.2,44.22,0.986,0.991,0.991,0.984,/tmpdir/crf_16.mpd,/videos/BigBuckBunny-2160.avi
2972,0.98633,9.74751,0.99659,44.92103,0.99938,0.7717,0.98005,0.99075,0.99475,100.0,1.66,0.82,0.75,2.09,45.94,48.99,49.39,44.92,0.988,0.991,0.991,0.986,/tmpdir/crf_16.mpd,/videos/BigBuckBunny-2160.avi
2973,0.98297,8.80956,0.99621,44.44536,0.99932,0.75812,0.97677,0.98897,0.99345,100.0,1.83,0.87,0.78,2.34,45.5,48.74,49.19,44.45,0.987,0.991,0.991,0.985,/tmpdir/crf_16.mpd,/videos/BigBuckBunny-2160.avi
2974,0.98999,8.80956,0.99718,46.02259,0.99951,0.80169,0.98652,0.99427,0.99692,100.0,1.31,0.68,0.66,1.62,46.97,49.81,49.95,46.02,0.99,0.992,0.992,0.988,/tmpdir/crf_16.mpd,/videos/BigBuckBunny-2160.avi
2975,0.98266,7.86982,0.996,44.10897,0.99932,0.7488,0.97553,0.98845,0.99332,100.0,1.97,0.89,0.83,2.52,45.19,48.66,48.96,44.11,0.986,0.991,0.99,0.983,/tmpdir/crf_16.mpd,/videos/BigBuckBunny-2160.avi
2976,0.98486,7.86982,0.99645,44.6026,0.9994,0.76285,0.97893,0.99016,0.9943,100.0,1.77,0.85,0.79,2.25,45.64,48.85,49.17,44.6,0.987,0.991,0.991,0.985,/tmpdir/crf_16.mpd,/videos/BigBuckBunny-2160.avi
2977,0.98346,6.74199,0.99603,43.83498,0.99934,0.74275,0.97637,0.98891,0.99356,100.0,2.09,0.93,0.84,2.69,44.94,48.47,48.89,43.83,0.985,0.991,0.99,0.983,/tmpdir/crf_16.mpd,/videos/BigBuckBunny-2160.avi
2978,0.9908,6.74199,0.9974,46.04487,0.99954,0.80348,0.98808,0.99492,0.99725,100.0,1.31,0.7,0.69,1.62,46.96,49.69,49.74,46.04,0.99,0.992,0.992,0.989,/tmpdir/crf_16.mpd,/videos/BigBuckBunny-2160.avi
2979,0.98298,5.51603,0.99587,43.61902,0.99931,0.7381,0.9758,0.98862,0.9933,99.45134,2.18,0.94,0.84,2.83,44.74,48.39,48.87,43.62,0.985,0.99,0.99,0.982,/tmpdir/crf_16.mpd,/videos/BigBuckBunny-2160.avi
2980,0.98467,5.51603,0.99646,44.28433,0.99941,0.75525,0.97981,0.99057,0.99453,99.87398,1.9,0.87,0.81,2.42,45.35,48.76,49.05,44.28,0.987,0.991,0.991,0.985,/tmpdir/crf_16.mpd,/videos/BigBuckBunny-2160.avi
2981,0.98392,4.70096,0.99648,44.23455,0.99939,0.75532,0.97931,0.99015,0.99419,99.21511,1.91,0.85,0.82,2.45,45.32,48.84,49.02,44.23,0.987,0.991,0.991,0.985,/tmpdir/crf_16.mpd,/videos/BigBuckBunny-2160.avi
2982,0.99048,4.70096,0.99757,46.3764,0.99957,0.8116,0.98902,0.99527,0.99741,100.0,1.23,0.71,0.69,1.5,47.23,49.64,49.72,46.38,0.99,0.992,0.992,0.99,/tmpdir/crf_16.mpd,/videos/BigBuckBunny-2160.avi
2983,0.98463,4.35072,0.99662,44.23817,0.99939,0.7582,0.97918,0.98992,0.99399,99.11515,1.92,0.91,0.83,2.45,45.29,48.54,48.96,44.24,0.987,0.991,0.991,0.985,/tmpdir/crf_16.mpd,/videos/BigBuckBunny-2160.avi
2984,0.98582,4.35072,0.99691,44.67728,0.99945,0.77037,0.98194,0.99138,0.99492,99.42774,1.74,0.81,0.76,2.21,45.73,49.07,49.3,44.68,0.988,0.991,0.991,0.986,/tmpdir/crf_16.mpd,/videos/BigBuckBunny-2160.avi
2985,0.98534,4.06201,0.99686,44.40812,0.99944,0.76652,0.9824,0.9916,0.99498,99.18163,1.85,0.87,0.79,2.36,45.46,48.75,49.13,44.41,0.988,0.991,0.991,0.986,/tmpdir/crf_16.mpd,/videos/BigBuckBunny-2160.avi
2986,0.99217,4.06201,0.99799,47.25852,0.99963,0.83644,0.99196,0.9966,0.99812,100.0,1.03,0.64,0.63,1.22,48.01,50.05,50.13,47.26,0.992,0.993,0.992,0.992,/tmpdir/crf_16.mpd,/videos/BigBuckBunny-2160.avi
2987,0.98424,3.7357,0.99685,44.15051,0.99943,0.76144,0.98186,0.99128,0.99482,98.77778,1.94,0.86,0.79,2.5,45.25,48.79,49.14,44.15,0.988,0.991,0.991,0.986,/tmpdir/crf_16.mpd,/videos/BigBuckBunny-2160.avi
2988,0.98571,3.7357,0.99712,44.75731,0.99948,0.77548,0.98411,0.99244,0.99549,99.11967,1.7,0.78,0.74,2.17,45.82,49.23,49.43,44.76,0.989,0.991,0.991,0.987,/tmpdir/crf_16.mpd,/videos/BigBuckBunny-2160.avi
2989,0.98385,3.35449,0.99684,44.15455,0.99946,0.75996,0.98219,0.99147,0.99491,98.50328,1.93,0.84,0.78,2.5,45.26,48.91,49.22,44.15,0.988,0.991,0.991,0.986,/tmpdir/crf_16.mpd,/videos/BigBuckBunny-2160.avi
2990,0.99116,3.35449,0.99778,46.63796,0.99961,0.82177,0.99031,0.99584,0.99774,100.0,1.16,0.68,0.66,1.41,47.47,49.81,49.93,46.64,0.991,0.992,0.992,0.991,/tmpdir/crf_16.mpd,/videos/BigBuckBunny-2160.avi
2991,0.98435,2.98506,0.99688,44.16061,0.99944,0.76194,0.98178,0.99122,0.99476,98.36838,1.95,0.89,0.83,2.49,45.23,48.65,48.96,44.16,0.988,0.991,0.99,0.986,/tmpdir/crf_16.mpd,/videos/BigBuckBunny-2160.avi
2992,0.98545,2.98506,0.99703,44.41608,0.99949,0.76616,0.98429,0.9927,0.99574,98.66873,1.83,0.82,0.76,2.35,45.5,49.02,49.3,44.42,0.988,0.991,0.991,0.987,/tmpdir/crf_16.mpd,/videos/BigBuckBunny-2160.avi
2993,0.98379,3.45614,0.99679,43.86548,0.99947,0.74995,0.98174,0.99135,0.99491,98.54144,2.07,0.88,0.83,2.67,44.98,48.67,48.94,43.87,0.987,0.991,0.99,0.985,/tmpdir/crf_16.mpd,/videos/BigBuckBunny-2160.avi
2994,0.99038,3.45614,0.99769,46.38623,0.9996,0.81324,0.98952,0.99548,0.99753,100.0,1.22,0.69,0.67,1.49,47.26,49.74,49.86,46.39,0.991,0.992,0.992,0.99,/tmpdir/crf_16.mpd,/videos/BigBuckBunny-2160.avi
2995,0.98377,3.12447,0.99686,44.07833,0.99948,0.75485,0.98224,0.99167,0.99511,98.37356,1.97,0.85,0.8,2.54,45.19,48.84,49.11,44.08,0.987,0.991,0.991,0.986,/tmpdir/crf_16.mpd,/videos/BigBuckBunny-2160.avi
2996,0.98522,2.83574,0.99704,44.35682,0.99949,0.765,0.98376,0.99248,0.99561,98.52979,1.87,0.88,0.81,2.38,45.41,48.71,49.05,44.36,0.988,0.991,0.99,0.987,/tmpdir/crf_16.mpd,/videos/BigBuckBunny-2160.avi
2997,0.98505,1.74753,0.99697,44.08226,0.99949,0.75944,0.98304,0.99199,0.99524,97.87094,1.98,0.91,0.84,2.54,45.15,48.56,48.89,44.08,0.988,0.99,0.99,0.986,/tmpdir/crf_16.mpd,/videos/BigBuckBunny-2160.avi
2998,0.99018,1.74753,0.99768,46.10039,0.99959,0.80819,0.98908,0.99523,0.99733,99.06362,1.3,0.72,0.7,1.6,46.99,49.54,49.69,46.1,0.991,0.992,0.991,0.99,/tmpdir/crf_16.mpd,/videos/BigBuckBunny-2160.avi
2999,0.98452,1.3514,0.99686,43.86166,0.99947,0.75231,0.98246,0.99168,0.9951,97.54826,2.08,0.94,0.86,2.67,44.95,48.38,48.78,43.86,0.987,0.99,0.99,0.985,/tmpdir/crf_16.mpd,/videos/BigBuckBunny-2160.avi
3000,0.98686,1.3514,0.99719,44.64464,0.99952,0.77233,0.98486,0.99301,0.99599,98.0754,1.76,0.85,0.8,2.23,45.67,48.83,49.09,44.64,0.988,0.991,0.99,0.987,/tmpdir/crf_16.mpd,/videos/BigBuckBunny-2160.avi
3001,0.98399,1.01505,0.99675,43.53975,0.99947,0.74264,0.98206,0.99154,0.99507,97.26709,2.22,0.93,0.85,2.88,44.68,48.45,48.83,43.54,0.986,0.99,0.99,0.985,/tmpdir/crf_16.mpd,/videos/BigBuckBunny-2160.avi
3002,0.98995,1.01505,0.99768,46.05745,0.99959,0.80725,0.98888,0.99511,0.99725,98.64157,1.31,0.73,0.7,1.61,46.95,49.5,49.65,46.06,0.99,0.992,0.991,0.99,/tmpdir/crf_16.mpd,/videos/BigBuckBunny-2160.avi
3003,0.98459,0.67748,0.99703,44.25084,0.99949,0.76203,0.98314,0.99206,0.99531,97.2504,1.92,0.92,0.85,2.44,45.29,48.47,48.83,44.25,0.988,0.99,0.99,0.987,/tmpdir/crf_16.mpd,/videos/BigBuckBunny-2160.avi
3004,0.98667,0.67325,0.99716,44.58287,0.9995,0.76969,0.98455,0.99278,0.99573,97.67156,1.8,0.89,0.83,2.26,45.59,48.61,48.93,44.58,0.988,0.99,0.99,0.987,/tmpdir/crf_16.mpd,/videos/BigBuckBunny-2160.avi
3005,0.9849,0.34934,0.99687,43.90105,0.99948,0.74914,0.98279,0.99205,0.99539,97.13102,2.05,0.88,0.83,2.65,45.01,48.68,48.93,43.9,0.987,0.99,0.99,0.985,/tmpdir/crf_16.mpd,/videos/BigBuckBunny-2160.avi
3006,0.98726,0.24142,0.99714,44.6079,0.99952,0.76655,0.98469,0.99305,0.99598,97.58232,1.77,0.82,0.79,2.25,45.66,49.0,49.17,44.61,0.988,0.991,0.99,0.987,/tmpdir/crf_16.mpd,/videos/BigBuckBunny-2160.avi
3007,0.98625,0.24142,0.99701,44.33607,0.9995,0.76121,0.98283,0.992,0.99529,97.32359,1.86,0.82,0.78,2.4,45.43,49.01,49.19,44.34,0.988,0.991,0.99,0.987,/tmpdir/crf_16.mpd,/videos/BigBuckBunny-2160.avi
3008,0.99604,2.7847,0.9988,51.25703,0.99975,0.90981,0.99512,0.99784,0.99883,100.0,0.41,0.28,0.26,0.49,51.97,53.7,54.06,51.26,0.995,0.996,0.996,0.995,/tmpdir/crf_16.mpd,/videos/BigBuckBunny-2160.avi
3009,0.99466,2.7847,0.99846,50.41617,0.99965,0.90093,0.99192,0.99619,0.99783,100.0,0.49,0.31,0.28,0.59,51.21,53.23,53.69,50.42,0.995,0.996,0.996,0.994,/tmpdir/crf_16.mpd,/videos/BigBuckBunny-2160.avi
3010,0.99473,3.1749,0.99842,50.48999,0.99963,0.90116,0.99176,0.9962,0.99794,100.0,0.49,0.31,0.28,0.58,51.25,53.16,53.59,50.49,0.995,0.996,0.996,0.994,/tmpdir/crf_16.mpd,/videos/BigBuckBunny-2160.avi
3011,0.99507,4.21116,0.99857,50.81467,0.99969,0.90468,0.99263,0.99649,0.99798,100.0,0.45,0.29,0.27,0.54,51.57,53.45,53.84,50.81,0.995,0.996,0.996,0.994,/tmpdir/crf_16.mpd,/videos/BigBuckBunny-2160.avi
3012,0.99456,4.21116,0.99848,50.61776,0.99965,0.90318,0.99193,0.99607,0.99771,100.0,0.47,0.3,0.28,0.56,51.38,53.3,53.69,50.62,0.995,0.996,0.996,0.994,/tmpdir/crf_16.mpd,/videos/BigBuckBunny-2160.avi
3013,0.99431,4.03909,0.99839,50.3664,0.99963,0.89942,0.99169,0.99601,0.99765,100.0,0.5,0.31,0.29,0.6,51.15,53.15,53.55,50.37,0.995,0.996,0.996,0.994,/tmpdir/crf_16.mpd,/videos/BigBuckBunny-2160.avi
3014,0.99475,4.03909,0.99854,50.70249,0.99971,0.90096,0.99269,0.9967,0.99821,100.0,0.46,0.29,0.28,0.55,51.47,53.46,53.69,50.7,0.995,0.996,0.996,0.994,/tmpdir/crf_16.mpd,/videos/BigBuckBunny-2160.avi
3015,0.99381,3.68872,0.99833,50.20809,0.99962,0.89665,0.99125,0.99593,0.99769,100.0,0.52,0.33,0.3,0.62,50.99,53.0,53.37,50.21,0.994,0.996,0.996,0.994,/tmpdir/crf_16.mpd,/videos/BigBuckBunny-2160.avi
3016,0.99388,3.51181,0.99841,50.30726,0.99967,0.89639,0.99169,0.99613,0.99781,100.0,0.51,0.33,0.3,0.61,51.08,53.0,53.43,50.31,0.995,0.996,0.996,0.994,/tmpdir/crf_16.mpd,/videos/BigBuckBunny-2160.avi
3017,0.99406,2.85597,0.99831,50.12596,0.99964,0.89244,0.99109,0.99589,0.99764,100.0,0.53,0.33,0.3,0.63,50.93,53.0,53.37,50.13,0.994,0.996,0.996,0.994,/tmpdir/crf_16.mpd,/videos/BigBuckBunny-2160.avi
3018,0.99471,2.85597,0.99849,50.65056,0.99969,0.90022,0.99249,0.9966,0.99809,100.0,0.47,0.3,0.28,0.56,51.41,53.37,53.64,50.65,0.995,0.996,0.996,0.994,/tmpdir/crf_16.mpd,/videos/BigBuckBunny-2160.avi
3019,0.994,3.89626,0.99839,50.30631,0.99964,0.89796,0.99098,0.9957,0.99749,100.0,0.51,0.33,0.31,0.61,51.05,52.93,53.25,50.31,0.995,0.996,0.996,0.994,/tmpdir/crf_16.mpd,/videos/BigBuckBunny-2160.avi
3020,0.99468,3.89626,0.9985,50.63546,0.99969,0.90222,0.99255,0.99662,0.99814,100.0,0.47,0.31,0.29,0.56,51.38,53.27,53.54,50.64,0.995,0.996,0.996,0.994,/tmpdir/crf_16.mpd,/videos/BigBuckBunny-2160.avi
3021,0.99455,4.04389,0.99841,50.37642,0.99963,0.90023,0.99094,0.99557,0.99736,100.0,0.5,0.33,0.3,0.6,51.12,52.94,53.38,50.38,0.995,0.996,0.996,0.994,/tmpdir/crf_16.mpd,/videos/BigBuckBunny-2160.avi
3022,0.99496,4.04389,0.99847,50.52353,0.99965,0.9016,0.99183,0.9961,0.99776,100.0,0.49,0.32,0.29,0.58,51.27,53.12,53.5,50.52,0.995,0.996,0.996,0.994,/tmpdir/crf_16.mpd,/videos/BigBuckBunny-2160.avi
3023,0.99439,4.15722,0.99839,50.3153,0.99963,0.89869,0.99122,0.99573,0.99747,100.0,0.51,0.32,0.29,0.6,51.1,53.09,53.46,50.32,0.995,0.996,0.996,0.994,/tmpdir/crf_16.mpd,/videos/BigBuckBunny-2160.avi
3024,0.99488,4.15722,0.99854,50.6863,0.99969,0.90307,0.99256,0.9965,0.99799,100.0,0.47,0.31,0.28,0.56,51.42,53.28,53.59,50.69,0.995,0.996,0.996,0.994,/tmpdir/crf_16.mpd,/videos/BigBuckBunny-2160.avi
3025,0.99632,4.72286,0.999,52.29377,0.99977,0.92816,0.99612,0.99829,0.9991,100.0,0.33,0.23,0.21,0.38,52.96,54.56,54.85,52.29,0.996,0.997,0.997,0.996,/tmpdir/crf_16.mpd,/videos/BigBuckBunny-2160.avi
3026,0.99482,4.72286,0.99862,50.99762,0.99965,0.91316,0.99248,0.9962,0.99771,100.0,0.43,0.28,0.25,0.52,51.77,53.65,54.14,51.0,0.995,0.997,0.997,0.995,/tmpdir/crf_16.mpd,/videos/BigBuckBunny-2160.avi
3027,0.99511,3.58292,0.99866,51.09588,0.99967,0.91401,0.99321,0.99666,0.99801,100.0,0.42,0.27,0.25,0.51,51.88,53.87,54.24,51.1,0.995,0.997,0.997,0.995,/tmpdir/crf_16.mpd,/videos/BigBuckBunny-2160.avi
3028,0.99493,3.58292,0.99856,50.75529,0.99965,0.90925,0.99226,0.99613,0.99765,100.0,0.45,0.28,0.25,0.55,51.57,53.7,54.09,50.76,0.995,0.997,0.996,0.995,/tmpdir/crf_16.mpd,/videos/BigBuckBunny-2160.avi
3029,0.9949,3.59824,0.99872,51.08763,0.99973,0.91139,0.99385,0.99719,0.99843,100.0,0.42,0.27,0.25,0.51,51.86,53.77,54.2,51.09,0.995,0.997,0.997,0.995,/tmpdir/crf_16.mpd,/videos/BigBuckBunny-2160.avi
3030,0.99391,3.59824,0.99855,50.67187,0.99966,0.9082,0.99227,0.99637,0.99794,100.0,0.46,0.29,0.26,0.56,51.46,53.47,53.9,50.67,0.995,0.996,0.996,0.995,/tmpdir/crf_16.mpd,/videos/BigBuckBunny-2160.avi
3031,0.99448,3.17807,0.99862,50.89766,0.99969,0.91046,0.99299,0.99672,0.99808,100.0,0.44,0.28,0.26,0.53,51.67,53.61,54.02,50.9,0.995,0.996,0.996,0.995,/tmpdir/crf_16.mpd,/videos/BigBuckBunny-2160.avi
3032,0.99455,3.17807,0.99858,50.79392,0.99967,0.90937,0.99248,0.99642,0.99788,100.0,0.45,0.29,0.26,0.54,51.58,53.55,53.99,50.79,0.995,0.996,0.996,0.995,/tmpdir/crf_16.mpd,/videos/BigBuckBunny-2160.avi
3033,0.9951,3.00283,0.99875,51.27099,0.99973,0.91417,0.99452,0.99756,0.99865,100.0,0.41,0.26,0.24,0.49,52.03,53.95,54.32,51.27,0.996,0.997,0.997,0.995,/tmpdir/crf_16.mpd,/videos/BigBuckBunny-2160.avi
3034,0.99364,3.00283,0.99856,50.50868,0.99966,0.90592,0.99223,0.99616,0.99764,100.0,0.48,0.3,0.27,0.58,51.3,53.3,53.74,50.51,0.995,0.996,0.996,0.995,/tmpdir/crf_16.mpd,/videos/BigBuckBunny-2160.avi
3035,0.99436,2.76517,0.99862,50.65376,0.99969,0.90758,0.99367,0.99707,0.99833,100.0,0.47,0.29,0.27,0.56,51.45,53.51,53.86,50.65,0.995,0.996,0.996,0.995,/tmpdir/crf_16.mpd,/videos/BigBuckBunny-2160.avi
3036,0.9936,2.76517,0.99854,50.36406,0.99968,0.90296,0.99303,0.99673,0.99807,100.0,0.49,0.29,0.27,0.6,51.21,53.47,53.85,50.36,0.995,0.996,0.996,0.994,/tmpdir/crf_16.mpd,/videos/BigBuckBunny-2160.avi
3037,0.99529,1.55983,0.99878,51.08601,0.99974,0.91229,0.99507,0.9978,0.99878,100.0,0.42,0.27,0.25,0.51,51.86,53.89,54.15,51.09,0.995,0.997,0.996,0.995,/tmpdir/crf_16.mpd,/videos/BigBuckBunny-2160.avi
3038,0.99373,1.55983,0.99859,50.48001,0.99969,0.90512,0.99329,0.9968,0.99809,99.91914,0.48,0.28,0.26,0.58,51.33,53.58,53.96,50.48,0.995,0.996,0.996,0.994,/tmpdir/crf_16.mpd,/videos/BigBuckBunny-2160.avi
3039,0.9937,1.61875,0.99863,50.46981,0.9997,0.90581,0.99363,0.99697,0.99825,99.96026,0.49,0.3,0.28,0.58,51.27,53.37,53.69,50.47,0.995,0.996,0.996,0.994,/tmpdir/crf_16.mpd,/videos/BigBuckBunny-2160.avi
3040,0.99424,1.61875,0.99855,50.28772,0.99966,0.90398,0.99314,0.9968,0.99815,100.0,0.5,0.29,0.28,0.61,51.14,53.49,53.74,50.29,0.995,0.996,0.996,0.994,/tmpdir/crf_16.mpd,/videos/BigBuckBunny-2160.avi
3041,0.99532,1.59534,0.99876,50.95868,0.99974,0.91083,0.99498,0.99775,0.99875,100.0,0.44,0.27,0.26,0.52,51.74,53.75,54.06,50.96,0.995,0.996,0.996,0.995,/tmpdir/crf_16.mpd,/videos/BigBuckBunny-2160.avi
3042,0.99424,1.44853,0.99859,50.50416,0.99968,0.90557,0.99352,0.99696,0.99823,99.97033,0.48,0.28,0.26,0.58,51.35,53.65,53.97,50.5,0.995,0.996,0.996,0.994,/tmpdir/crf_16.mpd,/videos/BigBuckBunny-2160.avi
3043,0.99412,1.44853,0.99865,50.63485,0.9997,0.90654,0.99404,0.9972,0.99837,99.96757,0.46,0.28,0.26,0.56,51.46,53.65,53.98,50.63,0.995,0.996,0.996,0.994,/tmpdir/crf_16.mpd,/videos/BigBuckBunny-2160.avi
3044,0.99376,1.82004,0.99855,50.35045,0.99968,0.90322,0.99326,0.99684,0.99815,100.0,0.5,0.3,0.28,0.6,51.17,53.32,53.63,50.35,0.995,0.996,0.996,0.994,/tmpdir/crf_16.mpd,/videos/BigBuckBunny-2160.avi
3045,0.99463,1.8262,0.99868,50.76212,0.99972,0.90819,0.99458,0.9976,0.99869,100.0,0.45,0.28,0.26,0.55,51.57,53.69,53.99,50.76,0.995,0.996,0.996,0.995,/tmpdir/crf_16.mpd,/videos/BigBuckBunny-2160.avi
3046,0.99414,2.42576,0.99855,50.47542,0.99968,0.9057,0.99313,0.99674,0.99805,100.0,0.48,0.29,0.26,0.58,51.32,53.56,53.94,50.48,0.995,0.996,0.996,0.994,/tmpdir/crf_16.mpd,/videos/BigBuckBunny-2160.avi
3047,0.99445,1.80504,0.99863,50.63769,0.9997,0.90758,0.99359,0.99694,0.99819,100.0,0.46,0.28,0.26,0.56,51.47,53.7,54.05,50.64,0.995,0.996,0.996,0.994,/tmpdir/crf_16.mpd,/videos/BigBuckBunny-2160.avi
3048,0.9941,1.80504,0.99855,50.43065,0.99968,0.9044,0.99295,0.99667,0.99806,100.0,0.49,0.29,0.27,0.59,51.27,53.51,53.9,50.43,0.995,0.996,0.996,0.994,/tmpdir/crf_16.mpd,/videos/BigBuckBunny-2160.avi
3049,0.99443,2.16874,0.99868,50.7196,0.99972,0.90743,0.9939,0.99718,0.99838,100.0,0.46,0.3,0.27,0.55,51.49,53.43,53.84,50.72,0.995,0.996,0.996,0.995,/tmpdir/crf_16.mpd,/videos/BigBuckBunny-2160.avi
3050,0.99373,2.16874,0.99856,50.42168,0.99968,0.9048,0.99298,0.99674,0.99813,100.0,0.49,0.3,0.28,0.59,51.23,53.32,53.69,50.42,0.995,0.996,0.996,0.994,/tmpdir/crf_16.mpd,/videos/BigBuckBunny-2160.avi
3051,0.99451,2.66132,0.99866,50.73955,0.9997,0.90845,0.99337,0.99684,0.99814,100.0,0.46,0.28,0.26,0.55,51.53,53.6,53.92,50.74,0.995,0.996,0.996,0.995,/tmpdir/crf_16.mpd,/videos/BigBuckBunny-2160.avi
3052,0.99399,2.66132,0.99857,50.46158,0.99969,0.90505,0.99248,0.99633,0.99778,100.0,0.48,0.29,0.27,0.58,51.29,53.52,53.84,50.46,0.995,0.996,0.996,0.994,/tmpdir/crf_16.mpd,/videos/BigBuckBunny-2160.avi
3053,0.99471,3.20228,0.99869,50.81076,0.99972,0.90828,0.99325,0.99682,0.99817,100.0,0.45,0.27,0.26,0.54,51.61,53.74,53.99,50.81,0.995,0.996,0.996,0.995,/tmpdir/crf_16.mpd,/videos/BigBuckBunny-2160.avi
3054,0.99397,3.48006,0.9986,50.40609,0.9997,0.90478,0.99248,0.99644,0.99792,100.0,0.49,0.31,0.28,0.59,51.19,53.19,53.6,50.41,0.995,0.996,0.996,0.994,/tmpdir/crf_16.mpd,/videos/BigBuckBunny-2160.avi
3055,0.99389,3.55007,0.99861,50.49367,0.99969,0.90615,0.99215,0.99624,0.99781,100.0,0.48,0.3,0.28,0.58,51.29,53.35,53.7,50.49,0.995,0.996,0.996,0.995,/tmpdir/crf_16.mpd,/videos/BigBuckBunny-2160.avi
3056,0.99462,3.80628,0.99872,50.94284,0.99973,0.91042,0.99315,0.99682,0.99822,100.0,0.44,0.28,0.26,0.52,51.7,53.64,53.97,50.94,0.995,0.996,0.996,0.995,/tmpdir/crf_16.mpd,/videos/BigBuckBunny-2160.avi
3057,0.99432,3.31521,0.99865,50.68226,0.99969,0.90887,0.99222,0.99619,0.99772,100.0,0.46,0.29,0.27,0.56,51.48,53.54,53.88,50.68,0.995,0.996,0.996,0.995,/tmpdir/crf_16.mpd,/videos/BigBuckBunny-2160.avi
3058,0.99468,3.31521,0.9987,50.82341,0.99971,0.91079,0.99285,0.99657,0.99803,100.0,0.45,0.28,0.26,0.54,51.6,53.6,53.94,50.82,0.995,0.996,0.996,0.995,/tmpdir/crf_16.mpd,/videos/BigBuckBunny-2160.avi
3059,0.99396,3.58404,0.99863,50.57385,0.9997,0.90753,0.99224,0.99634,0.99788,100.0,0.48,0.32,0.28,0.57,51.32,53.09,53.63,50.57,0.995,0.996,0.996,0.995,/tmpdir/crf_16.mpd,/videos/BigBuckBunny-2160.avi
3060,0.99524,3.58404,0.99874,51.04502,0.99973,0.91167,0.99348,0.99701,0.99832,100.0,0.43,0.29,0.26,0.51,51.78,53.58,53.94,51.05,0.995,0.996,0.996,0.995,/tmpdir/crf_16.mpd,/videos/BigBuckBunny-2160.avi
3061,0.99409,2.75418,0.99859,50.57289,0.99969,0.90714,0.99229,0.9963,0.99781,100.0,0.47,0.29,0.26,0.57,51.39,53.54,53.9,50.57,0.995,0.996,0.996,0.995,/tmpdir/crf_16.mpd,/videos/BigBuckBunny-2160.avi
3062,0.9945,2.5704,0.99862,50.6015,0.9997,0.9068,0.99273,0.99647,0.99786,100.0,0.47,0.28,0.26,0.57,51.43,53.65,53.97,50.6,0.995,0.996,0.996,0.995,/tmpdir/crf_16.mpd,/videos/BigBuckBunny-2160.avi
3063,0.99319,2.38132,0.99853,50.26289,0.99968,0.90194,0.99246,0.99641,0.99786,100.0,0.5,0.29,0.26,0.61,51.14,53.54,53.9,50.26,0.995,0.996,0.996,0.994,/tmpdir/crf_16.mpd,/videos/BigBuckBunny-2160.avi
3064,0.99475,1.88413,0.9987,50.76369,0.99973,0.90668,0.99409,0.99733,0.99853,100.0,0.46,0.29,0.27,0.55,51.53,53.48,53.85,50.76,0.995,0.996,0.996,0.995,/tmpdir/crf_16.mpd,/videos/BigBuckBunny-2160.avi
3065,0.99402,1.88413,0.99854,50.3504,0.99969,0.90213,0.9927,0.99658,0.99801,100.0,0.49,0.29,0.27,0.6,51.19,53.45,53.78,50.35,0.995,0.996,0.996,0.994,/tmpdir/crf_16.mpd,/videos/BigBuckBunny-2160.avi
3066,0.99385,2.24955,0.99856,50.38124,0.9997,0.90181,0.99281,0.9966,0.99799,100.0,0.49,0.29,0.27,0.6,51.22,53.45,53.8,50.38,0.995,0.996,0.996,0.994,/tmpdir/crf_16.mpd,/videos/BigBuckBunny-2160.avi
3067,0.99316,1.54689,0.99852,50.27763,0.99968,0.90037,0.99233,0.99633,0.99781,99.76511,0.5,0.28,0.27,0.61,51.15,53.58,53.88,50.28,0.995,0.996,0.996,0.994,/tmpdir/crf_16.mpd,/videos/BigBuckBunny-2160.avi
3068,0.99367,1.54689,0.99852,50.23341,0.9997,0.89884,0.99267,0.99656,0.99797,99.86782,0.5,0.28,0.26,0.62,51.13,53.63,53.92,50.23,0.995,0.996,0.996,0.994,/tmpdir/crf_16.mpd,/videos/BigBuckBunny-2160.avi
3069,0.99358,3.27217,0.99847,50.03749,0.99968,0.89777,0.99211,0.9963,0.99784,100.0,0.53,0.3,0.28,0.64,50.91,53.32,53.64,50.04,0.995,0.996,0.996,0.994,/tmpdir/crf_16.mpd,/videos/BigBuckBunny-2160.avi
3070,0.99667,1.04574,0.99918,52.54438,0.99986,0.93978,0.99785,0.99906,0.99946,100.0,0.3,0.17,0.18,0.36,53.37,55.85,55.6,52.54,0.996,0.998,0.997,0.996,/tmpdir/crf_16.mpd,/videos/BigBuckBunny-2160.avi
3071,0.99485,0.81542,0.99857,50.84832,0.99968,0.92841,0.99552,0.99777,0.99868,99.90354,0.43,0.21,0.21,0.53,51.84,54.95,55.0,50.85,0.995,0.997,0.997,0.994,/tmpdir/crf_16.mpd,/videos/BigBuckBunny-2160.avi
3072,0.99432,0.81542,0.99855,50.74896,0.99971,0.92403,0.99555,0.9978,0.99871,99.7963,0.44,0.22,0.21,0.55,51.74,54.75,54.94,50.75,0.995,0.997,0.997,0.994,/tmpdir/crf_16.mpd,/videos/BigBuckBunny-2160.avi
3073,0.99443,0.76369,0.99848,50.61161,0.99969,0.92057,0.99519,0.99761,0.99851,99.76183,0.45,0.23,0.22,0.56,51.59,54.47,54.8,50.61,0.995,0.997,0.997,0.994,/tmpdir/crf_16.mpd,/videos/BigBuckBunny-2160.avi
3074,0.995,0.76369,0.99875,51.12389,0.99977,0.92052,0.99599,0.99815,0.99896,99.90761,0.41,0.23,0.21,0.5,52.03,54.6,54.86,51.12,0.995,0.997,0.997,0.995,/tmpdir/crf_16.mpd,/videos/BigBuckBunny-2160.avi
3075,0.99455,0.86762,0.99863,51.00441,0.99969,0.92484,0.99506,0.99758,0.9985,99.84398,0.42,0.24,0.22,0.52,51.9,54.37,54.75,51.0,0.995,0.997,0.997,0.995,/tmpdir/crf_16.mpd,/videos/BigBuckBunny-2160.avi
3076,0.9945,0.86762,0.99877,51.28713,0.99973,0.92903,0.99524,0.99758,0.99849,99.8495,0.4,0.24,0.22,0.48,52.14,54.42,54.8,51.29,0.996,0.997,0.997,0.995,/tmpdir/crf_16.mpd,/videos/BigBuckBunny-2160.avi
3077,0.99451,0.94489,0.99869,51.17175,0.9997,0.92925,0.99499,0.99744,0.99839,99.87829,0.41,0.24,0.22,0.5,52.04,54.41,54.79,51.17,0.996,0.997,0.997,0.995,/tmpdir/crf_16.mpd,/videos/BigBuckBunny-2160.avi
3078,0.99529,0.94489,0.9989,51.65263,0.99978,0.93285,0.99621,0.99823,0.99897,100.0,0.37,0.22,0.21,0.44,52.47,54.66,54.92,51.65,0.996,0.997,0.997,0.995,/tmpdir/crf_16.mpd,/videos/BigBuckBunny-2160.avi
3079,0.99462,0.88872,0.99866,51.07926,0.99969,0.92995,0.99508,0.99753,0.99844,99.87859,0.41,0.24,0.22,0.51,51.96,54.3,54.77,51.08,0.995,0.997,0.997,0.995,/tmpdir/crf_16.mpd,/videos/BigBuckBunny-2160.avi
3080,0.99443,0.88872,0.9987,51.16633,0.99972,0.93057,0.99537,0.99769,0.99857,99.86117,0.41,0.24,0.21,0.5,52.04,54.37,54.84,51.17,0.995,0.997,0.997,0.995,/tmpdir/crf_16.mpd,/videos/BigBuckBunny-2160.avi
3081,0.99443,0.9236,0.9986,50.93226,0.99968,0.92805,0.99503,0.9975,0.99844,99.85487,0.43,0.24,0.22,0.52,51.84,54.32,54.79,50.93,0.995,0.997,0.997,0.994,/tmpdir/crf_16.mpd,/videos/BigBuckBunny-2160.avi
3082,0.9951,0.9236,0.99879,51.38023,0.99977,0.92993,0.99629,0.99836,0.9991,100.0,0.39,0.23,0.21,0.47,52.24,54.6,54.92,51.38,0.996,0.997,0.997,0.995,/tmpdir/crf_16.mpd,/videos/BigBuckBunny-2160.avi
3083,0.99426,0.98778,0.99849,50.65784,0.99967,0.92445,0.99492,0.99747,0.99843,99.84,0.45,0.25,0.22,0.56,51.6,54.24,54.73,50.66,0.995,0.997,0.997,0.994,/tmpdir/crf_16.mpd,/videos/BigBuckBunny-2160.avi
3084,0.99416,0.98778,0.9986,50.83375,0.99971,0.92521,0.9952,0.99763,0.99859,99.84123,0.43,0.24,0.22,0.54,51.75,54.32,54.75,50.83,0.995,0.997,0.997,0.994,/tmpdir/crf_16.mpd,/videos/BigBuckBunny-2160.avi
3085,0.99426,0.99273,0.99852,50.69174,0.99968,0.92358,0.99492,0.99756,0.99857,99.85116,0.45,0.25,0.22,0.55,51.62,54.19,54.71,50.69,0.995,0.997,0.997,0.994,/tmpdir/crf_16.mpd,/videos/BigBuckBunny-2160.avi
3086,0.99484,0.99273,0.99875,51.17199,0.99977,0.92487,0.99588,0.99816,0.99899,100.0,0.41,0.24,0.21,0.5,52.05,54.41,54.83,51.17,0.995,0.997,0.997,0.995,/tmpdir/crf_16.mpd,/videos/BigBuckBunny-2160.avi
3087,0.99428,0.9963,0.99849,50.61995,0.99966,0.92161,0.99484,0.99754,0.99857,99.84967,0.46,0.25,0.22,0.56,51.55,54.1,54.66,50.62,0.995,0.997,0.997,0.994,/tmpdir/crf_16.mpd,/videos/BigBuckBunny-2160.avi
3088,0.99436,0.9963,0.99858,50.7438,0.99971,0.92224,0.99519,0.9977,0.99865,99.87591,0.44,0.25,0.22,0.55,51.66,54.13,54.68,50.74,0.995,0.997,0.997,0.994,/tmpdir/crf_16.mpd,/videos/BigBuckBunny-2160.avi
3089,0.99414,0.67204,0.99841,50.2288,0.99968,0.91275,0.99472,0.99759,0.99858,99.64441,0.49,0.25,0.23,0.62,51.22,54.08,54.6,50.23,0.995,0.997,0.997,0.993,/tmpdir/crf_16.mpd,/videos/BigBuckBunny-2160.avi
3090,0.99477,0.63326,0.99877,50.85746,0.9998,0.91591,0.99621,0.99826,0.99898,99.79411,0.43,0.24,0.22,0.53,51.77,54.31,54.73,50.86,0.995,0.997,0.997,0.994,/tmpdir/crf_16.mpd,/videos/BigBuckBunny-2160.avi
3091,0.99421,0.51889,0.99834,49.96295,0.99967,0.9018,0.99486,0.99767,0.99869,99.55825,0.52,0.25,0.23,0.66,51.0,54.09,54.6,49.96,0.994,0.997,0.997,0.993,/tmpdir/crf_16.mpd,/videos/BigBuckBunny-2160.avi
3092,0.99412,0.51889,0.99844,50.11607,0.99972,0.9046,0.9953,0.99781,0.99873,99.55893,0.5,0.25,0.22,0.63,51.13,54.12,54.63,50.12,0.994,0.997,0.997,0.993,/tmpdir/crf_16.mpd,/videos/BigBuckBunny-2160.avi
3093,0.99392,0.66492,0.99833,49.95451,0.99967,0.90361,0.99482,0.99759,0.99862,99.57526,0.52,0.25,0.22,0.66,50.99,54.08,54.61,49.95,0.994,0.997,0.997,0.993,/tmpdir/crf_16.mpd,/videos/BigBuckBunny-2160.avi
3094,0.99461,0.66696,0.99857,50.42146,0.99976,0.91082,0.99622,0.99834,0.99906,99.77148,0.47,0.24,0.22,0.59,51.4,54.25,54.71,50.42,0.994,0.997,0.997,0.993,/tmpdir/crf_16.mpd,/videos/BigBuckBunny-2160.avi
3095,0.99397,1.13031,0.99832,49.95693,0.99965,0.906,0.99431,0.9973,0.9984,99.78956,0.52,0.26,0.24,0.66,50.96,53.91,54.4,49.96,0.994,0.997,0.997,0.993,/tmpdir/crf_16.mpd,/videos/BigBuckBunny-2160.avi
3096,0.99344,1.27608,0.99842,50.07427,0.99969,0.90799,0.99462,0.99745,0.99856,99.78706,0.51,0.26,0.24,0.64,51.06,53.95,54.34,50.07,0.994,0.997,0.997,0.993,/tmpdir/crf_16.mpd,/videos/BigBuckBunny-2160.avi
3097,0.99216,1.86277,0.99826,49.70104,0.99964,0.90204,0.99348,0.99689,0.99815,99.78765,0.55,0.27,0.25,0.7,50.71,53.74,54.07,49.7,0.994,0.997,0.996,0.993,/tmpdir/crf_16.mpd,/videos/BigBuckBunny-2160.avi
3098,0.99379,1.86277,0.99849,50.14144,0.99977,0.90788,0.99533,0.9979,0.9988,100.0,0.5,0.26,0.25,0.63,51.1,53.95,54.21,50.14,0.994,0.997,0.996,0.993,/tmpdir/crf_16.mpd,/videos/BigBuckBunny-2160.avi
3099,0.99307,1.30834,0.99825,49.66987,0.99965,0.90334,0.99357,0.99692,0.99817,99.68155,0.56,0.27,0.26,0.7,50.68,53.74,54.03,49.67,0.994,0.997,0.996,0.993,/tmpdir/crf_16.mpd,/videos/BigBuckBunny-2160.avi
3100,0.99275,0.95727,0.99835,49.86455,0.99967,0.90478,0.99426,0.99728,0.99843,99.48897,0.53,0.27,0.25,0.67,50.86,53.88,54.16,49.86,0.994,0.997,0.996,0.993,/tmpdir/crf_16.mpd,/videos/BigBuckBunny-2160.avi
3101,0.99277,0.67463,0.99841,49.8887,0.99972,0.90389,0.99493,0.99762,0.99861,99.37732,0.53,0.26,0.25,0.67,50.89,54.0,54.19,49.89,0.994,0.997,0.996,0.993,/tmpdir/crf_16.mpd,/videos/BigBuckBunny-2160.avi
3102,0.9945,0.67463,0.99875,50.5578,0.99982,0.91072,0.99638,0.99841,0.99913,99.76278,0.46,0.25,0.24,0.57,51.48,54.19,54.34,50.56,0.995,0.997,0.997,0.994,/tmpdir/crf_16.mpd,/videos/BigBuckBunny-2160.avi
3103,0.99286,0.75687,0.99843,49.9307,0.99969,0.90255,0.99469,0.99749,0.99852,99.41743,0.53,0.26,0.25,0.66,50.93,53.96,54.18,49.93,0.994,0.997,0.996,0.993,/tmpdir/crf_16.mpd,/videos/BigBuckBunny-2160.avi
3104,0.99323,0.75687,0.99849,50.00911,0.99972,0.90376,0.99504,0.99769,0.99867,99.50114,0.52,0.26,0.25,0.65,51.0,54.01,54.21,50.01,0.994,0.997,0.996,0.993,/tmpdir/crf_16.mpd,/videos/BigBuckBunny-2160.avi
3105,0.99351,0.62313,0.99848,50.02686,0.99971,0.90379,0.99497,0.99766,0.99863,99.48462,0.51,0.26,0.25,0.65,51.01,54.0,54.23,50.03,0.994,0.997,0.996,0.993,/tmpdir/crf_16.mpd,/videos/BigBuckBunny-2160.avi
3106,0.99481,0.62213,0.9987,50.49288,0.99981,0.9105,0.99648,0.99846,0.99915,99.79449,0.47,0.25,0.24,0.58,51.43,54.21,54.36,50.49,0.995,0.997,0.997,0.993,/tmpdir/crf_16.mpd,/videos/BigBuckBunny-2160.avi
3107,0.9921,0.49443,0.99851,49.99478,0.99973,0.90352,0.99502,0.99766,0.99861,99.17236,0.52,0.26,0.24,0.65,50.99,54.03,54.24,49.99,0.994,0.997,0.996,0.993,/tmpdir/crf_16.mpd,/videos/BigBuckBunny-2160.avi
3108,0.99233,0.49443,0.99856,50.09517,0.99976,0.90475,0.99524,0.99774,0.99865,99.22399,0.51,0.25,0.24,0.64,51.08,54.07,54.26,50.1,0.994,0.997,0.996,0.993,/tmpdir/crf_16.mpd,/videos/BigBuckBunny-2160.avi
3109,0.99329,0.3761,0.99855,50.12085,0.99974,0.90509,0.99534,0.99781,0.99869,99.34385,0.5,0.25,0.24,0.63,51.1,54.09,54.26,50.12,0.994,0.997,0.996,0.993,/tmpdir/crf_16.mpd,/videos/BigBuckBunny-2160.avi
3110,0.99393,0.3761,0.99873,50.44876,0.99982,0.90972,0.9963,0.99833,0.99903,99.51077,0.47,0.25,0.24,0.59,51.39,54.22,54.35,50.45,0.995,0.997,0.997,0.994,/tmpdir/crf_16.mpd,/videos/BigBuckBunny-2160.avi
3111,0.99335,0.31824,0.99858,50.17747,0.99975,0.90556,0.99535,0.99776,0.99866,99.32541,0.5,0.25,0.24,0.62,51.15,54.1,54.26,50.18,0.994,0.997,0.996,0.993,/tmpdir/crf_16.mpd,/videos/BigBuckBunny-2160.avi
3112,0.99326,0.31824,0.99862,50.22948,0.99977,0.90621,0.99532,0.9977,0.9986,99.30639,0.49,0.25,0.24,0.62,51.19,54.1,54.28,50.23,0.994,0.997,0.996,0.993,/tmpdir/crf_16.mpd,/videos/BigBuckBunny-2160.avi
3113,0.99347,0.27766,0.99858,50.17666,0.99974,0.90626,0.99543,0.99781,0.99867,99.33241,0.5,0.25,0.24,0.62,51.15,54.11,54.27,50.18,0.994,0.997,0.996,0.993,/tmpdir/crf_16.mpd,/videos/BigBuckBunny-2160.avi
3114,0.99428,0.27766,0.99872,50.46632,0.99982,0.9108,0.99607,0.99816,0.99891,99.51722,0.47,0.25,0.24,0.58,51.41,54.2,54.35,50.47,0.995,0.997,0.997,0.994,/tmpdir/crf_16.mpd,/videos/BigBuckBunny-2160.avi
3115,0.99299,0.58607,0.99857,50.11711,0.99975,0.90625,0.99482,0.9975,0.99853,99.37226,0.51,0.26,0.25,0.63,51.08,53.97,54.14,50.12,0.994,0.997,0.996,0.993,/tmpdir/crf_16.mpd,/videos/BigBuckBunny-2160.avi
3116,0.99338,0.75273,0.99856,50.05618,0.99975,0.90508,0.99473,0.99745,0.99846,99.51111,0.51,0.26,0.25,0.64,51.02,53.92,54.09,50.06,0.994,0.997,0.996,0.993,/tmpdir/crf_16.mpd,/videos/BigBuckBunny-2160.avi
3117,0.99277,1.09885,0.99847,49.95205,0.99972,0.90255,0.99435,0.99733,0.99844,99.5539,0.53,0.27,0.26,0.66,50.93,53.88,54.03,49.95,0.994,0.997,0.996,0.993,/tmpdir/crf_16.mpd,/videos/BigBuckBunny-2160.avi
3118,0.99355,1.09885,0.99858,50.22864,0.99979,0.90529,0.99513,0.9978,0.9988,99.73905,0.5,0.26,0.25,0.62,51.18,54.03,54.15,50.23,0.994,0.997,0.996,0.993,/tmpdir/crf_16.mpd,/videos/BigBuckBunny-2160.avi
3119,0.99256,1.81415,0.99847,50.0469,0.99973,0.90265,0.99424,0.9972,0.99837,99.86032,0.51,0.26,0.25,0.64,51.02,53.97,54.09,50.05,0.994,0.997,0.996,0.993,/tmpdir/crf_16.mpd,/videos/BigBuckBunny-2160.avi
3120,0.99187,1.81415,0.9982,49.21941,0.99971,0.87281,0.99371,0.997,0.99825,99.64223,0.61,0.27,0.26,0.78,50.31,53.88,54.05,49.22,0.993,0.997,0.996,0.991,/tmpdir/crf_16.mpd,/videos/BigBuckBunny-2160.avi
3121,0.99405,1.8271,0.99861,50.28486,0.99979,0.90651,0.99555,0.99796,0.99882,100.0,0.49,0.25,0.24,0.61,51.24,54.11,54.31,50.28,0.994,0.997,0.996,0.993,/tmpdir/crf_16.mpd,/videos/BigBuckBunny-2160.avi
3122,0.99248,1.8271,0.99845,49.80608,0.99972,0.89954,0.99407,0.99719,0.99837,99.8416,0.54,0.27,0.25,0.68,50.81,53.89,54.09,49.81,0.994,0.997,0.996,0.993,/tmpdir/crf_16.mpd,/videos/BigBuckBunny-2160.avi
3123,0.99367,1.37453,0.99847,49.80719,0.99974,0.89877,0.99431,0.99728,0.99838,99.83124,0.54,0.26,0.25,0.68,50.82,53.95,54.15,49.81,0.994,0.997,0.996,0.993,/tmpdir/crf_16.mpd,/videos/BigBuckBunny-2160.avi
3124,0.99314,1.17897,0.99834,49.58966,0.99968,0.89586,0.99393,0.99711,0.99828,99.62183,0.56,0.27,0.25,0.71,50.62,53.84,54.11,49.59,0.994,0.997,0.996,0.992,/tmpdir/crf_16.mpd,/videos/BigBuckBunny-2160.avi
3125,0.99506,0.90329,0.99847,49.98158,0.99976,0.9064,0.99596,0.99821,0.99899,99.94113,0.52,0.26,0.24,0.65,50.98,54.03,54.25,49.98,0.994,0.997,0.996,0.993,/tmpdir/crf_16.mpd,/videos/BigBuckBunny-2160.avi
3126,0.9937,0.87275,0.9983,49.55505,0.99968,0.89896,0.99443,0.99744,0.9985,99.60774,0.57,0.27,0.25,0.72,50.59,53.78,54.08,49.56,0.994,0.997,0.996,0.992,/tmpdir/crf_16.mpd,/videos/BigBuckBunny-2160.avi
3127,0.99359,0.74538,0.99839,49.70111,0.99972,0.90179,0.99486,0.99763,0.99861,99.54914,0.55,0.27,0.25,0.7,50.71,53.8,54.07,49.7,0.994,0.997,0.996,0.993,/tmpdir/crf_16.mpd,/videos/BigBuckBunny-2160.avi
3128,0.99335,0.74538,0.99831,49.55324,0.99969,0.90003,0.99448,0.99748,0.99853,99.49096,0.57,0.27,0.26,0.72,50.58,53.76,54.04,49.55,0.994,0.997,0.996,0.992,/tmpdir/crf_16.mpd,/videos/BigBuckBunny-2160.avi
3129,0.99424,0.74914,0.99863,50.25003,0.9998,0.90844,0.99577,0.99821,0.99905,99.73294,0.49,0.26,0.24,0.61,51.2,53.99,54.25,50.25,0.994,0.997,0.996,0.993,/tmpdir/crf_16.mpd,/videos/BigBuckBunny-2160.avi
3130,0.99367,0.74914,0.9984,49.8712,0.99972,0.90637,0.99476,0.99768,0.9987,99.58693,0.53,0.26,0.25,0.67,50.87,53.91,54.19,49.87,0.994,0.997,0.996,0.993,/tmpdir/crf_16.mpd,/videos/BigBuckBunny-2160.avi
3131,0.9936,0.77856,0.99841,49.9101,0.99971,0.90894,0.99454,0.9975,0.99855,99.58093,0.53,0.27,0.25,0.66,50.9,53.85,54.18,49.91,0.994,0.997,0.996,0.993,/tmpdir/crf_16.mpd,/videos/BigBuckBunny-2160.avi
3132,0.99421,0.77856,0.99866,50.40637,0.9998,0.91369,0.99581,0.99819,0.99902,99.75596,0.48,0.26,0.24,0.59,51.34,54.02,54.31,50.41,0.995,0.997,0.997,0.994,/tmpdir/crf_16.mpd,/videos/BigBuckBunny-2160.avi
3133,0.99633,0.73013,0.99922,52.18686,0.99991,0.93618,0.99766,0.99899,0.99945,100.0,0.33,0.2,0.2,0.39,52.96,55.13,55.11,52.19,0.996,0.997,0.997,0.996,/tmpdir/crf_16.mpd,/videos/BigBuckBunny-2160.avi
3134,0.99541,0.73013,0.99856,50.52817,0.99972,0.91905,0.9958,0.99809,0.99885,99.9508,0.46,0.23,0.22,0.58,51.51,54.55,54.66,50.53,0.995,0.997,0.997,0.994,/tmpdir/crf_16.mpd,/videos/BigBuckBunny-2160.avi
3135,0.99505,0.75269,0.99848,50.18004,0.99975,0.91099,0.99539,0.99783,0.99871,99.85367,0.49,0.24,0.23,0.62,51.2,54.42,54.55,50.18,0.994,0.997,0.997,0.993,/tmpdir/crf_16.mpd,/videos/BigBuckBunny-2160.avi
3136,0.99358,0.75269,0.99834,49.80355,0.99968,0.90525,0.99447,0.9974,0.99844,99.54316,0.53,0.24,0.23,0.68,50.86,54.26,54.43,49.8,0.994,0.997,0.997,0.993,/tmpdir/crf_16.mpd,/videos/BigBuckBunny-2160.avi
3137,0.99402,1.16251,0.99867,50.20004,0.99982,0.9084,0.9956,0.99809,0.99894,99.88065,0.49,0.24,0.24,0.62,51.19,54.26,54.39,50.2,0.995,0.997,0.997,0.993,/tmpdir/crf_16.mpd,/videos/BigBuckBunny-2160.avi
3138,0.99211,1.19558,0.99825,49.53646,0.9997,0.89849,0.99381,0.99714,0.99833,99.45931,0.57,0.26,0.25,0.72,50.59,54.0,54.15,49.54,0.994,0.997,0.996,0.992,/tmpdir/crf_16.mpd,/videos/BigBuckBunny-2160.avi
3139,0.99274,1.60879,0.99837,49.65819,0.99972,0.89867,0.99405,0.99723,0.99836,99.77787,0.55,0.26,0.25,0.7,50.69,53.95,54.13,49.66,0.994,0.997,0.996,0.993,/tmpdir/crf_16.mpd,/videos/BigBuckBunny-2160.avi
3140,0.99213,1.60879,0.99824,49.47688,0.99967,0.89534,0.99342,0.99695,0.99819,99.64139,0.58,0.27,0.25,0.73,50.53,53.87,54.07,49.48,0.994,0.997,0.996,0.992,/tmpdir/crf_16.mpd,/videos/BigBuckBunny-2160.avi
3141,0.9932,1.30369,0.99862,50.15922,0.99982,0.90422,0.99529,0.99785,0.99876,99.77029,0.5,0.25,0.24,0.63,51.13,54.07,54.25,50.16,0.994,0.997,0.996,0.993,/tmpdir/crf_16.mpd,/videos/BigBuckBunny-2160.avi
3142,0.99152,1.30369,0.99823,49.44618,0.99968,0.89247,0.99329,0.99684,0.9981,99.36497,0.58,0.27,0.26,0.74,50.49,53.82,54.02,49.45,0.994,0.997,0.996,0.992,/tmpdir/crf_16.mpd,/videos/BigBuckBunny-2160.avi
3143,0.9917,1.09067,0.99837,49.50869,0.99975,0.89233,0.99389,0.9971,0.99825,99.31118,0.57,0.28,0.26,0.73,50.54,53.71,54.0,49.51,0.994,0.997,0.996,0.992,/tmpdir/crf_16.mpd,/videos/BigBuckBunny-2160.avi
3144,0.99184,1.09067,0.9983,49.36711,0.99971,0.89038,0.99327,0.99681,0.99812,99.31399,0.59,0.28,0.26,0.75,50.41,53.63,53.94,49.37,0.994,0.997,0.996,0.992,/tmpdir/crf_16.mpd,/videos/BigBuckBunny-2160.avi
3145,0.99375,0.60087,0.9986,49.94852,0.99982,0.8998,0.99542,0.99792,0.99879,99.52328,0.53,0.27,0.25,0.66,50.93,53.82,54.14,49.95,0.994,0.997,0.996,0.993,/tmpdir/crf_16.mpd,/videos/BigBuckBunny-2160.avi
3146,0.99198,0.54899,0.99833,49.43563,0.99971,0.89125,0.99387,0.99712,0.99826,99.10023,0.58,0.28,0.26,0.74,50.47,53.65,54.01,49.44,0.994,0.997,0.996,0.992,/tmpdir/crf_16.mpd,/videos/BigBuckBunny-2160.avi
3147,0.9913,0.33026,0.99834,49.35495,0.99974,0.88905,0.99408,0.99724,0.99836,98.88121,0.59,0.29,0.26,0.75,50.39,53.58,53.97,49.35,0.994,0.997,0.996,0.992,/tmpdir/crf_16.mpd,/videos/BigBuckBunny-2160.avi
3148,0.99103,0.33026,0.99828,49.24694,0.99971,0.8872,0.99373,0.99707,0.99826,98.81617,0.61,0.29,0.26,0.77,50.3,53.53,53.95,49.25,0.993,0.996,0.996,0.992,/tmpdir/crf_16.mpd,/videos/BigBuckBunny-2160.avi
3149,0.99111,0.20257,0.99834,49.31297,0.99977,0.88812,0.99416,0.99727,0.99837,98.78628,0.6,0.29,0.26,0.76,50.35,53.52,53.97,49.31,0.993,0.996,0.996,0.992,/tmpdir/crf_16.mpd,/videos/BigBuckBunny-2160.avi
3150,0.99078,0.19537,0.99823,49.12337,0.99971,0.88471,0.99337,0.99685,0.9981,98.68311,0.62,0.29,0.26,0.8,50.19,53.48,53.93,49.12,0.993,0.996,0.996,0.992,/tmpdir/crf_16.mpd,/videos/BigBuckBunny-2160.avi
3151,0.98999,0.19537,0.99809,48.75214,0.99971,0.87602,0.99283,0.99654,0.99786,98.49291,0.67,0.3,0.27,0.87,49.86,53.41,53.89,48.75,0.993,0.996,0.996,0.991,/tmpdir/crf_16.mpd,/videos/BigBuckBunny-2160.avi
3152,0.99689,2.36256,0.99909,52.04173,0.99976,0.92848,0.99716,0.99881,0.99938,100.0,0.35,0.25,0.23,0.41,52.69,54.18,54.6,52.04,0.996,0.997,0.997,0.996,/tmpdir/crf_16.mpd,/videos/BigBuckBunny-2160.avi
3153,0.99506,1.21419,0.99875,50.52319,0.99968,0.91189,0.9941,0.9973,0.99851,100.0,0.49,0.33,0.28,0.58,51.26,52.95,53.59,50.52,0.995,0.996,0.996,0.995,/tmpdir/crf_16.mpd,/videos/BigBuckBunny-2160.avi
3154,0.99627,1.21419,0.99874,50.55755,0.9997,0.91072,0.99455,0.99752,0.99862,100.0,0.48,0.31,0.27,0.57,51.33,53.2,53.81,50.56,0.995,0.996,0.996,0.995,/tmpdir/crf_16.mpd,/videos/BigBuckBunny-2160.avi
3155,0.99407,1.08812,0.99863,50.28948,0.99965,0.90504,0.9926,0.99653,0.99807,99.74046,0.5,0.33,0.27,0.61,51.1,53.0,53.8,50.29,0.995,0.996,0.996,0.995,/tmpdir/crf_16.mpd,/videos/BigBuckBunny-2160.avi
3156,0.99428,1.08812,0.99862,50.22379,0.99965,0.90385,0.99257,0.9965,0.99802,99.76989,0.51,0.33,0.28,0.62,51.04,53.01,53.73,50.22,0.995,0.996,0.996,0.995,/tmpdir/crf_16.mpd,/videos/BigBuckBunny-2160.avi
3157,0.99354,1.30239,0.99853,49.94788,0.99964,0.89837,0.99208,0.99629,0.99787,99.70983,0.54,0.35,0.29,0.66,50.77,52.74,53.54,49.95,0.995,0.996,0.996,0.994,/tmpdir/crf_16.mpd,/videos/BigBuckBunny-2160.avi
3158,0.99474,1.84423,0.99859,50.02203,0.99969,0.89899,0.99392,0.99736,0.99859,100.0,0.54,0.37,0.31,0.65,50.77,52.46,53.25,50.02,0.995,0.996,0.996,0.994,/tmpdir/crf_16.mpd,/videos/BigBuckBunny-2160.avi
3159,0.99335,1.84423,0.99845,49.61269,0.99964,0.89282,0.99158,0.99615,0.99788,99.92362,0.59,0.39,0.32,0.71,50.4,52.2,53.04,49.61,0.995,0.995,0.996,0.994,/tmpdir/crf_16.mpd,/videos/BigBuckBunny-2160.avi
3160,0.99375,1.85543,0.99848,49.76698,0.99965,0.89363,0.99184,0.99619,0.99781,100.0,0.57,0.37,0.3,0.69,50.57,52.45,53.3,49.77,0.995,0.996,0.996,0.994,/tmpdir/crf_16.mpd,/videos/BigBuckBunny-2160.avi
3161,0.99358,1.2698,0.99841,49.56043,0.99963,0.89013,0.99139,0.99602,0.99775,99.66094,0.6,0.38,0.31,0.72,50.38,52.35,53.15,49.56,0.994,0.995,0.996,0.994,/tmpdir/crf_16.mpd,/videos/BigBuckBunny-2160.avi
3162,0.99474,1.2698,0.99853,49.9374,0.99969,0.89483,0.99388,0.99742,0.99866,99.98002,0.55,0.36,0.3,0.66,50.74,52.62,53.38,49.94,0.994,0.995,0.996,0.994,/tmpdir/crf_16.mpd,/videos/BigBuckBunny-2160.avi
3163,0.99296,1.63588,0.9984,49.37783,0.99964,0.8881,0.99165,0.99624,0.99792,99.7433,0.63,0.42,0.35,0.75,50.15,51.89,52.74,49.38,0.994,0.995,0.995,0.994,/tmpdir/crf_16.mpd,/videos/BigBuckBunny-2160.avi
3164,0.99476,1.63588,0.99851,49.72761,0.99969,0.89186,0.99356,0.9973,0.99862,100.0,0.58,0.39,0.33,0.69,50.49,52.23,52.96,49.73,0.994,0.995,0.995,0.994,/tmpdir/crf_16.mpd,/videos/BigBuckBunny-2160.avi
3165,0.99304,1.50614,0.99836,49.41413,0.99963,0.88671,0.99092,0.99574,0.99756,99.65127,0.62,0.39,0.33,0.74,50.24,52.19,53.0,49.41,0.994,0.995,0.995,0.994,/tmpdir/crf_16.mpd,/videos/BigBuckBunny-2160.avi
3166,0.99369,1.50614,0.99841,49.52816,0.99965,0.88841,0.99177,0.99616,0.99782,99.80024,0.6,0.38,0.32,0.72,50.34,52.31,53.02,49.53,0.994,0.995,0.995,0.994,/tmpdir/crf_16.mpd,/videos/BigBuckBunny-2160.avi
3167,0.99331,1.59073,0.99832,49.3244,0.99962,0.8849,0.99097,0.99577,0.99757,99.73858,0.63,0.4,0.33,0.76,50.15,52.13,52.91,49.32,0.994,0.995,0.995,0.993,/tmpdir/crf_16.mpd,/videos/BigBuckBunny-2160.avi
3168,0.99407,2.25946,0.99846,49.55189,0.99969,0.88835,0.99331,0.99719,0.99853,100.0,0.61,0.41,0.35,0.72,50.3,51.96,52.74,49.55,0.994,0.995,0.995,0.994,/tmpdir/crf_16.mpd,/videos/BigBuckBunny-2160.avi
3169,0.99332,2.25946,0.99831,49.1884,0.99963,0.88362,0.99076,0.99578,0.99765,100.0,0.65,0.43,0.36,0.78,49.98,51.84,52.61,49.19,0.994,0.995,0.995,0.993,/tmpdir/crf_16.mpd,/videos/BigBuckBunny-2160.avi
3170,0.99344,2.73653,0.99836,49.32911,0.99965,0.88501,0.99153,0.99617,0.9979,100.0,0.63,0.41,0.34,0.76,50.14,52.03,52.85,49.33,0.994,0.995,0.995,0.993,/tmpdir/crf_16.mpd,/videos/BigBuckBunny-2160.avi
3171,0.99319,2.52196,0.99828,49.20026,0.99963,0.88279,0.99094,0.99594,0.99777,100.0,0.64,0.41,0.34,0.78,50.04,52.05,52.84,49.2,0.994,0.995,0.995,0.993,/tmpdir/crf_16.mpd,/videos/BigBuckBunny-2160.avi
3172,0.99445,2.52196,0.99847,49.74856,0.99969,0.88993,0.99343,0.99729,0.99864,100.0,0.57,0.37,0.32,0.69,50.54,52.4,53.12,49.75,0.994,0.995,0.995,0.994,/tmpdir/crf_16.mpd,/videos/BigBuckBunny-2160.avi
3173,0.99261,2.41962,0.99823,48.92844,0.99963,0.87885,0.99054,0.99579,0.99774,100.0,0.69,0.44,0.36,0.83,49.75,51.67,52.53,48.93,0.994,0.995,0.995,0.993,/tmpdir/crf_16.mpd,/videos/BigBuckBunny-2160.avi
3174,0.99384,2.41962,0.99837,49.32058,0.99965,0.88486,0.99162,0.99627,0.998,100.0,0.63,0.42,0.35,0.76,50.11,51.94,52.73,49.32,0.994,0.995,0.995,0.993,/tmpdir/crf_16.mpd,/videos/BigBuckBunny-2160.avi
3175,0.99344,2.62456,0.99829,49.28687,0.99963,0.88339,0.99072,0.99579,0.99764,100.0,0.63,0.4,0.33,0.77,50.11,52.07,52.88,49.29,0.994,0.995,0.995,0.993,/tmpdir/crf_16.mpd,/videos/BigBuckBunny-2160.avi
3176,0.99489,2.62456,0.99857,50.05546,0.99969,0.8952,0.99393,0.99744,0.99865,100.0,0.54,0.37,0.32,0.64,50.78,52.42,53.13,50.06,0.995,0.995,0.995,0.994,/tmpdir/crf_16.mpd,/videos/BigBuckBunny-2160.avi
3177,0.99357,2.29679,0.99834,49.4174,0.99964,0.88516,0.99156,0.99609,0.99774,100.0,0.61,0.39,0.33,0.74,50.25,52.26,53.0,49.42,0.994,0.995,0.995,0.993,/tmpdir/crf_16.mpd,/videos/BigBuckBunny-2160.avi
3178,0.99282,1.61214,0.99839,49.37089,0.99963,0.88662,0.99132,0.99598,0.99772,99.6826,0.63,0.42,0.35,0.75,50.14,51.88,52.73,49.37,0.994,0.995,0.995,0.994,/tmpdir/crf_16.mpd,/videos/BigBuckBunny-2160.avi
3179,0.9949,1.61214,0.99868,50.22257,0.99971,0.89896,0.99459,0.9977,0.99878,100.0,0.53,0.38,0.33,0.62,50.89,52.3,53.01,50.22,0.995,0.995,0.995,0.994,/tmpdir/crf_16.mpd,/videos/BigBuckBunny-2160.avi
3180,0.99272,1.4847,0.99847,49.67889,0.99963,0.89166,0.99166,0.99601,0.99765,99.61161,0.59,0.39,0.32,0.7,50.45,52.22,53.03,49.68,0.994,0.995,0.995,0.994,/tmpdir/crf_16.mpd,/videos/BigBuckBunny-2160.avi
3181,0.9934,0.83258,0.99849,49.76618,0.99964,0.89231,0.99214,0.99628,0.99788,99.4407,0.57,0.38,0.32,0.69,50.55,52.38,53.11,49.77,0.994,0.995,0.995,0.994,/tmpdir/crf_16.mpd,/videos/BigBuckBunny-2160.avi
3182,0.99316,0.83258,0.99847,49.70412,0.99963,0.89168,0.99182,0.99609,0.99772,99.37973,0.58,0.38,0.32,0.7,50.49,52.32,53.1,49.7,0.994,0.995,0.995,0.994,/tmpdir/crf_16.mpd,/videos/BigBuckBunny-2160.avi
3183,0.99484,0.97481,0.99867,50.18922,0.9997,0.89875,0.99465,0.99768,0.99873,99.87922,0.54,0.39,0.33,0.62,50.85,52.21,52.94,50.19,0.995,0.995,0.995,0.994,/tmpdir/crf_16.mpd,/videos/BigBuckBunny-2160.avi
3184,0.99395,0.97481,0.99852,49.76507,0.99965,0.89358,0.99247,0.9965,0.99803,99.62542,0.58,0.39,0.33,0.69,50.51,52.19,52.9,49.77,0.994,0.995,0.995,0.994,/tmpdir/crf_16.mpd,/videos/BigBuckBunny-2160.avi
3185,0.99406,0.83416,0.99854,49.9303,0.99965,0.89536,0.99248,0.99641,0.99794,99.57596,0.56,0.38,0.32,0.66,50.67,52.34,53.09,49.93,0.995,0.995,0.995,0.994,/tmpdir/crf_16.mpd,/videos/BigBuckBunny-2160.avi
3186,0.9938,0.73133,0.99852,49.89066,0.99964,0.89472,0.99249,0.99645,0.99795,99.47967,0.56,0.38,0.32,0.67,50.64,52.31,53.09,49.89,0.995,0.995,0.995,0.994,/tmpdir/crf_16.mpd,/videos/BigBuckBunny-2160.avi
3187,0.99506,0.73133,0.99866,50.2891,0.9997,0.89948,0.99472,0.9977,0.99873,99.80535,0.52,0.37,0.31,0.61,50.98,52.49,53.17,50.29,0.995,0.995,0.995,0.994,/tmpdir/crf_16.mpd,/videos/BigBuckBunny-2160.avi
3188,0.99413,0.76064,0.99856,49.94559,0.99967,0.89471,0.99304,0.99673,0.99809,99.56893,0.56,0.38,0.33,0.66,50.68,52.33,53.01,49.95,0.995,0.995,0.995,0.994,/tmpdir/crf_16.mpd,/videos/BigBuckBunny-2160.avi
3189,0.99425,0.76064,0.99852,49.83062,0.99965,0.89407,0.99289,0.99673,0.99815,99.59287,0.57,0.39,0.33,0.68,50.57,52.26,52.98,49.83,0.994,0.995,0.995,0.994,/tmpdir/crf_16.mpd,/videos/BigBuckBunny-2160.avi
3190,0.99475,0.97981,0.99865,50.21228,0.9997,0.89899,0.99445,0.99756,0.99866,99.85923,0.53,0.38,0.32,0.62,50.89,52.34,53.07,50.21,0.995,0.995,0.995,0.994,/tmpdir/crf_16.mpd,/videos/BigBuckBunny-2160.avi
3191,0.99319,0.61647,0.99852,49.85586,0.99964,0.8947,0.99212,0.99618,0.99774,99.29556,0.57,0.38,0.32,0.67,50.6,52.3,53.04,49.86,0.995,0.995,0.995,0.994,/tmpdir/crf_16.mpd,/videos/BigBuckBunny-2160.avi
3192,0.99375,0.61647,0.99856,49.98287,0.99965,0.89668,0.99238,0.99621,0.99768,99.39792,0.55,0.37,0.32,0.65,50.72,52.41,53.12,49.98,0.995,0.995,0.995,0.994,/tmpdir/crf_16.mpd,/videos/BigBuckBunny-2160.avi
3193,0.99385,0.67156,0.99852,49.85304,0.99964,0.89432,0.99246,0.99637,0.99786,99.45067,0.57,0.39,0.33,0.67,50.59,52.21,52.99,49.85,0.995,0.995,0.995,0.994,/tmpdir/crf_16.mpd,/videos/BigBuckBunny-2160.avi
3194,0.99537,0.67156,0.99868,50.36586,0.99971,0.90072,0.99494,0.99779,0.99878,99.84237,0.51,0.37,0.31,0.6,51.04,52.49,53.16,50.37,0.995,0.995,0.995,0.994,/tmpdir/crf_16.mpd,/videos/BigBuckBunny-2160.avi
3195,0.99336,0.56048,0.99854,49.89216,0.99964,0.89511,0.99214,0.99612,0.99766,99.29388,0.56,0.38,0.32,0.67,50.64,52.32,53.04,49.89,0.995,0.995,0.995,0.994,/tmpdir/crf_16.mpd,/videos/BigBuckBunny-2160.avi
3196,0.9936,0.5403,0.99856,50.00927,0.99965,0.89644,0.99246,0.99622,0.99768,99.33616,0.55,0.37,0.32,0.65,50.75,52.45,53.14,50.01,0.995,0.995,0.995,0.994,/tmpdir/crf_16.mpd,/videos/BigBuckBunny-2160.avi
3197,0.99329,0.5403,0.99853,49.90426,0.99964,0.89446,0.99244,0.99624,0.99768,99.27482,0.56,0.38,0.32,0.66,50.66,52.37,53.14,49.9,0.995,0.995,0.995,0.994,/tmpdir/crf_16.mpd,/videos/BigBuckBunny-2160.avi
3198,0.99567,0.76087,0.99868,50.35606,0.99971,0.89993,0.99507,0.99788,0.99886,99.94364,0.51,0.36,0.31,0.6,51.04,52.51,53.2,50.36,0.995,0.995,0.995,0.994,/tmpdir/crf_16.mpd,/videos/BigBuckBunny-2160.avi
3199,0.99425,0.64012,0.99858,49.95921,0.99966,0.89562,0.99296,0.99679,0.99826,99.55043,0.55,0.38,0.32,0.66,50.69,52.34,53.05,49.96,0.995,0.995,0.995,0.994,/tmpdir/crf_16.mpd,/videos/BigBuckBunny-2160.avi
3200,0.99417,0.58212,0.99861,50.04229,0.99967,0.89684,0.99309,0.99668,0.99807,99.49613,0.54,0.37,0.32,0.64,50.77,52.4,53.11,50.04,0.995,0.995,0.995,0.994,/tmpdir/crf_16.mpd,/videos/BigBuckBunny-2160.avi
3201,0.99412,0.18327,0.99858,50.01967,0.99966,0.89547,0.99311,0.99674,0.99813,99.30326,0.55,0.37,0.31,0.65,50.77,52.47,53.18,50.02,0.995,0.995,0.995,0.994,/tmpdir/crf_16.mpd,/videos/BigBuckBunny-2160.avi
3202,0.99584,0.18327,0.9987,50.41373,0.99971,0.90042,0.99528,0.99798,0.99892,99.71161,0.5,0.35,0.31,0.59,51.11,52.65,53.28,50.41,0.995,0.995,0.995,0.994,/tmpdir/crf_16.mpd,/videos/BigBuckBunny-2160.avi
3203,0.99433,0.17317,0.99859,50.01199,0.99966,0.89561,0.9933,0.9969,0.99829,99.35186,0.55,0.37,0.31,0.65,50.76,52.51,53.16,50.01,0.995,0.995,0.995,0.994,/tmpdir/crf_16.mpd,/videos/BigBuckBunny-2160.avi
3204,0.99495,0.17317,0.9986,50.03195,0.99967,0.896,0.99351,0.99698,0.99829,99.46465,0.54,0.36,0.31,0.65,50.78,52.52,53.17,50.03,0.995,0.995,0.995,0.994,/tmpdir/crf_16.mpd,/videos/BigBuckBunny-2160.avi
3205,0.99408,0.16647,0.99857,49.95339,0.99967,0.89372,0.99317,0.99678,0.99817,99.286,0.55,0.37,0.32,0.66,50.71,52.46,53.14,49.95,0.995,0.995,0.995,0.994,/tmpdir/crf_16.mpd,/videos/BigBuckBunny-2160.avi
3206,0.99558,0.16647,0.99867,50.28622,0.99971,0.89811,0.99511,0.99785,0.99881,99.63992,0.52,0.36,0.31,0.61,51.0,52.62,53.24,50.29,0.995,0.995,0.995,0.994,/tmpdir/crf_16.mpd,/videos/BigBuckBunny-2160.avi
3207,0.99392,0.16372,0.99857,49.92552,0.99967,0.89357,0.99298,0.99666,0.99808,99.24672,0.55,0.37,0.31,0.66,50.69,52.5,53.16,49.93,0.995,0.995,0.995,0.994,/tmpdir/crf_16.mpd,/videos/BigBuckBunny-2160.avi
3208,0.99454,0.16372,0.99857,49.94501,0.99967,0.8944,0.99341,0.99696,0.99831,99.38267,0.55,0.37,0.32,0.66,50.71,52.5,53.14,49.95,0.995,0.995,0.995,0.994,/tmpdir/crf_16.mpd,/videos/BigBuckBunny-2160.avi
3209,0.99438,0.16997,0.99855,49.90056,0.99967,0.89347,0.99305,0.99679,0.99819,99.34297,0.56,0.37,0.32,0.67,50.67,52.46,53.13,49.9,0.994,0.995,0.995,0.994,/tmpdir/crf_16.mpd,/videos/BigBuckBunny-2160.avi
3210,0.99539,0.16997,0.99864,50.2137,0.9997,0.89805,0.99481,0.99772,0.99873,99.59782,0.52,0.36,0.31,0.62,50.94,52.63,53.2,50.21,0.995,0.995,0.995,0.994,/tmpdir/crf_16.mpd,/videos/BigBuckBunny-2160.avi
3211,0.99401,0.18552,0.99855,49.93356,0.99966,0.89537,0.99265,0.99649,0.99795,99.26479,0.55,0.37,0.32,0.66,50.69,52.48,53.09,49.93,0.995,0.995,0.995,0.994,/tmpdir/crf_16.mpd,/videos/BigBuckBunny-2160.avi
3212,0.99459,0.18552,0.99856,50.00186,0.99966,0.89685,0.99291,0.99663,0.99803,99.38199,0.55,0.37,0.32,0.65,50.75,52.48,53.09,50.0,0.995,0.995,0.995,0.994,/tmpdir/crf_16.mpd,/videos/BigBuckBunny-2160.avi
3213,0.99484,0.30093,0.99851,49.88148,0.99965,0.8944,0.99246,0.99644,0.99795,99.46092,0.56,0.37,0.32,0.67,50.64,52.4,53.05,49.88,0.994,0.995,0.995,0.994,/tmpdir/crf_16.mpd,/videos/BigBuckBunny-2160.avi
3214,0.99576,0.5263,0.99856,50.06805,0.99969,0.89702,0.9943,0.99749,0.9986,99.81047,0.54,0.36,0.31,0.64,50.82,52.6,53.16,50.07,0.994,0.995,0.995,0.994,/tmpdir/crf_16.mpd,/videos/BigBuckBunny-2160.avi
3215,0.99408,1.66446,0.99841,49.6249,0.99963,0.89026,0.99148,0.99598,0.99767,99.93806,0.59,0.38,0.33,0.71,50.42,52.37,53.01,49.62,0.994,0.995,0.995,0.994,/tmpdir/crf_16.mpd,/videos/BigBuckBunny-2160.avi
3216,0.99475,1.58406,0.99843,49.60248,0.99966,0.88851,0.99252,0.99663,0.99813,100.0,0.59,0.38,0.33,0.71,50.4,52.35,53.01,49.6,0.994,0.995,0.995,0.994,/tmpdir/crf_16.mpd,/videos/BigBuckBunny-2160.avi
3217,0.99387,1.58406,0.99832,49.41664,0.99963,0.88583,0.99142,0.99606,0.99778,99.8581,0.61,0.38,0.33,0.74,50.25,52.3,52.99,49.42,0.994,0.995,0.995,0.993,/tmpdir/crf_16.mpd,/videos/BigBuckBunny-2160.avi
3218,0.99622,1.72579,0.99864,50.3218,0.9997,0.89926,0.99478,0.99778,0.99879,100.0,0.51,0.35,0.31,0.6,51.03,52.63,53.24,50.32,0.995,0.995,0.995,0.994,/tmpdir/crf_16.mpd,/videos/BigBuckBunny-2160.avi
3219,0.99573,0.44685,0.99837,49.52383,0.99963,0.88863,0.9921,0.99637,0.99792,99.66605,0.6,0.37,0.32,0.73,50.36,52.48,53.11,49.52,0.994,0.995,0.995,0.994,/tmpdir/crf_16.mpd,/videos/BigBuckBunny-2160.avi
3220,0.99481,0.43756,0.99848,49.75626,0.99966,0.8916,0.99301,0.99681,0.9982,99.53818,0.57,0.36,0.31,0.69,50.56,52.53,53.18,49.76,0.994,0.995,0.995,0.994,/tmpdir/crf_16.mpd,/videos/BigBuckBunny-2160.avi
3221,0.99502,0.1958,0.99853,49.90593,0.99966,0.89301,0.99311,0.99683,0.99822,99.46966,0.55,0.36,0.31,0.66,50.69,52.55,53.24,49.91,0.994,0.995,0.995,0.994,/tmpdir/crf_16.mpd,/videos/BigBuckBunny-2160.avi
3222,0.99581,0.1958,0.99874,50.51558,0.99971,0.90173,0.99534,0.99797,0.9989,99.71611,0.49,0.35,0.3,0.58,51.19,52.68,53.32,50.52,0.995,0.995,0.996,0.995,/tmpdir/crf_16.mpd,/videos/BigBuckBunny-2160.avi
3223,0.99476,0.18901,0.99857,49.98957,0.99966,0.89515,0.99328,0.99687,0.99825,99.42948,0.55,0.36,0.31,0.65,50.76,52.56,53.25,49.99,0.995,0.995,0.996,0.994,/tmpdir/crf_16.mpd,/videos/BigBuckBunny-2160.avi
3224,0.99545,0.18901,0.99858,50.00921,0.99966,0.89575,0.99349,0.99696,0.99828,99.55794,0.54,0.36,0.31,0.65,50.78,52.58,53.24,50.01,0.995,0.995,0.996,0.994,/tmpdir/crf_16.mpd,/videos/BigBuckBunny-2160.avi
3225,0.99522,0.1523,0.99855,49.86248,0.99965,0.89217,0.99321,0.99679,0.99814,99.47494,0.56,0.36,0.31,0.67,50.65,52.52,53.23,49.86,0.994,0.995,0.995,0.994,/tmpdir/crf_16.mpd,/videos/BigBuckBunny-2160.avi
3226,0.99577,0.1523,0.99866,50.18563,0.99971,0.89549,0.99497,0.99781,0.99882,99.65869,0.53,0.35,0.31,0.62,50.92,52.63,53.26,50.19,0.995,0.995,0.995,0.994,/tmpdir/crf_16.mpd,/videos/BigBuckBunny-2160.avi
3227,0.99479,0.14798,0.99856,49.84553,0.99966,0.89117,0.99316,0.9968,0.99822,99.39975,0.56,0.37,0.31,0.67,50.63,52.5,53.2,49.85,0.994,0.995,0.995,0.994,/tmpdir/crf_16.mpd,/videos/BigBuckBunny-2160.avi
3228,0.99463,0.14798,0.99856,49.82047,0.99966,0.89095,0.99317,0.99677,0.99816,99.3652,0.56,0.37,0.31,0.68,50.61,52.51,53.19,49.82,0.994,0.995,0.995,0.994,/tmpdir/crf_16.mpd,/videos/BigBuckBunny-2160.avi
3229,0.99468,0.15302,0.99852,49.72314,0.99966,0.88888,0.99311,0.99682,0.99823,99.37634,0.58,0.37,0.31,0.69,50.53,52.45,53.17,49.72,0.994,0.995,0.995,0.994,/tmpdir/crf_16.mpd,/videos/BigBuckBunny-2160.avi
3230,0.9951,0.15302,0.99858,49.9208,0.99969,0.89135,0.99451,0.99758,0.99865,99.50866,0.55,0.36,0.31,0.66,50.7,52.57,53.22,49.92,0.994,0.995,0.995,0.994,/tmpdir/crf_16.mpd,/videos/BigBuckBunny-2160.avi
3231,0.99378,0.16666,0.9985,49.67824,0.99965,0.88863,0.99259,0.99641,0.99789,99.1883,0.58,0.37,0.32,0.7,50.49,52.44,53.14,49.68,0.994,0.995,0.995,0.994,/tmpdir/crf_16.mpd,/videos/BigBuckBunny-2160.avi
3232,0.99441,0.16666,0.99849,49.66825,0.99965,0.88886,0.99266,0.99645,0.99789,99.30254,0.58,0.37,0.32,0.7,50.48,52.44,53.13,49.67,0.994,0.995,0.995,0.994,/tmpdir/crf_16.mpd,/videos/BigBuckBunny-2160.avi
3233,0.99577,0.24517,0.99844,49.69073,0.99963,0.89201,0.99212,0.99624,0.99782,99.5788,0.58,0.38,0.32,0.7,50.49,52.38,53.09,49.69,0.994,0.995,0.995,0.994,/tmpdir/crf_16.mpd,/videos/BigBuckBunny-2160.avi
3234,0.99565,0.97375,0.99844,49.71848,0.99967,0.89219,0.99342,0.99709,0.99837,99.96238,0.58,0.37,0.32,0.69,50.52,52.49,53.11,49.72,0.994,0.995,0.995,0.994,/tmpdir/crf_16.mpd,/videos/BigBuckBunny-2160.avi
3235,0.99392,2.25292,0.99836,49.56081,0.99964,0.88877,0.991,0.99588,0.99769,100.0,0.6,0.38,0.33,0.72,50.36,52.28,52.98,49.56,0.994,0.995,0.995,0.994,/tmpdir/crf_16.mpd,/videos/BigBuckBunny-2160.avi
3236,0.99448,2.51338,0.99845,49.73794,0.99965,0.89164,0.99175,0.9962,0.99787,100.0,0.58,0.37,0.32,0.69,50.52,52.4,53.04,49.74,0.994,0.995,0.995,0.994,/tmpdir/crf_16.mpd,/videos/BigBuckBunny-2160.avi
3237,0.99358,0.8315,0.99833,49.46125,0.99963,0.88647,0.99177,0.99622,0.99786,99.45247,0.61,0.37,0.32,0.74,50.31,52.43,53.08,49.46,0.994,0.995,0.995,0.993,/tmpdir/crf_16.mpd,/videos/BigBuckBunny-2160.avi
3238,0.99568,0.8315,0.99865,50.33013,0.9997,0.89851,0.99467,0.99775,0.99883,99.96762,0.51,0.35,0.31,0.6,51.04,52.65,53.26,50.33,0.995,0.995,0.996,0.994,/tmpdir/crf_16.mpd,/videos/BigBuckBunny-2160.avi
3239,0.99376,0.29649,0.99841,49.60974,0.99965,0.88814,0.9927,0.9967,0.99814,99.26831,0.59,0.36,0.31,0.71,50.45,52.53,53.18,49.61,0.994,0.995,0.995,0.994,/tmpdir/crf_16.mpd,/videos/BigBuckBunny-2160.avi
3240,0.99493,0.29649,0.99857,50.0006,0.99969,0.89257,0.99437,0.99759,0.9987,99.55105,0.54,0.36,0.31,0.65,50.77,52.6,53.22,50.0,0.994,0.995,0.995,0.994,/tmpdir/crf_16.mpd,/videos/BigBuckBunny-2160.avi
3241,0.99737,0.40057,0.99916,52.67585,0.99976,0.93557,0.99766,0.99902,0.99949,100.0,0.3,0.22,0.2,0.35,53.3,54.71,55.1,52.68,0.997,0.997,0.997,0.997,/tmpdir/crf_16.mpd,/videos/BigBuckBunny-2160.avi
3242,0.99502,0.33415,0.9988,50.974,0.99968,0.91539,0.9946,0.9975,0.99861,99.65119,0.43,0.26,0.23,0.52,51.82,53.99,54.57,50.97,0.996,0.997,0.997,0.995,/tmpdir/crf_16.mpd,/videos/BigBuckBunny-2160.avi
3243,0.99603,0.22538,0.99873,50.66691,0.99967,0.91098,0.99422,0.99732,0.9985,99.75383,0.46,0.27,0.24,0.56,51.54,53.81,54.4,50.67,0.996,0.996,0.997,0.995,/tmpdir/crf_16.mpd,/videos/BigBuckBunny-2160.avi
3244,0.9952,0.22538,0.99866,50.39966,0.99966,0.90607,0.99367,0.99706,0.99833,99.56989,0.48,0.29,0.24,0.59,51.29,53.58,54.28,50.4,0.995,0.996,0.996,0.995,/tmpdir/crf_16.mpd,/videos/BigBuckBunny-2160.avi
3245,0.9952,0.18364,0.99872,50.50628,0.9997,0.90467,0.99485,0.99772,0.99872,99.59261,0.47,0.29,0.24,0.58,51.37,53.56,54.29,50.51,0.995,0.996,0.996,0.995,/tmpdir/crf_16.mpd,/videos/BigBuckBunny-2160.avi
3246,0.99349,0.18364,0.99856,49.79958,0.99966,0.89419,0.99284,0.99661,0.99804,99.17864,0.55,0.31,0.25,0.68,50.75,53.28,54.1,49.8,0.995,0.996,0.996,0.994,/tmpdir/crf_16.mpd,/videos/BigBuckBunny-2160.avi
3247,0.99507,0.25087,0.9986,50.18096,0.99965,0.90259,0.99284,0.99653,0.99794,99.50698,0.51,0.31,0.26,0.62,51.05,53.22,54.05,50.18,0.995,0.996,0.996,0.995,/tmpdir/crf_16.mpd,/videos/BigBuckBunny-2160.avi
3248,0.99368,1.67323,0.9984,49.66027,0.99964,0.89317,0.99181,0.99621,0.99782,99.89619,0.57,0.33,0.28,0.7,50.56,52.88,53.66,49.66,0.994,0.996,0.996,0.994,/tmpdir/crf_16.mpd,/videos/BigBuckBunny-2160.avi
3249,0.99479,2.41506,0.99858,50.27707,0.99968,0.90134,0.99352,0.99719,0.99847,100.0,0.51,0.32,0.27,0.61,51.09,53.04,53.8,50.28,0.995,0.996,0.996,0.994,/tmpdir/crf_16.mpd,/videos/BigBuckBunny-2160.avi
3250,0.99426,2.86996,0.99844,49.82575,0.99965,0.89513,0.9917,0.99622,0.99791,100.0,0.56,0.35,0.29,0.68,50.66,52.67,53.49,49.83,0.995,0.996,0.996,0.994,/tmpdir/crf_16.mpd,/videos/BigBuckBunny-2160.avi
3251,0.99417,2.31474,0.9985,49.97543,0.99965,0.89715,0.99165,0.99601,0.99774,100.0,0.54,0.35,0.29,0.65,50.79,52.72,53.51,49.98,0.995,0.996,0.996,0.994,/tmpdir/crf_16.mpd,/videos/BigBuckBunny-2160.avi
3252,0.99415,1.47055,0.99836,49.59351,0.99963,0.89085,0.99125,0.99595,0.99774,99.86064,0.58,0.35,0.29,0.71,50.47,52.64,53.48,49.59,0.994,0.995,0.996,0.994,/tmpdir/crf_16.mpd,/videos/BigBuckBunny-2160.avi
3253,0.9959,1.27102,0.99875,50.78966,0.9997,0.90729,0.99479,0.99769,0.99875,100.0,0.46,0.32,0.27,0.54,51.49,53.01,53.78,50.79,0.995,0.996,0.996,0.995,/tmpdir/crf_16.mpd,/videos/BigBuckBunny-2160.avi
3254,0.99406,1.16898,0.9984,49.70036,0.99962,0.89162,0.99186,0.99619,0.99786,99.71336,0.57,0.35,0.29,0.7,50.56,52.71,53.5,49.7,0.994,0.996,0.996,0.994,/tmpdir/crf_16.mpd,/videos/BigBuckBunny-2160.avi
3255,0.99354,1.16898,0.99845,49.76927,0.99964,0.89128,0.99233,0.99639,0.99793,99.63053,0.56,0.35,0.29,0.69,50.62,52.71,53.45,49.77,0.994,0.996,0.996,0.994,/tmpdir/crf_16.mpd,/videos/BigBuckBunny-2160.avi
3256,0.9936,1.2976,0.99842,49.6916,0.99963,0.88991,0.99171,0.99599,0.99762,99.66894,0.57,0.35,0.3,0.7,50.54,52.64,53.37,49.69,0.994,0.995,0.996,0.994,/tmpdir/crf_16.mpd,/videos/BigBuckBunny-2160.avi
3257,0.99556,1.76486,0.99861,50.3712,0.99969,0.89875,0.99431,0.9975,0.99867,100.0,0.5,0.34,0.29,0.6,51.12,52.86,53.5,50.37,0.995,0.996,0.996,0.994,/tmpdir/crf_16.mpd,/videos/BigBuckBunny-2160.avi
3258,0.99478,1.84248,0.9985,50.05785,0.99965,0.89502,0.99249,0.99643,0.99793,100.0,0.54,0.35,0.3,0.64,50.85,52.72,53.4,50.06,0.995,0.995,0.996,0.994,/tmpdir/crf_16.mpd,/videos/BigBuckBunny-2160.avi
3259,0.99379,1.63729,0.99846,49.82852,0.99964,0.89268,0.99241,0.99653,0.99809,99.92371,0.56,0.36,0.31,0.68,50.63,52.56,53.27,49.83,0.994,0.995,0.996,0.994,/tmpdir/crf_16.mpd,/videos/BigBuckBunny-2160.avi
3260,0.99563,1.42746,0.99864,50.3519,0.9997,0.90014,0.99474,0.99776,0.99882,100.0,0.51,0.35,0.3,0.6,51.08,52.74,53.4,50.35,0.995,0.995,0.996,0.994,/tmpdir/crf_16.mpd,/videos/BigBuckBunny-2160.avi
3261,0.99326,0.48974,0.99844,49.58386,0.99964,0.88945,0.99211,0.99633,0.99794,99.25013,0.59,0.37,0.31,0.72,50.42,52.46,53.18,49.58,0.994,0.995,0.996,0.994,/tmpdir/crf_16.mpd,/videos/BigBuckBunny-2160.avi
3262,0.99384,0.48974,0.9985,49.73848,0.99966,0.89203,0.99284,0.9967,0.99817,99.38693,0.57,0.36,0.31,0.69,50.55,52.51,53.21,49.74,0.994,0.995,0.996,0.994,/tmpdir/crf_16.mpd,/videos/BigBuckBunny-2160.avi
3263,0.99394,0.32167,0.99846,49.66036,0.99965,0.88999,0.99271,0.99673,0.99821,99.32326,0.58,0.37,0.31,0.7,50.48,52.48,53.21,49.66,0.994,0.995,0.996,0.994,/tmpdir/crf_16.mpd,/videos/BigBuckBunny-2160.avi
3264,0.99537,0.32167,0.99864,50.2246,0.99971,0.89828,0.99506,0.99796,0.99898,99.689,0.52,0.35,0.3,0.62,50.97,52.68,53.32,50.22,0.995,0.995,0.996,0.994,/tmpdir/crf_16.mpd,/videos/BigBuckBunny-2160.avi
3265,0.99301,0.2262,0.99847,49.6702,0.99965,0.8902,0.99248,0.99653,0.99806,99.09804,0.58,0.37,0.31,0.7,50.49,52.46,53.17,49.67,0.994,0.995,0.996,0.994,/tmpdir/crf_16.mpd,/videos/BigBuckBunny-2160.avi
3266,0.99375,0.2262,0.99849,49.67617,0.99966,0.89018,0.99278,0.99663,0.99814,99.23824,0.58,0.37,0.31,0.7,50.49,52.48,53.18,49.68,0.994,0.995,0.996,0.994,/tmpdir/crf_16.mpd,/videos/BigBuckBunny-2160.avi
3267,0.99318,0.20073,0.99844,49.55382,0.99965,0.88725,0.99257,0.99656,0.99809,99.11088,0.59,0.37,0.31,0.72,50.39,52.43,53.15,49.55,0.994,0.995,0.995,0.994,/tmpdir/crf_16.mpd,/videos/BigBuckBunny-2160.avi
3268,0.99476,0.20073,0.99855,49.88446,0.99969,0.8919,0.99449,0.99765,0.99879,99.48267,0.56,0.36,0.31,0.67,50.68,52.58,53.23,49.88,0.994,0.995,0.996,0.994,/tmpdir/crf_16.mpd,/videos/BigBuckBunny-2160.avi
3269,0.99302,0.20373,0.99841,49.43216,0.99965,0.88553,0.99228,0.99644,0.99801,99.07007,0.61,0.37,0.32,0.74,50.29,52.43,53.11,49.43,0.994,0.995,0.995,0.993,/tmpdir/crf_16.mpd,/videos/BigBuckBunny-2160.avi
3270,0.99365,0.20373,0.99844,49.63456,0.99965,0.89141,0.99236,0.99638,0.99795,99.19469,0.59,0.37,0.32,0.71,50.45,52.44,53.11,49.63,0.994,0.995,0.995,0.994,/tmpdir/crf_16.mpd,/videos/BigBuckBunny-2160.avi
3271,0.99298,1.13407,0.99834,49.42261,0.99963,0.88618,0.99113,0.99585,0.99761,99.46309,0.61,0.38,0.33,0.74,50.25,52.28,52.97,49.42,0.994,0.995,0.995,0.993,/tmpdir/crf_16.mpd,/videos/BigBuckBunny-2160.avi
3272,0.99426,1.88776,0.99846,49.79569,0.99969,0.89191,0.99341,0.99719,0.99849,100.0,0.57,0.37,0.32,0.68,50.59,52.5,53.11,49.8,0.994,0.995,0.995,0.994,/tmpdir/crf_16.mpd,/videos/BigBuckBunny-2160.avi
3273,0.99315,2.32702,0.99833,49.45954,0.99964,0.88723,0.99109,0.996,0.99783,100.0,0.61,0.38,0.33,0.74,50.28,52.28,52.92,49.46,0.994,0.995,0.995,0.994,/tmpdir/crf_16.mpd,/videos/BigBuckBunny-2160.avi
3274,0.99421,2.32702,0.99842,49.68204,0.99966,0.89053,0.99201,0.99644,0.99807,100.0,0.58,0.38,0.33,0.7,50.47,52.34,52.99,49.68,0.994,0.995,0.995,0.994,/tmpdir/crf_16.mpd,/videos/BigBuckBunny-2160.avi
3275,0.99391,1.66972,0.99838,49.58933,0.99964,0.88941,0.99144,0.99611,0.99784,99.92279,0.59,0.38,0.33,0.71,50.39,52.3,52.98,49.59,0.994,0.995,0.995,0.994,/tmpdir/crf_16.mpd,/videos/BigBuckBunny-2160.avi
3276,0.99521,1.66972,0.99863,50.26359,0.99971,0.89827,0.99435,0.99758,0.9987,100.0,0.52,0.36,0.31,0.61,50.98,52.6,53.21,50.26,0.995,0.995,0.995,0.994,/tmpdir/crf_16.mpd,/videos/BigBuckBunny-2160.avi
3277,0.9935,1.20653,0.99835,49.4292,0.99963,0.88663,0.99121,0.99588,0.99767,99.59758,0.61,0.39,0.33,0.74,50.25,52.27,52.93,49.43,0.994,0.995,0.995,0.994,/tmpdir/crf_16.mpd,/videos/BigBuckBunny-2160.avi
3278,0.99434,1.20653,0.99844,49.60199,0.99965,0.88961,0.99214,0.99633,0.9979,99.783,0.59,0.38,0.33,0.71,50.4,52.34,52.99,49.6,0.994,0.995,0.995,0.994,/tmpdir/crf_16.mpd,/videos/BigBuckBunny-2160.avi
3279,0.99402,0.69035,0.99845,49.5789,0.99964,0.88965,0.99207,0.99625,0.9978,99.46918,0.59,0.38,0.32,0.72,50.39,52.38,53.05,49.58,0.994,0.995,0.995,0.994,/tmpdir/crf_16.mpd,/videos/BigBuckBunny-2160.avi
3280,0.99582,0.66402,0.99873,50.44028,0.99972,0.90151,0.99515,0.9979,0.99885,99.92874,0.5,0.36,0.31,0.59,51.12,52.59,53.22,50.44,0.995,0.995,0.995,0.995,/tmpdir/crf_16.mpd,/videos/BigBuckBunny-2160.avi
3281,0.99356,0.42132,0.99854,49.82965,0.99965,0.89381,0.99237,0.99631,0.99785,99.27766,0.57,0.37,0.32,0.68,50.6,52.4,53.05,49.83,0.995,0.995,0.995,0.994,/tmpdir/crf_16.mpd,/videos/BigBuckBunny-2160.avi
3282,0.9941,0.42132,0.99858,49.9233,0.99966,0.89531,0.99286,0.99657,0.99802,99.39729,0.56,0.37,0.32,0.66,50.67,52.42,53.07,49.92,0.995,0.995,0.995,0.994,/tmpdir/crf_16.mpd,/videos/BigBuckBunny-2160.avi
3283,0.99384,0.33823,0.99855,49.85589,0.99966,0.89381,0.99282,0.99663,0.99807,99.313,0.56,0.38,0.32,0.67,50.61,52.36,53.07,49.86,0.994,0.995,0.995,0.994,/tmpdir/crf_16.mpd,/videos/BigBuckBunny-2160.avi
3284,0.99581,0.33823,0.9987,50.3603,0.99971,0.90053,0.99516,0.99789,0.99883,99.77101,0.51,0.36,0.31,0.6,51.05,52.57,53.18,50.36,0.995,0.995,0.995,0.994,/tmpdir/crf_16.mpd,/videos/BigBuckBunny-2160.avi
3285,0.99379,0.26559,0.99857,49.91413,0.99966,0.89514,0.99271,0.99648,0.99795,99.26218,0.56,0.37,0.32,0.66,50.66,52.4,53.05,49.91,0.995,0.995,0.995,0.994,/tmpdir/crf_16.mpd,/videos/BigBuckBunny-2160.avi
3286,0.99426,0.26559,0.99858,49.96765,0.99967,0.89614,0.9931,0.99674,0.99813,99.36697,0.55,0.37,0.32,0.66,50.71,52.43,53.07,49.97,0.995,0.995,0.995,0.994,/tmpdir/crf_16.mpd,/videos/BigBuckBunny-2160.avi
3287,0.99369,0.23215,0.99855,49.87311,0.99966,0.89421,0.99292,0.99664,0.99803,99.23586,0.56,0.38,0.32,0.67,50.63,52.37,53.06,49.87,0.994,0.995,0.995,0.994,/tmpdir/crf_16.mpd,/videos/BigBuckBunny-2160.avi
3288,0.99568,0.23215,0.99868,50.29732,0.99971,0.89979,0.99511,0.99786,0.9988,99.69214,0.52,0.36,0.31,0.61,50.99,52.55,53.16,50.3,0.995,0.995,0.995,0.994,/tmpdir/crf_16.mpd,/videos/BigBuckBunny-2160.avi
3289,0.99401,0.21935,0.99856,49.89821,0.99966,0.89487,0.99292,0.99666,0.99808,99.29228,0.56,0.38,0.32,0.67,50.65,52.39,53.04,49.9,0.995,0.995,0.995,0.994,/tmpdir/crf_16.mpd,/videos/BigBuckBunny-2160.avi
3290,0.99413,0.21935,0.99857,49.94653,0.99967,0.8954,0.99305,0.99672,0.9981,99.31786,0.56,0.37,0.32,0.66,50.69,52.4,53.04,49.95,0.995,0.995,0.995,0.994,/tmpdir/crf_16.mpd,/videos/BigBuckBunny-2160.avi
3291,0.99401,0.23884,0.99854,49.83421,0.99966,0.89348,0.99291,0.99668,0.99812,99.30057,0.57,0.38,0.32,0.68,50.59,52.34,53.01,49.83,0.994,0.995,0.995,0.994,/tmpdir/crf_16.mpd,/videos/BigBuckBunny-2160.avi
3292,0.9953,0.23884,0.99863,50.16434,0.9997,0.89747,0.99467,0.99764,0.99866,99.60485,0.53,0.37,0.32,0.63,50.88,52.5,53.11,50.16,0.995,0.995,0.995,0.994,/tmpdir/crf_16.mpd,/videos/BigBuckBunny-2160.avi
3293,0.99405,0.30747,0.99852,49.81128,0.99965,0.89315,0.99262,0.99656,0.99807,99.33111,0.57,0.38,0.33,0.68,50.57,52.32,52.98,49.81,0.994,0.995,0.995,0.994,/tmpdir/crf_16.mpd,/videos/BigBuckBunny-2160.avi
3294,0.99435,0.30747,0.99853,49.81967,0.99966,0.89321,0.99269,0.99654,0.99802,99.38092,0.57,0.38,0.33,0.68,50.57,52.33,52.99,49.82,0.994,0.995,0.995,0.994,/tmpdir/crf_16.mpd,/videos/BigBuckBunny-2160.avi
3295,0.99345,0.5578,0.99846,49.66242,0.99964,0.8902,0.99216,0.9963,0.99792,99.31676,0.59,0.39,0.33,0.7,50.44,52.27,52.95,49.66,0.994,0.995,0.995,0.994,/tmpdir/crf_16.mpd,/videos/BigBuckBunny-2160.avi
3296,0.99524,0.5578,0.99857,49.98957,0.99969,0.89435,0.99426,0.99746,0.99861,99.72409,0.55,0.37,0.32,0.65,50.73,52.44,53.06,49.99,0.994,0.995,0.995,0.994,/tmpdir/crf_16.mpd,/videos/BigBuckBunny-2160.avi
3297,0.99328,0.85391,0.99841,49.52271,0.99964,0.88794,0.99149,0.99595,0.99765,99.39191,0.6,0.39,0.33,0.73,50.32,52.25,52.9,49.52,0.994,0.995,0.995,0.994,/tmpdir/crf_16.mpd,/videos/BigBuckBunny-2160.avi
3298,0.99386,0.85391,0.99844,49.59545,0.99965,0.88906,0.99215,0.99629,0.99787,99.52256,0.59,0.38,0.33,0.71,50.39,52.29,52.93,49.6,0.994,0.995,0.995,0.994,/tmpdir/crf_16.mpd,/videos/BigBuckBunny-2160.avi
3299,0.99305,0.72572,0.9984,49.48495,0.99963,0.88728,0.99159,0.996,0.99767,99.29142,0.61,0.39,0.33,0.73,50.29,52.22,52.91,49.48,0.994,0.995,0.995,0.994,/tmpdir/crf_16.mpd,/videos/BigBuckBunny-2160.avi
3300,0.99511,0.72572,0.9986,50.01699,0.9997,0.8949,0.99428,0.99741,0.99854,99.77696,0.55,0.37,0.32,0.65,50.74,52.41,53.02,50.02,0.994,0.995,0.995,0.994,/tmpdir/crf_16.mpd,/videos/BigBuckBunny-2160.avi
3301,0.99333,0.64199,0.9984,49.46325,0.99963,0.88712,0.9915,0.9959,0.9976,99.29349,0.61,0.39,0.33,0.74,50.27,52.24,52.91,49.46,0.994,0.995,0.995,0.994,/tmpdir/crf_16.mpd,/videos/BigBuckBunny-2160.avi
3302,0.99374,0.64199,0.99843,49.53032,0.99965,0.88805,0.99197,0.9961,0.99771,99.38024,0.6,0.39,0.33,0.72,50.33,52.25,52.92,49.53,0.994,0.995,0.995,0.994,/tmpdir/crf_16.mpd,/videos/BigBuckBunny-2160.avi
3303,0.99351,1.1381,0.99837,49.35874,0.99963,0.88438,0.9915,0.99594,0.99764,99.55838,0.63,0.4,0.34,0.75,50.16,52.12,52.77,49.36,0.994,0.995,0.995,0.993,/tmpdir/crf_16.mpd,/videos/BigBuckBunny-2160.avi
3304,0.99475,2.24616,0.99853,49.78218,0.99971,0.88929,0.99367,0.99723,0.99851,100.0,0.58,0.39,0.35,0.68,50.51,52.22,52.75,49.78,0.994,0.995,0.995,0.994,/tmpdir/crf_16.mpd,/videos/BigBuckBunny-2160.avi
3305,0.99328,1.4769,0.99846,49.31496,0.99973,0.88464,0.99177,0.9962,0.99789,99.70939,0.64,0.41,0.37,0.76,50.09,52.0,52.48,49.31,0.994,0.995,0.995,0.993,/tmpdir/crf_16.mpd,/videos/BigBuckBunny-2160.avi
3306,0.99506,1.37172,0.9986,49.72854,0.99978,0.89011,0.9939,0.99735,0.99857,100.0,0.59,0.4,0.35,0.69,50.45,52.14,52.66,49.73,0.994,0.995,0.995,0.994,/tmpdir/crf_16.mpd,/videos/BigBuckBunny-2160.avi
3307,0.99245,0.66361,0.99842,49.21737,0.9997,0.8831,0.99096,0.99562,0.99742,99.11465,0.65,0.42,0.37,0.78,50.0,51.94,52.4,49.22,0.994,0.995,0.995,0.993,/tmpdir/crf_16.mpd,/videos/BigBuckBunny-2160.avi
3308,0.99326,0.66361,0.99847,49.35288,0.99972,0.88508,0.9917,0.99606,0.99774,99.29918,0.63,0.41,0.37,0.75,50.12,52.0,52.47,49.35,0.994,0.995,0.995,0.993,/tmpdir/crf_16.mpd,/videos/BigBuckBunny-2160.avi
3309,0.99317,0.60884,0.99842,49.24311,0.99971,0.88306,0.99137,0.99599,0.99777,99.25012,0.65,0.41,0.37,0.77,50.02,51.95,52.45,49.24,0.994,0.995,0.995,0.993,/tmpdir/crf_16.mpd,/videos/BigBuckBunny-2160.avi
3310,0.99466,0.60884,0.99856,49.6636,0.99976,0.88896,0.99385,0.99731,0.99855,99.6222,0.59,0.4,0.36,0.7,50.39,52.15,52.61,49.66,0.994,0.995,0.995,0.994,/tmpdir/crf_16.mpd,/videos/BigBuckBunny-2160.avi
3311,0.99235,0.80435,0.99841,49.206,0.9997,0.8831,0.99108,0.99572,0.99752,99.17381,0.65,0.42,0.37,0.78,49.99,51.94,52.44,49.21,0.994,0.995,0.995,0.993,/tmpdir/crf_16.mpd,/videos/BigBuckBunny-2160.avi
3312,0.99272,0.80435,0.99842,49.20973,0.99971,0.88347,0.99146,0.99591,0.99761,99.25188,0.65,0.41,0.37,0.78,50.0,51.96,52.45,49.21,0.994,0.995,0.995,0.993,/tmpdir/crf_16.mpd,/videos/BigBuckBunny-2160.avi
3313,0.99235,1.76627,0.99832,49.05089,0.9997,0.87983,0.99032,0.99546,0.99738,99.62182,0.67,0.42,0.38,0.81,49.85,51.87,52.38,49.05,0.994,0.995,0.995,0.993,/tmpdir/crf_16.mpd,/videos/BigBuckBunny-2160.avi
3314,0.99456,1.83732,0.99852,49.5518,0.99977,0.88694,0.99361,0.99729,0.99859,100.0,0.61,0.4,0.36,0.72,50.3,52.13,52.56,49.55,0.994,0.995,0.995,0.993,/tmpdir/crf_16.mpd,/videos/BigBuckBunny-2160.avi
3315,0.99208,1.56553,0.9983,48.95836,0.99971,0.87865,0.99007,0.99533,0.99731,99.46181,0.68,0.42,0.38,0.83,49.78,51.88,52.36,48.96,0.994,0.995,0.995,0.993,/tmpdir/crf_16.mpd,/videos/BigBuckBunny-2160.avi
3316,0.99281,1.56553,0.9984,49.16748,0.99972,0.88234,0.99127,0.99591,0.99766,99.64051,0.66,0.41,0.37,0.79,49.96,51.97,52.44,49.17,0.994,0.995,0.995,0.993,/tmpdir/crf_16.mpd,/videos/BigBuckBunny-2160.avi
3317,0.99199,0.92625,0.99844,49.23941,0.99971,0.88436,0.99114,0.99575,0.99749,99.17215,0.65,0.41,0.36,0.77,50.03,52.0,52.54,49.24,0.994,0.995,0.995,0.993,/tmpdir/crf_16.mpd,/videos/BigBuckBunny-2160.avi
3318,0.99502,0.92625,0.99873,50.0788,0.99979,0.89661,0.99487,0.99786,0.99891,99.89816,0.55,0.39,0.35,0.64,50.74,52.22,52.71,50.08,0.994,0.995,0.995,0.994,/tmpdir/crf_16.mpd,/videos/BigBuckBunny-2160.avi
3319,0.99276,0.62888,0.99852,49.44831,0.99972,0.88797,0.99146,0.99595,0.99771,99.19597,0.62,0.41,0.36,0.74,50.21,52.03,52.56,49.45,0.994,0.995,0.995,0.994,/tmpdir/crf_16.mpd,/videos/BigBuckBunny-2160.avi
3320,0.99335,0.62888,0.99855,49.51738,0.99973,0.88911,0.99207,0.99621,0.99778,99.31659,0.61,0.4,0.36,0.73,50.27,52.07,52.58,49.52,0.994,0.995,0.995,0.994,/tmpdir/crf_16.mpd,/videos/BigBuckBunny-2160.avi
3321,0.99299,0.46163,0.99852,49.42513,0.99973,0.88699,0.99189,0.99612,0.99774,99.16247,0.62,0.41,0.36,0.74,50.19,52.04,52.58,49.43,0.994,0.995,0.995,0.994,/tmpdir/crf_16.mpd,/videos/BigBuckBunny-2160.avi
3322,0.99506,0.46163,0.9987,49.95999,0.99979,0.89451,0.9948,0.9978,0.99882,99.67296,0.56,0.39,0.35,0.66,50.64,52.22,52.69,49.96,0.994,0.995,0.995,0.994,/tmpdir/crf_16.mpd,/videos/BigBuckBunny-2160.avi
3323,0.99296,0.48779,0.99854,49.47813,0.99973,0.88836,0.99198,0.99621,0.99787,99.18558,0.62,0.41,0.36,0.73,50.23,52.04,52.55,49.48,0.994,0.995,0.995,0.994,/tmpdir/crf_16.mpd,/videos/BigBuckBunny-2160.avi
3324,0.99337,0.48779,0.99856,49.52306,0.99973,0.88917,0.99247,0.99649,0.99805,99.27893,0.61,0.4,0.36,0.73,50.27,52.07,52.57,49.52,0.994,0.995,0.995,0.994,/tmpdir/crf_16.mpd,/videos/BigBuckBunny-2160.avi
3325,0.99256,0.4732,0.99852,49.38247,0.99973,0.88634,0.99217,0.99635,0.99794,99.10924,0.63,0.41,0.36,0.75,50.15,52.03,52.54,49.38,0.994,0.995,0.995,0.994,/tmpdir/crf_16.mpd,/videos/BigBuckBunny-2160.avi
3326,0.99445,0.4732,0.99867,49.83853,0.99978,0.89238,0.99468,0.99773,0.99877,99.55644,0.57,0.39,0.35,0.67,50.54,52.18,52.63,49.84,0.994,0.995,0.995,0.994,/tmpdir/crf_16.mpd,/videos/BigBuckBunny-2160.avi
3327,0.9923,0.64667,0.9985,49.29902,0.99972,0.88466,0.99182,0.99609,0.99776,99.12119,0.64,0.41,0.36,0.76,50.08,52.04,52.51,49.3,0.994,0.995,0.995,0.993,/tmpdir/crf_16.mpd,/videos/BigBuckBunny-2160.avi
3328,0.99334,0.64667,0.99853,49.3317,0.99973,0.88518,0.99253,0.99659,0.99814,99.34702,0.63,0.41,0.36,0.76,50.11,52.05,52.51,49.33,0.994,0.995,0.995,0.993,/tmpdir/crf_16.mpd,/videos/BigBuckBunny-2160.avi
3329,0.99327,0.674,0.99849,49.21636,0.99972,0.88306,0.99218,0.99642,0.99804,99.32988,0.65,0.41,0.37,0.78,50.01,52.01,52.49,49.22,0.994,0.995,0.995,0.993,/tmpdir/crf_16.mpd,/videos/BigBuckBunny-2160.avi
3330,0.99435,0.674,0.99864,49.69731,0.99977,0.88962,0.99456,0.99768,0.99876,99.62394,0.59,0.4,0.35,0.7,50.42,52.16,52.63,49.7,0.994,0.995,0.995,0.994,/tmpdir/crf_16.mpd,/videos/BigBuckBunny-2160.avi
3331,0.99252,0.64455,0.99849,49.20891,0.99972,0.88278,0.99175,0.99601,0.99769,99.14621,0.65,0.41,0.37,0.78,50.0,51.97,52.47,49.21,0.994,0.995,0.995,0.993,/tmpdir/crf_16.mpd,/videos/BigBuckBunny-2160.avi
3332,0.99235,0.64455,0.99849,49.24523,0.99972,0.8832,0.99194,0.9961,0.99769,99.12083,0.64,0.41,0.36,0.77,50.04,52.02,52.52,49.25,0.994,0.995,0.995,0.993,/tmpdir/crf_16.mpd,/videos/BigBuckBunny-2160.avi
3333,0.99292,0.72321,0.99846,49.22415,0.99972,0.88323,0.99182,0.99617,0.99782,99.26898,0.65,0.42,0.37,0.78,50.01,51.93,52.47,49.22,0.994,0.995,0.995,0.993,/tmpdir/crf_16.mpd,/videos/BigBuckBunny-2160.avi
3334,0.99405,0.72321,0.9986,49.66757,0.99977,0.89059,0.99428,0.99757,0.99871,99.58982,0.59,0.4,0.36,0.7,50.39,52.11,52.6,49.67,0.994,0.995,0.995,0.994,/tmpdir/crf_16.mpd,/videos/BigBuckBunny-2160.avi
3335,0.99201,0.77506,0.99846,49.26967,0.99971,0.88558,0.9913,0.99575,0.99749,99.10671,0.65,0.42,0.37,0.77,50.03,51.89,52.42,49.27,0.994,0.995,0.995,0.993,/tmpdir/crf_16.mpd,/videos/BigBuckBunny-2160.avi
3336,0.99239,0.77506,0.99849,49.34407,0.99971,0.88721,0.99162,0.99592,0.99761,99.1899,0.64,0.42,0.37,0.76,50.1,51.91,52.43,49.34,0.994,0.995,0.995,0.994,/tmpdir/crf_16.mpd,/videos/BigBuckBunny-2160.avi
3337,0.9921,1.00643,0.99843,49.24191,0.99969,0.88541,0.9912,0.99574,0.99747,99.23113,0.65,0.43,0.37,0.77,50.0,51.83,52.4,49.24,0.994,0.995,0.995,0.993,/tmpdir/crf_16.mpd,/videos/BigBuckBunny-2160.avi
3338,0.99386,1.14135,0.99854,49.5201,0.99976,0.88931,0.99362,0.99724,0.99849,99.7299,0.61,0.42,0.37,0.73,50.24,51.92,52.5,49.52,0.994,0.995,0.995,0.994,/tmpdir/crf_16.mpd,/videos/BigBuckBunny-2160.avi
3339,0.99232,1.30481,0.99839,49.16588,0.99969,0.88394,0.99082,0.99571,0.99755,99.4151,0.66,0.43,0.38,0.79,49.93,51.79,52.34,49.17,0.994,0.995,0.995,0.993,/tmpdir/crf_16.mpd,/videos/BigBuckBunny-2160.avi
3340,0.99252,1.75819,0.99837,49.12355,0.99971,0.88264,0.99096,0.99575,0.99757,99.6757,0.67,0.43,0.38,0.8,49.89,51.75,52.33,49.12,0.994,0.995,0.995,0.993,/tmpdir/crf_16.mpd,/videos/BigBuckBunny-2160.avi
3341,0.99206,1.94899,0.9983,48.97511,0.9997,0.87884,0.9902,0.99534,0.99732,99.65228,0.69,0.44,0.39,0.82,49.76,51.68,52.27,48.98,0.993,0.995,0.995,0.993,/tmpdir/crf_16.mpd,/videos/BigBuckBunny-2160.avi
3342,0.99361,1.94899,0.99847,49.4154,0.99976,0.88494,0.99311,0.99701,0.99837,100.0,0.63,0.42,0.37,0.74,50.15,51.9,52.45,49.42,0.994,0.995,0.995,0.993,/tmpdir/crf_16.mpd,/videos/BigBuckBunny-2160.avi
3343,0.99185,2.47631,0.9983,48.90722,0.9997,0.87911,0.99018,0.99557,0.99755,99.9064,0.7,0.46,0.4,0.84,49.67,51.46,52.11,48.91,0.993,0.994,0.995,0.993,/tmpdir/crf_16.mpd,/videos/BigBuckBunny-2160.avi
3344,0.99318,2.47631,0.9984,49.18887,0.99971,0.88388,0.99113,0.99604,0.99788,100.0,0.66,0.44,0.39,0.78,49.93,51.67,52.22,49.19,0.994,0.995,0.995,0.993,/tmpdir/crf_16.mpd,/videos/BigBuckBunny-2160.avi
3345,0.99228,2.36316,0.99834,49.07677,0.9997,0.88147,0.99024,0.99547,0.99744,99.91953,0.68,0.44,0.39,0.8,49.84,51.65,52.24,49.08,0.994,0.995,0.995,0.993,/tmpdir/crf_16.mpd,/videos/BigBuckBunny-2160.avi
3346,0.9941,2.36316,0.99858,49.70757,0.99977,0.89033,0.99353,0.99719,0.99848,100.0,0.59,0.41,0.36,0.7,50.4,52.0,52.51,49.71,0.994,0.995,0.995,0.994,/tmpdir/crf_16.mpd,/videos/BigBuckBunny-2160.avi
3347,0.99229,1.8664,0.99835,49.03479,0.9997,0.88075,0.99086,0.99568,0.99745,99.67329,0.68,0.43,0.38,0.81,49.83,51.79,52.34,49.03,0.994,0.995,0.995,0.993,/tmpdir/crf_16.mpd,/videos/BigBuckBunny-2160.avi
3348,0.99401,1.8664,0.99858,49.54982,0.99977,0.88815,0.9937,0.99735,0.99862,100.0,0.62,0.44,0.37,0.72,50.24,51.75,52.39,49.55,0.994,0.995,0.995,0.994,/tmpdir/crf_16.mpd,/videos/BigBuckBunny-2160.avi
3349,0.99688,1.49529,0.9992,52.26771,0.99984,0.93297,0.99725,0.99882,0.99938,100.0,0.34,0.25,0.23,0.39,52.85,54.13,54.51,52.27,0.996,0.997,0.997,0.996,/tmpdir/crf_16.mpd,/videos/BigBuckBunny-2160.avi
3350,0.99375,1.30998,0.99876,50.35634,0.99972,0.90885,0.99308,0.99662,0.99801,99.8009,0.5,0.31,0.27,0.6,51.17,53.16,53.76,50.36,0.995,0.996,0.996,0.995,/tmpdir/crf_16.mpd,/videos/BigBuckBunny-2160.avi
3351,0.99359,0.834,0.99871,50.21129,0.99972,0.90485,0.99259,0.99625,0.99774,99.50385,0.51,0.32,0.28,0.62,51.04,53.13,53.72,50.21,0.995,0.996,0.996,0.995,/tmpdir/crf_16.mpd,/videos/BigBuckBunny-2160.avi
3352,0.99296,0.834,0.99864,49.92376,0.99971,0.90057,0.99228,0.99623,0.99774,99.37848,0.55,0.34,0.29,0.66,50.76,52.81,53.49,49.92,0.995,0.996,0.996,0.994,/tmpdir/crf_16.mpd,/videos/BigBuckBunny-2160.avi
3353,0.99475,1.0706,0.99879,50.30489,0.99978,0.9046,0.99469,0.99768,0.99875,99.92946,0.51,0.35,0.29,0.61,51.04,52.66,53.45,50.3,0.995,0.996,0.996,0.995,/tmpdir/crf_16.mpd,/videos/BigBuckBunny-2160.avi
3354,0.99367,1.0706,0.99862,49.77329,0.99972,0.89785,0.99257,0.99657,0.99812,99.6441,0.57,0.37,0.31,0.69,50.58,52.47,53.27,49.77,0.995,0.996,0.996,0.994,/tmpdir/crf_16.mpd,/videos/BigBuckBunny-2160.avi
3355,0.99399,0.71421,0.99862,49.83424,0.99973,0.89736,0.99259,0.99649,0.998,99.51843,0.56,0.36,0.3,0.68,50.65,52.6,53.35,49.83,0.995,0.996,0.996,0.994,/tmpdir/crf_16.mpd,/videos/BigBuckBunny-2160.avi
3356,0.99365,0.71421,0.99859,49.72583,0.99972,0.89537,0.99236,0.99636,0.9979,99.44263,0.57,0.36,0.3,0.69,50.55,52.51,53.29,49.73,0.995,0.995,0.996,0.994,/tmpdir/crf_16.mpd,/videos/BigBuckBunny-2160.avi
3357,0.99486,0.78218,0.9987,50.08829,0.99978,0.89933,0.99442,0.99753,0.99864,99.78333,0.54,0.36,0.3,0.64,50.85,52.58,53.32,50.09,0.995,0.995,0.996,0.994,/tmpdir/crf_16.mpd,/videos/BigBuckBunny-2160.avi
3358,0.99373,1.19466,0.99858,49.59089,0.99972,0.89463,0.99233,0.9965,0.9981,99.70148,0.6,0.41,0.33,0.71,50.35,52.01,52.91,49.59,0.994,0.995,0.995,0.994,/tmpdir/crf_16.mpd,/videos/BigBuckBunny-2160.avi
3359,0.99402,1.35958,0.99858,49.66892,0.99972,0.89485,0.99231,0.99646,0.99805,99.82932,0.59,0.4,0.33,0.7,50.43,52.14,52.95,49.67,0.995,0.995,0.995,0.994,/tmpdir/crf_16.mpd,/videos/BigBuckBunny-2160.avi
3360,0.99364,1.04388,0.99855,49.63239,0.99972,0.89354,0.99197,0.99623,0.99785,99.58507,0.59,0.39,0.33,0.71,50.42,52.23,53.01,49.63,0.994,0.995,0.995,0.994,/tmpdir/crf_16.mpd,/videos/BigBuckBunny-2160.avi
3361,0.99474,0.68248,0.99864,49.92324,0.99977,0.89631,0.99394,0.99728,0.99848,99.68848,0.56,0.37,0.31,0.66,50.69,52.47,53.15,49.92,0.994,0.995,0.996,0.994,/tmpdir/crf_16.mpd,/videos/BigBuckBunny-2160.avi
3362,0.9931,0.68248,0.99852,49.53006,0.99971,0.89142,0.99166,0.99596,0.99759,99.28519,0.6,0.39,0.33,0.72,50.33,52.22,52.96,49.53,0.994,0.995,0.995,0.994,/tmpdir/crf_16.mpd,/videos/BigBuckBunny-2160.avi
3363,0.99324,1.2152,0.99847,49.34349,0.99972,0.88817,0.9914,0.99583,0.99753,99.54906,0.63,0.4,0.34,0.76,50.15,52.11,52.8,49.34,0.994,0.995,0.995,0.994,/tmpdir/crf_16.mpd,/videos/BigBuckBunny-2160.avi
3364,0.99274,1.83704,0.99839,49.02987,0.9997,0.88413,0.9906,0.99557,0.99744,99.7441,0.68,0.44,0.36,0.81,49.83,51.68,52.52,49.03,0.994,0.995,0.995,0.993,/tmpdir/crf_16.mpd,/videos/BigBuckBunny-2160.avi
3365,0.99451,2.57719,0.99857,49.66735,0.99977,0.89206,0.99339,0.99716,0.99846,100.0,0.59,0.4,0.34,0.7,50.41,52.09,52.81,49.67,0.994,0.995,0.995,0.994,/tmpdir/crf_16.mpd,/videos/BigBuckBunny-2160.avi
3366,0.99317,2.57719,0.9984,49.22605,0.99971,0.88579,0.99094,0.99578,0.99755,100.0,0.64,0.4,0.35,0.78,50.05,52.08,52.75,49.23,0.994,0.995,0.995,0.993,/tmpdir/crf_16.mpd,/videos/BigBuckBunny-2160.avi
3367,0.99385,1.68932,0.99848,49.42622,0.99973,0.88792,0.99175,0.99619,0.99786,99.92171,0.62,0.4,0.34,0.74,50.22,52.13,52.75,49.43,0.994,0.995,0.995,0.994,/tmpdir/crf_16.mpd,/videos/BigBuckBunny-2160.avi
3368,0.99306,1.68932,0.99842,49.29248,0.99972,0.88597,0.99103,0.99578,0.99755,99.74548,0.64,0.41,0.35,0.77,50.09,52.04,52.66,49.29,0.994,0.995,0.995,0.993,/tmpdir/crf_16.mpd,/videos/BigBuckBunny-2160.avi
3369,0.99521,1.90158,0.99862,49.89826,0.99977,0.89473,0.99374,0.99727,0.99853,100.0,0.56,0.38,0.33,0.67,50.63,52.34,52.91,49.9,0.994,0.995,0.995,0.994,/tmpdir/crf_16.mpd,/videos/BigBuckBunny-2160.avi
3370,0.99278,1.90158,0.99847,49.3283,0.99973,0.88829,0.99129,0.99596,0.99772,99.82463,0.63,0.41,0.35,0.76,50.12,52.02,52.63,49.33,0.994,0.995,0.995,0.994,/tmpdir/crf_16.mpd,/videos/BigBuckBunny-2160.avi
3371,0.99346,2.02214,0.99852,49.43677,0.99974,0.88993,0.99176,0.99615,0.99784,100.0,0.62,0.41,0.36,0.74,50.2,52.02,52.61,49.44,0.994,0.995,0.995,0.994,/tmpdir/crf_16.mpd,/videos/BigBuckBunny-2160.avi
3372,0.99275,2.02214,0.99846,49.21205,0.99972,0.88698,0.99114,0.99589,0.99768,99.8717,0.65,0.43,0.37,0.78,49.99,51.84,52.5,49.21,0.994,0.995,0.995,0.994,/tmpdir/crf_16.mpd,/videos/BigBuckBunny-2160.avi
3373,0.99541,1.44943,0.99872,50.02945,0.99979,0.89811,0.99445,0.99761,0.99872,100.0,0.55,0.38,0.33,0.65,50.73,52.29,52.91,50.03,0.995,0.995,0.995,0.994,/tmpdir/crf_16.mpd,/videos/BigBuckBunny-2160.avi
3374,0.99272,1.44943,0.9985,49.24316,0.99972,0.88811,0.9914,0.99604,0.99783,99.59601,0.65,0.42,0.35,0.77,50.03,51.88,52.64,49.24,0.994,0.995,0.995,0.994,/tmpdir/crf_16.mpd,/videos/BigBuckBunny-2160.avi
3375,0.9942,0.87303,0.99855,49.34751,0.99974,0.88924,0.99245,0.99658,0.99811,99.61613,0.63,0.42,0.35,0.76,50.12,51.92,52.63,49.35,0.994,0.995,0.995,0.994,/tmpdir/crf_16.mpd,/videos/BigBuckBunny-2160.avi
3376,0.99318,0.87303,0.99849,49.19453,0.99973,0.88729,0.99154,0.99615,0.99786,99.40113,0.65,0.43,0.35,0.78,49.99,51.84,52.63,49.19,0.994,0.995,0.995,0.994,/tmpdir/crf_16.mpd,/videos/BigBuckBunny-2160.avi
3377,0.99579,0.68545,0.99873,50.0509,0.99979,0.89886,0.99488,0.99783,0.99884,99.92288,0.55,0.38,0.33,0.64,50.75,52.3,52.92,50.05,0.995,0.995,0.995,0.994,/tmpdir/crf_16.mpd,/videos/BigBuckBunny-2160.avi
3378,0.99312,0.68545,0.9985,49.32839,0.99973,0.88932,0.99193,0.99632,0.99797,99.31857,0.63,0.41,0.34,0.76,50.13,51.99,52.78,49.33,0.994,0.995,0.995,0.994,/tmpdir/crf_16.mpd,/videos/BigBuckBunny-2160.avi
3379,0.9938,0.96835,0.9986,49.60505,0.99974,0.89425,0.99241,0.99649,0.99805,99.59927,0.6,0.4,0.34,0.71,50.36,52.09,52.79,49.61,0.994,0.995,0.995,0.994,/tmpdir/crf_16.mpd,/videos/BigBuckBunny-2160.avi
3380,0.99301,0.96835,0.99855,49.47098,0.99973,0.8917,0.99187,0.99618,0.99782,99.42702,0.62,0.41,0.35,0.73,50.23,51.96,52.72,49.47,0.994,0.995,0.995,0.994,/tmpdir/crf_16.mpd,/videos/BigBuckBunny-2160.avi
3381,0.99599,0.50561,0.99874,50.04308,0.99979,0.89874,0.99491,0.99779,0.99881,99.86983,0.55,0.38,0.33,0.64,50.75,52.36,52.93,50.04,0.995,0.995,0.995,0.994,/tmpdir/crf_16.mpd,/videos/BigBuckBunny-2160.avi
3382,0.99354,0.50561,0.99857,49.48153,0.99974,0.89205,0.9924,0.99651,0.99808,99.32899,0.61,0.4,0.34,0.73,50.26,52.07,52.77,49.48,0.994,0.995,0.995,0.994,/tmpdir/crf_16.mpd,/videos/BigBuckBunny-2160.avi
3383,0.99403,0.76748,0.99858,49.54869,0.99974,0.89274,0.99252,0.9965,0.99802,99.53856,0.6,0.4,0.34,0.72,50.32,52.12,52.78,49.55,0.994,0.995,0.995,0.994,/tmpdir/crf_16.mpd,/videos/BigBuckBunny-2160.avi
3384,0.99329,0.76748,0.99854,49.47413,0.99973,0.89165,0.992,0.99625,0.99789,99.38818,0.61,0.4,0.35,0.73,50.25,52.1,52.75,49.47,0.994,0.995,0.995,0.994,/tmpdir/crf_16.mpd,/videos/BigBuckBunny-2160.avi
3385,0.99582,0.57669,0.99868,49.96374,0.99978,0.8971,0.99482,0.99777,0.99879,99.86555,0.56,0.38,0.33,0.66,50.69,52.37,52.93,49.96,0.994,0.995,0.995,0.994,/tmpdir/crf_16.mpd,/videos/BigBuckBunny-2160.avi
3386,0.9937,0.57669,0.99856,49.54694,0.99974,0.89329,0.99223,0.99633,0.99794,99.38056,0.6,0.39,0.34,0.72,50.32,52.18,52.8,49.55,0.994,0.995,0.995,0.994,/tmpdir/crf_16.mpd,/videos/BigBuckBunny-2160.avi
3387,0.99387,0.64368,0.99859,49.56905,0.99974,0.89324,0.99257,0.99656,0.99808,99.45866,0.6,0.39,0.34,0.72,50.34,52.18,52.78,49.57,0.994,0.995,0.995,0.994,/tmpdir/crf_16.mpd,/videos/BigBuckBunny-2160.avi
3388,0.99357,0.61285,0.99855,49.43204,0.99974,0.89094,0.9923,0.99643,0.99801,99.3759,0.62,0.4,0.35,0.74,50.22,52.11,52.74,49.43,0.994,0.995,0.995,0.994,/tmpdir/crf_16.mpd,/videos/BigBuckBunny-2160.avi
3389,0.99572,0.44459,0.99871,49.95478,0.99979,0.89734,0.99491,0.99782,0.99882,99.79043,0.56,0.38,0.34,0.66,50.67,52.34,52.87,49.95,0.994,0.995,0.995,0.994,/tmpdir/crf_16.mpd,/videos/BigBuckBunny-2160.avi
3390,0.99359,0.44459,0.99857,49.4592,0.99974,0.8916,0.99257,0.99656,0.99806,99.30869,0.61,0.39,0.34,0.74,50.25,52.17,52.76,49.46,0.994,0.995,0.995,0.994,/tmpdir/crf_16.mpd,/videos/BigBuckBunny-2160.avi
3391,0.99384,0.70536,0.99858,49.5695,0.99974,0.89322,0.99265,0.99661,0.99813,99.48603,0.6,0.4,0.34,0.72,50.33,52.16,52.76,49.57,0.994,0.995,0.995,0.994,/tmpdir/crf_16.mpd,/videos/BigBuckBunny-2160.avi
3392,0.99355,0.70536,0.99853,49.41337,0.99973,0.89037,0.99229,0.99644,0.99802,99.41536,0.62,0.4,0.35,0.74,50.2,52.11,52.73,49.41,0.994,0.995,0.995,0.994,/tmpdir/crf_16.mpd,/videos/BigBuckBunny-2160.avi
3393,0.99566,0.73263,0.9987,50.01053,0.99978,0.8983,0.99481,0.99773,0.99875,99.91041,0.55,0.38,0.33,0.65,50.72,52.34,52.89,50.01,0.994,0.995,0.995,0.994,/tmpdir/crf_16.mpd,/videos/BigBuckBunny-2160.avi
3394,0.99374,0.73263,0.99857,49.53637,0.99973,0.89214,0.99259,0.99655,0.99808,99.47403,0.61,0.39,0.34,0.72,50.31,52.18,52.78,49.54,0.994,0.995,0.995,0.994,/tmpdir/crf_16.mpd,/videos/BigBuckBunny-2160.avi
3395,0.99386,0.40675,0.9986,49.59682,0.99974,0.89257,0.99284,0.99666,0.99814,99.35025,0.6,0.39,0.34,0.71,50.37,52.21,52.8,49.6,0.994,0.995,0.995,0.994,/tmpdir/crf_16.mpd,/videos/BigBuckBunny-2160.avi
3396,0.99338,0.40675,0.99858,49.50858,0.99973,0.89127,0.99262,0.99657,0.9981,99.25508,0.61,0.4,0.34,0.73,50.29,52.15,52.77,49.51,0.994,0.995,0.995,0.994,/tmpdir/crf_16.mpd,/videos/BigBuckBunny-2160.avi
3397,0.99566,0.33407,0.99874,50.06865,0.99978,0.89865,0.99495,0.9978,0.9988,99.73083,0.55,0.38,0.33,0.64,50.76,52.34,52.89,50.07,0.995,0.995,0.995,0.994,/tmpdir/crf_16.mpd,/videos/BigBuckBunny-2160.avi
3398,0.99395,0.33407,0.99859,49.56422,0.99973,0.89239,0.99263,0.99656,0.99807,99.32343,0.6,0.39,0.34,0.72,50.34,52.19,52.8,49.56,0.994,0.995,0.995,0.994,/tmpdir/crf_16.mpd,/videos/BigBuckBunny-2160.avi
3399,0.99402,0.42158,0.9986,49.59795,0.99974,0.89215,0.99264,0.99655,0.99804,99.37445,0.6,0.39,0.34,0.71,50.36,52.19,52.77,49.6,0.994,0.995,0.995,0.994,/tmpdir/crf_16.mpd,/videos/BigBuckBunny-2160.avi
3400,0.99335,0.42158,0.99856,49.49813,0.99973,0.89085,0.99235,0.99645,0.99804,99.24839,0.61,0.4,0.35,0.73,50.27,52.12,52.73,49.5,0.994,0.995,0.995,0.994,/tmpdir/crf_16.mpd,/videos/BigBuckBunny-2160.avi
3401,0.99551,0.35093,0.99873,50.0356,0.99978,0.89818,0.99493,0.99778,0.99875,99.70714,0.55,0.38,0.34,0.64,50.73,52.31,52.87,50.04,0.995,0.995,0.995,0.994,/tmpdir/crf_16.mpd,/videos/BigBuckBunny-2160.avi
3402,0.99354,0.35093,0.99859,49.54759,0.99973,0.89193,0.99248,0.99644,0.99797,99.24699,0.6,0.39,0.34,0.72,50.32,52.17,52.78,49.55,0.994,0.995,0.995,0.994,/tmpdir/crf_16.mpd,/videos/BigBuckBunny-2160.avi
3403,0.99382,0.40842,0.99859,49.59715,0.99973,0.89255,0.99244,0.9964,0.99793,99.32263,0.6,0.39,0.34,0.71,50.36,52.17,52.77,49.6,0.994,0.995,0.995,0.994,/tmpdir/crf_16.mpd,/videos/BigBuckBunny-2160.avi
3404,0.99329,0.40842,0.99854,49.44047,0.99972,0.89013,0.99206,0.99624,0.99785,99.2107,0.62,0.4,0.35,0.74,50.22,52.08,52.7,49.44,0.994,0.995,0.995,0.994,/tmpdir/crf_16.mpd,/videos/BigBuckBunny-2160.avi
3405,0.99494,0.47599,0.99867,49.87168,0.99977,0.89564,0.99441,0.99749,0.99857,99.63513,0.57,0.39,0.34,0.67,50.59,52.23,52.8,49.87,0.994,0.995,0.995,0.994,/tmpdir/crf_16.mpd,/videos/BigBuckBunny-2160.avi
3406,0.99335,0.47599,0.99854,49.4245,0.99972,0.88978,0.99208,0.99623,0.99781,99.25018,0.62,0.4,0.35,0.74,50.2,52.06,52.68,49.42,0.994,0.995,0.995,0.994,/tmpdir/crf_16.mpd,/videos/BigBuckBunny-2160.avi
3407,0.99352,0.40734,0.99854,49.41081,0.99972,0.88877,0.99206,0.99615,0.99769,99.23372,0.62,0.4,0.35,0.74,50.19,52.06,52.67,49.41,0.994,0.995,0.995,0.994,/tmpdir/crf_16.mpd,/videos/BigBuckBunny-2160.avi
3408,0.99315,0.40734,0.99847,49.23203,0.99971,0.88618,0.99165,0.99606,0.99771,99.15885,0.65,0.41,0.36,0.78,50.03,51.97,52.61,49.23,0.994,0.995,0.995,0.994,/tmpdir/crf_16.mpd,/videos/BigBuckBunny-2160.avi
3409,0.99499,0.49084,0.99857,49.61903,0.99975,0.89174,0.99342,0.99702,0.9983,99.60873,0.6,0.4,0.35,0.71,50.36,52.09,52.71,49.62,0.994,0.995,0.995,0.994,/tmpdir/crf_16.mpd,/videos/BigBuckBunny-2160.avi
3410,0.99363,1.99133,0.99852,49.49686,0.99971,0.88956,0.992,0.99629,0.99793,100.0,0.62,0.41,0.36,0.73,50.23,51.95,52.54,49.5,0.994,0.995,0.995,0.994,/tmpdir/crf_16.mpd,/videos/BigBuckBunny-2160.avi
3411,0.99296,2.59956,0.99847,49.41836,0.9997,0.88832,0.99141,0.99584,0.99759,100.0,0.62,0.4,0.35,0.74,50.19,52.06,52.63,49.42,0.994,0.995,0.995,0.994,/tmpdir/crf_16.mpd,/videos/BigBuckBunny-2160.avi
3412,0.99509,2.59956,0.99862,49.92723,0.99977,0.89486,0.99335,0.99692,0.99829,100.0,0.56,0.39,0.34,0.66,50.63,52.21,52.79,49.93,0.994,0.995,0.995,0.994,/tmpdir/crf_16.mpd,/videos/BigBuckBunny-2160.avi
3413,0.99302,1.98289,0.99844,49.25169,0.99969,0.88742,0.99084,0.99555,0.99743,99.87479,0.64,0.41,0.36,0.77,50.04,51.99,52.57,49.25,0.994,0.995,0.995,0.994,/tmpdir/crf_16.mpd,/videos/BigBuckBunny-2160.avi
3414,0.99376,1.91525,0.99852,49.43063,0.99972,0.88987,0.99175,0.99599,0.99763,100.0,0.62,0.4,0.35,0.74,50.22,52.15,52.69,49.43,0.994,0.995,0.995,0.994,/tmpdir/crf_16.mpd,/videos/BigBuckBunny-2160.avi
3415,0.99353,1.6728,0.9985,49.3083,0.99972,0.88795,0.99154,0.99591,0.99759,99.83104,0.64,0.41,0.36,0.76,50.09,52.01,52.59,49.31,0.994,0.995,0.995,0.994,/tmpdir/crf_16.mpd,/videos/BigBuckBunny-2160.avi
3416,0.99511,1.6728,0.99869,49.91007,0.99978,0.89577,0.99414,0.99737,0.99854,100.0,0.56,0.39,0.34,0.66,50.61,52.22,52.76,49.91,0.994,0.995,0.995,0.994,/tmpdir/crf_16.mpd,/videos/BigBuckBunny-2160.avi
3417,0.99252,1.40764,0.99848,49.22905,0.99971,0.88669,0.99109,0.9957,0.9975,99.50662,0.65,0.42,0.37,0.78,50.01,51.89,52.47,49.23,0.994,0.995,0.995,0.994,/tmpdir/crf_16.mpd,/videos/BigBuckBunny-2160.avi
3418,0.99337,1.10479,0.99855,49.39231,0.99973,0.88862,0.99196,0.9962,0.99786,99.55099,0.63,0.41,0.36,0.75,50.16,51.98,52.6,49.39,0.994,0.995,0.995,0.994,/tmpdir/crf_16.mpd,/videos/BigBuckBunny-2160.avi
3419,0.99319,1.02399,0.9985,49.24693,0.99972,0.88618,0.99176,0.99615,0.99784,99.47061,0.65,0.42,0.36,0.77,50.03,51.91,52.51,49.25,0.994,0.995,0.995,0.994,/tmpdir/crf_16.mpd,/videos/BigBuckBunny-2160.avi
3420,0.99484,1.02399,0.99865,49.65755,0.99978,0.892,0.99409,0.99742,0.99861,99.86737,0.6,0.41,0.36,0.7,50.38,52.05,52.61,49.66,0.994,0.995,0.995,0.994,/tmpdir/crf_16.mpd,/videos/BigBuckBunny-2160.avi
3421,0.99297,1.41219,0.9985,49.21973,0.99973,0.88622,0.99148,0.99594,0.99764,99.60275,0.65,0.42,0.38,0.78,49.99,51.88,52.38,49.22,0.994,0.995,0.995,0.994,/tmpdir/crf_16.mpd,/videos/BigBuckBunny-2160.avi
3422,0.99236,1.41219,0.99844,49.00478,0.99971,0.88453,0.99103,0.99576,0.99755,99.47877,0.68,0.43,0.38,0.82,49.8,51.8,52.3,49.0,0.994,0.995,0.995,0.993,/tmpdir/crf_16.mpd,/videos/BigBuckBunny-2160.avi
3423,0.99464,1.4732,0.99859,49.57318,0.99977,0.89059,0.99366,0.99722,0.99846,100.0,0.61,0.41,0.36,0.72,50.31,52.05,52.58,49.57,0.994,0.995,0.995,0.994,/tmpdir/crf_16.mpd,/videos/BigBuckBunny-2160.avi
3424,0.99225,1.4732,0.99842,49.03417,0.9997,0.88372,0.99085,0.99572,0.99757,99.48742,0.68,0.43,0.38,0.81,49.83,51.8,52.34,49.03,0.994,0.995,0.995,0.993,/tmpdir/crf_16.mpd,/videos/BigBuckBunny-2160.avi
3425,0.99304,1.67574,0.99847,49.17721,0.99972,0.88459,0.99139,0.99596,0.99768,99.74449,0.66,0.43,0.38,0.79,49.95,51.84,52.34,49.18,0.994,0.995,0.995,0.993,/tmpdir/crf_16.mpd,/videos/BigBuckBunny-2160.avi
3426,0.99217,1.67574,0.99841,48.95917,0.99971,0.88188,0.99052,0.99553,0.99742,99.55263,0.69,0.45,0.39,0.83,49.74,51.64,52.2,48.96,0.994,0.995,0.995,0.993,/tmpdir/crf_16.mpd,/videos/BigBuckBunny-2160.avi
3427,0.99419,1.52989,0.99867,49.66856,0.99979,0.89227,0.99408,0.99744,0.99863,100.0,0.6,0.42,0.37,0.7,50.35,51.9,52.43,49.67,0.994,0.995,0.995,0.994,/tmpdir/crf_16.mpd,/videos/BigBuckBunny-2160.avi
3428,0.99226,1.52989,0.99847,49.14799,0.99971,0.88498,0.99117,0.99584,0.99763,99.52816,0.66,0.42,0.38,0.79,49.93,51.87,52.39,49.15,0.994,0.995,0.995,0.994,/tmpdir/crf_16.mpd,/videos/BigBuckBunny-2160.avi
3429,0.99303,1.08101,0.99853,49.27133,0.99973,0.8867,0.99159,0.99603,0.99773,99.46173,0.65,0.42,0.38,0.77,50.03,51.85,52.36,49.27,0.994,0.995,0.995,0.994,/tmpdir/crf_16.mpd,/videos/BigBuckBunny-2160.avi
3430,0.99245,1.08101,0.9985,49.19612,0.99972,0.88576,0.99143,0.99601,0.99775,99.35634,0.66,0.43,0.38,0.78,49.95,51.78,52.31,49.2,0.994,0.995,0.995,0.994,/tmpdir/crf_16.mpd,/videos/BigBuckBunny-2160.avi
3431,0.99464,1.35703,0.99871,49.76714,0.99979,0.89446,0.99431,0.99751,0.99862,100.0,0.59,0.42,0.37,0.69,50.42,51.89,52.41,49.77,0.994,0.995,0.995,0.994,/tmpdir/crf_16.mpd,/videos/BigBuckBunny-2160.avi
3432,0.99196,1.35703,0.9985,49.08654,0.99972,0.88569,0.99125,0.99581,0.99757,99.38698,0.67,0.44,0.39,0.8,49.86,51.74,52.26,49.09,0.994,0.995,0.995,0.994,/tmpdir/crf_16.mpd,/videos/BigBuckBunny-2160.avi
3433,0.99347,0.94729,0.99856,49.38498,0.99974,0.88881,0.99201,0.99624,0.99785,99.49478,0.63,0.42,0.37,0.75,50.13,51.94,52.42,49.38,0.994,0.995,0.995,0.994,/tmpdir/crf_16.mpd,/videos/BigBuckBunny-2160.avi
3434,0.99288,0.94729,0.99852,49.23586,0.99973,0.88691,0.99158,0.99602,0.99773,99.37125,0.65,0.43,0.38,0.78,49.99,51.79,52.32,49.24,0.994,0.995,0.995,0.994,/tmpdir/crf_16.mpd,/videos/BigBuckBunny-2160.avi
3435,0.9952,1.68132,0.99868,49.80814,0.99978,0.89431,0.99413,0.99742,0.99858,100.0,0.58,0.41,0.37,0.68,50.47,51.99,52.46,49.81,0.994,0.995,0.995,0.994,/tmpdir/crf_16.mpd,/videos/BigBuckBunny-2160.avi
3436,0.99262,2.11762,0.99856,49.34681,0.99974,0.88782,0.99175,0.99597,0.99757,99.89421,0.64,0.43,0.39,0.76,50.06,51.76,52.17,49.35,0.994,0.995,0.995,0.994,/tmpdir/crf_16.mpd,/videos/BigBuckBunny-2160.avi
3437,0.99245,2.06459,0.99851,49.12546,0.99972,0.88614,0.99115,0.99565,0.99741,99.81402,0.67,0.44,0.4,0.8,49.87,51.66,52.12,49.13,0.994,0.995,0.995,0.994,/tmpdir/crf_16.mpd,/videos/BigBuckBunny-2160.avi
3438,0.99479,1.73867,0.9987,49.87502,0.99978,0.89518,0.99415,0.99743,0.99858,100.0,0.58,0.41,0.37,0.67,50.53,52.03,52.47,49.88,0.994,0.995,0.995,0.994,/tmpdir/crf_16.mpd,/videos/BigBuckBunny-2160.avi
3439,0.99233,1.15608,0.99851,49.10699,0.99973,0.88396,0.99137,0.99593,0.9977,99.36152,0.67,0.44,0.4,0.8,49.86,51.73,52.13,49.11,0.994,0.995,0.995,0.994,/tmpdir/crf_16.mpd,/videos/BigBuckBunny-2160.avi
3440,0.99309,1.15608,0.99854,49.22696,0.99974,0.88509,0.99197,0.99621,0.9978,99.51302,0.65,0.43,0.39,0.78,49.98,51.82,52.23,49.23,0.994,0.995,0.995,0.994,/tmpdir/crf_16.mpd,/videos/BigBuckBunny-2160.avi
3441,0.99284,1.65485,0.99849,49.0064,0.99973,0.88202,0.99134,0.99591,0.99763,99.68697,0.69,0.45,0.41,0.82,49.76,51.61,52.04,49.01,0.994,0.994,0.995,0.993,/tmpdir/crf_16.mpd,/videos/BigBuckBunny-2160.avi
3442,0.99426,1.65485,0.99866,49.56411,0.99979,0.89006,0.99407,0.99744,0.9986,100.0,0.62,0.43,0.39,0.72,50.23,51.79,52.21,49.56,0.994,0.995,0.995,0.994,/tmpdir/crf_16.mpd,/videos/BigBuckBunny-2160.avi
3443,0.99288,1.37971,0.99852,49.14798,0.99974,0.88389,0.9916,0.99602,0.99769,99.57012,0.66,0.43,0.39,0.79,49.91,51.81,52.21,49.15,0.994,0.995,0.995,0.994,/tmpdir/crf_16.mpd,/videos/BigBuckBunny-2160.avi
3444,0.99327,1.37971,0.99856,49.22004,0.99975,0.88485,0.99215,0.9963,0.99786,99.65998,0.66,0.43,0.39,0.78,49.96,51.8,52.17,49.22,0.994,0.995,0.995,0.994,/tmpdir/crf_16.mpd,/videos/BigBuckBunny-2160.avi
3445,0.99284,1.29622,0.99851,49.08943,0.99973,0.88226,0.99182,0.99617,0.99781,99.5293,0.68,0.44,0.4,0.8,49.84,51.69,52.09,49.09,0.994,0.995,0.995,0.993,/tmpdir/crf_16.mpd,/videos/BigBuckBunny-2160.avi
3446,0.99417,1.29622,0.99863,49.45805,0.99978,0.88767,0.9938,0.99726,0.99849,99.85611,0.63,0.43,0.4,0.74,50.14,51.77,52.16,49.46,0.994,0.994,0.995,0.994,/tmpdir/crf_16.mpd,/videos/BigBuckBunny-2160.avi
3447,0.99231,1.60109,0.99846,48.86681,0.99971,0.88062,0.99094,0.99558,0.99738,99.53671,0.71,0.45,0.41,0.84,49.64,51.56,52.0,48.87,0.994,0.994,0.994,0.993,/tmpdir/crf_16.mpd,/videos/BigBuckBunny-2160.avi
3448,0.99298,1.75349,0.99852,49.1537,0.99974,0.88369,0.99196,0.99621,0.99784,99.7884,0.66,0.43,0.4,0.79,49.9,51.78,52.15,49.15,0.994,0.995,0.995,0.993,/tmpdir/crf_16.mpd,/videos/BigBuckBunny-2160.avi
3449,0.99303,1.2059,0.99849,49.03408,0.99974,0.88141,0.99154,0.99594,0.99766,99.50015,0.68,0.44,0.4,0.81,49.79,51.65,52.06,49.03,0.994,0.994,0.995,0.993,/tmpdir/crf_16.mpd,/videos/BigBuckBunny-2160.avi
3450,0.99447,1.2059,0.99862,49.44945,0.99979,0.88721,0.99377,0.99723,0.99847,99.8622,0.63,0.43,0.39,0.74,50.15,51.83,52.21,49.45,0.994,0.995,0.995,0.994,/tmpdir/crf_16.mpd,/videos/BigBuckBunny-2160.avi
3451,0.9929,1.39539,0.9985,49.0568,0.99975,0.88171,0.99171,0.99605,0.99772,99.57752,0.68,0.44,0.41,0.81,49.8,51.66,52.03,49.06,0.994,0.994,0.994,0.993,/tmpdir/crf_16.mpd,/videos/BigBuckBunny-2160.avi
3452,0.99257,1.39539,0.99846,48.88546,0.99972,0.88111,0.99133,0.99581,0.99756,99.49975,0.71,0.45,0.41,0.84,49.65,51.56,51.95,48.89,0.994,0.994,0.994,0.993,/tmpdir/crf_16.mpd,/videos/BigBuckBunny-2160.avi
3453,0.99449,1.39475,0.9986,49.44517,0.99978,0.88724,0.99379,0.99732,0.9986,99.96771,0.63,0.42,0.39,0.74,50.15,51.87,52.24,49.45,0.994,0.995,0.995,0.994,/tmpdir/crf_16.mpd,/videos/BigBuckBunny-2160.avi
3454,0.99339,1.39475,0.99854,49.25182,0.99975,0.88447,0.99238,0.99643,0.99798,99.70026,0.65,0.44,0.4,0.77,49.97,51.74,52.11,49.25,0.994,0.994,0.995,0.993,/tmpdir/crf_16.mpd,/videos/BigBuckBunny-2160.avi
3455,0.99298,1.4574,0.99847,49.02146,0.99972,0.88152,0.99176,0.99613,0.9978,99.62893,0.69,0.45,0.41,0.81,49.77,51.63,52.02,49.02,0.994,0.994,0.994,0.993,/tmpdir/crf_16.mpd,/videos/BigBuckBunny-2160.avi
3456,0.99418,1.4574,0.99853,49.2359,0.99976,0.88393,0.99349,0.99721,0.99854,99.92891,0.66,0.44,0.4,0.78,49.95,51.71,52.08,49.24,0.994,0.994,0.994,0.993,/tmpdir/crf_16.mpd,/videos/BigBuckBunny-2160.avi
3457,0.99637,1.18597,0.99915,51.72762,0.99983,0.92695,0.99692,0.99869,0.99931,100.0,0.38,0.28,0.26,0.44,52.31,53.66,53.93,51.73,0.996,0.996,0.996,0.996,/tmpdir/crf_16.mpd,/videos/BigBuckBunny-2160.avi
3458,0.99338,1.18597,0.99879,50.18675,0.99976,0.90545,0.99334,0.99677,0.99811,99.67535,0.52,0.31,0.3,0.62,50.99,53.15,53.33,50.19,0.995,0.996,0.996,0.995,/tmpdir/crf_16.mpd,/videos/BigBuckBunny-2160.avi
3459,0.99281,1.69893,0.99866,49.71874,0.99973,0.89804,0.99239,0.99634,0.99789,99.77823,0.57,0.35,0.32,0.69,50.54,52.7,53.05,49.72,0.995,0.996,0.996,0.994,/tmpdir/crf_16.mpd,/videos/BigBuckBunny-2160.avi
3460,0.99413,1.69893,0.99869,49.87665,0.99976,0.89891,0.99337,0.99692,0.9983,100.0,0.56,0.34,0.32,0.67,50.68,52.75,53.12,49.88,0.995,0.996,0.996,0.994,/tmpdir/crf_16.mpd,/videos/BigBuckBunny-2160.avi
3461,0.99273,3.5776,0.99847,49.28627,0.99968,0.88883,0.99076,0.99565,0.99759,100.0,0.63,0.37,0.34,0.77,50.14,52.42,52.77,49.29,0.994,0.995,0.995,0.994,/tmpdir/crf_16.mpd,/videos/BigBuckBunny-2160.avi
3462,0.99266,3.5776,0.99846,49.27781,0.9997,0.88688,0.99077,0.99561,0.99754,100.0,0.63,0.38,0.35,0.77,50.12,52.36,52.71,49.28,0.994,0.995,0.995,0.994,/tmpdir/crf_16.mpd,/videos/BigBuckBunny-2160.avi
3463,0.9928,3.5572,0.99837,49.16388,0.99966,0.88322,0.99038,0.99539,0.99735,100.0,0.65,0.38,0.36,0.79,50.01,52.28,52.61,49.16,0.994,0.995,0.995,0.993,/tmpdir/crf_16.mpd,/videos/BigBuckBunny-2160.avi
3464,0.99441,2.69314,0.99857,49.80283,0.9997,0.8938,0.99353,0.99714,0.99848,100.0,0.57,0.37,0.33,0.68,50.58,52.5,53.01,49.8,0.994,0.995,0.995,0.994,/tmpdir/crf_16.mpd,/videos/BigBuckBunny-2160.avi
3465,0.99311,1.93469,0.99846,49.36283,0.99965,0.88858,0.99155,0.99601,0.99774,99.90179,0.62,0.4,0.33,0.75,50.18,52.16,52.89,49.36,0.994,0.995,0.995,0.994,/tmpdir/crf_16.mpd,/videos/BigBuckBunny-2160.avi
3466,0.99364,1.93469,0.99852,49.55292,0.99967,0.89123,0.99227,0.99645,0.99806,100.0,0.6,0.38,0.33,0.72,50.36,52.33,53.0,49.55,0.994,0.995,0.995,0.994,/tmpdir/crf_16.mpd,/videos/BigBuckBunny-2160.avi
3467,0.9934,1.70438,0.99844,49.28481,0.99965,0.88906,0.99124,0.99587,0.99761,99.82686,0.64,0.41,0.34,0.77,50.1,52.04,52.79,49.28,0.994,0.995,0.995,0.994,/tmpdir/crf_16.mpd,/videos/BigBuckBunny-2160.avi
3468,0.99482,1.70438,0.99861,49.86597,0.99972,0.89772,0.99401,0.99742,0.99863,100.0,0.56,0.38,0.32,0.67,50.62,52.33,53.05,49.87,0.995,0.995,0.995,0.994,/tmpdir/crf_16.mpd,/videos/BigBuckBunny-2160.avi
3469,0.9925,1.69392,0.99841,49.27677,0.99966,0.88797,0.99083,0.9956,0.99739,99.6372,0.64,0.41,0.34,0.77,50.08,51.98,52.76,49.28,0.994,0.995,0.995,0.994,/tmpdir/crf_16.mpd,/videos/BigBuckBunny-2160.avi
3470,0.99336,1.69392,0.99843,49.35568,0.99967,0.88858,0.9915,0.99598,0.99768,99.82176,0.63,0.41,0.35,0.75,50.14,51.96,52.71,49.36,0.994,0.995,0.995,0.994,/tmpdir/crf_16.mpd,/videos/BigBuckBunny-2160.avi
3471,0.99269,1.61324,0.99836,49.21291,0.99965,0.88542,0.99098,0.99577,0.99762,99.64313,0.65,0.41,0.35,0.78,50.03,52.01,52.72,49.21,0.994,0.995,0.995,0.993,/tmpdir/crf_16.mpd,/videos/BigBuckBunny-2160.avi
3472,0.99484,1.61324,0.99854,49.69334,0.99972,0.89231,0.99412,0.99755,0.99874,100.0,0.59,0.4,0.34,0.7,50.44,52.14,52.81,49.69,0.994,0.995,0.995,0.994,/tmpdir/crf_16.mpd,/videos/BigBuckBunny-2160.avi
3473,0.99235,1.38804,0.99834,49.08742,0.99964,0.88339,0.99087,0.99578,0.99764,99.46929,0.67,0.42,0.36,0.8,49.9,51.88,52.55,49.09,0.994,0.995,0.995,0.993,/tmpdir/crf_16.mpd,/videos/BigBuckBunny-2160.avi
3474,0.99327,1.38804,0.99841,49.24838,0.99966,0.88565,0.99173,0.99617,0.99786,99.66236,0.65,0.42,0.36,0.77,50.03,51.9,52.56,49.25,0.994,0.995,0.995,0.993,/tmpdir/crf_16.mpd,/videos/BigBuckBunny-2160.avi
3475,0.99277,1.60143,0.99834,49.11945,0.99964,0.88338,0.99102,0.99574,0.99754,99.6415,0.66,0.43,0.36,0.8,49.92,51.82,52.51,49.12,0.994,0.995,0.995,0.993,/tmpdir/crf_16.mpd,/videos/BigBuckBunny-2160.avi
3476,0.9952,1.60143,0.99853,49.71122,0.99971,0.89175,0.99409,0.9975,0.99869,100.0,0.59,0.4,0.34,0.69,50.45,52.16,52.79,49.71,0.994,0.995,0.995,0.994,/tmpdir/crf_16.mpd,/videos/BigBuckBunny-2160.avi
3477,0.99277,1.68014,0.99835,49.13022,0.99964,0.88428,0.99087,0.99568,0.99751,99.67799,0.66,0.42,0.36,0.79,49.94,51.93,52.53,49.13,0.994,0.995,0.995,0.993,/tmpdir/crf_16.mpd,/videos/BigBuckBunny-2160.avi
3478,0.99369,1.68014,0.99844,49.39478,0.99966,0.88813,0.99174,0.99607,0.99772,99.87689,0.63,0.41,0.35,0.75,50.17,51.99,52.64,49.39,0.994,0.995,0.995,0.994,/tmpdir/crf_16.mpd,/videos/BigBuckBunny-2160.avi
3479,0.99308,1.94349,0.9984,49.26548,0.99965,0.88712,0.99126,0.99585,0.99761,99.88448,0.64,0.42,0.36,0.77,50.04,51.87,52.55,49.27,0.994,0.995,0.995,0.994,/tmpdir/crf_16.mpd,/videos/BigBuckBunny-2160.avi
3480,0.99546,1.94349,0.99861,49.96705,0.99971,0.8969,0.99423,0.99749,0.99865,100.0,0.56,0.4,0.34,0.66,50.65,52.12,52.78,49.97,0.994,0.995,0.995,0.994,/tmpdir/crf_16.mpd,/videos/BigBuckBunny-2160.avi
3481,0.99301,1.46504,0.99841,49.34394,0.99964,0.88907,0.99125,0.99587,0.99761,99.63937,0.63,0.41,0.35,0.76,50.13,52.05,52.65,49.34,0.994,0.995,0.995,0.994,/tmpdir/crf_16.mpd,/videos/BigBuckBunny-2160.avi
3482,0.9932,1.46504,0.99844,49.44894,0.99965,0.89001,0.99164,0.99607,0.99777,99.69214,0.62,0.4,0.35,0.74,50.22,52.06,52.67,49.45,0.994,0.995,0.995,0.994,/tmpdir/crf_16.mpd,/videos/BigBuckBunny-2160.avi
3483,0.99321,0.86603,0.99842,49.39624,0.99964,0.88884,0.99158,0.99601,0.9977,99.39265,0.62,0.41,0.35,0.75,50.18,52.04,52.69,49.4,0.994,0.995,0.995,0.994,/tmpdir/crf_16.mpd,/videos/BigBuckBunny-2160.avi
3484,0.99532,0.86603,0.99861,50.01155,0.9997,0.89696,0.99451,0.99767,0.99877,99.90903,0.55,0.39,0.34,0.65,50.7,52.25,52.85,50.01,0.994,0.995,0.995,0.994,/tmpdir/crf_16.mpd,/videos/BigBuckBunny-2160.avi
3485,0.99297,0.93363,0.99843,49.44888,0.99964,0.89005,0.99142,0.99586,0.99761,99.37557,0.62,0.4,0.35,0.74,50.22,52.08,52.7,49.45,0.994,0.995,0.995,0.994,/tmpdir/crf_16.mpd,/videos/BigBuckBunny-2160.avi
3486,0.99393,0.82742,0.99846,49.55139,0.99965,0.89087,0.99211,0.99623,0.9978,99.52218,0.6,0.4,0.35,0.72,50.32,52.12,52.75,49.55,0.994,0.995,0.995,0.994,/tmpdir/crf_16.mpd,/videos/BigBuckBunny-2160.avi
3487,0.993,0.68658,0.99841,49.38622,0.99964,0.88852,0.99143,0.99582,0.99752,99.25308,0.63,0.41,0.35,0.75,50.17,52.05,52.7,49.39,0.994,0.995,0.995,0.994,/tmpdir/crf_16.mpd,/videos/BigBuckBunny-2160.avi
3488,0.9954,0.68658,0.99861,50.04361,0.9997,0.89718,0.99465,0.9977,0.99876,99.84062,0.55,0.38,0.34,0.64,50.73,52.29,52.87,50.04,0.994,0.995,0.995,0.994,/tmpdir/crf_16.mpd,/videos/BigBuckBunny-2160.avi
3489,0.99283,0.57752,0.99844,49.47039,0.99964,0.89022,0.99161,0.99596,0.99761,99.18557,0.61,0.4,0.35,0.73,50.25,52.15,52.72,49.47,0.994,0.995,0.995,0.994,/tmpdir/crf_16.mpd,/videos/BigBuckBunny-2160.avi
3490,0.99349,0.57752,0.9985,49.63325,0.99966,0.8925,0.99237,0.99637,0.99789,99.33966,0.59,0.39,0.35,0.71,50.39,52.18,52.75,49.63,0.994,0.995,0.995,0.994,/tmpdir/crf_16.mpd,/videos/BigBuckBunny-2160.avi
3491,0.99317,0.64753,0.99842,49.44043,0.99964,0.88965,0.99174,0.99603,0.99765,99.28137,0.62,0.4,0.35,0.74,50.22,52.08,52.69,49.44,0.994,0.995,0.995,0.994,/tmpdir/crf_16.mpd,/videos/BigBuckBunny-2160.avi
3492,0.9952,0.64753,0.99859,49.98448,0.9997,0.89653,0.99447,0.99762,0.99872,99.77795,0.56,0.38,0.34,0.65,50.69,52.29,52.84,49.98,0.994,0.995,0.995,0.994,/tmpdir/crf_16.mpd,/videos/BigBuckBunny-2160.avi
3493,0.99283,0.80303,0.99843,49.43259,0.99964,0.88965,0.9914,0.99581,0.99752,99.28135,0.62,0.4,0.35,0.74,50.21,52.1,52.67,49.43,0.994,0.995,0.995,0.994,/tmpdir/crf_16.mpd,/videos/BigBuckBunny-2160.avi
3494,0.99345,0.80303,0.99849,49.60579,0.99966,0.89238,0.99235,0.99638,0.99796,99.44375,0.6,0.4,0.35,0.71,50.36,52.14,52.73,49.61,0.994,0.995,0.995,0.994,/tmpdir/crf_16.mpd,/videos/BigBuckBunny-2160.avi
3495,0.99302,0.82792,0.99845,49.47586,0.99965,0.89023,0.99183,0.99607,0.99771,99.34851,0.61,0.4,0.35,0.73,50.24,52.08,52.67,49.48,0.994,0.995,0.995,0.994,/tmpdir/crf_16.mpd,/videos/BigBuckBunny-2160.avi
3496,0.99536,0.82792,0.99864,50.07681,0.99971,0.89798,0.99467,0.99769,0.99874,99.90076,0.55,0.38,0.34,0.64,50.76,52.29,52.85,50.08,0.994,0.995,0.995,0.994,/tmpdir/crf_16.mpd,/videos/BigBuckBunny-2160.avi
3497,0.99336,0.61165,0.99849,49.57017,0.99965,0.89177,0.99179,0.99598,0.99759,99.29871,0.6,0.4,0.35,0.72,50.32,52.1,52.67,49.57,0.994,0.995,0.995,0.994,/tmpdir/crf_16.mpd,/videos/BigBuckBunny-2160.avi
3498,0.99339,0.61165,0.99853,49.69195,0.99967,0.89368,0.99246,0.99634,0.99785,99.3374,0.59,0.4,0.35,0.7,50.43,52.14,52.71,49.69,0.994,0.995,0.995,0.994,/tmpdir/crf_16.mpd,/videos/BigBuckBunny-2160.avi
3499,0.99352,0.47839,0.99851,49.59089,0.99966,0.89205,0.99214,0.99617,0.99773,99.28043,0.6,0.4,0.35,0.71,50.33,52.07,52.69,49.59,0.994,0.995,0.995,0.994,/tmpdir/crf_16.mpd,/videos/BigBuckBunny-2160.avi
3500,0.99539,0.47839,0.99867,50.11337,0.99971,0.89892,0.99488,0.99778,0.99881,99.75077,0.54,0.38,0.34,0.63,50.78,52.29,52.84,50.11,0.995,0.995,0.995,0.994,/tmpdir/crf_16.mpd,/videos/BigBuckBunny-2160.avi
3501,0.99326,0.40613,0.99852,49.62492,0.99966,0.89308,0.99215,0.99623,0.99783,99.21243,0.6,0.4,0.35,0.71,50.36,52.1,52.67,49.62,0.994,0.995,0.995,0.994,/tmpdir/crf_16.mpd,/videos/BigBuckBunny-2160.avi
3502,0.99362,0.40613,0.99856,49.72168,0.99967,0.89473,0.99268,0.99652,0.998,99.30026,0.59,0.4,0.35,0.69,50.45,52.13,52.69,49.72,0.994,0.995,0.995,0.994,/tmpdir/crf_16.mpd,/videos/BigBuckBunny-2160.avi
3503,0.99368,0.34286,0.99852,49.61411,0.99966,0.89237,0.99243,0.99638,0.9979,99.26326,0.6,0.4,0.35,0.71,50.35,52.07,52.67,49.61,0.994,0.995,0.995,0.994,/tmpdir/crf_16.mpd,/videos/BigBuckBunny-2160.avi
3504,0.99527,0.34286,0.99864,49.98985,0.99971,0.89701,0.99466,0.99767,0.99873,99.65172,0.56,0.39,0.34,0.65,50.68,52.24,52.8,49.99,0.994,0.995,0.995,0.994,/tmpdir/crf_16.mpd,/videos/BigBuckBunny-2160.avi
3505,0.99348,0.37298,0.99851,49.55512,0.99966,0.89176,0.9922,0.99629,0.99786,99.23526,0.61,0.4,0.35,0.72,50.3,52.08,52.65,49.56,0.994,0.995,0.995,0.994,/tmpdir/crf_16.mpd,/videos/BigBuckBunny-2160.avi
3506,0.99386,0.37298,0.99854,49.64533,0.99967,0.89333,0.99252,0.99645,0.99795,99.31781,0.6,0.4,0.35,0.71,50.38,52.1,52.67,49.65,0.994,0.995,0.995,0.994,/tmpdir/crf_16.mpd,/videos/BigBuckBunny-2160.avi
3507,0.99304,0.49949,0.9985,49.54233,0.99966,0.89121,0.99224,0.99631,0.99782,99.21302,0.61,0.41,0.35,0.72,50.29,52.05,52.65,49.54,0.994,0.995,0.995,0.994,/tmpdir/crf_16.mpd,/videos/BigBuckBunny-2160.avi
3508,0.99496,0.49949,0.99861,49.88539,0.99971,0.89559,0.9944,0.99756,0.99865,99.65697,0.57,0.39,0.35,0.67,50.59,52.23,52.75,49.89,0.994,0.995,0.995,0.994,/tmpdir/crf_16.mpd,/videos/BigBuckBunny-2160.avi
3509,0.99294,0.52891,0.99848,49.45338,0.99966,0.89024,0.99184,0.99613,0.99774,99.19572,0.62,0.41,0.36,0.74,50.22,52.05,52.6,49.45,0.994,0.995,0.995,0.994,/tmpdir/crf_16.mpd,/videos/BigBuckBunny-2160.avi
3510,0.99352,0.52891,0.99849,49.50874,0.99967,0.89059,0.99228,0.99638,0.99789,99.31619,0.61,0.41,0.36,0.73,50.26,52.06,52.62,49.51,0.994,0.995,0.995,0.994,/tmpdir/crf_16.mpd,/videos/BigBuckBunny-2160.avi
3511,0.99324,0.78468,0.99841,49.32418,0.99965,0.88763,0.99168,0.99613,0.99778,99.36512,0.63,0.41,0.36,0.76,50.1,51.99,52.59,49.32,0.994,0.995,0.995,0.994,/tmpdir/crf_16.mpd,/videos/BigBuckBunny-2160.avi
3512,0.99479,0.8165,0.99852,49.64763,0.99969,0.89195,0.99389,0.99738,0.9986,99.75684,0.59,0.4,0.35,0.71,50.39,52.15,52.69,49.65,0.994,0.995,0.995,0.994,/tmpdir/crf_16.mpd,/videos/BigBuckBunny-2160.avi
3513,0.9929,1.70067,0.99838,49.24022,0.99965,0.88612,0.99125,0.99589,0.99764,99.7314,0.65,0.41,0.36,0.77,50.03,51.95,52.52,49.24,0.994,0.995,0.995,0.994,/tmpdir/crf_16.mpd,/videos/BigBuckBunny-2160.avi
3514,0.99364,1.70067,0.99842,49.32743,0.99966,0.8866,0.99191,0.99626,0.99791,99.89142,0.64,0.41,0.36,0.76,50.1,51.97,52.55,49.33,0.994,0.995,0.995,0.994,/tmpdir/crf_16.mpd,/videos/BigBuckBunny-2160.avi
3515,0.9932,1.21981,0.99831,49.09958,0.99964,0.88218,0.99108,0.99588,0.99766,99.53689,0.66,0.42,0.36,0.8,49.91,51.91,52.53,49.1,0.994,0.995,0.995,0.993,/tmpdir/crf_16.mpd,/videos/BigBuckBunny-2160.avi
3516,0.99482,1.21981,0.99846,49.52131,0.99969,0.8877,0.99362,0.9973,0.99859,99.9422,0.61,0.4,0.35,0.73,50.29,52.12,52.69,49.52,0.994,0.995,0.995,0.994,/tmpdir/crf_16.mpd,/videos/BigBuckBunny-2160.avi
3517,0.99288,1.39012,0.99826,49.06783,0.99962,0.88088,0.9908,0.99582,0.99771,99.56179,0.67,0.42,0.36,0.81,49.89,51.92,52.52,49.07,0.994,0.995,0.995,0.993,/tmpdir/crf_16.mpd,/videos/BigBuckBunny-2160.avi
3518,0.99417,1.39567,0.99836,49.35031,0.99965,0.88504,0.99175,0.9963,0.99799,99.83713,0.63,0.41,0.36,0.76,50.12,51.98,52.59,49.35,0.994,0.995,0.995,0.993,/tmpdir/crf_16.mpd,/videos/BigBuckBunny-2160.avi
3519,0.99343,2.76089,0.99827,49.30914,0.99962,0.88398,0.9904,0.99559,0.99756,100.0,0.64,0.41,0.36,0.76,50.09,51.96,52.6,49.31,0.994,0.995,0.995,0.993,/tmpdir/crf_16.mpd,/videos/BigBuckBunny-2160.avi
3520,0.9954,2.77896,0.99851,49.9392,0.99968,0.89368,0.99303,0.99699,0.99841,100.0,0.56,0.39,0.34,0.66,50.64,52.22,52.84,49.94,0.994,0.995,0.995,0.994,/tmpdir/crf_16.mpd,/videos/BigBuckBunny-2160.avi
3521,0.99353,2.48067,0.99824,49.27941,0.99962,0.88353,0.99022,0.9955,0.99745,100.0,0.64,0.41,0.36,0.77,50.07,51.96,52.61,49.28,0.994,0.995,0.995,0.993,/tmpdir/crf_16.mpd,/videos/BigBuckBunny-2160.avi
3522,0.99366,2.48067,0.9983,49.3024,0.99964,0.88198,0.99109,0.99591,0.99769,100.0,0.64,0.41,0.36,0.76,50.09,51.98,52.63,49.3,0.994,0.995,0.995,0.993,/tmpdir/crf_16.mpd,/videos/BigBuckBunny-2160.avi
3523,0.99244,2.55071,0.99811,48.85454,0.99961,0.87274,0.99009,0.99554,0.99751,100.0,0.7,0.43,0.36,0.85,49.71,51.84,52.52,48.85,0.993,0.995,0.995,0.992,/tmpdir/crf_16.mpd,/videos/BigBuckBunny-2160.avi
3524,0.99401,2.55071,0.99829,49.26131,0.99967,0.87828,0.99232,0.99674,0.99827,100.0,0.64,0.41,0.35,0.77,50.07,52.04,52.66,49.26,0.994,0.995,0.995,0.993,/tmpdir/crf_16.mpd,/videos/BigBuckBunny-2160.avi
3525,0.9931,4.22711,0.9982,49.172,0.99963,0.87902,0.99042,0.99567,0.99758,100.0,0.66,0.42,0.36,0.79,49.96,51.86,52.51,49.17,0.994,0.995,0.995,0.993,/tmpdir/crf_16.mpd,/videos/BigBuckBunny-2160.avi
3526,0.99523,4.71324,0.99841,49.74223,0.99967,0.88863,0.99221,0.99671,0.99832,100.0,0.58,0.4,0.35,0.69,50.46,52.08,52.75,49.74,0.994,0.995,0.995,0.994,/tmpdir/crf_16.mpd,/videos/BigBuckBunny-2160.avi
3527,0.99419,4.76529,0.99828,49.30238,0.99963,0.88431,0.99026,0.99556,0.99754,100.0,0.64,0.43,0.37,0.76,50.06,51.78,52.51,49.3,0.994,0.995,0.995,0.993,/tmpdir/crf_16.mpd,/videos/BigBuckBunny-2160.avi
3528,0.99376,4.68301,0.99829,49.24574,0.99964,0.88215,0.99074,0.99586,0.99773,100.0,0.65,0.43,0.37,0.77,50.0,51.75,52.45,49.25,0.994,0.995,0.995,0.993,/tmpdir/crf_16.mpd,/videos/BigBuckBunny-2160.avi
3529,0.99269,3.51028,0.99815,48.8313,0.99962,0.87436,0.9901,0.99552,0.99752,100.0,0.7,0.44,0.38,0.85,49.66,51.67,52.37,48.83,0.993,0.994,0.995,0.993,/tmpdir/crf_16.mpd,/videos/BigBuckBunny-2160.avi
3530,0.99414,3.51028,0.99829,49.25348,0.99966,0.87931,0.99224,0.99674,0.99831,100.0,0.65,0.42,0.36,0.77,50.03,51.85,52.53,49.25,0.994,0.995,0.995,0.993,/tmpdir/crf_16.mpd,/videos/BigBuckBunny-2160.avi
3531,0.99341,5.20761,0.9982,49.18238,0.99961,0.88081,0.98983,0.99537,0.99743,100.0,0.66,0.44,0.37,0.78,49.95,51.72,52.49,49.18,0.994,0.995,0.995,0.993,/tmpdir/crf_16.mpd,/videos/BigBuckBunny-2160.avi
3532,0.99449,5.20761,0.99834,49.54382,0.99963,0.88673,0.99089,0.99591,0.99782,100.0,0.61,0.42,0.35,0.72,50.28,51.89,52.67,49.54,0.994,0.995,0.995,0.994,/tmpdir/crf_16.mpd,/videos/BigBuckBunny-2160.avi
3533,0.99419,6.00644,0.99824,49.41888,0.99961,0.88416,0.99024,0.99557,0.99756,100.0,0.62,0.42,0.34,0.74,50.19,51.93,52.78,49.42,0.994,0.995,0.995,0.993,/tmpdir/crf_16.mpd,/videos/BigBuckBunny-2160.avi
3534,0.99503,6.00644,0.99837,49.72551,0.99965,0.88664,0.99242,0.99687,0.99842,100.0,0.58,0.39,0.33,0.69,50.48,52.17,52.94,49.73,0.994,0.995,0.995,0.994,/tmpdir/crf_16.mpd,/videos/BigBuckBunny-2160.avi
3535,0.99359,5.79353,0.99822,49.35136,0.9996,0.88235,0.98965,0.9952,0.99731,100.0,0.63,0.42,0.35,0.75,50.13,51.92,52.71,49.35,0.994,0.995,0.995,0.993,/tmpdir/crf_16.mpd,/videos/BigBuckBunny-2160.avi
3536,0.99407,5.79353,0.99829,49.50122,0.99961,0.8851,0.99031,0.99553,0.99755,100.0,0.61,0.41,0.34,0.73,50.26,52.0,52.75,49.5,0.994,0.995,0.995,0.994,/tmpdir/crf_16.mpd,/videos/BigBuckBunny-2160.avi
3537,0.99398,6.99556,0.99825,49.48309,0.99959,0.88658,0.99026,0.99539,0.99737,100.0,0.61,0.41,0.34,0.73,50.25,52.02,52.8,49.48,0.994,0.995,0.995,0.994,/tmpdir/crf_16.mpd,/videos/BigBuckBunny-2160.avi
3538,0.99541,6.99556,0.99844,49.98644,0.99965,0.89417,0.99258,0.9967,0.99821,100.0,0.55,0.38,0.32,0.65,50.71,52.3,53.02,49.99,0.994,0.995,0.995,0.994,/tmpdir/crf_16.mpd,/videos/BigBuckBunny-2160.avi
3539,0.9942,6.83355,0.99834,49.64149,0.99962,0.89054,0.99099,0.99573,0.99752,100.0,0.6,0.4,0.34,0.71,50.38,52.07,52.77,49.64,0.994,0.995,0.995,0.994,/tmpdir/crf_16.mpd,/videos/BigBuckBunny-2160.avi
3540,0.99392,6.83355,0.99832,49.49961,0.9996,0.88979,0.99075,0.99562,0.9975,100.0,0.61,0.41,0.35,0.73,50.25,52.0,52.66,49.5,0.994,0.995,0.995,0.994,/tmpdir/crf_16.mpd,/videos/BigBuckBunny-2160.avi
3541,0.99502,6.80989,0.99847,49.98675,0.99965,0.89516,0.99262,0.99673,0.99822,100.0,0.55,0.38,0.33,0.65,50.7,52.31,52.92,49.99,0.994,0.995,0.995,0.994,/tmpdir/crf_16.mpd,/videos/BigBuckBunny-2160.avi
3542,0.99471,6.80989,0.99837,49.72596,0.99962,0.89169,0.99118,0.99579,0.99751,100.0,0.58,0.39,0.34,0.69,50.46,52.17,52.78,49.73,0.994,0.995,0.995,0.994,/tmpdir/crf_16.mpd,/videos/BigBuckBunny-2160.avi
3543,0.99469,7.80732,0.99831,49.75397,0.99963,0.88977,0.99092,0.99572,0.99753,100.0,0.58,0.38,0.34,0.69,50.51,52.3,52.86,49.75,0.994,0.995,0.995,0.994,/tmpdir/crf_16.mpd,/videos/BigBuckBunny-2160.avi
3544,0.99633,7.80732,0.99851,50.38795,0.99968,0.8989,0.99301,0.99684,0.99825,100.0,0.5,0.34,0.31,0.59,51.1,52.81,53.26,50.39,0.995,0.996,0.996,0.994,/tmpdir/crf_16.mpd,/videos/BigBuckBunny-2160.avi
3545,0.99478,6.58848,0.9983,49.90921,0.99963,0.89219,0.99122,0.9958,0.99751,100.0,0.56,0.36,0.32,0.66,50.67,52.56,53.02,49.91,0.994,0.995,0.995,0.994,/tmpdir/crf_16.mpd,/videos/BigBuckBunny-2160.avi
3546,0.99497,6.58848,0.99839,50.02722,0.99967,0.89245,0.99194,0.99618,0.99778,100.0,0.54,0.35,0.32,0.65,50.78,52.65,53.1,50.03,0.994,0.995,0.996,0.994,/tmpdir/crf_16.mpd,/videos/BigBuckBunny-2160.avi
3547,0.99405,5.39485,0.99827,49.67946,0.99965,0.88591,0.99122,0.9959,0.9976,100.0,0.58,0.37,0.33,0.7,50.47,52.47,52.93,49.68,0.994,0.995,0.995,0.993,/tmpdir/crf_16.mpd,/videos/BigBuckBunny-2160.avi
3548,0.99516,5.39485,0.99855,50.35458,0.99971,0.89809,0.99297,0.9969,0.99833,100.0,0.51,0.34,0.31,0.6,51.08,52.85,53.19,50.35,0.995,0.996,0.996,0.994,/tmpdir/crf_16.mpd,/videos/BigBuckBunny-2160.avi
3549,0.99497,5.1101,0.99853,50.322,0.99968,0.90076,0.99233,0.9963,0.99779,100.0,0.51,0.34,0.32,0.6,51.04,52.8,53.11,50.32,0.995,0.996,0.996,0.994,/tmpdir/crf_16.mpd,/videos/BigBuckBunny-2160.avi
3550,0.99613,5.1101,0.99868,50.76083,0.99972,0.90609,0.99379,0.99714,0.99837,100.0,0.47,0.32,0.3,0.55,51.44,53.1,53.39,50.76,0.995,0.996,0.996,0.995,/tmpdir/crf_16.mpd,/videos/BigBuckBunny-2160.avi
3551,0.99513,3.32678,0.99847,50.23143,0.99966,0.89951,0.99206,0.99615,0.9977,100.0,0.52,0.35,0.32,0.62,50.95,52.73,53.03,50.23,0.995,0.996,0.995,0.994,/tmpdir/crf_16.mpd,/videos/BigBuckBunny-2160.avi
3552,0.99529,3.32678,0.99851,50.36615,0.99968,0.90059,0.99262,0.9965,0.99793,100.0,0.51,0.34,0.32,0.6,51.06,52.78,53.05,50.37,0.995,0.996,0.995,0.994,/tmpdir/crf_16.mpd,/videos/BigBuckBunny-2160.avi
3553,0.99478,2.05671,0.99831,49.98849,0.99964,0.89338,0.99198,0.99627,0.99782,100.0,0.55,0.35,0.33,0.65,50.74,52.7,52.94,49.99,0.994,0.996,0.995,0.994,/tmpdir/crf_16.mpd,/videos/BigBuckBunny-2160.avi
3554,0.99581,2.05671,0.99843,50.26278,0.99969,0.89484,0.99355,0.99724,0.99851,100.0,0.52,0.33,0.32,0.61,51.01,52.97,53.1,50.26,0.994,0.996,0.995,0.994,/tmpdir/crf_16.mpd,/videos/BigBuckBunny-2160.avi
3555,0.99485,4.58085,0.99835,50.11983,0.99964,0.89663,0.9921,0.99617,0.99771,100.0,0.53,0.34,0.32,0.63,50.87,52.83,53.05,50.12,0.994,0.996,0.995,0.994,/tmpdir/crf_16.mpd,/videos/BigBuckBunny-2160.avi
3556,0.99587,5.78551,0.99852,50.49874,0.99969,0.90273,0.99312,0.99671,0.99806,100.0,0.49,0.33,0.31,0.58,51.21,52.99,53.24,50.5,0.995,0.996,0.996,0.994,/tmpdir/crf_16.mpd,/videos/BigBuckBunny-2160.avi
3557,0.99509,6.91137,0.99845,50.41816,0.99964,0.90275,0.99308,0.99679,0.99819,100.0,0.5,0.32,0.3,0.59,51.16,53.02,53.36,50.42,0.995,0.996,0.996,0.994,/tmpdir/crf_16.mpd,/videos/BigBuckBunny-2160.avi
3558,0.99621,6.91137,0.9986,50.84741,0.99968,0.90757,0.99474,0.99769,0.99877,100.0,0.45,0.3,0.29,0.53,51.56,53.35,53.57,50.85,0.995,0.996,0.996,0.994,/tmpdir/crf_16.mpd,/videos/BigBuckBunny-2160.avi
3559,0.99535,5.15163,0.99853,50.65291,0.99962,0.9037,0.99339,0.99687,0.99817,100.0,0.48,0.33,0.3,0.56,51.34,52.98,53.3,50.65,0.995,0.996,0.996,0.994,/tmpdir/crf_16.mpd,/videos/BigBuckBunny-2160.avi
3560,0.99593,5.15163,0.99865,50.94105,0.99964,0.90724,0.99381,0.99705,0.99831,100.0,0.46,0.33,0.31,0.52,51.54,52.88,53.24,50.94,0.995,0.996,0.996,0.995,/tmpdir/crf_16.mpd,/videos/BigBuckBunny-2160.avi
3561,0.99606,3.10884,0.99866,50.83814,0.99965,0.9075,0.99404,0.99722,0.9984,100.0,0.47,0.36,0.32,0.54,51.42,52.62,53.14,50.84,0.995,0.995,0.996,0.995,/tmpdir/crf_16.mpd,/videos/BigBuckBunny-2160.avi
3562,0.99648,3.10884,0.99876,51.05185,0.9997,0.90996,0.99519,0.99789,0.99888,100.0,0.45,0.34,0.31,0.51,51.61,52.79,53.22,51.05,0.995,0.995,0.996,0.995,/tmpdir/crf_16.mpd,/videos/BigBuckBunny-2160.avi
3563,0.99592,1.02038,0.9987,50.64498,0.99968,0.90718,0.99453,0.99754,0.99866,100.0,0.49,0.37,0.32,0.56,51.23,52.4,53.04,50.64,0.995,0.995,0.995,0.995,/tmpdir/crf_16.mpd,/videos/BigBuckBunny-2160.avi
3564,0.99629,0.5665,0.99876,50.73448,0.99971,0.90886,0.99518,0.99787,0.99885,99.98868,0.48,0.36,0.33,0.55,51.31,52.53,53.0,50.73,0.995,0.995,0.995,0.995,/tmpdir/crf_16.mpd,/videos/BigBuckBunny-2160.avi
3565,0.9976,0.20139,0.99924,53.08902,0.99976,0.94322,0.99785,0.99907,0.9995,100.0,0.28,0.22,0.2,0.32,53.6,54.67,55.01,53.09,0.997,0.997,0.997,0.997,/tmpdir/crf_16.mpd,/videos/BigBuckBunny-2160.avi
3566,0.997,0.18936,0.99909,52.06609,0.99973,0.93235,0.99655,0.99847,0.99919,100.0,0.35,0.26,0.23,0.4,52.68,54.03,54.5,52.07,0.996,0.997,0.997,0.996,/tmpdir/crf_16.mpd,/videos/BigBuckBunny-2160.avi
3567,0.99633,0.13542,0.99898,51.53551,0.9997,0.92599,0.99555,0.99791,0.99886,99.85888,0.39,0.28,0.25,0.46,52.2,53.68,54.23,51.54,0.996,0.996,0.996,0.996,/tmpdir/crf_16.mpd,/videos/BigBuckBunny-2160.avi
3568,0.99654,0.13542,0.99897,51.50682,0.99972,0.92455,0.99586,0.99813,0.999,99.90614,0.39,0.28,0.25,0.46,52.17,53.65,54.18,51.51,0.996,0.996,0.996,0.996,/tmpdir/crf_16.mpd,/videos/BigBuckBunny-2160.avi
3569,0.99618,0.13024,0.99891,51.20295,0.9997,0.92059,0.99503,0.99763,0.99865,99.78873,0.42,0.3,0.26,0.49,51.87,53.33,53.98,51.2,0.996,0.996,0.996,0.996,/tmpdir/crf_16.mpd,/videos/BigBuckBunny-2160.avi
3570,0.99627,0.13024,0.99891,51.21005,0.99971,0.92008,0.99548,0.99794,0.99888,99.82666,0.42,0.3,0.26,0.49,51.87,53.3,53.94,51.21,0.996,0.996,0.996,0.996,/tmpdir/crf_16.mpd,/videos/BigBuckBunny-2160.avi
3571,0.99591,0.14106,0.99887,51.01612,0.99969,0.9175,0.99488,0.99763,0.99873,99.74066,0.44,0.32,0.27,0.51,51.68,53.08,53.77,51.02,0.996,0.996,0.996,0.996,/tmpdir/crf_16.mpd,/videos/BigBuckBunny-2160.avi
3572,0.99621,0.14106,0.99887,51.02182,0.9997,0.91726,0.99532,0.9979,0.9989,99.81074,0.44,0.32,0.28,0.51,51.68,53.06,53.74,51.02,0.996,0.996,0.996,0.995,/tmpdir/crf_16.mpd,/videos/BigBuckBunny-2160.avi
3573,0.99622,0.13379,0.99886,50.96316,0.99971,0.91631,0.99527,0.99789,0.99891,99.80633,0.45,0.33,0.28,0.52,51.61,52.98,53.64,50.96,0.996,0.996,0.996,0.995,/tmpdir/crf_16.mpd,/videos/BigBuckBunny-2160.avi
3574,0.99628,0.13379,0.99885,50.92072,0.99971,0.9157,0.99526,0.99791,0.99891,99.81586,0.45,0.33,0.28,0.53,51.57,52.95,53.58,50.92,0.996,0.996,0.996,0.995,/tmpdir/crf_16.mpd,/videos/BigBuckBunny-2160.avi
3575,0.99613,0.16259,0.9988,50.73098,0.99968,0.91431,0.99401,0.99719,0.99846,99.74616,0.47,0.34,0.29,0.55,51.39,52.77,53.45,50.73,0.995,0.996,0.996,0.995,/tmpdir/crf_16.mpd,/videos/BigBuckBunny-2160.avi
3576,0.99605,0.16259,0.9988,50.70448,0.99968,0.91409,0.99404,0.9972,0.99848,99.73333,0.48,0.35,0.3,0.55,51.36,52.73,53.43,50.7,0.995,0.996,0.996,0.995,/tmpdir/crf_16.mpd,/videos/BigBuckBunny-2160.avi
3577,0.99561,0.26467,0.99876,50.59037,0.99967,0.91148,0.99382,0.99713,0.99844,99.68835,0.49,0.36,0.3,0.57,51.25,52.62,53.34,50.59,0.995,0.995,0.996,0.995,/tmpdir/crf_16.mpd,/videos/BigBuckBunny-2160.avi
3578,0.99626,0.26467,0.99879,50.73534,0.9997,0.9132,0.99504,0.99782,0.99884,99.85577,0.47,0.34,0.3,0.55,51.38,52.76,53.37,50.74,0.995,0.995,0.996,0.995,/tmpdir/crf_16.mpd,/videos/BigBuckBunny-2160.avi
3579,0.99529,0.49497,0.9987,50.39246,0.99966,0.90874,0.9933,0.99683,0.99821,99.70499,0.51,0.36,0.31,0.59,51.07,52.56,53.21,50.39,0.995,0.995,0.996,0.995,/tmpdir/crf_16.mpd,/videos/BigBuckBunny-2160.avi
3580,0.9957,0.49497,0.9987,50.39488,0.99966,0.90894,0.99351,0.99696,0.99833,99.79077,0.51,0.36,0.31,0.59,51.07,52.55,53.18,50.39,0.995,0.995,0.996,0.995,/tmpdir/crf_16.mpd,/videos/BigBuckBunny-2160.avi
3581,0.9955,1.16187,0.99866,50.36712,0.99965,0.90738,0.99275,0.99648,0.99796,100.0,0.51,0.37,0.32,0.6,51.03,52.45,53.1,50.37,0.995,0.995,0.995,0.995,/tmpdir/crf_16.mpd,/videos/BigBuckBunny-2160.avi
3582,0.99606,1.20748,0.99873,50.66183,0.99969,0.90989,0.99399,0.99714,0.99833,100.0,0.48,0.36,0.31,0.56,51.28,52.6,53.17,50.66,0.995,0.995,0.995,0.995,/tmpdir/crf_16.mpd,/videos/BigBuckBunny-2160.avi
3583,0.99513,1.42078,0.99863,50.35227,0.99963,0.90722,0.99218,0.99601,0.99754,100.0,0.51,0.37,0.32,0.6,51.02,52.47,53.09,50.35,0.995,0.995,0.995,0.995,/tmpdir/crf_16.mpd,/videos/BigBuckBunny-2160.avi
3584,0.99592,1.42078,0.99868,50.5138,0.99965,0.90841,0.99265,0.99634,0.99784,100.0,0.5,0.36,0.31,0.58,51.16,52.54,53.16,50.51,0.995,0.995,0.996,0.995,/tmpdir/crf_16.mpd,/videos/BigBuckBunny-2160.avi
3585,0.9956,1.23829,0.99863,50.32207,0.99963,0.90541,0.9924,0.99625,0.99782,100.0,0.52,0.37,0.32,0.6,50.99,52.45,53.08,50.32,0.995,0.995,0.995,0.995,/tmpdir/crf_16.mpd,/videos/BigBuckBunny-2160.avi
3586,0.99604,1.23829,0.99878,50.81582,0.99971,0.91036,0.99443,0.99739,0.99851,100.0,0.47,0.35,0.31,0.54,51.41,52.65,53.23,50.82,0.995,0.995,0.996,0.995,/tmpdir/crf_16.mpd,/videos/BigBuckBunny-2160.avi
3587,0.99506,0.9204,0.99866,50.32222,0.99965,0.90613,0.99239,0.99609,0.99759,99.7954,0.52,0.37,0.32,0.6,51.0,52.48,53.09,50.32,0.995,0.995,0.995,0.995,/tmpdir/crf_16.mpd,/videos/BigBuckBunny-2160.avi
3588,0.99532,0.9204,0.9987,50.42135,0.99966,0.90764,0.99291,0.99642,0.99786,99.87231,0.51,0.36,0.32,0.59,51.08,52.53,53.12,50.42,0.995,0.995,0.995,0.995,/tmpdir/crf_16.mpd,/videos/BigBuckBunny-2160.avi
3589,0.99535,0.51398,0.99871,50.36963,0.99967,0.90666,0.99324,0.99669,0.99804,99.70283,0.51,0.36,0.31,0.6,51.05,52.52,53.16,50.37,0.995,0.995,0.995,0.995,/tmpdir/crf_16.mpd,/videos/BigBuckBunny-2160.avi
3590,0.99633,0.48507,0.99888,50.96714,0.99972,0.91393,0.99544,0.9979,0.99882,99.97424,0.46,0.35,0.3,0.52,51.55,52.71,53.31,50.97,0.995,0.995,0.996,0.995,/tmpdir/crf_16.mpd,/videos/BigBuckBunny-2160.avi
3591,0.99514,0.3469,0.99876,50.5117,0.99968,0.90889,0.9935,0.99681,0.99814,99.60554,0.5,0.36,0.31,0.58,51.16,52.54,53.2,50.51,0.995,0.995,0.996,0.995,/tmpdir/crf_16.mpd,/videos/BigBuckBunny-2160.avi
3592,0.99565,0.33832,0.99879,50.60381,0.99969,0.91016,0.99395,0.99708,0.99834,99.71789,0.49,0.36,0.31,0.57,51.24,52.59,53.23,50.6,0.995,0.995,0.996,0.995,/tmpdir/crf_16.mpd,/videos/BigBuckBunny-2160.avi
3593,0.99561,0.17651,0.99879,50.60997,0.99969,0.91,0.99405,0.99721,0.99845,99.64511,0.49,0.36,0.31,0.57,51.24,52.57,53.23,50.61,0.995,0.995,0.996,0.995,/tmpdir/crf_16.mpd,/videos/BigBuckBunny-2160.avi
3594,0.99643,0.17651,0.99888,50.98029,0.99972,0.91424,0.99555,0.99799,0.99887,99.85776,0.45,0.35,0.3,0.52,51.55,52.7,53.3,50.98,0.995,0.995,0.996,0.995,/tmpdir/crf_16.mpd,/videos/BigBuckBunny-2160.avi
3595,0.99549,0.13987,0.99881,50.65729,0.99969,0.91103,0.99389,0.99703,0.9983,99.59559,0.48,0.36,0.31,0.56,51.28,52.58,53.23,50.66,0.995,0.995,0.996,0.995,/tmpdir/crf_16.mpd,/videos/BigBuckBunny-2160.avi
3596,0.99572,0.13987,0.99882,50.69477,0.99969,0.91161,0.99409,0.99714,0.9984,99.64933,0.48,0.36,0.31,0.55,51.31,52.59,53.23,50.69,0.995,0.995,0.996,0.995,/tmpdir/crf_16.mpd,/videos/BigBuckBunny-2160.avi
3597,0.99562,0.14242,0.9988,50.6173,0.99969,0.90977,0.99404,0.99715,0.99841,99.62793,0.49,0.36,0.31,0.56,51.24,52.54,53.21,50.62,0.995,0.995,0.995,0.995,/tmpdir/crf_16.mpd,/videos/BigBuckBunny-2160.avi
3598,0.99626,0.14242,0.99886,50.86606,0.99972,0.91247,0.9954,0.99793,0.99887,99.80411,0.47,0.35,0.31,0.53,51.46,52.65,53.27,50.87,0.995,0.995,0.996,0.995,/tmpdir/crf_16.mpd,/videos/BigBuckBunny-2160.avi
3599,0.99541,0.14318,0.9988,50.58975,0.99969,0.90971,0.99379,0.997,0.99832,99.57917,0.49,0.36,0.31,0.57,51.22,52.53,53.18,50.59,0.995,0.995,0.996,0.995,/tmpdir/crf_16.mpd,/videos/BigBuckBunny-2160.avi
3600,0.99553,0.14318,0.9988,50.62037,0.99969,0.91033,0.99407,0.99716,0.99843,99.61501,0.49,0.36,0.31,0.56,51.24,52.53,53.17,50.62,0.995,0.995,0.995,0.995,/tmpdir/crf_16.mpd,/videos/BigBuckBunny-2160.avi
3601,0.99541,0.15308,0.99877,50.53183,0.99968,0.90845,0.99386,0.99706,0.99834,99.5838,0.5,0.37,0.31,0.58,51.16,52.46,53.15,50.53,0.995,0.995,0.995,0.995,/tmpdir/crf_16.mpd,/videos/BigBuckBunny-2160.avi
3602,0.99595,0.15308,0.99883,50.74967,0.99971,0.91065,0.99519,0.99783,0.99878,99.73862,0.48,0.36,0.31,0.55,51.35,52.57,53.2,50.75,0.995,0.995,0.995,0.995,/tmpdir/crf_16.mpd,/videos/BigBuckBunny-2160.avi
3603,0.99543,0.14907,0.99878,50.51644,0.99968,0.90833,0.99362,0.9969,0.99823,99.57199,0.5,0.37,0.32,0.58,51.15,52.44,53.12,50.52,0.995,0.995,0.995,0.995,/tmpdir/crf_16.mpd,/videos/BigBuckBunny-2160.avi
3604,0.99535,0.14907,0.99878,50.5278,0.99969,0.90882,0.99393,0.9971,0.99836,99.57373,0.5,0.37,0.32,0.58,51.15,52.44,53.1,50.53,0.995,0.995,0.995,0.995,/tmpdir/crf_16.mpd,/videos/BigBuckBunny-2160.avi
3605,0.995,0.14622,0.99875,50.43539,0.99968,0.9067,0.99364,0.99694,0.99822,99.48972,0.51,0.38,0.32,0.59,51.07,52.36,53.06,50.44,0.995,0.995,0.995,0.995,/tmpdir/crf_16.mpd,/videos/BigBuckBunny-2160.avi
3606,0.99564,0.14622,0.9988,50.62293,0.99971,0.90856,0.99499,0.99776,0.99875,99.66834,0.49,0.37,0.32,0.56,51.23,52.47,53.13,50.62,0.995,0.995,0.995,0.995,/tmpdir/crf_16.mpd,/videos/BigBuckBunny-2160.avi
3607,0.99492,0.14062,0.99875,50.40967,0.99968,0.90653,0.9935,0.99687,0.99821,99.46984,0.51,0.38,0.32,0.59,51.04,52.33,53.05,50.41,0.995,0.995,0.995,0.995,/tmpdir/crf_16.mpd,/videos/BigBuckBunny-2160.avi
3608,0.99519,0.14062,0.99875,50.38144,0.99968,0.90666,0.99373,0.99705,0.99837,99.53385,0.52,0.38,0.33,0.6,51.01,52.3,53.01,50.38,0.995,0.995,0.995,0.995,/tmpdir/crf_16.mpd,/videos/BigBuckBunny-2160.avi
3609,0.99467,0.1386,0.99871,50.28227,0.99968,0.90409,0.99328,0.99673,0.99808,99.40434,0.53,0.39,0.33,0.61,50.92,52.22,52.99,50.28,0.995,0.995,0.995,0.995,/tmpdir/crf_16.mpd,/videos/BigBuckBunny-2160.avi
3610,0.9953,0.1386,0.99875,50.43396,0.9997,0.90544,0.99458,0.99756,0.99864,99.58251,0.51,0.38,0.33,0.59,51.05,52.28,53.01,50.43,0.995,0.995,0.995,0.995,/tmpdir/crf_16.mpd,/videos/BigBuckBunny-2160.avi
3611,0.99449,0.12545,0.9987,50.23523,0.99968,0.90331,0.99309,0.9967,0.9981,99.36438,0.53,0.4,0.33,0.62,50.87,52.15,52.94,50.24,0.995,0.995,0.995,0.995,/tmpdir/crf_16.mpd,/videos/BigBuckBunny-2160.avi
3612,0.99444,0.12545,0.99869,50.20772,0.99967,0.90308,0.9932,0.99677,0.99816,99.35992,0.54,0.4,0.33,0.62,50.84,52.09,52.89,50.21,0.995,0.995,0.995,0.995,/tmpdir/crf_16.mpd,/videos/BigBuckBunny-2160.avi
3613,0.99423,0.11544,0.99864,50.05986,0.99967,0.90023,0.99277,0.99657,0.99806,99.29694,0.55,0.41,0.34,0.64,50.72,52.02,52.88,50.06,0.995,0.995,0.995,0.995,/tmpdir/crf_16.mpd,/videos/BigBuckBunny-2160.avi
3614,0.99475,0.11544,0.99867,50.13119,0.99969,0.90059,0.99379,0.9972,0.99845,99.43449,0.54,0.41,0.34,0.63,50.77,52.05,52.86,50.13,0.995,0.995,0.995,0.995,/tmpdir/crf_16.mpd,/videos/BigBuckBunny-2160.avi
3615,0.99389,0.11184,0.9986,49.90247,0.99966,0.89771,0.99224,0.99633,0.99791,99.21112,0.57,0.42,0.34,0.67,50.56,51.87,52.78,49.9,0.995,0.995,0.995,0.994,/tmpdir/crf_16.mpd,/videos/BigBuckBunny-2160.avi
3616,0.99371,0.11184,0.99857,49.79592,0.99966,0.89618,0.992,0.99623,0.99789,99.1683,0.58,0.43,0.35,0.68,50.47,51.78,52.73,49.8,0.994,0.995,0.995,0.994,/tmpdir/crf_16.mpd,/videos/BigBuckBunny-2160.avi
3617,0.99336,0.10411,0.99849,49.545,0.99964,0.89197,0.99117,0.99587,0.99768,99.06522,0.61,0.44,0.35,0.72,50.25,51.66,52.68,49.55,0.994,0.994,0.995,0.994,/tmpdir/crf_16.mpd,/videos/BigBuckBunny-2160.avi
3618,0.99327,0.10411,0.99844,49.3993,0.99964,0.88924,0.99109,0.99588,0.9977,99.04313,0.63,0.45,0.35,0.75,50.13,51.62,52.66,49.4,0.994,0.994,0.995,0.994,/tmpdir/crf_16.mpd,/videos/BigBuckBunny-2160.avi
3619,0.99236,0.13162,0.9983,48.9699,0.9996,0.88366,0.98901,0.99477,0.997,98.80049,0.69,0.46,0.36,0.82,49.77,51.52,52.62,48.97,0.994,0.994,0.995,0.994,/tmpdir/crf_16.mpd,/videos/BigBuckBunny-2160.avi
3620,0.99649,0.26846,0.99968,52.7654,0.99997,0.95569,0.99795,0.99901,0.99944,100.0,0.31,0.23,0.23,0.34,53.28,54.51,54.55,52.77,0.998,0.997,0.996,0.998,/tmpdir/crf_16.mpd,/videos/BigBuckBunny-2160.avi
3621,0.99631,0.19485,0.9996,52.23624,0.99994,0.95181,0.99757,0.99881,0.99931,100.0,0.34,0.26,0.24,0.39,52.79,54.03,54.28,52.24,0.997,0.997,0.996,0.998,/tmpdir/crf_16.mpd,/videos/BigBuckBunny-2160.avi
3622,0.99635,0.19485,0.99958,52.14409,0.99993,0.95102,0.99753,0.99878,0.9993,100.0,0.35,0.26,0.25,0.4,52.7,53.92,54.23,52.14,0.997,0.997,0.996,0.998,/tmpdir/crf_16.mpd,/videos/BigBuckBunny-2160.avi
3623,0.99603,0.28146,0.99956,51.95226,0.99993,0.94943,0.99742,0.99876,0.99931,100.0,0.37,0.28,0.25,0.41,52.51,53.67,54.13,51.95,0.997,0.997,0.996,0.997,/tmpdir/crf_16.mpd,/videos/BigBuckBunny-2160.avi
3624,0.99609,0.28146,0.99956,51.90669,0.99994,0.94869,0.99749,0.99882,0.99937,100.0,0.37,0.28,0.25,0.42,52.47,53.65,54.1,51.91,0.997,0.997,0.996,0.997,/tmpdir/crf_16.mpd,/videos/BigBuckBunny-2160.avi
3625,0.99595,0.22601,0.99951,51.60169,0.9999,0.94645,0.9972,0.99864,0.99922,99.95376,0.39,0.3,0.26,0.45,52.17,53.3,53.95,51.6,0.997,0.997,0.996,0.997,/tmpdir/crf_16.mpd,/videos/BigBuckBunny-2160.avi
3626,0.99605,0.22601,0.99951,51.61022,0.99991,0.94637,0.99734,0.99878,0.99936,99.98459,0.39,0.3,0.26,0.45,52.18,53.3,53.93,51.61,0.997,0.997,0.996,0.997,/tmpdir/crf_16.mpd,/videos/BigBuckBunny-2160.avi
3627,0.99592,0.24954,0.99951,51.53105,0.99992,0.94563,0.99734,0.99881,0.99939,99.97167,0.4,0.31,0.27,0.46,52.11,53.23,53.89,51.53,0.997,0.996,0.996,0.997,/tmpdir/crf_16.mpd,/videos/BigBuckBunny-2160.avi
3628,0.99613,0.24954,0.99954,51.64485,0.99993,0.94616,0.9975,0.99889,0.99944,100.0,0.39,0.3,0.26,0.45,52.21,53.31,53.92,51.64,0.997,0.997,0.996,0.997,/tmpdir/crf_16.mpd,/videos/BigBuckBunny-2160.avi
3629,0.9958,0.20373,0.99949,51.47618,0.99991,0.94504,0.99723,0.99872,0.99931,99.92095,0.41,0.31,0.27,0.46,52.05,53.17,53.86,51.48,0.997,0.996,0.996,0.997,/tmpdir/crf_16.mpd,/videos/BigBuckBunny-2160.avi
3630,0.99602,0.20347,0.99951,51.52188,0.99992,0.94518,0.99733,0.99877,0.99937,99.96557,0.4,0.31,0.27,0.46,52.09,53.18,53.84,51.52,0.997,0.996,0.996,0.997,/tmpdir/crf_16.mpd,/videos/BigBuckBunny-2160.avi
3631,0.99582,0.20347,0.9995,51.44051,0.99991,0.94456,0.99717,0.99865,0.99928,99.91806,0.41,0.32,0.27,0.47,52.01,53.1,53.81,51.44,0.997,0.996,0.996,0.997,/tmpdir/crf_16.mpd,/videos/BigBuckBunny-2160.avi
3632,0.99607,0.22012,0.99952,51.52705,0.99993,0.94506,0.99735,0.99875,0.99933,99.97915,0.4,0.31,0.27,0.46,52.09,53.17,53.84,51.53,0.997,0.996,0.996,0.997,/tmpdir/crf_16.mpd,/videos/BigBuckBunny-2160.avi
3633,0.99571,0.27415,0.99948,51.30362,0.9999,0.94362,0.99692,0.99846,0.99912,99.91011,0.42,0.33,0.27,0.48,51.88,52.94,53.74,51.3,0.997,0.996,0.996,0.997,/tmpdir/crf_16.mpd,/videos/BigBuckBunny-2160.avi
3634,0.99587,0.27415,0.99948,51.33395,0.9999,0.94372,0.99715,0.99865,0.99928,99.95587,0.42,0.33,0.27,0.48,51.91,52.97,53.75,51.33,0.997,0.996,0.996,0.997,/tmpdir/crf_16.mpd,/videos/BigBuckBunny-2160.avi
3635,0.99565,0.18522,0.99949,51.32271,0.99991,0.94353,0.99713,0.99864,0.99928,99.87413,0.42,0.33,0.28,0.48,51.89,52.93,53.74,51.32,0.997,0.996,0.996,0.997,/tmpdir/crf_16.mpd,/videos/BigBuckBunny-2160.avi
3636,0.99593,0.18522,0.99951,51.42159,0.99992,0.94405,0.99736,0.9988,0.99941,99.93949,0.41,0.32,0.27,0.47,51.98,53.02,53.77,51.42,0.997,0.996,0.996,0.997,/tmpdir/crf_16.mpd,/videos/BigBuckBunny-2160.avi
3637,0.99562,0.29504,0.99948,51.29406,0.9999,0.94326,0.99709,0.99864,0.99929,99.91904,0.42,0.33,0.28,0.48,51.86,52.88,53.71,51.29,0.997,0.996,0.996,0.997,/tmpdir/crf_16.mpd,/videos/BigBuckBunny-2160.avi
3638,0.99594,0.29555,0.99948,51.33065,0.9999,0.94344,0.9972,0.99872,0.99936,99.98442,0.42,0.33,0.28,0.48,51.89,52.92,53.72,51.33,0.997,0.996,0.996,0.997,/tmpdir/crf_16.mpd,/videos/BigBuckBunny-2160.avi
3639,0.99552,0.28219,0.99948,51.30366,0.99991,0.94319,0.99706,0.99858,0.9992,99.88728,0.42,0.34,0.28,0.48,51.86,52.87,53.7,51.3,0.997,0.996,0.996,0.997,/tmpdir/crf_16.mpd,/videos/BigBuckBunny-2160.avi
3640,0.99597,0.28219,0.9995,51.38156,0.99992,0.94355,0.99726,0.99872,0.99932,99.98039,0.42,0.33,0.28,0.47,51.94,52.96,53.72,51.38,0.997,0.996,0.996,0.997,/tmpdir/crf_16.mpd,/videos/BigBuckBunny-2160.avi
3641,0.99574,0.33908,0.99947,51.21892,0.9999,0.94244,0.99702,0.9986,0.99927,99.95479,0.43,0.35,0.28,0.49,51.77,52.75,53.62,51.22,0.997,0.996,0.996,0.997,/tmpdir/crf_16.mpd,/videos/BigBuckBunny-2160.avi
3642,0.99584,0.33908,0.99947,51.21229,0.9999,0.9424,0.99711,0.99865,0.99932,99.97777,0.43,0.35,0.28,0.49,51.77,52.75,53.62,51.21,0.997,0.996,0.996,0.997,/tmpdir/crf_16.mpd,/videos/BigBuckBunny-2160.avi
3643,0.99578,0.1988,0.99948,51.18894,0.99991,0.94188,0.99712,0.99867,0.99931,99.90133,0.43,0.35,0.28,0.49,51.75,52.72,53.6,51.19,0.997,0.996,0.996,0.997,/tmpdir/crf_16.mpd,/videos/BigBuckBunny-2160.avi
3644,0.99599,0.1988,0.9995,51.27872,0.99992,0.94233,0.99736,0.99882,0.99942,99.95248,0.43,0.34,0.28,0.48,51.83,52.82,53.63,51.28,0.997,0.996,0.996,0.997,/tmpdir/crf_16.mpd,/videos/BigBuckBunny-2160.avi
3645,0.99557,0.27098,0.99946,51.11531,0.9999,0.94132,0.99706,0.99863,0.99928,99.89161,0.44,0.35,0.29,0.5,51.68,52.63,53.57,51.12,0.997,0.996,0.996,0.997,/tmpdir/crf_16.mpd,/videos/BigBuckBunny-2160.avi
3646,0.9957,0.27098,0.99946,51.13476,0.9999,0.94151,0.99711,0.99865,0.9993,99.91597,0.44,0.35,0.29,0.5,51.7,52.69,53.57,51.13,0.997,0.996,0.996,0.997,/tmpdir/crf_16.mpd,/videos/BigBuckBunny-2160.avi
3647,0.99565,0.32423,0.99947,51.14832,0.99991,0.94158,0.99706,0.9986,0.99924,99.92709,0.44,0.35,0.29,0.5,51.7,52.66,53.57,51.15,0.997,0.996,0.996,0.997,/tmpdir/crf_16.mpd,/videos/BigBuckBunny-2160.avi
3648,0.99583,0.32423,0.99949,51.25278,0.99992,0.9422,0.99727,0.99873,0.99931,99.97047,0.43,0.34,0.28,0.49,51.81,52.79,53.63,51.25,0.997,0.996,0.996,0.997,/tmpdir/crf_16.mpd,/videos/BigBuckBunny-2160.avi
3649,0.99567,0.33006,0.99946,51.1238,0.9999,0.94126,0.99698,0.99853,0.99915,99.92341,0.44,0.35,0.29,0.5,51.68,52.63,53.57,51.12,0.997,0.996,0.995,0.997,/tmpdir/crf_16.mpd,/videos/BigBuckBunny-2160.avi
3650,0.99583,0.35719,0.99947,51.13523,0.99991,0.94139,0.997,0.99855,0.99919,99.96779,0.44,0.35,0.29,0.5,51.69,52.65,53.57,51.14,0.997,0.996,0.996,0.997,/tmpdir/crf_16.mpd,/videos/BigBuckBunny-2160.avi
3651,0.99552,0.26126,0.99946,51.06484,0.9999,0.94084,0.99696,0.99853,0.99921,99.86869,0.45,0.36,0.29,0.51,51.63,52.59,53.52,51.06,0.997,0.996,0.995,0.997,/tmpdir/crf_16.mpd,/videos/BigBuckBunny-2160.avi
3652,0.99569,0.26126,0.99949,51.18205,0.99992,0.94131,0.99723,0.99872,0.99935,99.91559,0.44,0.35,0.29,0.5,51.74,52.72,53.55,51.18,0.997,0.996,0.995,0.997,/tmpdir/crf_16.mpd,/videos/BigBuckBunny-2160.avi
3653,0.9955,0.21349,0.99946,51.02148,0.9999,0.94018,0.99691,0.99851,0.99921,99.84039,0.45,0.36,0.29,0.51,51.58,52.54,53.47,51.02,0.997,0.996,0.995,0.997,/tmpdir/crf_16.mpd,/videos/BigBuckBunny-2160.avi
3654,0.99563,0.21349,0.99946,51.05274,0.9999,0.94041,0.99707,0.99864,0.9993,99.87414,0.45,0.36,0.29,0.51,51.61,52.58,53.47,51.05,0.997,0.996,0.995,0.997,/tmpdir/crf_16.mpd,/videos/BigBuckBunny-2160.avi
3655,0.9955,0.24918,0.99946,51.03177,0.99991,0.94022,0.99697,0.99856,0.99923,99.85871,0.45,0.36,0.29,0.51,51.59,52.57,53.48,51.03,0.997,0.996,0.995,0.997,/tmpdir/crf_16.mpd,/videos/BigBuckBunny-2160.avi
3656,0.99572,0.24918,0.99949,51.1265,0.99992,0.94079,0.99721,0.9987,0.99933,99.91026,0.44,0.35,0.29,0.5,51.69,52.69,53.52,51.13,0.997,0.996,0.995,0.997,/tmpdir/crf_16.mpd,/videos/BigBuckBunny-2160.avi
3657,0.99546,0.24007,0.99946,51.0168,0.9999,0.93997,0.99681,0.99843,0.99914,99.83743,0.45,0.36,0.29,0.51,51.58,52.54,53.47,51.02,0.997,0.996,0.995,0.997,/tmpdir/crf_16.mpd,/videos/BigBuckBunny-2160.avi
3658,0.99556,0.24007,0.99946,51.04171,0.9999,0.94016,0.99696,0.99853,0.99922,99.864,0.45,0.36,0.29,0.51,51.61,52.61,53.47,51.04,0.997,0.996,0.995,0.997,/tmpdir/crf_16.mpd,/videos/BigBuckBunny-2160.avi
3659,0.99562,0.18819,0.99947,51.07321,0.99991,0.94025,0.99697,0.99855,0.99923,99.8532,0.45,0.36,0.29,0.51,51.63,52.61,53.49,51.07,0.997,0.996,0.995,0.997,/tmpdir/crf_16.mpd,/videos/BigBuckBunny-2160.avi
3660,0.99578,0.18819,0.99949,51.18744,0.99992,0.94105,0.99719,0.99865,0.99928,99.8913,0.44,0.35,0.29,0.49,51.74,52.73,53.53,51.19,0.997,0.996,0.995,0.997,/tmpdir/crf_16.mpd,/videos/BigBuckBunny-2160.avi
3661,0.99564,0.1227,0.99947,51.09212,0.99991,0.94039,0.99696,0.99854,0.99921,99.82601,0.44,0.35,0.29,0.51,51.65,52.64,53.51,51.09,0.997,0.996,0.995,0.997,/tmpdir/crf_16.mpd,/videos/BigBuckBunny-2160.avi
3662,0.99568,0.11729,0.99948,51.11746,0.99991,0.94055,0.99702,0.99858,0.99927,99.83522,0.44,0.35,0.29,0.5,51.68,52.69,53.52,51.12,0.997,0.996,0.995,0.997,/tmpdir/crf_16.mpd,/videos/BigBuckBunny-2160.avi
3663,0.99557,0.06066,0.99948,51.13585,0.99991,0.94073,0.99701,0.99855,0.99922,99.78627,0.44,0.35,0.29,0.5,51.7,52.69,53.53,51.14,0.997,0.996,0.995,0.997,/tmpdir/crf_16.mpd,/videos/BigBuckBunny-2160.avi
3664,0.99583,0.05771,0.9995,51.22195,0.99992,0.94131,0.9972,0.99865,0.99927,99.84099,0.43,0.34,0.29,0.49,51.77,52.77,53.55,51.22,0.997,0.996,0.995,0.997,/tmpdir/crf_16.mpd,/videos/BigBuckBunny-2160.avi
3665,0.99556,0.02109,0.99949,51.16805,0.99992,0.94095,0.99702,0.99852,0.99915,99.76289,0.44,0.35,0.29,0.5,51.73,52.73,53.55,51.17,0.997,0.996,0.995,0.997,/tmpdir/crf_16.mpd,/videos/BigBuckBunny-2160.avi
3666,0.99574,0.0172,0.99949,51.17385,0.99992,0.94097,0.99704,0.99854,0.99918,99.79723,0.44,0.35,0.29,0.5,51.73,52.74,53.55,51.17,0.997,0.996,0.995,0.997,/tmpdir/crf_16.mpd,/videos/BigBuckBunny-2160.avi
3667,0.99566,0.01122,0.99949,51.17365,0.99992,0.94097,0.99706,0.99855,0.99918,99.7792,0.44,0.35,0.29,0.5,51.73,52.73,53.55,51.17,0.997,0.996,0.995,0.997,/tmpdir/crf_16.mpd,/videos/BigBuckBunny-2160.avi
3668,0.99576,0.01122,0.99949,51.18932,0.99992,0.94111,0.99716,0.99861,0.99922,99.80175,0.43,0.34,0.29,0.49,51.75,52.76,53.55,51.19,0.997,0.996,0.995,0.997,/tmpdir/crf_16.mpd,/videos/BigBuckBunny-2160.avi
3669,0.99556,0.02364,0.99949,51.16373,0.99992,0.94096,0.99705,0.99853,0.99916,99.76486,0.44,0.35,0.29,0.5,51.73,52.74,53.56,51.16,0.997,0.996,0.995,0.997,/tmpdir/crf_16.mpd,/videos/BigBuckBunny-2160.avi
3670,0.99564,0.03269,0.99949,51.15907,0.99992,0.94092,0.99707,0.99856,0.99919,99.78723,0.44,0.35,0.29,0.5,51.72,52.73,53.55,51.16,0.997,0.996,0.995,0.997,/tmpdir/crf_16.mpd,/videos/BigBuckBunny-2160.avi
3671,0.9955,0.0446,0.99949,51.15438,0.99992,0.94087,0.99708,0.99858,0.99921,99.76896,0.44,0.35,0.29,0.5,51.72,52.73,53.55,51.15,0.997,0.996,0.995,0.997,/tmpdir/crf_16.mpd,/videos/BigBuckBunny-2160.avi
3672,0.99573,0.0446,0.99949,51.18614,0.99992,0.94104,0.99717,0.99863,0.99925,99.81478,0.44,0.35,0.29,0.49,51.74,52.75,53.56,51.19,0.997,0.996,0.995,0.997,/tmpdir/crf_16.mpd,/videos/BigBuckBunny-2160.avi
3673,0.99512,0.06524,0.9995,50.62717,0.99995,0.93085,0.99715,0.99867,0.99927,99.67919,0.51,0.41,0.38,0.56,51.08,52.04,52.28,50.63,0.996,0.995,0.994,0.997,/tmpdir/crf_16.mpd,/videos/BigBuckBunny-2160.avi
3674,0.9948,0.06524,0.99948,50.48879,0.99994,0.92943,0.99693,0.99855,0.9992,99.60971,0.52,0.42,0.39,0.58,50.96,51.95,52.24,50.49,0.996,0.995,0.994,0.997,/tmpdir/crf_16.mpd,/videos/BigBuckBunny-2160.avi
3675,0.99486,0.05036,0.99947,50.43229,0.99994,0.92867,0.99696,0.99859,0.99924,99.61439,0.53,0.42,0.39,0.59,50.91,51.89,52.21,50.43,0.996,0.995,0.994,0.997,/tmpdir/crf_16.mpd,/videos/BigBuckBunny-2160.avi
3676,0.99473,0.05036,0.99946,50.40449,0.99994,0.92838,0.99692,0.99857,0.99922,99.58696,0.53,0.42,0.39,0.59,50.88,51.87,52.2,50.4,0.996,0.995,0.994,0.997,/tmpdir/crf_16.mpd,/videos/BigBuckBunny-2160.avi
3677,0.9949,0.03532,0.99947,50.40805,0.99994,0.92826,0.99701,0.99863,0.99927,99.61716,0.53,0.42,0.39,0.59,50.88,51.86,52.19,50.41,0.996,0.995,0.994,0.997,/tmpdir/crf_16.mpd,/videos/BigBuckBunny-2160.avi
3678,0.99467,0.03532,0.99946,50.36681,0.99994,0.92789,0.99691,0.99858,0.99924,99.57082,0.54,0.43,0.39,0.6,50.85,51.83,52.18,50.37,0.996,0.995,0.994,0.997,/tmpdir/crf_16.mpd,/videos/BigBuckBunny-2160.avi
3679,0.99474,0.02,0.99945,50.34541,0.99994,0.92763,0.99692,0.99859,0.99926,99.57676,0.54,0.43,0.39,0.6,50.83,51.81,52.17,50.35,0.996,0.995,0.994,0.997,/tmpdir/crf_16.mpd,/videos/BigBuckBunny-2160.avi
3680,0.99459,0.01859,0.99945,50.33473,0.99994,0.92753,0.9969,0.99858,0.99925,99.54739,0.54,0.43,0.39,0.6,50.82,51.8,52.17,50.33,0.996,0.995,0.994,0.997,/tmpdir/crf_16.mpd,/videos/BigBuckBunny-2160.avi
3681,0.99481,0.00766,0.99945,50.33038,0.99994,0.92745,0.99695,0.9986,0.99926,99.58307,0.54,0.43,0.39,0.6,50.81,51.8,52.17,50.33,0.996,0.995,0.994,0.997,/tmpdir/crf_16.mpd,/videos/BigBuckBunny-2160.avi
3682,0.99463,0.00448,0.99945,50.30331,0.99994,0.92725,0.99689,0.99858,0.99925,99.5479,0.54,0.43,0.4,0.61,50.79,51.79,52.16,50.3,0.996,0.995,0.994,0.997,/tmpdir/crf_16.mpd,/videos/BigBuckBunny-2160.avi
3683,0.99462,0.00077,0.99945,50.28091,0.99994,0.92708,0.99688,0.99857,0.99924,99.54164,0.54,0.43,0.4,0.61,50.77,51.79,52.16,50.28,0.996,0.995,0.994,0.997,/tmpdir/crf_16.mpd,/videos/BigBuckBunny-2160.avi
3684,0.99461,0.00077,0.99945,50.27631,0.99994,0.92705,0.99687,0.99857,0.99924,99.54043,0.54,0.43,0.4,0.61,50.77,51.79,52.16,50.28,0.996,0.995,0.994,0.997,/tmpdir/crf_16.mpd,/videos/BigBuckBunny-2160.avi
3685,0.99517,0.54189,0.99942,53.29388,0.9999,0.94796,0.99793,0.99906,0.99947,99.99504,0.26,0.19,0.17,0.3,53.92,55.38,55.72,53.29,0.997,0.998,0.998,0.997,/tmpdir/crf_16.mpd,/videos/BigBuckBunny-2160.avi
3686,0.99158,0.54189,0.99924,51.70074,0.99988,0.93673,0.99627,0.99825,0.99898,99.25799,0.36,0.22,0.2,0.44,52.53,54.64,55.19,51.7,0.997,0.997,0.997,0.997,/tmpdir/crf_16.mpd,/videos/BigBuckBunny-2160.avi
3687,0.99166,1.0131,0.99925,51.74103,0.99988,0.93603,0.99656,0.99841,0.99909,99.50201,0.36,0.23,0.21,0.44,52.52,54.48,54.94,51.74,0.997,0.997,0.997,0.997,/tmpdir/crf_16.mpd,/videos/BigBuckBunny-2160.avi
3688,0.99119,0.96758,0.99919,51.44477,0.99987,0.93344,0.99588,0.99807,0.99889,99.36566,0.39,0.24,0.21,0.47,52.26,54.33,54.86,51.44,0.997,0.997,0.997,0.996,/tmpdir/crf_16.mpd,/videos/BigBuckBunny-2160.avi
3689,0.99343,0.38408,0.99928,52.1064,0.99989,0.93732,0.99678,0.99853,0.99916,99.5371,0.34,0.22,0.2,0.4,52.86,54.75,55.13,52.11,0.997,0.997,0.997,0.997,/tmpdir/crf_16.mpd,/videos/BigBuckBunny-2160.avi
3690,0.99001,0.38408,0.99919,51.29842,0.99987,0.93235,0.99587,0.99802,0.99884,98.87622,0.4,0.24,0.21,0.48,52.15,54.37,54.86,51.3,0.997,0.997,0.997,0.996,/tmpdir/crf_16.mpd,/videos/BigBuckBunny-2160.avi
3691,0.99243,0.76161,0.99923,51.90829,0.99988,0.93653,0.99621,0.99818,0.99891,99.5043,0.35,0.23,0.21,0.42,52.66,54.5,54.95,51.91,0.997,0.997,0.997,0.997,/tmpdir/crf_16.mpd,/videos/BigBuckBunny-2160.avi
3692,0.9919,0.52321,0.99918,51.43403,0.99987,0.93269,0.99575,0.99797,0.99881,99.27312,0.39,0.24,0.22,0.47,52.24,54.3,54.78,51.43,0.997,0.997,0.997,0.996,/tmpdir/crf_16.mpd,/videos/BigBuckBunny-2160.avi
3693,0.99369,0.52321,0.99927,52.11088,0.99989,0.93665,0.99675,0.99852,0.99917,99.64549,0.34,0.22,0.21,0.4,52.84,54.69,54.99,52.11,0.997,0.997,0.997,0.997,/tmpdir/crf_16.mpd,/videos/BigBuckBunny-2160.avi
3694,0.99087,0.53141,0.99918,51.47408,0.99987,0.93278,0.99582,0.99799,0.99882,99.09585,0.39,0.24,0.22,0.46,52.27,54.3,54.74,51.47,0.997,0.997,0.997,0.996,/tmpdir/crf_16.mpd,/videos/BigBuckBunny-2160.avi
3695,0.99218,0.71105,0.99923,51.7254,0.99988,0.93462,0.9963,0.99826,0.99897,99.43647,0.37,0.24,0.22,0.44,52.48,54.39,54.75,51.73,0.997,0.997,0.997,0.997,/tmpdir/crf_16.mpd,/videos/BigBuckBunny-2160.avi
3696,0.99102,0.71105,0.99918,51.41578,0.99987,0.93211,0.99572,0.99799,0.99885,99.20579,0.39,0.24,0.22,0.47,52.21,54.26,54.65,51.42,0.997,0.997,0.997,0.996,/tmpdir/crf_16.mpd,/videos/BigBuckBunny-2160.avi
3697,0.99362,0.68849,0.99928,52.17053,0.99989,0.93714,0.99683,0.99857,0.99919,99.71299,0.34,0.22,0.21,0.39,52.88,54.67,54.87,52.17,0.997,0.997,0.997,0.997,/tmpdir/crf_16.mpd,/videos/BigBuckBunny-2160.avi
3698,0.99053,0.59862,0.9992,51.50651,0.99988,0.93305,0.99588,0.99807,0.99889,99.07418,0.38,0.24,0.22,0.46,52.3,54.36,54.65,51.51,0.997,0.997,0.997,0.996,/tmpdir/crf_16.mpd,/videos/BigBuckBunny-2160.avi
3699,0.99176,0.31931,0.99924,51.72779,0.99988,0.93477,0.99639,0.99832,0.99902,99.18704,0.37,0.23,0.22,0.44,52.5,54.53,54.73,51.73,0.997,0.997,0.997,0.997,/tmpdir/crf_16.mpd,/videos/BigBuckBunny-2160.avi
3700,0.99072,0.31931,0.99922,51.53838,0.99988,0.93336,0.99606,0.99819,0.99898,98.99006,0.38,0.23,0.22,0.46,52.34,54.49,54.73,51.54,0.997,0.997,0.997,0.997,/tmpdir/crf_16.mpd,/videos/BigBuckBunny-2160.avi
3701,0.99461,0.21792,0.99931,52.41703,0.99989,0.93916,0.99717,0.99875,0.99931,99.69364,0.32,0.21,0.21,0.37,53.11,54.86,55.01,52.42,0.997,0.997,0.997,0.997,/tmpdir/crf_16.mpd,/videos/BigBuckBunny-2160.avi
3702,0.99126,0.21792,0.99923,51.63216,0.99988,0.93416,0.99619,0.99823,0.99899,99.04456,0.37,0.22,0.21,0.45,52.44,54.61,54.81,51.63,0.997,0.997,0.997,0.997,/tmpdir/crf_16.mpd,/videos/BigBuckBunny-2160.avi
3703,0.992,0.19654,0.99925,51.80853,0.99988,0.93553,0.99652,0.9984,0.99907,99.18098,0.36,0.22,0.21,0.43,52.59,54.68,54.84,51.81,0.997,0.997,0.997,0.997,/tmpdir/crf_16.mpd,/videos/BigBuckBunny-2160.avi
3704,0.99175,0.19654,0.99924,51.68136,0.99988,0.93435,0.99635,0.99832,0.99905,99.12875,0.37,0.22,0.22,0.44,52.48,54.63,54.8,51.68,0.997,0.997,0.997,0.997,/tmpdir/crf_16.mpd,/videos/BigBuckBunny-2160.avi
3705,0.99407,0.16222,0.9993,52.26224,0.99989,0.93779,0.99717,0.99876,0.99932,99.569,0.33,0.21,0.21,0.39,52.98,54.83,54.97,52.26,0.997,0.997,0.997,0.997,/tmpdir/crf_16.mpd,/videos/BigBuckBunny-2160.avi
3706,0.99227,0.16222,0.99925,51.78398,0.99988,0.93508,0.9965,0.9984,0.9991,99.21366,0.36,0.22,0.21,0.43,52.57,54.66,54.84,51.78,0.997,0.997,0.997,0.997,/tmpdir/crf_16.mpd,/videos/BigBuckBunny-2160.avi
3707,0.99267,0.12921,0.99927,51.90835,0.99988,0.93604,0.99673,0.99849,0.99913,99.27879,0.35,0.22,0.21,0.42,52.67,54.67,54.85,51.91,0.997,0.997,0.997,0.997,/tmpdir/crf_16.mpd,/videos/BigBuckBunny-2160.avi
3708,0.99175,0.12921,0.99924,51.67808,0.99988,0.93421,0.99637,0.99831,0.99903,99.09603,0.37,0.22,0.21,0.44,52.47,54.61,54.81,51.68,0.997,0.997,0.997,0.997,/tmpdir/crf_16.mpd,/videos/BigBuckBunny-2160.avi
3709,0.99323,0.15776,0.99928,52.01705,0.99989,0.93585,0.99701,0.99869,0.99928,99.40518,0.34,0.22,0.21,0.41,52.77,54.76,54.93,52.02,0.997,0.997,0.997,0.997,/tmpdir/crf_16.mpd,/videos/BigBuckBunny-2160.avi
3710,0.99184,0.15776,0.99924,51.72905,0.99988,0.93456,0.99646,0.99839,0.9991,99.1335,0.36,0.22,0.21,0.44,52.52,54.61,54.81,51.73,0.997,0.997,0.997,0.997,/tmpdir/crf_16.mpd,/videos/BigBuckBunny-2160.avi
3711,0.99254,0.15322,0.99926,51.8392,0.99988,0.93542,0.99668,0.99849,0.99913,99.2644,0.36,0.22,0.21,0.43,52.61,54.62,54.83,51.84,0.997,0.997,0.997,0.997,/tmpdir/crf_16.mpd,/videos/BigBuckBunny-2160.avi
3712,0.9917,0.15322,0.99922,51.50638,0.99988,0.93292,0.99619,0.99824,0.99898,99.08757,0.38,0.23,0.22,0.46,52.33,54.55,54.78,51.51,0.997,0.997,0.997,0.996,/tmpdir/crf_16.mpd,/videos/BigBuckBunny-2160.avi
3713,0.99291,0.38735,0.99923,51.71076,0.99989,0.93334,0.99649,0.9984,0.99909,99.42243,0.37,0.22,0.21,0.44,52.5,54.62,54.82,51.71,0.997,0.997,0.997,0.996,/tmpdir/crf_16.mpd,/videos/BigBuckBunny-2160.avi
3714,0.9901,0.59081,0.99914,51.20832,0.99987,0.92923,0.99545,0.99781,0.99869,98.95954,0.41,0.25,0.23,0.49,52.01,54.12,54.46,51.21,0.996,0.997,0.997,0.996,/tmpdir/crf_16.mpd,/videos/BigBuckBunny-2160.avi
3715,0.99102,1.64394,0.99915,51.28499,0.99987,0.92886,0.99574,0.99799,0.99883,99.63703,0.41,0.26,0.25,0.48,52.03,53.95,54.2,51.28,0.996,0.997,0.997,0.996,/tmpdir/crf_16.mpd,/videos/BigBuckBunny-2160.avi
3716,0.98925,2.25869,0.99903,50.69407,0.99985,0.92242,0.99473,0.99751,0.99856,99.5768,0.46,0.29,0.27,0.55,51.48,53.53,53.87,50.69,0.996,0.997,0.997,0.996,/tmpdir/crf_16.mpd,/videos/BigBuckBunny-2160.avi
3717,0.99147,3.07571,0.99911,51.11043,0.99988,0.92453,0.99535,0.99784,0.99878,100.0,0.43,0.28,0.27,0.5,51.83,53.69,53.81,51.11,0.996,0.997,0.997,0.996,/tmpdir/crf_16.mpd,/videos/BigBuckBunny-2160.avi
3718,0.98984,3.06779,0.99902,50.47204,0.99986,0.91944,0.99447,0.99742,0.99854,100.0,0.49,0.31,0.29,0.58,51.24,53.23,53.45,50.47,0.996,0.997,0.996,0.996,/tmpdir/crf_16.mpd,/videos/BigBuckBunny-2160.avi
3719,0.99062,2.07717,0.99908,50.62637,0.99987,0.92096,0.99507,0.99774,0.9987,99.73912,0.47,0.3,0.3,0.56,51.37,53.38,53.4,50.63,0.996,0.997,0.996,0.996,/tmpdir/crf_16.mpd,/videos/BigBuckBunny-2160.avi
3720,0.98957,2.07717,0.99902,50.27314,0.99986,0.9175,0.99431,0.99735,0.99847,99.51647,0.51,0.31,0.31,0.61,51.05,53.22,53.22,50.27,0.996,0.996,0.996,0.996,/tmpdir/crf_16.mpd,/videos/BigBuckBunny-2160.avi
3721,0.99283,2.03207,0.99916,51.19147,0.99988,0.92571,0.99576,0.99811,0.99894,100.0,0.42,0.28,0.28,0.49,51.87,53.7,53.67,51.19,0.996,0.997,0.997,0.996,/tmpdir/crf_16.mpd,/videos/BigBuckBunny-2160.avi
3722,0.98932,2.03207,0.99905,50.43187,0.99986,0.91949,0.99451,0.99746,0.99857,99.46601,0.49,0.3,0.31,0.59,51.19,53.29,53.26,50.43,0.996,0.997,0.996,0.996,/tmpdir/crf_16.mpd,/videos/BigBuckBunny-2160.avi
3723,0.99085,1.71447,0.99909,50.61515,0.99987,0.92149,0.99513,0.99776,0.99871,99.60457,0.48,0.3,0.3,0.56,51.36,53.38,53.38,50.62,0.996,0.997,0.996,0.996,/tmpdir/crf_16.mpd,/videos/BigBuckBunny-2160.avi
3724,0.99013,1.71447,0.99904,50.38386,0.99986,0.91905,0.99467,0.99756,0.99863,99.45769,0.5,0.3,0.31,0.6,51.15,53.29,53.21,50.38,0.996,0.997,0.996,0.996,/tmpdir/crf_16.mpd,/videos/BigBuckBunny-2160.avi
3725,0.99276,1.71082,0.99915,51.07201,0.99989,0.92443,0.99591,0.9982,0.99901,99.98251,0.43,0.28,0.28,0.51,51.77,53.65,53.63,51.07,0.996,0.997,0.996,0.996,/tmpdir/crf_16.mpd,/videos/BigBuckBunny-2160.avi
3726,0.98997,1.71082,0.99905,50.41388,0.99987,0.91914,0.99464,0.9975,0.99857,99.4219,0.5,0.3,0.31,0.59,51.17,53.29,53.25,50.41,0.996,0.997,0.996,0.996,/tmpdir/crf_16.mpd,/videos/BigBuckBunny-2160.avi
3727,0.99115,1.37974,0.99909,50.56932,0.99987,0.92058,0.9953,0.99784,0.99875,99.49479,0.48,0.3,0.3,0.57,51.32,53.36,53.35,50.57,0.996,0.997,0.996,0.996,/tmpdir/crf_16.mpd,/videos/BigBuckBunny-2160.avi
3728,0.98958,1.37974,0.99902,50.17112,0.99987,0.91663,0.99456,0.9975,0.99857,99.18242,0.52,0.31,0.32,0.63,50.97,53.24,53.15,50.17,0.996,0.997,0.996,0.996,/tmpdir/crf_16.mpd,/videos/BigBuckBunny-2160.avi
3729,0.9922,1.05576,0.99912,50.80721,0.99988,0.92158,0.99577,0.99813,0.99897,99.55251,0.46,0.29,0.29,0.54,51.55,53.54,53.57,50.81,0.996,0.997,0.996,0.996,/tmpdir/crf_16.mpd,/videos/BigBuckBunny-2160.avi
3730,0.9896,1.05576,0.99902,50.23372,0.99986,0.91755,0.99462,0.99754,0.99861,99.03681,0.51,0.31,0.31,0.62,51.03,53.29,53.28,50.23,0.996,0.997,0.996,0.996,/tmpdir/crf_16.mpd,/videos/BigBuckBunny-2160.avi
3731,0.99083,1.337,0.99907,50.48136,0.99987,0.91987,0.9952,0.9978,0.99873,99.4138,0.49,0.3,0.3,0.58,51.24,53.33,53.36,50.48,0.996,0.997,0.996,0.996,/tmpdir/crf_16.mpd,/videos/BigBuckBunny-2160.avi
3732,0.98969,1.337,0.99902,50.26415,0.99986,0.91751,0.99454,0.99749,0.99857,99.18386,0.51,0.31,0.31,0.61,51.05,53.25,53.28,50.26,0.996,0.997,0.996,0.996,/tmpdir/crf_16.mpd,/videos/BigBuckBunny-2160.avi
3733,0.99179,1.393,0.9991,50.71004,0.99988,0.9211,0.99556,0.99803,0.99889,99.63228,0.46,0.29,0.29,0.55,51.47,53.54,53.58,50.71,0.996,0.997,0.996,0.996,/tmpdir/crf_16.mpd,/videos/BigBuckBunny-2160.avi
3734,0.9893,1.393,0.99899,50.15162,0.99986,0.91651,0.99424,0.99732,0.99846,99.12641,0.52,0.31,0.31,0.63,50.96,53.21,53.26,50.15,0.996,0.997,0.996,0.995,/tmpdir/crf_16.mpd,/videos/BigBuckBunny-2160.avi
3735,0.99101,1.83801,0.99905,50.48109,0.99987,0.91936,0.99496,0.99768,0.99864,99.68039,0.49,0.31,0.3,0.58,51.23,53.27,53.3,50.48,0.996,0.997,0.996,0.996,/tmpdir/crf_16.mpd,/videos/BigBuckBunny-2160.avi
3736,0.9896,1.83801,0.99899,50.18292,0.99986,0.91642,0.9942,0.99729,0.99844,99.39707,0.52,0.32,0.32,0.62,50.96,53.13,53.14,50.18,0.996,0.996,0.996,0.995,/tmpdir/crf_16.mpd,/videos/BigBuckBunny-2160.avi
3737,0.99184,1.71417,0.9991,50.87713,0.99988,0.92196,0.9955,0.998,0.99889,99.79943,0.45,0.29,0.28,0.53,51.6,53.56,53.58,50.88,0.996,0.997,0.996,0.996,/tmpdir/crf_16.mpd,/videos/BigBuckBunny-2160.avi
3738,0.98938,1.46153,0.99899,50.1345,0.99986,0.91635,0.99421,0.99731,0.99846,99.17364,0.52,0.31,0.31,0.63,50.93,53.16,53.19,50.13,0.996,0.996,0.996,0.995,/tmpdir/crf_16.mpd,/videos/BigBuckBunny-2160.avi
3739,0.99103,0.98569,0.99909,50.65007,0.99987,0.92067,0.99511,0.99771,0.99865,99.27492,0.47,0.3,0.3,0.56,51.37,53.31,53.29,50.65,0.996,0.997,0.996,0.996,/tmpdir/crf_16.mpd,/videos/BigBuckBunny-2160.avi
3740,0.98854,0.98569,0.99899,50.04529,0.99986,0.91516,0.99417,0.99727,0.99841,98.788,0.53,0.32,0.32,0.64,50.85,53.12,53.1,50.05,0.996,0.996,0.996,0.995,/tmpdir/crf_16.mpd,/videos/BigBuckBunny-2160.avi
3741,0.99209,1.22085,0.99911,50.85599,0.99988,0.92172,0.99548,0.99798,0.99886,99.60071,0.45,0.29,0.29,0.53,51.57,53.5,53.5,50.86,0.996,0.997,0.996,0.996,/tmpdir/crf_16.mpd,/videos/BigBuckBunny-2160.avi
3742,0.98917,1.22085,0.999,50.1752,0.99986,0.91613,0.99437,0.9974,0.99851,99.0237,0.52,0.32,0.31,0.62,50.96,53.13,53.15,50.18,0.996,0.996,0.996,0.995,/tmpdir/crf_16.mpd,/videos/BigBuckBunny-2160.avi
3743,0.99025,1.40813,0.99905,50.5176,0.99987,0.91937,0.99481,0.99757,0.99855,99.32606,0.49,0.31,0.31,0.58,51.25,53.28,53.24,50.52,0.996,0.997,0.996,0.996,/tmpdir/crf_16.mpd,/videos/BigBuckBunny-2160.avi
3744,0.98848,1.40813,0.99898,50.05296,0.99986,0.91471,0.99397,0.99715,0.99831,98.96788,0.53,0.31,0.32,0.64,50.85,53.16,53.06,50.05,0.996,0.996,0.996,0.995,/tmpdir/crf_16.mpd,/videos/BigBuckBunny-2160.avi
3745,0.99204,1.19536,0.9991,50.80084,0.99988,0.92134,0.9955,0.99799,0.99885,99.57863,0.46,0.29,0.29,0.54,51.53,53.55,53.45,50.8,0.996,0.997,0.996,0.996,/tmpdir/crf_16.mpd,/videos/BigBuckBunny-2160.avi
3746,0.98845,1.19536,0.99899,50.09506,0.99986,0.91541,0.99404,0.99725,0.99844,98.87445,0.53,0.31,0.32,0.64,50.9,53.2,53.12,50.1,0.996,0.996,0.996,0.995,/tmpdir/crf_16.mpd,/videos/BigBuckBunny-2160.avi
3747,0.99045,1.59427,0.99902,50.29718,0.99986,0.91689,0.99455,0.99747,0.99851,99.43801,0.51,0.3,0.31,0.61,51.08,53.29,53.23,50.3,0.996,0.997,0.996,0.996,/tmpdir/crf_16.mpd,/videos/BigBuckBunny-2160.avi
3748,0.98916,1.59427,0.99891,49.95877,0.99984,0.91281,0.99337,0.99684,0.99815,99.15526,0.54,0.31,0.32,0.66,50.78,53.2,53.09,49.96,0.996,0.996,0.996,0.995,/tmpdir/crf_16.mpd,/videos/BigBuckBunny-2160.avi
3749,0.99289,2.70803,0.99899,50.71916,0.99985,0.91828,0.99425,0.99728,0.99846,100.0,0.46,0.29,0.3,0.55,51.46,53.53,53.41,50.72,0.996,0.997,0.996,0.996,/tmpdir/crf_16.mpd,/videos/BigBuckBunny-2160.avi
3750,0.99019,3.75338,0.99881,49.93034,0.99982,0.90876,0.9926,0.99643,0.9979,100.0,0.55,0.31,0.32,0.66,50.76,53.22,53.06,49.93,0.995,0.996,0.996,0.995,/tmpdir/crf_16.mpd,/videos/BigBuckBunny-2160.avi
3751,0.98946,4.87968,0.99871,49.6066,0.99981,0.90412,0.99214,0.99626,0.9978,100.0,0.59,0.34,0.35,0.71,50.43,52.85,52.72,49.61,0.995,0.996,0.996,0.995,/tmpdir/crf_16.mpd,/videos/BigBuckBunny-2160.avi
3752,0.99241,4.87968,0.99881,50.14745,0.99983,0.90829,0.99348,0.99696,0.99829,100.0,0.53,0.32,0.33,0.63,50.91,53.03,52.98,50.15,0.995,0.996,0.996,0.995,/tmpdir/crf_16.mpd,/videos/BigBuckBunny-2160.avi
3753,0.98908,5.819,0.99861,49.35895,0.99978,0.89954,0.99163,0.9959,0.99751,100.0,0.62,0.35,0.36,0.75,50.2,52.64,52.61,49.36,0.995,0.996,0.996,0.994,/tmpdir/crf_16.mpd,/videos/BigBuckBunny-2160.avi
3754,0.99246,5.27581,0.99875,49.98076,0.99983,0.90469,0.99367,0.99712,0.99844,100.0,0.55,0.34,0.33,0.65,50.74,52.77,52.89,49.98,0.995,0.996,0.996,0.994,/tmpdir/crf_16.mpd,/videos/BigBuckBunny-2160.avi
3755,0.98853,3.01897,0.99854,48.95061,0.99978,0.89268,0.99188,0.99619,0.99777,99.66859,0.68,0.38,0.38,0.83,49.82,52.39,52.39,48.95,0.994,0.996,0.995,0.994,/tmpdir/crf_16.mpd,/videos/BigBuckBunny-2160.avi
3756,0.99024,3.01897,0.99862,49.04332,0.99981,0.89299,0.99269,0.99657,0.998,99.99761,0.66,0.37,0.37,0.81,49.91,52.44,52.46,49.04,0.994,0.996,0.995,0.994,/tmpdir/crf_16.mpd,/videos/BigBuckBunny-2160.avi
3757,0.98874,1.89403,0.99861,48.71408,0.99981,0.89032,0.99249,0.99653,0.99801,99.14548,0.71,0.38,0.38,0.87,49.61,52.28,52.3,48.71,0.994,0.995,0.995,0.994,/tmpdir/crf_16.mpd,/videos/BigBuckBunny-2160.avi
3758,0.99267,1.89403,0.99887,49.71803,0.99986,0.90256,0.99493,0.99778,0.99882,99.9646,0.58,0.36,0.35,0.69,50.5,52.62,52.71,49.72,0.995,0.996,0.996,0.994,/tmpdir/crf_16.mpd,/videos/BigBuckBunny-2160.avi
3759,0.98842,1.8611,0.99865,48.52484,0.99984,0.88668,0.99314,0.99691,0.99828,99.0904,0.74,0.39,0.39,0.91,49.45,52.28,52.25,48.52,0.994,0.995,0.995,0.993,/tmpdir/crf_16.mpd,/videos/BigBuckBunny-2160.avi
3760,0.98951,1.8611,0.99871,48.73224,0.99985,0.88889,0.9937,0.99719,0.99844,99.3084,0.71,0.38,0.38,0.87,49.63,52.29,52.3,48.73,0.994,0.995,0.995,0.994,/tmpdir/crf_16.mpd,/videos/BigBuckBunny-2160.avi
3761,0.98864,2.16331,0.99858,48.51937,0.99983,0.88692,0.99246,0.99659,0.99807,99.25974,0.74,0.39,0.39,0.91,49.44,52.24,52.18,48.52,0.994,0.995,0.995,0.993,/tmpdir/crf_16.mpd,/videos/BigBuckBunny-2160.avi
3762,0.99153,2.16331,0.99875,49.16891,0.99986,0.8951,0.99417,0.99744,0.9986,99.85162,0.65,0.37,0.37,0.79,50.01,52.43,52.46,49.17,0.994,0.995,0.995,0.994,/tmpdir/crf_16.mpd,/videos/BigBuckBunny-2160.avi
3763,0.98746,2.15273,0.9985,48.39777,0.99981,0.88427,0.99181,0.99622,0.9978,99.00968,0.76,0.4,0.4,0.94,49.32,52.15,52.06,48.4,0.994,0.995,0.995,0.993,/tmpdir/crf_16.mpd,/videos/BigBuckBunny-2160.avi
3764,0.98951,2.15273,0.99861,48.70614,0.99983,0.88847,0.99297,0.99675,0.9981,99.41866,0.71,0.39,0.39,0.88,49.59,52.24,52.2,48.71,0.994,0.995,0.995,0.993,/tmpdir/crf_16.mpd,/videos/BigBuckBunny-2160.avi
3765,0.9876,1.71347,0.99853,48.41779,0.99982,0.88533,0.99205,0.99635,0.9979,98.8263,0.75,0.39,0.4,0.94,49.35,52.26,52.14,48.42,0.994,0.995,0.995,0.993,/tmpdir/crf_16.mpd,/videos/BigBuckBunny-2160.avi
3766,0.99232,1.71347,0.99889,49.65987,0.99987,0.90199,0.99482,0.99772,0.99875,99.80437,0.59,0.36,0.36,0.7,50.43,52.56,52.58,49.66,0.995,0.996,0.995,0.995,/tmpdir/crf_16.mpd,/videos/BigBuckBunny-2160.avi
3767,0.98842,1.06093,0.99861,48.5046,0.99983,0.88735,0.99246,0.99651,0.99795,98.66372,0.74,0.38,0.39,0.92,49.43,52.29,52.22,48.5,0.994,0.995,0.995,0.993,/tmpdir/crf_16.mpd,/videos/BigBuckBunny-2160.avi
3768,0.99006,1.06093,0.99872,48.82138,0.99984,0.89101,0.99351,0.99699,0.99822,98.99768,0.7,0.38,0.38,0.85,49.71,52.35,52.33,48.82,0.994,0.995,0.995,0.994,/tmpdir/crf_16.mpd,/videos/BigBuckBunny-2160.avi
3769,0.98931,0.70741,0.99869,48.69317,0.99984,0.88959,0.99313,0.99685,0.9982,98.68425,0.71,0.38,0.39,0.88,49.59,52.29,52.26,48.69,0.994,0.995,0.995,0.994,/tmpdir/crf_16.mpd,/videos/BigBuckBunny-2160.avi
3770,0.99238,0.70741,0.99888,49.46221,0.99987,0.89853,0.99499,0.99779,0.99876,99.32035,0.61,0.37,0.36,0.74,50.26,52.48,52.55,49.46,0.995,0.995,0.995,0.994,/tmpdir/crf_16.mpd,/videos/BigBuckBunny-2160.avi
3771,0.98964,0.52071,0.99871,48.75806,0.99984,0.89021,0.99331,0.99693,0.99823,98.66213,0.71,0.38,0.39,0.87,49.64,52.28,52.23,48.76,0.994,0.995,0.995,0.994,/tmpdir/crf_16.mpd,/videos/BigBuckBunny-2160.avi
3772,0.99046,0.52071,0.99874,48.89715,0.99985,0.89192,0.99383,0.99717,0.99835,98.82666,0.69,0.38,0.38,0.84,49.77,52.3,52.31,48.9,0.994,0.995,0.995,0.994,/tmpdir/crf_16.mpd,/videos/BigBuckBunny-2160.avi
3773,0.98927,0.7255,0.99861,48.54704,0.99983,0.889,0.99258,0.99655,0.99799,98.66268,0.73,0.38,0.39,0.91,49.47,52.29,52.26,48.55,0.994,0.995,0.995,0.993,/tmpdir/crf_16.mpd,/videos/BigBuckBunny-2160.avi
3774,0.99142,1.50798,0.99865,48.89991,0.99984,0.89113,0.9937,0.9972,0.99845,99.47693,0.68,0.37,0.37,0.84,49.8,52.45,52.5,48.9,0.994,0.995,0.995,0.994,/tmpdir/crf_16.mpd,/videos/BigBuckBunny-2160.avi
3775,0.98759,2.06814,0.99847,48.34552,0.9998,0.88302,0.99166,0.99612,0.99778,98.98413,0.77,0.4,0.41,0.95,49.26,52.08,51.96,48.35,0.994,0.995,0.995,0.993,/tmpdir/crf_16.mpd,/videos/BigBuckBunny-2160.avi
3776,0.98936,2.06814,0.99857,48.65163,0.99982,0.88646,0.99249,0.99655,0.99804,99.33501,0.73,0.4,0.41,0.89,49.52,52.09,52.04,48.65,0.994,0.995,0.995,0.993,/tmpdir/crf_16.mpd,/videos/BigBuckBunny-2160.avi
3777,0.98778,1.51274,0.99841,48.1253,0.9998,0.87855,0.9914,0.99606,0.99776,98.72248,0.81,0.42,0.43,1.0,49.06,51.92,51.83,48.13,0.993,0.995,0.995,0.993,/tmpdir/crf_16.mpd,/videos/BigBuckBunny-2160.avi
3778,0.98956,1.51274,0.99858,48.65116,0.99983,0.88566,0.99268,0.99674,0.99825,99.10968,0.72,0.4,0.4,0.89,49.53,52.13,52.12,48.65,0.994,0.995,0.995,0.993,/tmpdir/crf_16.mpd,/videos/BigBuckBunny-2160.avi
3779,0.9873,4.21511,0.99844,48.30393,0.99979,0.88195,0.99118,0.99589,0.99764,100.0,0.78,0.42,0.41,0.96,49.22,51.95,51.99,48.3,0.994,0.995,0.995,0.993,/tmpdir/crf_16.mpd,/videos/BigBuckBunny-2160.avi
3780,0.98907,5.54502,0.99858,48.86427,0.99983,0.88859,0.99239,0.99662,0.99816,100.0,0.7,0.4,0.39,0.84,49.71,52.09,52.2,48.86,0.994,0.995,0.995,0.993,/tmpdir/crf_16.mpd,/videos/BigBuckBunny-2160.avi
3781,0.99281,4.57299,0.99913,50.93663,0.9999,0.9197,0.99616,0.99834,0.99913,100.0,0.45,0.3,0.29,0.52,51.61,53.32,53.47,50.94,0.996,0.996,0.996,0.996,/tmpdir/crf_16.mpd,/videos/BigBuckBunny-2160.avi
3782,0.98719,4.57299,0.99859,48.98248,0.99982,0.89254,0.99213,0.99646,0.99803,100.0,0.67,0.38,0.37,0.82,49.85,52.35,52.4,48.98,0.994,0.996,0.995,0.994,/tmpdir/crf_16.mpd,/videos/BigBuckBunny-2160.avi
3783,0.98991,3.26777,0.99866,49.23004,0.99983,0.8958,0.99265,0.99664,0.99808,100.0,0.65,0.39,0.39,0.78,50.02,52.18,52.26,49.23,0.994,0.995,0.995,0.994,/tmpdir/crf_16.mpd,/videos/BigBuckBunny-2160.avi
3784,0.98646,3.26777,0.9985,48.50101,0.9998,0.88573,0.99146,0.99617,0.99787,99.42396,0.75,0.42,0.42,0.92,49.37,51.88,51.93,48.5,0.994,0.995,0.995,0.993,/tmpdir/crf_16.mpd,/videos/BigBuckBunny-2160.avi
3785,0.99157,2.99097,0.99886,49.76158,0.99986,0.9032,0.99433,0.99749,0.99862,100.0,0.58,0.36,0.35,0.69,50.52,52.55,52.68,49.76,0.995,0.996,0.996,0.995,/tmpdir/crf_16.mpd,/videos/BigBuckBunny-2160.avi
3786,0.98795,2.99097,0.99857,48.69083,0.99981,0.88931,0.99163,0.99614,0.99777,99.54141,0.72,0.41,0.4,0.88,49.55,52.02,52.11,48.69,0.994,0.995,0.995,0.994,/tmpdir/crf_16.mpd,/videos/BigBuckBunny-2160.avi
3787,0.98928,1.88424,0.99867,48.6129,0.99983,0.88733,0.99304,0.99682,0.99818,99.24604,0.73,0.4,0.39,0.89,49.5,52.07,52.17,48.61,0.994,0.995,0.995,0.994,/tmpdir/crf_16.mpd,/videos/BigBuckBunny-2160.avi
3788,0.98704,1.88424,0.99862,48.49263,0.99982,0.88592,0.99204,0.99631,0.99786,98.81169,0.75,0.41,0.4,0.92,49.39,52.03,52.14,48.49,0.994,0.995,0.995,0.994,/tmpdir/crf_16.mpd,/videos/BigBuckBunny-2160.avi
3789,0.99238,1.15373,0.99895,49.81697,0.99987,0.9034,0.99513,0.99788,0.99887,99.55868,0.57,0.36,0.35,0.68,50.56,52.55,52.67,49.82,0.995,0.996,0.996,0.995,/tmpdir/crf_16.mpd,/videos/BigBuckBunny-2160.avi
3790,0.98835,1.15373,0.9987,48.67111,0.99983,0.889,0.99271,0.99667,0.99812,98.71698,0.72,0.39,0.38,0.88,49.57,52.17,52.29,48.67,0.994,0.995,0.995,0.994,/tmpdir/crf_16.mpd,/videos/BigBuckBunny-2160.avi
3791,0.98939,0.64249,0.99876,48.82565,0.99984,0.89045,0.99367,0.99715,0.99838,98.69171,0.7,0.39,0.38,0.85,49.7,52.21,52.32,48.83,0.994,0.995,0.995,0.994,/tmpdir/crf_16.mpd,/videos/BigBuckBunny-2160.avi
3792,0.98781,0.64249,0.99866,48.38647,0.99982,0.88544,0.99248,0.99657,0.99803,98.35731,0.76,0.41,0.4,0.94,49.31,52.04,52.16,48.39,0.994,0.995,0.995,0.994,/tmpdir/crf_16.mpd,/videos/BigBuckBunny-2160.avi
3793,0.99046,2.59791,0.99883,49.34603,0.99986,0.89699,0.99421,0.99747,0.99862,99.89194,0.63,0.37,0.36,0.76,50.17,52.43,52.6,49.35,0.995,0.996,0.995,0.994,/tmpdir/crf_16.mpd,/videos/BigBuckBunny-2160.avi
3794,0.98819,2.34456,0.99868,48.63796,0.99984,0.88793,0.99265,0.99666,0.99809,99.27929,0.73,0.41,0.4,0.89,49.51,52.0,52.14,48.64,0.994,0.995,0.995,0.994,/tmpdir/crf_16.mpd,/videos/BigBuckBunny-2160.avi
3795,0.98953,1.82888,0.99875,48.84268,0.99984,0.89136,0.99331,0.99696,0.99824,99.28252,0.7,0.39,0.38,0.85,49.71,52.17,52.29,48.84,0.994,0.995,0.995,0.994,/tmpdir/crf_16.mpd,/videos/BigBuckBunny-2160.avi
3796,0.987,1.82888,0.99862,48.41717,0.99982,0.88574,0.99191,0.99625,0.9978,98.76991,0.76,0.41,0.4,0.94,49.34,52.05,52.15,48.42,0.994,0.995,0.995,0.994,/tmpdir/crf_16.mpd,/videos/BigBuckBunny-2160.avi
3797,0.99286,3.76321,0.99882,49.93305,0.99984,0.90574,0.99417,0.99743,0.99861,100.0,0.55,0.34,0.32,0.66,50.72,52.85,53.04,49.93,0.995,0.996,0.996,0.995,/tmpdir/crf_16.mpd,/videos/BigBuckBunny-2160.avi
3798,0.98824,3.8436,0.99854,48.80774,0.99978,0.88975,0.99122,0.99588,0.99764,100.0,0.7,0.4,0.38,0.86,49.68,52.08,52.36,48.81,0.994,0.995,0.995,0.994,/tmpdir/crf_16.mpd,/videos/BigBuckBunny-2160.avi
3799,0.99037,2.47184,0.99867,49.13083,0.99981,0.89491,0.99252,0.99651,0.998,99.73879,0.65,0.37,0.35,0.79,50.0,52.41,52.69,49.13,0.994,0.995,0.995,0.994,/tmpdir/crf_16.mpd,/videos/BigBuckBunny-2160.avi
3800,0.98922,2.47184,0.99858,48.89913,0.9998,0.89231,0.99188,0.99616,0.99777,99.50258,0.68,0.38,0.36,0.84,49.8,52.38,52.58,48.9,0.994,0.995,0.995,0.994,/tmpdir/crf_16.mpd,/videos/BigBuckBunny-2160.avi
3801,0.99385,1.4184,0.99902,50.37032,0.99988,0.91208,0.99578,0.99819,0.99904,99.99531,0.51,0.33,0.32,0.6,51.09,52.94,53.14,50.37,0.995,0.996,0.996,0.995,/tmpdir/crf_16.mpd,/videos/BigBuckBunny-2160.avi
3802,0.99086,1.34918,0.99878,49.22197,0.99985,0.89864,0.99397,0.99731,0.99852,99.32924,0.64,0.36,0.35,0.78,50.1,52.6,52.75,49.22,0.995,0.996,0.995,0.994,/tmpdir/crf_16.mpd,/videos/BigBuckBunny-2160.avi
3803,0.99183,0.71838,0.99886,49.47264,0.99985,0.90108,0.99449,0.99747,0.99856,99.21405,0.6,0.35,0.34,0.73,50.32,52.67,52.84,49.47,0.995,0.996,0.996,0.994,/tmpdir/crf_16.mpd,/videos/BigBuckBunny-2160.avi
3804,0.9912,0.71838,0.9988,49.23635,0.99984,0.8986,0.99393,0.99723,0.99844,99.0794,0.63,0.36,0.34,0.78,50.11,52.63,52.77,49.24,0.995,0.996,0.995,0.994,/tmpdir/crf_16.mpd,/videos/BigBuckBunny-2160.avi
3805,0.99411,0.37193,0.99908,50.6105,0.99989,0.91493,0.99624,0.99836,0.99912,99.56537,0.48,0.33,0.31,0.56,51.3,52.99,53.24,50.61,0.996,0.996,0.996,0.995,/tmpdir/crf_16.mpd,/videos/BigBuckBunny-2160.avi
3806,0.99169,0.33942,0.99889,49.58952,0.99985,0.90337,0.99445,0.99747,0.99858,99.02085,0.59,0.35,0.33,0.71,50.42,52.7,52.92,49.59,0.995,0.996,0.996,0.995,/tmpdir/crf_16.mpd,/videos/BigBuckBunny-2160.avi
3807,0.99238,0.18973,0.99893,49.81716,0.99986,0.90571,0.99487,0.99762,0.99864,99.08896,0.56,0.34,0.33,0.68,50.62,52.76,53.0,49.82,0.995,0.996,0.996,0.995,/tmpdir/crf_16.mpd,/videos/BigBuckBunny-2160.avi
3808,0.99228,0.18973,0.9989,49.63542,0.99985,0.90382,0.99461,0.99753,0.99862,99.0611,0.58,0.35,0.33,0.71,50.47,52.75,52.98,49.64,0.995,0.996,0.996,0.995,/tmpdir/crf_16.mpd,/videos/BigBuckBunny-2160.avi
3809,0.99392,0.17383,0.99906,50.4365,0.99988,0.91255,0.99612,0.99829,0.99906,99.42624,0.5,0.33,0.31,0.59,51.15,52.94,53.16,50.44,0.995,0.996,0.996,0.995,/tmpdir/crf_16.mpd,/videos/BigBuckBunny-2160.avi
3810,0.99129,0.17383,0.99886,49.2252,0.99985,0.8985,0.9946,0.99756,0.99864,98.8627,0.63,0.35,0.33,0.78,50.13,52.72,52.92,49.23,0.995,0.996,0.996,0.994,/tmpdir/crf_16.mpd,/videos/BigBuckBunny-2160.avi
3811,0.99143,0.12333,0.9989,49.3238,0.99986,0.89949,0.99486,0.99764,0.99865,98.87114,0.62,0.35,0.33,0.76,50.21,52.7,52.91,49.32,0.995,0.996,0.996,0.995,/tmpdir/crf_16.mpd,/videos/BigBuckBunny-2160.avi
3812,0.99096,0.12333,0.9989,49.2826,0.99986,0.89915,0.99472,0.99761,0.99865,98.78589,0.63,0.35,0.33,0.77,50.17,52.69,52.88,49.28,0.995,0.996,0.996,0.995,/tmpdir/crf_16.mpd,/videos/BigBuckBunny-2160.avi
3813,0.99322,0.16043,0.99901,49.9688,0.99988,0.90673,0.99585,0.99818,0.999,99.26761,0.55,0.34,0.33,0.65,50.74,52.8,52.99,49.97,0.995,0.996,0.996,0.995,/tmpdir/crf_16.mpd,/videos/BigBuckBunny-2160.avi
3814,0.99113,0.16574,0.9989,49.40846,0.99985,0.90213,0.99456,0.9975,0.99857,98.83688,0.61,0.35,0.33,0.75,50.27,52.7,52.91,49.41,0.995,0.996,0.996,0.995,/tmpdir/crf_16.mpd,/videos/BigBuckBunny-2160.avi
3815,0.99159,0.32674,0.9989,49.55109,0.99985,0.90307,0.99457,0.99747,0.99854,98.99242,0.59,0.35,0.33,0.72,50.39,52.69,52.93,49.55,0.995,0.996,0.996,0.995,/tmpdir/crf_16.mpd,/videos/BigBuckBunny-2160.avi
3816,0.99101,0.69452,0.9988,49.28996,0.99984,0.89975,0.99384,0.99716,0.99837,99.03174,0.63,0.36,0.34,0.77,50.16,52.59,52.82,49.29,0.995,0.996,0.996,0.994,/tmpdir/crf_16.mpd,/videos/BigBuckBunny-2160.avi
3817,0.99355,1.01445,0.999,50.18675,0.99988,0.90999,0.9957,0.99812,0.99898,99.73538,0.53,0.34,0.32,0.62,50.93,52.84,53.07,50.19,0.995,0.996,0.996,0.995,/tmpdir/crf_16.mpd,/videos/BigBuckBunny-2160.avi
3818,0.99074,0.70541,0.99879,49.1495,0.99984,0.89782,0.99374,0.99712,0.99836,98.98094,0.64,0.36,0.34,0.79,50.04,52.58,52.79,49.15,0.995,0.996,0.996,0.994,/tmpdir/crf_16.mpd,/videos/BigBuckBunny-2160.avi
3819,0.99129,0.46343,0.99885,49.30454,0.99985,0.89953,0.99442,0.99745,0.99854,98.99126,0.62,0.35,0.34,0.76,50.18,52.63,52.84,49.3,0.995,0.996,0.996,0.994,/tmpdir/crf_16.mpd,/videos/BigBuckBunny-2160.avi
3820,0.99018,0.46343,0.99881,49.04406,0.99984,0.89702,0.99379,0.99717,0.99839,98.76856,0.66,0.36,0.34,0.81,49.96,52.6,52.83,49.04,0.995,0.996,0.996,0.994,/tmpdir/crf_16.mpd,/videos/BigBuckBunny-2160.avi
3821,0.99269,0.96087,0.99895,49.55224,0.99988,0.90418,0.9953,0.99797,0.9989,99.52876,0.6,0.36,0.33,0.72,50.38,52.61,52.9,49.55,0.995,0.996,0.996,0.995,/tmpdir/crf_16.mpd,/videos/BigBuckBunny-2160.avi
3822,0.98909,1.18156,0.99874,48.77173,0.99984,0.89156,0.99296,0.99677,0.99814,98.87324,0.7,0.39,0.37,0.86,49.66,52.17,52.43,48.77,0.994,0.995,0.995,0.994,/tmpdir/crf_16.mpd,/videos/BigBuckBunny-2160.avi
3823,0.98939,1.58972,0.99878,49.00789,0.99985,0.89343,0.9936,0.99712,0.9984,99.15908,0.67,0.39,0.37,0.82,49.86,52.26,52.42,49.01,0.995,0.995,0.995,0.994,/tmpdir/crf_16.mpd,/videos/BigBuckBunny-2160.avi
3824,0.9878,1.58972,0.99868,48.65904,0.99984,0.88869,0.9927,0.99667,0.99812,98.83315,0.72,0.4,0.39,0.89,49.54,52.08,52.19,48.66,0.994,0.995,0.995,0.994,/tmpdir/crf_16.mpd,/videos/BigBuckBunny-2160.avi
3825,0.99194,1.53038,0.99891,49.75098,0.99988,0.90298,0.99489,0.99778,0.9988,99.65459,0.58,0.37,0.35,0.69,50.5,52.46,52.64,49.75,0.995,0.996,0.995,0.995,/tmpdir/crf_16.mpd,/videos/BigBuckBunny-2160.avi
3826,0.98804,1.53038,0.99871,48.87478,0.99984,0.89119,0.99298,0.99683,0.99827,98.86826,0.69,0.39,0.38,0.84,49.73,52.19,52.28,48.87,0.994,0.995,0.995,0.994,/tmpdir/crf_16.mpd,/videos/BigBuckBunny-2160.avi
3827,0.98874,1.48151,0.99877,49.13405,0.99985,0.8945,0.99365,0.99711,0.99838,98.9926,0.66,0.38,0.37,0.79,49.97,52.29,52.42,49.13,0.995,0.995,0.995,0.994,/tmpdir/crf_16.mpd,/videos/BigBuckBunny-2160.avi
3828,0.98728,1.48151,0.99869,48.76831,0.99984,0.88965,0.99285,0.99676,0.99819,98.69814,0.7,0.39,0.38,0.86,49.65,52.19,52.3,48.77,0.994,0.995,0.995,0.994,/tmpdir/crf_16.mpd,/videos/BigBuckBunny-2160.avi
3829,0.99305,1.18695,0.99897,50.07122,0.99988,0.9068,0.9953,0.99795,0.99892,99.71002,0.54,0.36,0.34,0.64,50.78,52.6,52.76,50.07,0.995,0.996,0.996,0.995,/tmpdir/crf_16.mpd,/videos/BigBuckBunny-2160.avi
3830,0.98809,1.18695,0.99873,48.87706,0.99984,0.89165,0.99295,0.99679,0.99821,98.70363,0.69,0.39,0.37,0.84,49.75,52.24,52.41,48.88,0.994,0.995,0.995,0.994,/tmpdir/crf_16.mpd,/videos/BigBuckBunny-2160.avi
3831,0.98964,1.09776,0.99879,49.06981,0.99985,0.89404,0.99368,0.9971,0.99836,98.96155,0.66,0.38,0.37,0.81,49.93,52.35,52.47,49.07,0.995,0.995,0.995,0.994,/tmpdir/crf_16.mpd,/videos/BigBuckBunny-2160.avi
3832,0.98778,1.09776,0.99875,48.9024,0.99984,0.8923,0.99285,0.99669,0.99813,98.59929,0.68,0.39,0.37,0.84,49.78,52.27,52.42,48.9,0.995,0.995,0.995,0.994,/tmpdir/crf_16.mpd,/videos/BigBuckBunny-2160.avi
3833,0.99344,0.87108,0.99903,50.27241,0.99988,0.90988,0.99566,0.99806,0.99893,99.64141,0.52,0.34,0.33,0.61,50.97,52.75,52.93,50.27,0.995,0.996,0.996,0.995,/tmpdir/crf_16.mpd,/videos/BigBuckBunny-2160.avi
3834,0.98838,0.87108,0.99878,49.00901,0.99983,0.89358,0.99304,0.99672,0.99812,98.60209,0.67,0.38,0.37,0.82,49.88,52.34,52.47,49.01,0.995,0.996,0.995,0.994,/tmpdir/crf_16.mpd,/videos/BigBuckBunny-2160.avi
3835,0.98994,0.64546,0.99882,49.18581,0.99984,0.89584,0.99359,0.99695,0.9982,98.78973,0.65,0.37,0.36,0.78,50.03,52.41,52.55,49.19,0.995,0.996,0.995,0.994,/tmpdir/crf_16.mpd,/videos/BigBuckBunny-2160.avi
3836,0.98885,0.64546,0.9988,49.10269,0.99983,0.8957,0.99325,0.9968,0.99814,98.58803,0.66,0.38,0.37,0.8,49.95,52.37,52.47,49.1,0.995,0.996,0.995,0.994,/tmpdir/crf_16.mpd,/videos/BigBuckBunny-2160.avi
3837,0.9935,0.43511,0.99903,50.27196,0.99988,0.90953,0.99572,0.99807,0.99891,99.44434,0.52,0.34,0.33,0.61,50.97,52.77,52.93,50.27,0.995,0.996,0.996,0.995,/tmpdir/crf_16.mpd,/videos/BigBuckBunny-2160.avi
3838,0.98945,0.43511,0.99887,49.32315,0.99985,0.89824,0.99391,0.99711,0.99832,98.62297,0.63,0.37,0.36,0.76,50.15,52.49,52.54,49.32,0.995,0.996,0.995,0.995,/tmpdir/crf_16.mpd,/videos/BigBuckBunny-2160.avi
3839,0.99044,0.37543,0.99889,49.43921,0.99985,0.89952,0.99415,0.99719,0.99831,98.77713,0.61,0.36,0.35,0.74,50.26,52.53,52.66,49.44,0.995,0.996,0.996,0.995,/tmpdir/crf_16.mpd,/videos/BigBuckBunny-2160.avi
3840,0.98992,0.37543,0.99887,49.3234,0.99984,0.89811,0.99384,0.99704,0.99823,98.67128,0.63,0.37,0.36,0.76,50.16,52.5,52.61,49.32,0.995,0.996,0.995,0.995,/tmpdir/crf_16.mpd,/videos/BigBuckBunny-2160.avi
3841,0.99337,0.19035,0.99901,50.14514,0.99988,0.90736,0.99564,0.99803,0.99888,99.29819,0.53,0.35,0.33,0.63,50.87,52.73,52.93,50.15,0.995,0.996,0.996,0.995,/tmpdir/crf_16.mpd,/videos/BigBuckBunny-2160.avi
3842,0.9903,0.19035,0.9989,49.46023,0.99985,0.89983,0.99428,0.99732,0.99847,98.6814,0.61,0.36,0.35,0.74,50.28,52.53,52.66,49.46,0.995,0.996,0.996,0.995,/tmpdir/crf_16.mpd,/videos/BigBuckBunny-2160.avi
3843,0.99036,0.12623,0.99889,49.40782,0.99985,0.89879,0.99436,0.99735,0.99844,98.65826,0.62,0.36,0.35,0.75,50.24,52.53,52.67,49.41,0.995,0.996,0.995,0.995,/tmpdir/crf_16.mpd,/videos/BigBuckBunny-2160.avi
3844,0.99045,0.12623,0.99888,49.38278,0.99985,0.89821,0.99429,0.99735,0.99848,98.67616,0.62,0.37,0.36,0.75,50.21,52.5,52.63,49.38,0.995,0.996,0.995,0.995,/tmpdir/crf_16.mpd,/videos/BigBuckBunny-2160.avi
3845,0.99231,0.09322,0.99894,49.71155,0.99987,0.90108,0.99516,0.99783,0.99879,99.03315,0.58,0.36,0.35,0.69,50.49,52.57,52.72,49.71,0.995,0.996,0.995,0.995,/tmpdir/crf_16.mpd,/videos/BigBuckBunny-2160.avi
3846,0.99067,0.09322,0.99888,49.31126,0.99986,0.89657,0.99441,0.99743,0.99855,98.70117,0.63,0.37,0.36,0.76,50.14,52.48,52.58,49.31,0.995,0.995,0.995,0.994,/tmpdir/crf_16.mpd,/videos/BigBuckBunny-2160.avi
3847,0.99082,0.06638,0.99886,49.24374,0.99985,0.89571,0.99428,0.99735,0.99848,98.70483,0.64,0.37,0.36,0.77,50.09,52.46,52.56,49.24,0.995,0.995,0.995,0.994,/tmpdir/crf_16.mpd,/videos/BigBuckBunny-2160.avi
3848,0.99057,0.06638,0.99884,49.15047,0.99985,0.89415,0.99407,0.99727,0.99845,98.65079,0.65,0.37,0.36,0.79,50.01,52.44,52.54,49.15,0.995,0.995,0.995,0.994,/tmpdir/crf_16.mpd,/videos/BigBuckBunny-2160.avi
3849,0.99083,0.04816,0.99882,49.04618,0.99985,0.89216,0.99394,0.9972,0.9984,98.67807,0.66,0.37,0.36,0.81,49.92,52.45,52.53,49.05,0.995,0.995,0.995,0.994,/tmpdir/crf_16.mpd,/videos/BigBuckBunny-2160.avi
3850,0.99061,0.04816,0.9988,48.93724,0.99984,0.8912,0.9936,0.99697,0.99821,98.61715,0.68,0.37,0.36,0.83,49.83,52.44,52.52,48.94,0.995,0.995,0.995,0.994,/tmpdir/crf_16.mpd,/videos/BigBuckBunny-2160.avi
3851,0.99761,0.02602,0.99913,54.2923,0.99969,0.95743,0.99864,0.9994,0.99966,100.0,0.21,0.15,0.14,0.24,54.91,56.37,56.66,54.29,0.998,0.998,0.998,0.998,/tmpdir/crf_16.mpd,/videos/BigBuckBunny-2160.avi
3852,0.99724,0.02602,0.99908,53.93939,0.99968,0.95523,0.99841,0.99926,0.99956,100.0,0.22,0.15,0.14,0.26,54.62,56.3,56.59,53.94,0.998,0.998,0.998,0.998,/tmpdir/crf_16.mpd,/videos/BigBuckBunny-2160.avi
3853,0.99664,0.10481,0.99903,53.52144,0.99967,0.95214,0.99819,0.99916,0.9995,100.0,0.24,0.15,0.14,0.29,54.28,56.24,56.52,53.52,0.998,0.998,0.998,0.998,/tmpdir/crf_16.mpd,/videos/BigBuckBunny-2160.avi
3854,0.99631,0.11237,0.99901,53.3795,0.99966,0.95083,0.99814,0.99915,0.99953,100.0,0.25,0.16,0.15,0.3,54.16,56.2,56.46,53.38,0.998,0.998,0.998,0.998,/tmpdir/crf_16.mpd,/videos/BigBuckBunny-2160.avi
3855,0.99703,0.10378,0.99901,53.35373,0.99968,0.95002,0.99831,0.99925,0.99959,100.0,0.25,0.16,0.15,0.3,54.14,56.18,56.49,53.35,0.998,0.998,0.998,0.998,/tmpdir/crf_16.mpd,/videos/BigBuckBunny-2160.avi
3856,0.99625,0.10378,0.99896,53.10047,0.99966,0.94793,0.99801,0.99908,0.99947,99.98785,0.26,0.16,0.15,0.32,53.92,56.11,56.4,53.1,0.998,0.998,0.998,0.997,/tmpdir/crf_16.mpd,/videos/BigBuckBunny-2160.avi
3857,0.9965,0.0605,0.99896,53.05172,0.99966,0.94755,0.99802,0.99911,0.9995,100.0,0.27,0.16,0.15,0.32,53.88,56.11,56.4,53.05,0.998,0.998,0.998,0.997,/tmpdir/crf_16.mpd,/videos/BigBuckBunny-2160.avi
3858,0.99595,0.0605,0.99895,53.02177,0.99965,0.94728,0.99799,0.99909,0.99947,99.91357,0.27,0.16,0.15,0.32,53.85,56.09,56.38,53.02,0.998,0.998,0.998,0.997,/tmpdir/crf_16.mpd,/videos/BigBuckBunny-2160.avi
3859,0.99675,0.04306,0.99898,53.18684,0.99967,0.94875,0.9982,0.99919,0.99954,100.0,0.26,0.16,0.15,0.31,54.0,56.12,56.46,53.19,0.998,0.998,0.998,0.997,/tmpdir/crf_16.mpd,/videos/BigBuckBunny-2160.avi
3860,0.99611,0.04306,0.99893,52.98679,0.99965,0.94693,0.99793,0.99904,0.99943,99.92887,0.27,0.16,0.15,0.33,53.82,56.07,56.39,52.99,0.998,0.998,0.998,0.997,/tmpdir/crf_16.mpd,/videos/BigBuckBunny-2160.avi
3861,0.99606,0.04129,0.99893,52.9207,0.99965,0.94636,0.99792,0.99904,0.99945,99.91802,0.27,0.16,0.15,0.33,53.77,56.05,56.4,52.92,0.997,0.998,0.998,0.997,/tmpdir/crf_16.mpd,/videos/BigBuckBunny-2160.avi
3862,0.99598,0.04129,0.99891,52.8432,0.99964,0.94566,0.99789,0.99904,0.99944,99.90044,0.28,0.16,0.15,0.34,53.7,56.03,56.37,52.84,0.997,0.998,0.998,0.997,/tmpdir/crf_16.mpd,/videos/BigBuckBunny-2160.avi
3863,0.99636,0.04496,0.99893,52.92189,0.99966,0.94633,0.99801,0.99909,0.99948,99.97564,0.27,0.16,0.15,0.33,53.77,56.06,56.42,52.92,0.997,0.998,0.998,0.997,/tmpdir/crf_16.mpd,/videos/BigBuckBunny-2160.avi
3864,0.99578,0.04496,0.9989,52.71819,0.99965,0.9445,0.99778,0.99896,0.99939,99.85566,0.28,0.16,0.15,0.35,53.59,55.98,56.35,52.72,0.997,0.998,0.998,0.997,/tmpdir/crf_16.mpd,/videos/BigBuckBunny-2160.avi
3865,0.99591,0.08047,0.99888,52.60156,0.99965,0.94354,0.9977,0.99892,0.99938,99.88991,0.29,0.16,0.15,0.36,53.5,55.98,56.35,52.6,0.997,0.998,0.998,0.997,/tmpdir/crf_16.mpd,/videos/BigBuckBunny-2160.avi
3866,0.99567,0.08358,0.99885,52.39757,0.99964,0.94207,0.9975,0.99882,0.99931,99.83501,0.3,0.17,0.15,0.37,53.32,55.9,56.3,52.4,0.997,0.998,0.998,0.997,/tmpdir/crf_16.mpd,/videos/BigBuckBunny-2160.avi
3867,0.99608,0.7463,0.99882,52.43451,0.99965,0.94351,0.99753,0.99888,0.99933,100.0,0.3,0.17,0.16,0.37,53.33,55.75,56.21,52.43,0.997,0.998,0.998,0.997,/tmpdir/crf_16.mpd,/videos/BigBuckBunny-2160.avi
3868,0.99546,0.84976,0.99866,51.76176,0.99962,0.93507,0.99653,0.9984,0.99903,100.0,0.35,0.19,0.17,0.43,52.7,55.23,55.89,51.76,0.997,0.998,0.998,0.996,/tmpdir/crf_16.mpd,/videos/BigBuckBunny-2160.avi
3869,0.99581,1.03086,0.99876,52.09885,0.99964,0.93807,0.99697,0.99864,0.99922,100.0,0.33,0.19,0.17,0.4,52.99,55.32,55.94,52.1,0.997,0.998,0.998,0.997,/tmpdir/crf_16.mpd,/videos/BigBuckBunny-2160.avi
3870,0.99543,1.1119,0.99869,51.82416,0.99962,0.93566,0.99649,0.99838,0.99905,100.0,0.35,0.2,0.17,0.43,52.74,55.22,55.8,51.82,0.997,0.998,0.998,0.996,/tmpdir/crf_16.mpd,/videos/BigBuckBunny-2160.avi
3871,0.99663,0.8441,0.99896,53.03483,0.99967,0.94622,0.99787,0.99905,0.99947,100.0,0.27,0.18,0.16,0.32,53.79,55.66,56.13,53.03,0.997,0.998,0.998,0.997,/tmpdir/crf_16.mpd,/videos/BigBuckBunny-2160.avi
3872,0.99536,0.8441,0.99877,52.1217,0.99962,0.93729,0.99707,0.99868,0.99924,100.0,0.32,0.19,0.16,0.4,53.02,55.43,55.97,52.12,0.997,0.998,0.998,0.997,/tmpdir/crf_16.mpd,/videos/BigBuckBunny-2160.avi
3873,0.99572,0.49419,0.99879,52.17276,0.99963,0.93819,0.99728,0.99878,0.99929,100.0,0.32,0.18,0.16,0.39,53.07,55.53,56.02,52.17,0.997,0.998,0.998,0.997,/tmpdir/crf_16.mpd,/videos/BigBuckBunny-2160.avi
3874,0.99535,0.46979,0.99881,52.28317,0.99963,0.93995,0.99728,0.99875,0.99925,99.93828,0.31,0.18,0.16,0.38,53.17,55.54,56.04,52.28,0.997,0.998,0.998,0.997,/tmpdir/crf_16.mpd,/videos/BigBuckBunny-2160.avi
3875,0.99663,0.22689,0.99901,53.25683,0.99968,0.94844,0.99813,0.99916,0.99952,100.0,0.26,0.17,0.16,0.31,53.98,55.75,56.16,53.26,0.998,0.998,0.998,0.998,/tmpdir/crf_16.mpd,/videos/BigBuckBunny-2160.avi
3876,0.99561,0.22689,0.99889,52.61225,0.99964,0.9433,0.99748,0.99881,0.99928,99.89216,0.29,0.18,0.16,0.36,53.44,55.6,56.05,52.61,0.997,0.998,0.998,0.997,/tmpdir/crf_16.mpd,/videos/BigBuckBunny-2160.avi
3877,0.99599,0.15473,0.99893,52.70247,0.99966,0.94401,0.99767,0.99893,0.99938,99.93814,0.29,0.18,0.16,0.35,53.52,55.63,56.06,52.7,0.997,0.998,0.998,0.997,/tmpdir/crf_16.mpd,/videos/BigBuckBunny-2160.avi
3878,0.99525,0.15473,0.99893,52.71858,0.99966,0.94409,0.99765,0.99892,0.99936,99.8068,0.29,0.18,0.16,0.35,53.53,55.6,56.06,52.72,0.997,0.998,0.998,0.997,/tmpdir/crf_16.mpd,/videos/BigBuckBunny-2160.avi
3879,0.99659,0.09529,0.99902,53.21868,0.99968,0.94752,0.99818,0.9992,0.99955,100.0,0.26,0.17,0.16,0.31,53.95,55.73,56.11,53.22,0.998,0.998,0.998,0.997,/tmpdir/crf_16.mpd,/videos/BigBuckBunny-2160.avi
3880,0.99578,0.09529,0.99897,52.85459,0.99967,0.94483,0.99784,0.999,0.99942,99.88349,0.28,0.18,0.16,0.34,53.64,55.61,56.06,52.85,0.997,0.998,0.998,0.997,/tmpdir/crf_16.mpd,/videos/BigBuckBunny-2160.avi
3881,0.99584,0.06048,0.99897,52.81789,0.99967,0.94443,0.99783,0.99899,0.9994,99.87472,0.28,0.18,0.16,0.34,53.61,55.64,56.08,52.82,0.997,0.998,0.998,0.997,/tmpdir/crf_16.mpd,/videos/BigBuckBunny-2160.avi
3882,0.99573,0.06048,0.99897,52.80276,0.99967,0.94422,0.99787,0.99902,0.99944,99.857,0.28,0.18,0.16,0.34,53.6,55.61,56.07,52.8,0.997,0.998,0.998,0.997,/tmpdir/crf_16.mpd,/videos/BigBuckBunny-2160.avi
3883,0.9963,0.04483,0.999,53.05219,0.99968,0.94582,0.99815,0.99919,0.99955,99.9697,0.27,0.18,0.16,0.32,53.81,55.7,56.09,53.05,0.998,0.998,0.998,0.997,/tmpdir/crf_16.mpd,/videos/BigBuckBunny-2160.avi
3884,0.99574,0.04483,0.99898,52.85861,0.99967,0.94449,0.99799,0.9991,0.99949,99.85972,0.28,0.18,0.16,0.34,53.65,55.63,56.07,52.86,0.997,0.998,0.998,0.997,/tmpdir/crf_16.mpd,/videos/BigBuckBunny-2160.avi
3885,0.9958,0.03964,0.99898,52.83388,0.99967,0.9443,0.99799,0.99911,0.9995,99.86836,0.28,0.18,0.16,0.34,53.63,55.65,56.08,52.83,0.997,0.998,0.998,0.997,/tmpdir/crf_16.mpd,/videos/BigBuckBunny-2160.avi
3886,0.99559,0.03964,0.99897,52.78645,0.99967,0.94398,0.99796,0.9991,0.9995,99.82978,0.28,0.18,0.16,0.34,53.59,55.62,56.08,52.79,0.997,0.998,0.998,0.997,/tmpdir/crf_16.mpd,/videos/BigBuckBunny-2160.avi
3887,0.99601,0.0508,0.99899,52.94408,0.99968,0.94507,0.99813,0.99918,0.99955,99.91902,0.28,0.17,0.16,0.33,53.72,55.71,56.09,52.94,0.997,0.998,0.998,0.997,/tmpdir/crf_16.mpd,/videos/BigBuckBunny-2160.avi
3888,0.99617,0.05155,0.99899,52.9777,0.99968,0.94535,0.99813,0.99917,0.99953,99.9465,0.27,0.18,0.16,0.33,53.75,55.69,56.08,52.98,0.997,0.998,0.998,0.997,/tmpdir/crf_16.mpd,/videos/BigBuckBunny-2160.avi
3889,0.99732,0.04817,0.99913,54.31272,0.99969,0.95759,0.99863,0.99939,0.99967,100.0,0.21,0.15,0.14,0.24,54.92,56.33,56.64,54.31,0.998,0.998,0.998,0.998,/tmpdir/crf_16.mpd,/videos/BigBuckBunny-2160.avi
3890,0.99634,0.04817,0.99907,53.60958,0.99968,0.95259,0.99827,0.99921,0.99955,100.0,0.24,0.16,0.15,0.28,54.34,56.16,56.51,53.61,0.998,0.998,0.998,0.998,/tmpdir/crf_16.mpd,/videos/BigBuckBunny-2160.avi
3891,0.99634,0.02421,0.99904,53.44459,0.99968,0.95115,0.9982,0.99919,0.99955,99.99023,0.25,0.16,0.14,0.29,54.21,56.15,56.52,53.44,0.998,0.998,0.998,0.998,/tmpdir/crf_16.mpd,/videos/BigBuckBunny-2160.avi
3892,0.99643,0.02421,0.99903,53.37846,0.99967,0.95053,0.99822,0.99921,0.99956,100.0,0.25,0.16,0.15,0.3,54.16,56.15,56.5,53.38,0.998,0.998,0.998,0.998,/tmpdir/crf_16.mpd,/videos/BigBuckBunny-2160.avi
3893,0.99688,0.0191,0.99905,53.51306,0.99968,0.95144,0.99838,0.99928,0.99961,100.0,0.24,0.16,0.15,0.29,54.27,56.17,56.51,53.51,0.998,0.998,0.998,0.998,/tmpdir/crf_16.mpd,/videos/BigBuckBunny-2160.avi
3894,0.99658,0.0191,0.99902,53.36485,0.99967,0.95024,0.9982,0.99919,0.99954,100.0,0.25,0.16,0.15,0.3,54.14,56.14,56.48,53.36,0.998,0.998,0.998,0.998,/tmpdir/crf_16.mpd,/videos/BigBuckBunny-2160.avi
3895,0.99649,0.02119,0.99901,53.32918,0.99967,0.94999,0.99815,0.99914,0.9995,100.0,0.25,0.16,0.15,0.3,54.11,56.13,56.48,53.33,0.998,0.998,0.998,0.998,/tmpdir/crf_16.mpd,/videos/BigBuckBunny-2160.avi
3896,0.99647,0.02119,0.999,53.25826,0.99966,0.94936,0.99815,0.99917,0.99953,100.0,0.26,0.16,0.15,0.31,54.05,56.11,56.47,53.26,0.998,0.998,0.998,0.998,/tmpdir/crf_16.mpd,/videos/BigBuckBunny-2160.avi
3897,0.99666,0.02441,0.99902,53.32601,0.99967,0.94994,0.99828,0.99924,0.99958,100.0,0.25,0.16,0.15,0.3,54.11,56.13,56.48,53.33,0.998,0.998,0.998,0.998,/tmpdir/crf_16.mpd,/videos/BigBuckBunny-2160.avi
3898,0.99644,0.02441,0.99899,53.15845,0.99966,0.94846,0.99809,0.99914,0.99952,99.99297,0.26,0.16,0.15,0.31,53.97,56.07,56.45,53.16,0.998,0.998,0.998,0.997,/tmpdir/crf_16.mpd,/videos/BigBuckBunny-2160.avi
3899,0.99637,0.02942,0.99898,53.11416,0.99966,0.9481,0.99807,0.99911,0.99949,99.9798,0.26,0.16,0.15,0.32,53.93,56.05,56.45,53.11,0.998,0.998,0.998,0.997,/tmpdir/crf_16.mpd,/videos/BigBuckBunny-2160.avi
3900,0.99638,0.02942,0.99897,53.03922,0.99966,0.94758,0.99802,0.99909,0.99946,99.97491,0.27,0.16,0.15,0.32,53.87,56.02,56.43,53.04,0.998,0.998,0.998,0.997,/tmpdir/crf_16.mpd,/videos/BigBuckBunny-2160.avi
3901,0.99635,0.11886,0.99898,53.05147,0.99967,0.94776,0.9981,0.99915,0.99952,100.0,0.27,0.16,0.15,0.32,53.87,56.03,56.41,53.05,0.998,0.998,0.998,0.997,/tmpdir/crf_16.mpd,/videos/BigBuckBunny-2160.avi
3902,0.99599,0.30544,0.99895,52.85027,0.99966,0.94613,0.99784,0.999,0.99942,100.0,0.28,0.17,0.15,0.34,53.69,55.88,56.33,52.85,0.997,0.998,0.998,0.997,/tmpdir/crf_16.mpd,/videos/BigBuckBunny-2160.avi
3903,0.99618,0.43121,0.99895,52.85377,0.99966,0.94653,0.99796,0.99907,0.99947,100.0,0.28,0.16,0.15,0.34,53.7,55.97,56.36,52.85,0.997,0.998,0.998,0.997,/tmpdir/crf_16.mpd,/videos/BigBuckBunny-2160.avi
3904,0.99585,0.43832,0.99893,52.75126,0.99966,0.94595,0.99785,0.99903,0.99945,100.0,0.28,0.17,0.15,0.35,53.61,55.92,56.34,52.75,0.997,0.998,0.998,0.997,/tmpdir/crf_16.mpd,/videos/BigBuckBunny-2160.avi
3905,0.99575,1.07204,0.9988,52.1865,0.99964,0.94031,0.99695,0.99859,0.9992,100.0,0.32,0.19,0.17,0.39,53.07,55.37,55.95,52.19,0.997,0.998,0.998,0.997,/tmpdir/crf_16.mpd,/videos/BigBuckBunny-2160.avi
3906,0.99528,1.07204,0.99873,51.92787,0.99962,0.93765,0.99666,0.9985,0.99916,100.0,0.34,0.19,0.17,0.42,52.84,55.31,55.84,51.93,0.997,0.998,0.997,0.997,/tmpdir/crf_16.mpd,/videos/BigBuckBunny-2160.avi
3907,0.99611,1.02951,0.99884,52.38752,0.99965,0.94179,0.99748,0.99889,0.99938,100.0,0.31,0.18,0.16,0.38,53.25,55.54,55.96,52.39,0.997,0.998,0.998,0.997,/tmpdir/crf_16.mpd,/videos/BigBuckBunny-2160.avi
3908,0.99607,0.99904,0.99881,52.2665,0.99965,0.94012,0.99747,0.9989,0.9994,100.0,0.32,0.18,0.17,0.39,53.14,55.47,55.91,52.27,0.997,0.998,0.998,0.997,/tmpdir/crf_16.mpd,/videos/BigBuckBunny-2160.avi
3909,0.99515,0.67744,0.99869,51.75983,0.9996,0.93489,0.99674,0.99852,0.99913,99.9669,0.35,0.19,0.17,0.43,52.69,55.26,55.75,51.76,0.997,0.998,0.997,0.996,/tmpdir/crf_16.mpd,/videos/BigBuckBunny-2160.avi
3910,0.99523,0.67744,0.99874,51.77859,0.99962,0.93419,0.99685,0.99856,0.99915,99.98087,0.35,0.2,0.18,0.43,52.67,55.02,55.66,51.78,0.997,0.998,0.997,0.996,/tmpdir/crf_16.mpd,/videos/BigBuckBunny-2160.avi
3911,0.99479,0.59437,0.9987,51.6812,0.9996,0.93363,0.99664,0.99838,0.99899,99.84518,0.36,0.21,0.18,0.44,52.59,55.01,55.63,51.68,0.997,0.998,0.997,0.996,/tmpdir/crf_16.mpd,/videos/BigBuckBunny-2160.avi
3912,0.99601,0.59437,0.99884,52.24187,0.99965,0.93891,0.99753,0.99887,0.99934,100.0,0.32,0.2,0.17,0.39,53.08,55.23,55.75,52.24,0.997,0.998,0.997,0.997,/tmpdir/crf_16.mpd,/videos/BigBuckBunny-2160.avi
3913,0.99503,0.60437,0.99871,51.71092,0.9996,0.93333,0.99671,0.99849,0.99911,99.90381,0.36,0.21,0.18,0.44,52.6,54.9,55.58,51.71,0.997,0.998,0.997,0.996,/tmpdir/crf_16.mpd,/videos/BigBuckBunny-2160.avi
3914,0.99527,0.60437,0.99874,51.83535,0.99962,0.93435,0.99695,0.99861,0.99919,99.95775,0.35,0.2,0.18,0.43,52.72,55.02,55.63,51.84,0.997,0.998,0.997,0.996,/tmpdir/crf_16.mpd,/videos/BigBuckBunny-2160.avi
3915,0.99507,0.58642,0.99871,51.78381,0.99961,0.93435,0.99683,0.99853,0.99909,99.90612,0.35,0.21,0.18,0.43,52.67,54.98,55.64,51.78,0.997,0.998,0.997,0.996,/tmpdir/crf_16.mpd,/videos/BigBuckBunny-2160.avi
3916,0.9963,0.58642,0.99888,52.463,0.99966,0.94075,0.99775,0.99899,0.99942,100.0,0.31,0.19,0.17,0.37,53.27,55.28,55.81,52.46,0.997,0.998,0.997,0.997,/tmpdir/crf_16.mpd,/videos/BigBuckBunny-2160.avi
3917,0.99485,0.53689,0.99873,51.88708,0.9996,0.93561,0.99693,0.99858,0.99913,99.85226,0.35,0.21,0.18,0.42,52.75,54.96,55.62,51.89,0.997,0.998,0.997,0.997,/tmpdir/crf_16.mpd,/videos/BigBuckBunny-2160.avi
3918,0.99489,0.53689,0.99877,51.9801,0.99962,0.93658,0.99709,0.99865,0.99917,99.868,0.34,0.2,0.18,0.41,52.84,55.06,55.67,51.98,0.997,0.998,0.997,0.997,/tmpdir/crf_16.mpd,/videos/BigBuckBunny-2160.avi
3919,0.99492,0.39426,0.99876,51.94269,0.99961,0.93678,0.99704,0.99865,0.9992,99.81089,0.34,0.2,0.17,0.42,52.82,55.08,55.72,51.94,0.997,0.998,0.997,0.997,/tmpdir/crf_16.mpd,/videos/BigBuckBunny-2160.avi
3920,0.99602,0.39426,0.99888,52.44522,0.99966,0.94045,0.99776,0.999,0.99943,100.0,0.31,0.19,0.17,0.37,53.26,55.33,55.82,52.45,0.997,0.998,0.997,0.997,/tmpdir/crf_16.mpd,/videos/BigBuckBunny-2160.avi
3921,0.99513,0.25604,0.99875,51.83838,0.99963,0.93406,0.9971,0.99867,0.99923,99.77702,0.35,0.2,0.17,0.43,52.74,55.18,55.74,51.84,0.997,0.998,0.997,0.996,/tmpdir/crf_16.mpd,/videos/BigBuckBunny-2160.avi
3922,0.9952,0.25604,0.9988,52.12255,0.99963,0.93822,0.9972,0.99866,0.99922,99.80449,0.33,0.2,0.17,0.4,52.98,55.22,55.76,52.12,0.997,0.998,0.997,0.997,/tmpdir/crf_16.mpd,/videos/BigBuckBunny-2160.avi
3923,0.99549,0.21942,0.99878,52.17089,0.99962,0.93911,0.99716,0.99869,0.99925,99.84453,0.32,0.2,0.17,0.39,53.02,55.19,55.73,52.17,0.997,0.998,0.997,0.997,/tmpdir/crf_16.mpd,/videos/BigBuckBunny-2160.avi
3924,0.99602,0.21942,0.99884,52.3245,0.99965,0.93998,0.99766,0.99894,0.99937,99.95846,0.31,0.19,0.17,0.38,53.15,55.26,55.77,52.32,0.997,0.998,0.997,0.997,/tmpdir/crf_16.mpd,/videos/BigBuckBunny-2160.avi
3925,0.99511,0.19459,0.99876,51.97472,0.99961,0.93659,0.9971,0.99864,0.99917,99.75068,0.34,0.2,0.18,0.41,52.84,55.09,55.68,51.97,0.997,0.998,0.997,0.997,/tmpdir/crf_16.mpd,/videos/BigBuckBunny-2160.avi
3926,0.99545,0.19459,0.99877,51.99255,0.99962,0.93681,0.99712,0.99867,0.99921,99.81538,0.34,0.2,0.18,0.41,52.86,55.09,55.69,51.99,0.997,0.998,0.997,0.997,/tmpdir/crf_16.mpd,/videos/BigBuckBunny-2160.avi
3927,0.99501,0.12585,0.99873,51.84975,0.99961,0.93566,0.99701,0.99861,0.99917,99.69699,0.35,0.2,0.18,0.42,52.73,55.04,55.67,51.85,0.997,0.998,0.997,0.996,/tmpdir/crf_16.mpd,/videos/BigBuckBunny-2160.avi
3928,0.99527,0.12585,0.99876,51.95264,0.99963,0.9366,0.99713,0.99867,0.9992,99.74975,0.34,0.2,0.18,0.41,52.82,55.1,55.69,51.95,0.997,0.998,0.997,0.997,/tmpdir/crf_16.mpd,/videos/BigBuckBunny-2160.avi
3929,0.99526,0.77176,0.99863,51.48076,0.99961,0.93209,0.99629,0.99827,0.99897,100.0,0.37,0.21,0.18,0.46,52.4,54.82,55.55,51.48,0.997,0.998,0.997,0.996,/tmpdir/crf_16.mpd,/videos/BigBuckBunny-2160.avi
3930,0.99556,1.23615,0.99871,51.71244,0.99963,0.93393,0.99659,0.99843,0.99908,100.0,0.36,0.21,0.18,0.44,52.59,54.83,55.56,51.71,0.997,0.998,0.997,0.996,/tmpdir/crf_16.mpd,/videos/BigBuckBunny-2160.avi
3931,0.99502,1.37841,0.99864,51.51702,0.99961,0.93139,0.99607,0.99818,0.99893,100.0,0.37,0.22,0.19,0.46,52.4,54.64,55.45,51.52,0.997,0.998,0.997,0.996,/tmpdir/crf_16.mpd,/videos/BigBuckBunny-2160.avi
3932,0.99593,1.67046,0.9988,52.2341,0.99964,0.93858,0.997,0.99865,0.99925,100.0,0.32,0.21,0.18,0.39,53.04,54.98,55.68,52.23,0.997,0.998,0.997,0.997,/tmpdir/crf_16.mpd,/videos/BigBuckBunny-2160.avi
3933,0.99516,1.87449,0.99869,51.66311,0.99962,0.93361,0.99605,0.99812,0.99887,100.0,0.36,0.22,0.19,0.44,52.53,54.68,55.45,51.66,0.997,0.998,0.997,0.996,/tmpdir/crf_16.mpd,/videos/BigBuckBunny-2160.avi
3934,0.99545,1.87449,0.99874,51.84467,0.99963,0.9348,0.99648,0.99837,0.99903,100.0,0.35,0.22,0.18,0.43,52.69,54.77,55.5,51.84,0.997,0.998,0.997,0.997,/tmpdir/crf_16.mpd,/videos/BigBuckBunny-2160.avi
3935,0.9952,1.49099,0.99865,51.4214,0.99962,0.93123,0.99617,0.99827,0.999,100.0,0.38,0.22,0.18,0.47,52.33,54.67,55.46,51.42,0.997,0.998,0.997,0.996,/tmpdir/crf_16.mpd,/videos/BigBuckBunny-2160.avi
3936,0.99602,1.28154,0.99884,52.1879,0.99966,0.93755,0.99723,0.99879,0.99934,100.0,0.33,0.21,0.18,0.39,52.99,54.94,55.58,52.19,0.997,0.998,0.997,0.997,/tmpdir/crf_16.mpd,/videos/BigBuckBunny-2160.avi
3937,0.99471,0.81389,0.99864,51.35029,0.99962,0.92963,0.99637,0.99838,0.99906,99.92449,0.39,0.22,0.19,0.48,52.27,54.68,55.44,51.35,0.997,0.998,0.997,0.996,/tmpdir/crf_16.mpd,/videos/BigBuckBunny-2160.avi
3938,0.99522,0.75767,0.9987,51.55936,0.99963,0.93164,0.9968,0.99859,0.99919,100.0,0.37,0.21,0.18,0.45,52.46,54.82,55.5,51.56,0.997,0.998,0.997,0.996,/tmpdir/crf_16.mpd,/videos/BigBuckBunny-2160.avi
3939,0.99485,0.31822,0.9987,51.53509,0.99962,0.93165,0.9967,0.99847,0.99908,99.73148,0.37,0.21,0.18,0.46,52.44,54.84,55.53,51.54,0.997,0.998,0.997,0.996,/tmpdir/crf_16.mpd,/videos/BigBuckBunny-2160.avi
3940,0.99577,0.26655,0.99885,52.12606,0.99966,0.93673,0.99751,0.99892,0.9994,99.92303,0.33,0.21,0.18,0.4,52.95,54.98,55.59,52.13,0.997,0.998,0.997,0.997,/tmpdir/crf_16.mpd,/videos/BigBuckBunny-2160.avi
3941,0.99492,0.22273,0.9987,51.57501,0.99962,0.93169,0.99684,0.99858,0.99919,99.71148,0.37,0.21,0.18,0.45,52.48,54.83,55.54,51.58,0.997,0.998,0.997,0.996,/tmpdir/crf_16.mpd,/videos/BigBuckBunny-2160.avi
3942,0.99525,0.22273,0.99871,51.61508,0.99963,0.93192,0.99698,0.99867,0.99924,99.77548,0.36,0.21,0.18,0.45,52.52,54.9,55.55,51.62,0.997,0.998,0.997,0.996,/tmpdir/crf_16.mpd,/videos/BigBuckBunny-2160.avi
3943,0.99494,0.29632,0.99862,51.27726,0.99961,0.92896,0.99648,0.99841,0.99906,99.72448,0.39,0.22,0.18,0.48,52.22,54.75,55.49,51.28,0.996,0.998,0.997,0.996,/tmpdir/crf_16.mpd,/videos/BigBuckBunny-2160.avi
3944,0.99573,0.93497,0.9987,51.65548,0.99963,0.93406,0.9968,0.99857,0.99917,100.0,0.36,0.21,0.18,0.44,52.55,54.88,55.61,51.66,0.997,0.998,0.997,0.996,/tmpdir/crf_16.mpd,/videos/BigBuckBunny-2160.avi
3945,0.99499,1.88117,0.99865,51.57402,0.99961,0.93205,0.996,0.99812,0.99887,100.0,0.37,0.22,0.19,0.45,52.45,54.65,55.43,51.57,0.997,0.998,0.997,0.996,/tmpdir/crf_16.mpd,/videos/BigBuckBunny-2160.avi
3946,0.99521,1.88117,0.99873,51.83999,0.99963,0.93432,0.99637,0.99832,0.99901,100.0,0.35,0.22,0.18,0.43,52.67,54.7,55.47,51.84,0.997,0.998,0.997,0.997,/tmpdir/crf_16.mpd,/videos/BigBuckBunny-2160.avi
3947,0.99506,1.87736,0.99872,51.91145,0.99961,0.93957,0.99596,0.99809,0.99888,100.0,0.35,0.23,0.19,0.42,52.72,54.58,55.45,51.91,0.997,0.998,0.997,0.997,/tmpdir/crf_16.mpd,/videos/BigBuckBunny-2160.avi
3948,0.99585,1.80405,0.99886,52.51287,0.99964,0.94225,0.99708,0.99868,0.99926,100.0,0.31,0.21,0.18,0.36,53.26,54.96,55.66,52.51,0.997,0.998,0.997,0.997,/tmpdir/crf_16.mpd,/videos/BigBuckBunny-2160.avi
3949,0.99416,1.25136,0.99857,51.11,0.9996,0.92745,0.99586,0.9981,0.99889,100.0,0.41,0.24,0.19,0.5,52.03,54.36,55.27,51.11,0.996,0.997,0.997,0.996,/tmpdir/crf_16.mpd,/videos/BigBuckBunny-2160.avi
3950,0.99496,1.25136,0.99873,51.65427,0.99963,0.9323,0.99653,0.99844,0.99912,100.0,0.37,0.23,0.19,0.44,52.5,54.6,55.37,51.65,0.997,0.998,0.997,0.996,/tmpdir/crf_16.mpd,/videos/BigBuckBunny-2160.avi
3951,0.99458,1.30224,0.99863,51.37889,0.99961,0.93027,0.99605,0.9982,0.99895,100.0,0.38,0.23,0.19,0.47,52.28,54.56,55.39,51.38,0.997,0.998,0.997,0.996,/tmpdir/crf_16.mpd,/videos/BigBuckBunny-2160.avi
3952,0.99566,1.30224,0.99884,52.19088,0.99966,0.93778,0.99726,0.9988,0.99933,100.0,0.33,0.21,0.18,0.39,53.0,54.95,55.62,52.19,0.997,0.998,0.997,0.997,/tmpdir/crf_16.mpd,/videos/BigBuckBunny-2160.avi
3953,0.9944,0.69752,0.9986,51.21429,0.99961,0.92806,0.99614,0.99825,0.99899,99.80138,0.4,0.22,0.19,0.49,52.14,54.64,55.32,51.21,0.996,0.998,0.997,0.996,/tmpdir/crf_16.mpd,/videos/BigBuckBunny-2160.avi
3954,0.99501,0.68698,0.99868,51.40815,0.99963,0.93013,0.99678,0.99857,0.99921,99.93461,0.38,0.22,0.19,0.47,52.33,54.77,55.45,51.41,0.997,0.998,0.997,0.996,/tmpdir/crf_16.mpd,/videos/BigBuckBunny-2160.avi
3955,0.99462,0.36831,0.9987,51.51114,0.99961,0.9315,0.99673,0.99852,0.99916,99.71918,0.37,0.21,0.18,0.46,52.43,54.88,55.57,51.51,0.997,0.998,0.997,0.996,/tmpdir/crf_16.mpd,/videos/BigBuckBunny-2160.avi
3956,0.99577,0.36831,0.99893,52.51702,0.99967,0.94063,0.99775,0.99902,0.99947,99.99266,0.31,0.2,0.18,0.36,53.28,55.11,55.67,52.52,0.997,0.998,0.997,0.997,/tmpdir/crf_16.mpd,/videos/BigBuckBunny-2160.avi
3957,0.99451,0.2237,0.99876,51.82952,0.99961,0.93482,0.99695,0.99861,0.99921,99.65105,0.35,0.21,0.18,0.43,52.7,54.91,55.57,51.83,0.997,0.998,0.997,0.997,/tmpdir/crf_16.mpd,/videos/BigBuckBunny-2160.avi
3958,0.99491,0.2237,0.99878,51.81427,0.99963,0.93324,0.99714,0.99874,0.99929,99.72632,0.35,0.21,0.18,0.43,52.69,54.94,55.57,51.81,0.997,0.998,0.997,0.997,/tmpdir/crf_16.mpd,/videos/BigBuckBunny-2160.avi
3959,0.99478,0.22492,0.99877,51.77637,0.99963,0.9333,0.997,0.99864,0.99922,99.6956,0.35,0.21,0.18,0.43,52.65,54.87,55.54,51.78,0.997,0.998,0.997,0.997,/tmpdir/crf_16.mpd,/videos/BigBuckBunny-2160.avi
3960,0.99562,0.22492,0.99885,52.08485,0.99966,0.93585,0.99756,0.99895,0.99944,99.87813,0.33,0.21,0.18,0.4,52.92,55.01,55.63,52.08,0.997,0.998,0.997,0.997,/tmpdir/crf_16.mpd,/videos/BigBuckBunny-2160.avi
3961,0.99497,0.1625,0.99875,51.71104,0.99963,0.93261,0.99705,0.9987,0.9993,99.70569,0.36,0.21,0.18,0.44,52.59,54.87,55.55,51.71,0.997,0.998,0.997,0.996,/tmpdir/crf_16.mpd,/videos/BigBuckBunny-2160.avi
3962,0.99491,0.1625,0.99876,51.7047,0.99963,0.93236,0.99707,0.99869,0.99927,99.6934,0.36,0.21,0.18,0.44,52.59,54.89,55.55,51.7,0.997,0.998,0.997,0.996,/tmpdir/crf_16.mpd,/videos/BigBuckBunny-2160.avi
3963,0.99475,0.11616,0.99873,51.57629,0.99963,0.93123,0.9969,0.99861,0.99921,99.63166,0.37,0.21,0.18,0.45,52.48,54.83,55.51,51.58,0.997,0.998,0.997,0.996,/tmpdir/crf_16.mpd,/videos/BigBuckBunny-2160.avi
3964,0.99507,0.11616,0.99876,51.65859,0.99964,0.93181,0.99715,0.99874,0.99928,99.70053,0.36,0.21,0.18,0.44,52.55,54.9,55.55,51.66,0.997,0.998,0.997,0.996,/tmpdir/crf_16.mpd,/videos/BigBuckBunny-2160.avi
3965,0.99459,0.08837,0.9987,51.43337,0.99962,0.92983,0.99677,0.99853,0.99914,99.57869,0.38,0.22,0.18,0.47,52.35,54.79,55.49,51.43,0.997,0.998,0.997,0.996,/tmpdir/crf_16.mpd,/videos/BigBuckBunny-2160.avi
3966,0.99442,0.08837,0.99867,51.25854,0.99962,0.92836,0.99662,0.99845,0.99907,99.53691,0.39,0.22,0.18,0.49,52.21,54.77,55.5,51.26,0.997,0.998,0.997,0.996,/tmpdir/crf_16.mpd,/videos/BigBuckBunny-2160.avi
3967,0.99586,0.36981,0.99937,52.10179,0.99993,0.93568,0.9976,0.99896,0.99944,99.9867,0.35,0.25,0.24,0.4,52.72,54.23,54.39,52.1,0.997,0.997,0.997,0.997,/tmpdir/crf_16.mpd,/videos/BigBuckBunny-2160.avi
3968,0.99171,0.36981,0.99905,49.97246,0.99987,0.91486,0.9947,0.99744,0.99848,99.06896,0.53,0.28,0.27,0.65,50.9,53.64,53.77,49.97,0.996,0.997,0.996,0.995,/tmpdir/crf_16.mpd,/videos/BigBuckBunny-2160.avi
3969,0.99099,0.69927,0.99897,49.62545,0.99987,0.90824,0.99446,0.99735,0.99839,99.0645,0.57,0.3,0.3,0.71,50.56,53.35,53.41,49.63,0.995,0.996,0.996,0.995,/tmpdir/crf_16.mpd,/videos/BigBuckBunny-2160.avi
3970,0.98909,0.69927,0.99888,49.28536,0.99986,0.90334,0.99362,0.99701,0.99827,98.69327,0.62,0.32,0.32,0.77,50.22,53.03,53.15,49.29,0.995,0.996,0.996,0.995,/tmpdir/crf_16.mpd,/videos/BigBuckBunny-2160.avi
3971,0.99303,0.82496,0.99903,49.89435,0.9999,0.90984,0.99568,0.99808,0.99893,99.54733,0.54,0.3,0.29,0.67,50.78,53.3,53.45,49.89,0.995,0.996,0.996,0.995,/tmpdir/crf_16.mpd,/videos/BigBuckBunny-2160.avi
3972,0.98834,0.82496,0.99881,49.02272,0.99985,0.89917,0.99324,0.99682,0.99814,98.59261,0.65,0.33,0.33,0.81,49.98,52.89,52.99,49.02,0.995,0.996,0.996,0.994,/tmpdir/crf_16.mpd,/videos/BigBuckBunny-2160.avi
3973,0.98991,1.17684,0.99886,49.27971,0.99986,0.90158,0.9939,0.99713,0.9983,99.06761,0.62,0.33,0.32,0.77,50.2,52.88,53.01,49.28,0.995,0.996,0.996,0.994,/tmpdir/crf_16.mpd,/videos/BigBuckBunny-2160.avi
3974,0.98872,1.17684,0.99876,48.87264,0.99985,0.89597,0.99306,0.99678,0.99814,98.81935,0.68,0.35,0.34,0.84,49.82,52.66,52.81,48.87,0.995,0.996,0.996,0.994,/tmpdir/crf_16.mpd,/videos/BigBuckBunny-2160.avi
3975,0.99175,1.62388,0.99894,49.62385,0.99988,0.90422,0.99512,0.99789,0.99885,99.67864,0.58,0.33,0.32,0.71,50.5,53.0,53.13,49.62,0.995,0.996,0.996,0.995,/tmpdir/crf_16.mpd,/videos/BigBuckBunny-2160.avi
3976,0.98781,1.62388,0.99867,48.62583,0.99984,0.8916,0.99272,0.99666,0.99809,98.85896,0.72,0.37,0.36,0.89,49.59,52.49,52.62,48.63,0.994,0.996,0.996,0.994,/tmpdir/crf_16.mpd,/videos/BigBuckBunny-2160.avi
3977,0.98955,1.54989,0.99879,49.07538,0.99986,0.8969,0.99387,0.99719,0.99833,99.17558,0.65,0.36,0.35,0.8,49.97,52.58,52.71,49.08,0.995,0.996,0.996,0.994,/tmpdir/crf_16.mpd,/videos/BigBuckBunny-2160.avi
3978,0.98746,1.54989,0.99862,48.52126,0.99984,0.88918,0.99272,0.99677,0.99819,98.76274,0.73,0.37,0.36,0.91,49.49,52.42,52.55,48.52,0.994,0.996,0.995,0.993,/tmpdir/crf_16.mpd,/videos/BigBuckBunny-2160.avi
3979,0.99086,1.82847,0.99886,49.47149,0.99988,0.90112,0.99481,0.99779,0.99883,99.60832,0.6,0.34,0.33,0.73,50.34,52.82,52.9,49.47,0.995,0.996,0.996,0.994,/tmpdir/crf_16.mpd,/videos/BigBuckBunny-2160.avi
3980,0.9869,1.82847,0.9986,48.48491,0.99983,0.88858,0.99256,0.99665,0.99808,98.78875,0.74,0.37,0.37,0.92,49.45,52.4,52.47,48.48,0.994,0.996,0.995,0.993,/tmpdir/crf_16.mpd,/videos/BigBuckBunny-2160.avi
3981,0.98882,2.13378,0.99873,48.87896,0.99985,0.89381,0.99344,0.99702,0.99827,99.32152,0.68,0.37,0.36,0.84,49.78,52.41,52.52,48.88,0.994,0.996,0.995,0.994,/tmpdir/crf_16.mpd,/videos/BigBuckBunny-2160.avi
3982,0.9874,2.13378,0.99859,48.41361,0.99983,0.88759,0.99238,0.99658,0.99805,99.02614,0.75,0.39,0.38,0.94,49.37,52.22,52.36,48.41,0.994,0.995,0.995,0.993,/tmpdir/crf_16.mpd,/videos/BigBuckBunny-2160.avi
3983,0.99188,2.2307,0.99891,49.6058,0.99988,0.90291,0.99493,0.9978,0.99879,99.99284,0.59,0.35,0.34,0.71,50.42,52.66,52.77,49.61,0.995,0.996,0.996,0.995,/tmpdir/crf_16.mpd,/videos/BigBuckBunny-2160.avi
3984,0.98759,2.58742,0.99868,48.67419,0.99985,0.89138,0.99267,0.99663,0.99803,99.30279,0.71,0.38,0.36,0.88,49.61,52.34,52.53,48.67,0.994,0.996,0.995,0.994,/tmpdir/crf_16.mpd,/videos/BigBuckBunny-2160.avi
3985,0.98937,1.67437,0.99878,48.99016,0.99986,0.89538,0.99349,0.99703,0.99829,99.19347,0.67,0.38,0.37,0.82,49.87,52.36,52.51,48.99,0.995,0.996,0.995,0.994,/tmpdir/crf_16.mpd,/videos/BigBuckBunny-2160.avi
3986,0.98762,1.67437,0.99864,48.43409,0.99985,0.888,0.99253,0.99661,0.99806,98.837,0.75,0.4,0.39,0.93,49.37,52.14,52.24,48.43,0.994,0.995,0.995,0.993,/tmpdir/crf_16.mpd,/videos/BigBuckBunny-2160.avi
3987,0.99193,1.36562,0.99894,49.63761,0.99989,0.90338,0.99524,0.99795,0.99891,99.5854,0.59,0.35,0.34,0.71,50.44,52.65,52.78,49.64,0.995,0.996,0.996,0.995,/tmpdir/crf_16.mpd,/videos/BigBuckBunny-2160.avi
3988,0.9874,1.36562,0.99868,48.52206,0.99985,0.88941,0.99274,0.9967,0.99814,98.65565,0.74,0.39,0.38,0.91,49.46,52.27,52.37,48.52,0.994,0.995,0.995,0.994,/tmpdir/crf_16.mpd,/videos/BigBuckBunny-2160.avi
3989,0.9892,1.29458,0.99878,48.87766,0.99986,0.8938,0.99374,0.99721,0.99843,98.98647,0.69,0.38,0.37,0.84,49.77,52.35,52.44,48.88,0.994,0.995,0.995,0.994,/tmpdir/crf_16.mpd,/videos/BigBuckBunny-2160.avi
3990,0.98753,1.29458,0.99866,48.45358,0.99984,0.88875,0.99246,0.99655,0.99802,98.62947,0.75,0.39,0.38,0.93,49.4,52.21,52.33,48.45,0.994,0.995,0.995,0.994,/tmpdir/crf_16.mpd,/videos/BigBuckBunny-2160.avi
3991,0.99207,1.13741,0.9989,49.47329,0.99988,0.9012,0.99494,0.99782,0.99883,99.48487,0.61,0.36,0.35,0.73,50.3,52.59,52.69,49.47,0.995,0.996,0.995,0.994,/tmpdir/crf_16.mpd,/videos/BigBuckBunny-2160.avi
3992,0.98795,1.13741,0.99867,48.51573,0.99985,0.88938,0.99254,0.99659,0.99804,98.63189,0.74,0.39,0.38,0.92,49.45,52.24,52.36,48.52,0.994,0.995,0.995,0.994,/tmpdir/crf_16.mpd,/videos/BigBuckBunny-2160.avi
3993,0.98974,1.35777,0.99877,48.92809,0.99986,0.8945,0.99355,0.99704,0.99827,99.09985,0.68,0.37,0.37,0.83,49.81,52.39,52.47,48.93,0.994,0.996,0.995,0.994,/tmpdir/crf_16.mpd,/videos/BigBuckBunny-2160.avi
3994,0.98795,1.35777,0.99865,48.49924,0.99984,0.8892,0.99255,0.99659,0.99804,98.73869,0.74,0.39,0.38,0.92,49.44,52.25,52.32,48.5,0.994,0.995,0.995,0.994,/tmpdir/crf_16.mpd,/videos/BigBuckBunny-2160.avi
3995,0.99164,1.32598,0.99886,49.37175,0.99987,0.89972,0.99465,0.99764,0.99867,99.47936,0.62,0.36,0.35,0.75,50.21,52.57,52.65,49.37,0.995,0.996,0.995,0.994,/tmpdir/crf_16.mpd,/videos/BigBuckBunny-2160.avi
3996,0.99086,1.32598,0.99881,49.14234,0.99987,0.89658,0.99424,0.99745,0.99857,99.3201,0.65,0.37,0.36,0.79,50.0,52.47,52.56,49.14,0.995,0.996,0.995,0.994,/tmpdir/crf_16.mpd,/videos/BigBuckBunny-2160.avi
3997,0.9945,1.07097,0.99907,50.51414,0.9999,0.9102,0.99582,0.9982,0.99907,99.93792,0.51,0.4,0.36,0.58,51.04,52.13,52.58,50.51,0.995,0.995,0.995,0.995,/tmpdir/crf_16.mpd,/videos/BigBuckBunny-2160.avi
3998,0.98795,0.91878,0.99866,48.53637,0.99985,0.8829,0.9923,0.99653,0.99808,98.50888,0.75,0.45,0.42,0.91,49.36,51.56,51.92,48.54,0.994,0.995,0.995,0.994,/tmpdir/crf_16.mpd,/videos/BigBuckBunny-2160.avi
3999,0.98937,0.91878,0.99867,48.59987,0.99986,0.88293,0.99272,0.99675,0.99821,98.77513,0.74,0.46,0.42,0.9,49.41,51.54,51.89,48.6,0.994,0.995,0.995,0.993,/tmpdir/crf_16.mpd,/videos/BigBuckBunny-2160.avi
4000,0.98771,1.30417,0.99852,47.92637,0.99984,0.87331,0.99151,0.99621,0.99791,98.60664,0.85,0.48,0.44,1.05,48.83,51.35,51.71,47.93,0.993,0.994,0.994,0.993,/tmpdir/crf_16.mpd,/videos/BigBuckBunny-2160.avi
4001,0.98637,1.79525,0.99844,47.45334,0.99984,0.86363,0.99113,0.99601,0.99777,98.57563,0.94,0.49,0.45,1.17,48.42,51.26,51.58,47.45,0.993,0.994,0.994,0.992,/tmpdir/crf_16.mpd,/videos/BigBuckBunny-2160.avi
4002,0.99486,0.10496,0.99845,53.9812,0.99954,0.92134,0.99796,0.99921,0.99958,99.65215,0.21,0.11,0.1,0.26,54.94,57.72,58.14,53.98,0.997,0.998,0.998,0.997,/tmpdir/crf_16.mpd,/videos/BigBuckBunny-2160.avi
4003,0.99372,0.10496,0.99807,52.61793,0.99938,0.91282,0.99546,0.99794,0.99867,99.32401,0.27,0.12,0.11,0.36,53.75,57.44,57.91,52.62,0.997,0.998,0.998,0.996,/tmpdir/crf_16.mpd,/videos/BigBuckBunny-2160.avi
4004,0.99361,0.21657,0.99806,52.37356,0.99943,0.90478,0.99522,0.99785,0.99867,99.32522,0.29,0.12,0.1,0.38,53.54,57.47,57.98,52.37,0.997,0.998,0.998,0.996,/tmpdir/crf_16.mpd,/videos/BigBuckBunny-2160.avi
4005,0.98964,0.63177,0.9979,51.92095,0.99938,0.89187,0.99393,0.99728,0.99831,98.73465,0.32,0.13,0.11,0.42,53.1,57.02,57.76,51.92,0.996,0.998,0.998,0.995,/tmpdir/crf_16.mpd,/videos/BigBuckBunny-2160.avi
4006,0.99324,0.90511,0.99784,51.47143,0.99944,0.89555,0.99501,0.99781,0.99871,99.55598,0.35,0.12,0.11,0.46,52.73,57.29,57.89,51.47,0.996,0.998,0.998,0.995,/tmpdir/crf_16.mpd,/videos/BigBuckBunny-2160.avi
4007,0.9882,2.50703,0.9977,51.41349,0.99944,0.87514,0.99165,0.99655,0.99803,99.32596,0.36,0.15,0.13,0.47,52.59,56.47,57.14,51.41,0.996,0.998,0.998,0.994,/tmpdir/crf_16.mpd,/videos/BigBuckBunny-2160.avi
4008,0.98997,2.50703,0.99792,52.24868,0.99948,0.89107,0.99327,0.99717,0.99842,99.72195,0.3,0.14,0.12,0.39,53.35,56.77,57.48,52.25,0.996,0.998,0.998,0.995,/tmpdir/crf_16.mpd,/videos/BigBuckBunny-2160.avi
4009,0.98719,5.59781,0.99796,52.94425,0.99943,0.91328,0.99276,0.99668,0.99812,100.0,0.26,0.13,0.11,0.33,53.96,56.92,57.56,52.94,0.997,0.998,0.998,0.996,/tmpdir/crf_16.mpd,/videos/BigBuckBunny-2160.avi
4010,0.99059,5.61191,0.99819,54.05041,0.99946,0.93141,0.99458,0.99739,0.99845,100.0,0.21,0.11,0.1,0.26,55.01,57.68,58.27,54.05,0.997,0.999,0.999,0.997,/tmpdir/crf_16.mpd,/videos/BigBuckBunny-2160.avi
4011,0.98999,5.29395,0.99808,53.50943,0.99945,0.92662,0.99414,0.9972,0.99834,100.0,0.23,0.12,0.11,0.29,54.49,57.2,57.9,53.51,0.997,0.998,0.998,0.996,/tmpdir/crf_16.mpd,/videos/BigBuckBunny-2160.avi
4012,0.98858,5.29395,0.99799,53.10781,0.99944,0.92058,0.99347,0.99691,0.99816,100.0,0.25,0.13,0.11,0.32,54.11,56.94,57.65,53.11,0.997,0.998,0.998,0.996,/tmpdir/crf_16.mpd,/videos/BigBuckBunny-2160.avi
4013,0.98949,5.75876,0.99812,53.50295,0.99948,0.92235,0.99466,0.99749,0.99852,100.0,0.23,0.11,0.1,0.29,54.54,57.6,58.29,53.5,0.997,0.998,0.999,0.996,/tmpdir/crf_16.mpd,/videos/BigBuckBunny-2160.avi
4014,0.98873,5.75876,0.99801,52.68271,0.99946,0.90807,0.99345,0.99705,0.99829,100.0,0.27,0.13,0.11,0.35,53.75,56.95,57.65,52.68,0.997,0.998,0.998,0.996,/tmpdir/crf_16.mpd,/videos/BigBuckBunny-2160.avi
4015,0.98858,5.39334,0.99797,52.63925,0.99944,0.90867,0.99285,0.99672,0.99807,100.0,0.28,0.13,0.12,0.35,53.69,56.87,57.4,52.64,0.997,0.998,0.998,0.996,/tmpdir/crf_16.mpd,/videos/BigBuckBunny-2160.avi
4016,0.99144,5.39334,0.99816,53.34951,0.99947,0.91389,0.99473,0.9977,0.99874,100.0,0.24,0.12,0.1,0.3,54.38,57.44,58.0,53.35,0.997,0.998,0.998,0.996,/tmpdir/crf_16.mpd,/videos/BigBuckBunny-2160.avi
4017,0.98812,3.2844,0.9977,51.38036,0.9994,0.87601,0.99077,0.99593,0.99762,99.68083,0.36,0.15,0.12,0.47,52.56,56.48,57.22,51.38,0.996,0.998,0.998,0.995,/tmpdir/crf_16.mpd,/videos/BigBuckBunny-2160.avi
4018,0.98836,2.89358,0.99772,51.02179,0.99943,0.86629,0.99261,0.9971,0.99845,99.57963,0.39,0.15,0.12,0.51,52.25,56.47,57.25,51.02,0.995,0.998,0.998,0.994,/tmpdir/crf_16.mpd,/videos/BigBuckBunny-2160.avi
4019,0.98737,0.97624,0.99776,51.12942,0.9994,0.87217,0.99252,0.99692,0.9982,98.42386,0.38,0.14,0.12,0.5,52.37,56.7,57.43,51.13,0.996,0.998,0.998,0.995,/tmpdir/crf_16.mpd,/videos/BigBuckBunny-2160.avi
4020,0.99183,0.76371,0.99816,52.42668,0.99949,0.89293,0.99593,0.99847,0.99921,99.28054,0.29,0.13,0.11,0.37,53.52,56.9,57.6,52.43,0.997,0.998,0.998,0.996,/tmpdir/crf_16.mpd,/videos/BigBuckBunny-2160.avi
4021,0.98817,0.74397,0.99775,51.13822,0.99938,0.86924,0.99335,0.99753,0.99872,98.49585,0.38,0.14,0.12,0.5,52.36,56.56,57.29,51.14,0.996,0.998,0.998,0.995,/tmpdir/crf_16.mpd,/videos/BigBuckBunny-2160.avi
4022,0.98829,0.74397,0.99776,51.09812,0.9994,0.86834,0.99339,0.99751,0.99865,98.51046,0.38,0.14,0.12,0.5,52.32,56.57,57.27,51.1,0.996,0.998,0.998,0.994,/tmpdir/crf_16.mpd,/videos/BigBuckBunny-2160.avi
4023,0.98677,0.49942,0.99762,50.49651,0.99939,0.85466,0.99285,0.99732,0.99852,98.07443,0.43,0.15,0.13,0.58,51.78,56.48,57.16,50.5,0.995,0.998,0.998,0.994,/tmpdir/crf_16.mpd,/videos/BigBuckBunny-2160.avi
4024,0.9884,0.45494,0.99776,50.79503,0.99944,0.86092,0.9939,0.99768,0.99873,98.38266,0.41,0.14,0.12,0.54,52.05,56.54,57.23,50.8,0.995,0.998,0.998,0.994,/tmpdir/crf_16.mpd,/videos/BigBuckBunny-2160.avi
4025,0.98692,0.45494,0.99761,50.45761,0.99939,0.85555,0.99283,0.99727,0.99851,98.07882,0.44,0.15,0.12,0.59,51.74,56.49,57.16,50.46,0.995,0.998,0.998,0.994,/tmpdir/crf_16.mpd,/videos/BigBuckBunny-2160.avi
4026,0.9955,0.95725,0.99935,52.05815,0.99993,0.93435,0.99749,0.99891,0.99942,100.0,0.35,0.24,0.24,0.4,52.69,54.26,54.39,52.06,0.997,0.997,0.997,0.997,/tmpdir/crf_16.mpd,/videos/BigBuckBunny-2160.avi
4027,0.9907,0.95725,0.99899,49.78203,0.99989,0.91014,0.99459,0.99754,0.99861,99.1607,0.56,0.3,0.29,0.68,50.68,53.3,53.43,49.78,0.995,0.996,0.996,0.995,/tmpdir/crf_16.mpd,/videos/BigBuckBunny-2160.avi
4028,0.99073,1.12756,0.99896,49.52464,0.99989,0.90514,0.99473,0.99759,0.99859,99.23209,0.58,0.3,0.29,0.73,50.48,53.34,53.45,49.52,0.995,0.996,0.996,0.995,/tmpdir/crf_16.mpd,/videos/BigBuckBunny-2160.avi
4029,0.98852,1.21756,0.99882,49.12004,0.99986,0.8992,0.99341,0.99693,0.99821,98.82203,0.64,0.32,0.32,0.8,50.08,53.01,53.09,49.12,0.995,0.996,0.996,0.994,/tmpdir/crf_16.mpd,/videos/BigBuckBunny-2160.avi
4030,0.99276,1.21756,0.99899,49.87796,0.9999,0.9078,0.99541,0.99795,0.99884,99.67085,0.55,0.31,0.31,0.67,50.74,53.26,53.27,49.88,0.995,0.996,0.996,0.995,/tmpdir/crf_16.mpd,/videos/BigBuckBunny-2160.avi
4031,0.98782,1.24583,0.99872,48.82598,0.99984,0.89402,0.99284,0.9967,0.99808,98.68166,0.68,0.34,0.34,0.85,49.8,52.79,52.86,48.83,0.995,0.996,0.996,0.994,/tmpdir/crf_16.mpd,/videos/BigBuckBunny-2160.avi
4032,0.98942,1.24583,0.9988,49.19145,0.99986,0.89799,0.99383,0.99716,0.99832,99.00531,0.63,0.33,0.33,0.78,50.12,52.9,52.93,49.19,0.995,0.996,0.996,0.994,/tmpdir/crf_16.mpd,/videos/BigBuckBunny-2160.avi
4033,0.98746,1.55909,0.99869,48.82572,0.99984,0.89297,0.99282,0.99674,0.99814,98.77264,0.68,0.34,0.34,0.85,49.8,52.81,52.87,48.83,0.994,0.996,0.996,0.994,/tmpdir/crf_16.mpd,/videos/BigBuckBunny-2160.avi
4034,0.99224,1.55909,0.99896,49.96446,0.99989,0.90809,0.9953,0.99792,0.99884,99.74404,0.54,0.3,0.31,0.66,50.82,53.35,53.26,49.96,0.995,0.996,0.996,0.995,/tmpdir/crf_16.mpd,/videos/BigBuckBunny-2160.avi
4035,0.98731,1.45855,0.99866,48.72282,0.99984,0.89169,0.99265,0.99658,0.99798,98.67857,0.7,0.35,0.35,0.87,49.7,52.71,52.75,48.72,0.994,0.996,0.996,0.994,/tmpdir/crf_16.mpd,/videos/BigBuckBunny-2160.avi
4036,0.98946,1.45855,0.99873,48.99338,0.99986,0.89435,0.99358,0.99702,0.99822,99.09557,0.66,0.34,0.34,0.82,49.94,52.82,52.82,48.99,0.994,0.996,0.996,0.994,/tmpdir/crf_16.mpd,/videos/BigBuckBunny-2160.avi
4037,0.98768,2.11288,0.99859,48.6453,0.99983,0.88939,0.9922,0.99637,0.99782,99.04938,0.71,0.35,0.35,0.89,49.62,52.64,52.66,48.65,0.994,0.996,0.996,0.993,/tmpdir/crf_16.mpd,/videos/BigBuckBunny-2160.avi
4038,0.9917,2.58449,0.99884,49.67193,0.99988,0.90181,0.99466,0.99764,0.99868,100.0,0.58,0.32,0.33,0.7,50.52,53.01,52.97,49.67,0.995,0.996,0.996,0.994,/tmpdir/crf_16.mpd,/videos/BigBuckBunny-2160.avi
4039,0.98703,1.67589,0.99852,48.47889,0.99982,0.88595,0.99207,0.99638,0.99788,98.70877,0.74,0.37,0.36,0.92,49.46,52.5,52.51,48.48,0.994,0.996,0.995,0.993,/tmpdir/crf_16.mpd,/videos/BigBuckBunny-2160.avi
4040,0.98868,1.67589,0.99868,48.89512,0.99985,0.89159,0.99341,0.99698,0.9982,99.05374,0.68,0.36,0.35,0.84,49.82,52.62,52.64,48.9,0.994,0.996,0.995,0.994,/tmpdir/crf_16.mpd,/videos/BigBuckBunny-2160.avi
4041,0.98743,2.28327,0.99855,48.57699,0.99983,0.88758,0.99203,0.99632,0.99783,99.08537,0.72,0.36,0.36,0.9,49.55,52.56,52.6,48.58,0.994,0.996,0.995,0.993,/tmpdir/crf_16.mpd,/videos/BigBuckBunny-2160.avi
4042,0.99218,2.28327,0.99892,49.99685,0.99989,0.90722,0.99494,0.99772,0.9987,100.0,0.54,0.32,0.33,0.65,50.8,53.13,53.01,50.0,0.995,0.996,0.996,0.995,/tmpdir/crf_16.mpd,/videos/BigBuckBunny-2160.avi
4043,0.98744,1.79052,0.99858,48.6649,0.99983,0.88939,0.99232,0.99649,0.99795,98.85599,0.71,0.36,0.36,0.88,49.62,52.58,52.57,48.66,0.994,0.996,0.995,0.993,/tmpdir/crf_16.mpd,/videos/BigBuckBunny-2160.avi
4044,0.98911,1.79052,0.9987,49.00508,0.99985,0.89329,0.99351,0.997,0.99823,99.19437,0.66,0.35,0.35,0.82,49.92,52.66,52.69,49.01,0.994,0.996,0.996,0.994,/tmpdir/crf_16.mpd,/videos/BigBuckBunny-2160.avi
4045,0.98741,1.95331,0.99858,48.52567,0.99984,0.88691,0.99238,0.99654,0.99801,98.93046,0.73,0.37,0.37,0.91,49.49,52.43,52.5,48.53,0.994,0.996,0.995,0.993,/tmpdir/crf_16.mpd,/videos/BigBuckBunny-2160.avi
4046,0.99079,1.95331,0.99883,49.47628,0.99988,0.89992,0.99451,0.99758,0.99863,99.636,0.6,0.34,0.34,0.73,50.32,52.78,52.77,49.48,0.995,0.996,0.996,0.994,/tmpdir/crf_16.mpd,/videos/BigBuckBunny-2160.avi
4047,0.98715,2.51117,0.99862,48.75464,0.99983,0.89036,0.99245,0.99656,0.998,99.17886,0.7,0.37,0.35,0.87,49.69,52.46,52.64,48.75,0.994,0.996,0.995,0.994,/tmpdir/crf_16.mpd,/videos/BigBuckBunny-2160.avi
4048,0.98915,3.07818,0.9987,49.14721,0.99985,0.89531,0.9933,0.99697,0.99826,99.86988,0.64,0.36,0.34,0.79,50.04,52.58,52.8,49.15,0.994,0.996,0.996,0.994,/tmpdir/crf_16.mpd,/videos/BigBuckBunny-2160.avi
4049,0.98833,2.61131,0.99865,48.94222,0.99984,0.89291,0.99269,0.99667,0.9981,99.45606,0.67,0.36,0.34,0.83,49.87,52.57,52.78,48.94,0.994,0.996,0.996,0.994,/tmpdir/crf_16.mpd,/videos/BigBuckBunny-2160.avi
4050,0.99203,2.61131,0.99889,49.89056,0.99989,0.90437,0.9948,0.99769,0.9987,100.0,0.56,0.34,0.33,0.67,50.69,52.86,52.98,49.89,0.995,0.996,0.996,0.994,/tmpdir/crf_16.mpd,/videos/BigBuckBunny-2160.avi
4051,0.98826,1.6531,0.99867,48.82748,0.99984,0.89148,0.99265,0.99659,0.99794,98.9399,0.69,0.37,0.36,0.85,49.74,52.42,52.59,48.83,0.994,0.996,0.995,0.994,/tmpdir/crf_16.mpd,/videos/BigBuckBunny-2160.avi
4052,0.98939,1.55178,0.99876,49.12126,0.99985,0.89531,0.99351,0.99699,0.99824,99.13136,0.65,0.36,0.34,0.8,50.02,52.63,52.81,49.12,0.995,0.996,0.996,0.994,/tmpdir/crf_16.mpd,/videos/BigBuckBunny-2160.avi
4053,0.98812,0.93902,0.99872,48.95989,0.99984,0.89391,0.99298,0.99669,0.99801,98.58087,0.66,0.35,0.33,0.83,49.9,52.7,52.89,48.96,0.994,0.996,0.996,0.994,/tmpdir/crf_16.mpd,/videos/BigBuckBunny-2160.avi
4054,0.99411,0.76538,0.99905,50.57811,0.9999,0.91426,0.99608,0.99825,0.999,99.73473,0.48,0.31,0.3,0.57,51.31,53.22,53.33,50.58,0.995,0.996,0.996,0.995,/tmpdir/crf_16.mpd,/videos/BigBuckBunny-2160.avi
4055,0.99023,0.40337,0.99882,49.27655,0.99985,0.89827,0.994,0.99724,0.99839,98.7556,0.62,0.34,0.33,0.77,50.19,52.86,52.96,49.28,0.995,0.996,0.996,0.994,/tmpdir/crf_16.mpd,/videos/BigBuckBunny-2160.avi
4056,0.99085,0.40337,0.99887,49.49905,0.99986,0.90062,0.99445,0.99742,0.99847,98.88375,0.6,0.33,0.32,0.73,50.38,52.92,53.02,49.5,0.995,0.996,0.996,0.994,/tmpdir/crf_16.mpd,/videos/BigBuckBunny-2160.avi
4057,0.99102,0.30115,0.99887,49.49248,0.99986,0.90075,0.9946,0.99753,0.99856,98.87522,0.6,0.33,0.32,0.73,50.38,52.93,53.06,49.49,0.995,0.996,0.996,0.994,/tmpdir/crf_16.mpd,/videos/BigBuckBunny-2160.avi
4058,0.99295,0.30115,0.99903,50.25441,0.9999,0.90975,0.99604,0.99828,0.99904,99.30091,0.51,0.32,0.31,0.61,51.02,53.11,53.2,50.25,0.995,0.996,0.996,0.995,/tmpdir/crf_16.mpd,/videos/BigBuckBunny-2160.avi
4059,0.9912,0.27086,0.99888,49.56211,0.99986,0.90149,0.99458,0.9975,0.99854,98.89435,0.59,0.33,0.32,0.72,50.43,52.93,53.03,49.56,0.995,0.996,0.996,0.994,/tmpdir/crf_16.mpd,/videos/BigBuckBunny-2160.avi
4060,0.99143,0.27086,0.99892,49.73288,0.99987,0.90352,0.99487,0.99763,0.99863,98.95066,0.57,0.33,0.32,0.69,50.58,52.97,53.06,49.73,0.995,0.996,0.996,0.995,/tmpdir/crf_16.mpd,/videos/BigBuckBunny-2160.avi
4061,0.99099,0.34317,0.99887,49.53685,0.99986,0.90119,0.9945,0.99745,0.9985,98.88515,0.59,0.33,0.32,0.72,50.42,52.95,53.05,49.54,0.995,0.996,0.996,0.994,/tmpdir/crf_16.mpd,/videos/BigBuckBunny-2160.avi
4062,0.99236,0.34317,0.99901,50.10194,0.99989,0.90828,0.9958,0.99814,0.99894,99.20103,0.53,0.32,0.31,0.64,50.9,53.08,53.17,50.1,0.995,0.996,0.996,0.995,/tmpdir/crf_16.mpd,/videos/BigBuckBunny-2160.avi
4063,0.98938,0.85003,0.99877,49.14946,0.99985,0.89651,0.99363,0.99703,0.99824,98.79388,0.64,0.35,0.33,0.79,50.07,52.75,52.97,49.15,0.995,0.996,0.996,0.994,/tmpdir/crf_16.mpd,/videos/BigBuckBunny-2160.avi
4064,0.99048,1.16047,0.99883,49.35028,0.99986,0.89866,0.99414,0.99726,0.99839,99.16092,0.61,0.34,0.33,0.76,50.25,52.84,52.99,49.35,0.995,0.996,0.996,0.994,/tmpdir/crf_16.mpd,/videos/BigBuckBunny-2160.avi
4065,0.98865,1.90001,0.9987,48.88722,0.99985,0.89297,0.99307,0.99685,0.9982,99.1601,0.68,0.36,0.35,0.84,49.82,52.62,52.73,48.89,0.994,0.996,0.996,0.994,/tmpdir/crf_16.mpd,/videos/BigBuckBunny-2160.avi
4066,0.99278,2.05465,0.999,50.25454,0.99989,0.91043,0.99542,0.99798,0.99888,100.0,0.52,0.32,0.33,0.61,51.0,53.03,53.01,50.25,0.995,0.996,0.996,0.995,/tmpdir/crf_16.mpd,/videos/BigBuckBunny-2160.avi
4067,0.98861,1.33569,0.99875,49.09326,0.99985,0.89601,0.99328,0.99692,0.99824,98.88729,0.65,0.36,0.35,0.8,49.99,52.62,52.7,49.09,0.995,0.996,0.996,0.994,/tmpdir/crf_16.mpd,/videos/BigBuckBunny-2160.avi
4068,0.98964,1.0751,0.99883,49.36276,0.99986,0.89917,0.99404,0.99724,0.99841,98.97392,0.62,0.35,0.35,0.75,50.22,52.71,52.73,49.36,0.995,0.996,0.996,0.994,/tmpdir/crf_16.mpd,/videos/BigBuckBunny-2160.avi
4069,0.98877,0.61321,0.99879,49.15648,0.99985,0.89662,0.9937,0.99712,0.99833,98.58246,0.64,0.35,0.34,0.79,50.06,52.74,52.76,49.16,0.995,0.996,0.996,0.994,/tmpdir/crf_16.mpd,/videos/BigBuckBunny-2160.avi
4070,0.99316,0.61321,0.99903,50.32164,0.99989,0.91066,0.99591,0.99822,0.99903,99.48285,0.51,0.32,0.32,0.6,51.06,53.03,53.09,50.32,0.995,0.996,0.996,0.995,/tmpdir/crf_16.mpd,/videos/BigBuckBunny-2160.avi
4071,0.98863,0.30968,0.9988,49.19499,0.99985,0.89733,0.99373,0.9971,0.99831,98.41616,0.64,0.35,0.34,0.78,50.09,52.74,52.78,49.19,0.995,0.996,0.996,0.994,/tmpdir/crf_16.mpd,/videos/BigBuckBunny-2160.avi
4072,0.9898,0.30968,0.99886,49.3783,0.99986,0.8991,0.9944,0.99745,0.99852,98.65331,0.61,0.34,0.34,0.75,50.25,52.78,52.81,49.38,0.995,0.996,0.996,0.994,/tmpdir/crf_16.mpd,/videos/BigBuckBunny-2160.avi
4073,0.98926,0.42219,0.99879,49.12935,0.99985,0.89609,0.99375,0.99712,0.99829,98.57604,0.65,0.35,0.35,0.79,50.02,52.69,52.67,49.13,0.995,0.996,0.996,0.994,/tmpdir/crf_16.mpd,/videos/BigBuckBunny-2160.avi
4074,0.99199,0.62418,0.99893,49.75647,0.99989,0.90387,0.99512,0.99783,0.99877,99.22977,0.57,0.34,0.34,0.69,50.56,52.83,52.82,49.76,0.995,0.996,0.996,0.995,/tmpdir/crf_16.mpd,/videos/BigBuckBunny-2160.avi
4075,0.98914,1.82339,0.99875,49.02504,0.99985,0.89431,0.99344,0.99697,0.99822,99.21805,0.66,0.36,0.36,0.81,49.92,52.59,52.57,49.03,0.994,0.996,0.995,0.994,/tmpdir/crf_16.mpd,/videos/BigBuckBunny-2160.avi
4076,0.99039,1.83452,0.9988,49.26967,0.99985,0.89696,0.99389,0.9972,0.99836,99.46793,0.63,0.35,0.35,0.77,50.14,52.67,52.69,49.27,0.995,0.996,0.995,0.994,/tmpdir/crf_16.mpd,/videos/BigBuckBunny-2160.avi
4077,0.98962,1.26999,0.99873,49.02504,0.99985,0.89353,0.99342,0.99699,0.99825,99.0308,0.66,0.35,0.35,0.81,49.93,52.64,52.66,49.03,0.994,0.996,0.995,0.994,/tmpdir/crf_16.mpd,/videos/BigBuckBunny-2160.avi
4078,0.99151,1.26999,0.99892,49.79095,0.99988,0.9034,0.99496,0.9978,0.99881,99.45393,0.57,0.34,0.33,0.68,50.6,52.85,52.92,49.79,0.995,0.996,0.996,0.995,/tmpdir/crf_16.mpd,/videos/BigBuckBunny-2160.avi
4079,0.98827,1.54243,0.99868,48.9567,0.99983,0.89276,0.99286,0.9967,0.99811,98.90474,0.67,0.35,0.35,0.83,49.88,52.63,52.72,48.96,0.994,0.996,0.995,0.994,/tmpdir/crf_16.mpd,/videos/BigBuckBunny-2160.avi
4080,0.98887,1.54243,0.99873,49.1368,0.99984,0.89417,0.99365,0.99712,0.99837,99.0444,0.64,0.35,0.34,0.79,50.04,52.65,52.81,49.14,0.994,0.996,0.996,0.994,/tmpdir/crf_16.mpd,/videos/BigBuckBunny-2160.avi
4081,0.98724,1.84841,0.99862,48.79069,0.99983,0.88916,0.99295,0.99687,0.99827,98.88053,0.69,0.36,0.35,0.86,49.73,52.52,52.68,48.79,0.994,0.996,0.995,0.993,/tmpdir/crf_16.mpd,/videos/BigBuckBunny-2160.avi
4082,0.99171,1.84841,0.99885,49.73609,0.99987,0.90141,0.99477,0.99769,0.99872,99.75822,0.57,0.34,0.33,0.69,50.55,52.8,52.92,49.74,0.995,0.996,0.996,0.994,/tmpdir/crf_16.mpd,/videos/BigBuckBunny-2160.avi
4083,0.98839,2.25125,0.99865,48.86258,0.99983,0.89089,0.9929,0.99677,0.99818,99.28451,0.68,0.36,0.35,0.84,49.79,52.52,52.69,48.86,0.994,0.996,0.995,0.994,/tmpdir/crf_16.mpd,/videos/BigBuckBunny-2160.avi
4084,0.98946,2.25125,0.99873,49.12084,0.99984,0.89421,0.99354,0.99703,0.99828,99.49545,0.65,0.36,0.34,0.8,50.02,52.6,52.76,49.12,0.994,0.996,0.995,0.994,/tmpdir/crf_16.mpd,/videos/BigBuckBunny-2160.avi
4085,0.98837,2.3848,0.9987,48.9191,0.99984,0.8923,0.99291,0.99671,0.9981,99.34579,0.67,0.36,0.35,0.83,49.85,52.62,52.71,48.92,0.994,0.996,0.995,0.994,/tmpdir/crf_16.mpd,/videos/BigBuckBunny-2160.avi
4086,0.99306,2.3848,0.99896,50.09873,0.99988,0.90709,0.99505,0.99774,0.99872,100.0,0.53,0.33,0.33,0.64,50.86,52.95,52.94,50.1,0.995,0.996,0.996,0.995,/tmpdir/crf_16.mpd,/videos/BigBuckBunny-2160.avi
4087,0.98864,0.95669,0.9987,48.7216,0.99985,0.88987,0.99289,0.99667,0.99801,98.6691,0.71,0.37,0.37,0.87,49.65,52.5,52.4,48.72,0.994,0.996,0.995,0.994,/tmpdir/crf_16.mpd,/videos/BigBuckBunny-2160.avi
4088,0.99019,0.85078,0.99877,48.96506,0.99985,0.89272,0.99356,0.99695,0.99816,98.91915,0.67,0.36,0.36,0.83,49.87,52.62,52.55,48.97,0.994,0.996,0.995,0.994,/tmpdir/crf_16.mpd,/videos/BigBuckBunny-2160.avi
4089,0.98964,0.43273,0.99877,48.92911,0.99986,0.89217,0.99359,0.99703,0.99828,98.6322,0.67,0.35,0.36,0.83,49.85,52.68,52.6,48.93,0.994,0.996,0.995,0.994,/tmpdir/crf_16.mpd,/videos/BigBuckBunny-2160.avi
4090,0.99295,0.36959,0.99893,49.72408,0.99988,0.90164,0.99509,0.99777,0.99872,99.26938,0.57,0.34,0.34,0.69,50.54,52.83,52.86,49.72,0.995,0.996,0.996,0.994,/tmpdir/crf_16.mpd,/videos/BigBuckBunny-2160.avi
4091,0.98981,0.19552,0.99876,48.88416,0.99985,0.89085,0.99383,0.99718,0.99835,98.55692,0.68,0.35,0.36,0.84,49.82,52.67,52.62,48.88,0.994,0.996,0.995,0.994,/tmpdir/crf_16.mpd,/videos/BigBuckBunny-2160.avi
4092,0.99032,0.19552,0.99878,48.92208,0.99986,0.89091,0.99393,0.99718,0.99833,98.64594,0.67,0.35,0.36,0.83,49.84,52.65,52.6,48.92,0.994,0.996,0.995,0.994,/tmpdir/crf_16.mpd,/videos/BigBuckBunny-2160.avi
4093,0.9899,0.10538,0.99872,48.65747,0.99985,0.88751,0.99361,0.9971,0.99832,98.51685,0.71,0.35,0.36,0.89,49.62,52.63,52.6,48.66,0.994,0.996,0.995,0.994,/tmpdir/crf_16.mpd,/videos/BigBuckBunny-2160.avi
4094,0.99054,0.10538,0.99874,48.77657,0.99986,0.8883,0.99371,0.99712,0.99834,98.6348,0.69,0.35,0.36,0.86,49.72,52.66,52.59,48.78,0.994,0.996,0.995,0.994,/tmpdir/crf_16.mpd,/videos/BigBuckBunny-2160.avi
4095,0.99012,0.14723,0.99864,48.44464,0.99984,0.88447,0.99299,0.99675,0.99809,98.54041,0.74,0.36,0.36,0.93,49.44,52.63,52.56,48.44,0.994,0.996,0.995,0.993,/tmpdir/crf_16.mpd,/videos/BigBuckBunny-2160.avi
4096,0.9959,0.2163,0.99858,55.48852,0.99954,0.943,0.99847,0.99942,0.99969,99.98227,0.15,0.09,0.08,0.18,56.37,58.72,59.26,55.49,0.998,0.999,0.999,0.998,/tmpdir/crf_16.mpd,/videos/BigBuckBunny-2160.avi
4097,0.99159,0.19347,0.99823,53.00536,0.99945,0.9109,0.99593,0.99831,0.99901,99.01295,0.25,0.1,0.09,0.33,54.18,58.17,58.69,53.01,0.997,0.999,0.999,0.997,/tmpdir/crf_16.mpd,/videos/BigBuckBunny-2160.avi
4098,0.99233,0.19347,0.99823,53.07505,0.99945,0.91291,0.99599,0.99836,0.99908,99.1564,0.25,0.1,0.09,0.32,54.24,58.09,58.68,53.08,0.997,0.999,0.999,0.997,/tmpdir/crf_16.mpd,/videos/BigBuckBunny-2160.avi
4099,0.9913,0.1392,0.99814,52.69087,0.99941,0.90804,0.99582,0.99821,0.99894,98.91922,0.27,0.1,0.09,0.35,53.89,58.07,58.56,52.69,0.997,0.999,0.999,0.996,/tmpdir/crf_16.mpd,/videos/BigBuckBunny-2160.avi
4100,0.99291,0.1392,0.99827,53.12768,0.99949,0.91071,0.99678,0.99869,0.99925,99.24825,0.24,0.1,0.09,0.32,54.29,58.17,58.71,53.13,0.997,0.999,0.999,0.996,/tmpdir/crf_16.mpd,/videos/BigBuckBunny-2160.avi
4101,0.99052,0.41688,0.9981,52.52854,0.99942,0.90168,0.99507,0.99797,0.99889,98.8781,0.28,0.11,0.1,0.36,53.72,57.79,58.34,52.53,0.997,0.998,0.999,0.996,/tmpdir/crf_16.mpd,/videos/BigBuckBunny-2160.avi
4102,0.99033,0.75474,0.99806,52.40721,0.9994,0.89988,0.99481,0.99779,0.99871,98.98131,0.28,0.11,0.1,0.37,53.6,57.72,58.23,52.41,0.997,0.998,0.999,0.996,/tmpdir/crf_16.mpd,/videos/BigBuckBunny-2160.avi
4103,0.98978,0.98717,0.99801,52.11964,0.99941,0.89491,0.99452,0.99771,0.99868,98.97434,0.3,0.11,0.1,0.4,53.34,57.6,58.13,52.12,0.997,0.998,0.999,0.996,/tmpdir/crf_16.mpd,/videos/BigBuckBunny-2160.avi
4104,0.9929,1.1517,0.99823,52.9742,0.99949,0.90846,0.99634,0.99852,0.99919,99.70446,0.25,0.1,0.09,0.33,54.12,57.93,58.41,52.97,0.997,0.998,0.999,0.996,/tmpdir/crf_16.mpd,/videos/BigBuckBunny-2160.avi
4105,0.99615,0.8049,0.99857,55.42625,0.99954,0.9421,0.99825,0.99929,0.99961,100.0,0.15,0.09,0.08,0.19,56.3,58.56,59.21,55.43,0.998,0.999,0.999,0.998,/tmpdir/crf_16.mpd,/videos/BigBuckBunny-2160.avi
4106,0.99261,0.62187,0.99814,52.72716,0.99944,0.90694,0.99525,0.99805,0.99891,99.36639,0.27,0.11,0.09,0.35,53.89,57.77,58.37,52.73,0.997,0.998,0.999,0.996,/tmpdir/crf_16.mpd,/videos/BigBuckBunny-2160.avi
4107,0.98989,0.33775,0.99805,51.54227,0.99946,0.87552,0.99486,0.99806,0.99896,98.65629,0.34,0.11,0.1,0.46,52.83,57.65,58.25,51.54,0.996,0.998,0.999,0.995,/tmpdir/crf_16.mpd,/videos/BigBuckBunny-2160.avi
4108,0.99003,0.1449,0.99809,51.67973,0.99947,0.87686,0.99515,0.99819,0.99902,98.60371,0.33,0.11,0.1,0.44,52.96,57.65,58.26,51.68,0.996,0.998,0.999,0.995,/tmpdir/crf_16.mpd,/videos/BigBuckBunny-2160.avi
4109,0.99181,0.12979,0.99823,52.35367,0.9995,0.88774,0.99633,0.99869,0.9993,98.97824,0.29,0.11,0.09,0.38,53.57,57.78,58.41,52.35,0.997,0.998,0.999,0.996,/tmpdir/crf_16.mpd,/videos/BigBuckBunny-2160.avi
4110,0.98943,0.12979,0.99801,51.22282,0.99945,0.86993,0.99511,0.99819,0.99905,98.47238,0.36,0.11,0.1,0.49,52.55,57.68,58.3,51.22,0.996,0.998,0.999,0.995,/tmpdir/crf_16.mpd,/videos/BigBuckBunny-2160.avi
4111,0.99027,0.12647,0.99811,52.18638,0.99944,0.89411,0.99536,0.99818,0.99901,98.6887,0.3,0.11,0.09,0.39,53.42,57.75,58.37,52.19,0.997,0.998,0.999,0.996,/tmpdir/crf_16.mpd,/videos/BigBuckBunny-2160.avi
4112,0.99113,0.12647,0.99813,52.59569,0.99942,0.90429,0.99535,0.99805,0.99885,98.8602,0.27,0.11,0.09,0.36,53.78,57.72,58.41,52.6,0.997,0.998,0.999,0.996,/tmpdir/crf_16.mpd,/videos/BigBuckBunny-2160.avi
4113,0.99308,0.17662,0.99823,53.01742,0.99948,0.91031,0.99622,0.99845,0.99914,99.28015,0.25,0.11,0.09,0.32,54.17,57.91,58.61,53.02,0.997,0.998,0.999,0.996,/tmpdir/crf_16.mpd,/videos/BigBuckBunny-2160.avi
4114,0.99053,0.17662,0.99808,52.44371,0.99941,0.90093,0.99489,0.99788,0.99881,98.75876,0.28,0.11,0.1,0.37,53.63,57.57,58.3,52.44,0.997,0.998,0.999,0.996,/tmpdir/crf_16.mpd,/videos/BigBuckBunny-2160.avi
4115,0.9909,0.25467,0.99811,52.54602,0.99943,0.9022,0.99484,0.99782,0.99877,98.85992,0.28,0.11,0.09,0.36,53.72,57.57,58.36,52.55,0.997,0.998,0.999,0.996,/tmpdir/crf_16.mpd,/videos/BigBuckBunny-2160.avi
4116,0.99072,0.25467,0.99804,52.22277,0.99942,0.89616,0.99445,0.99764,0.99864,98.79452,0.3,0.12,0.1,0.39,53.42,57.42,58.23,52.22,0.997,0.998,0.999,0.996,/tmpdir/crf_16.mpd,/videos/BigBuckBunny-2160.avi
4117,0.99232,0.78551,0.99803,52.2017,0.99942,0.89968,0.99497,0.99788,0.99874,99.35108,0.3,0.11,0.09,0.39,53.43,57.63,58.42,52.2,0.997,0.998,0.999,0.996,/tmpdir/crf_16.mpd,/videos/BigBuckBunny-2160.avi
4118,0.98814,1.67788,0.99783,51.577,0.99936,0.88633,0.99232,0.99656,0.99785,98.91064,0.34,0.13,0.11,0.45,52.8,56.85,57.87,51.58,0.996,0.998,0.998,0.995,/tmpdir/crf_16.mpd,/videos/BigBuckBunny-2160.avi
4119,0.98961,3.09705,0.99785,51.82308,0.99942,0.8854,0.9933,0.99736,0.99853,99.9662,0.33,0.13,0.11,0.43,53.01,56.98,57.69,51.82,0.996,0.998,0.998,0.995,/tmpdir/crf_16.mpd,/videos/BigBuckBunny-2160.avi
4120,0.98746,2.915,0.99776,51.85319,0.99937,0.88324,0.9912,0.99646,0.99801,99.4248,0.33,0.13,0.12,0.42,53.01,56.84,57.33,51.85,0.996,0.998,0.998,0.995,/tmpdir/crf_16.mpd,/videos/BigBuckBunny-2160.avi
4121,0.99369,2.05456,0.99818,53.45461,0.99948,0.91264,0.99552,0.99827,0.99909,100.0,0.23,0.11,0.1,0.29,54.52,57.81,58.24,53.45,0.997,0.999,0.999,0.996,/tmpdir/crf_16.mpd,/videos/BigBuckBunny-2160.avi
4122,0.99036,2.05456,0.99791,52.61665,0.99938,0.90376,0.99309,0.99711,0.99836,99.59013,0.28,0.12,0.11,0.36,53.71,57.17,57.64,52.62,0.997,0.998,0.998,0.996,/tmpdir/crf_16.mpd,/videos/BigBuckBunny-2160.avi
4123,0.98873,1.1371,0.99781,51.60378,0.99942,0.87624,0.99333,0.99733,0.9985,98.78521,0.34,0.13,0.12,0.45,52.82,57.14,57.51,51.6,0.996,0.998,0.998,0.995,/tmpdir/crf_16.mpd,/videos/BigBuckBunny-2160.avi
4124,0.98565,1.1371,0.99767,51.1499,0.99937,0.86558,0.99219,0.99695,0.99829,98.18626,0.37,0.13,0.12,0.5,52.41,57.02,57.47,51.15,0.996,0.998,0.998,0.994,/tmpdir/crf_16.mpd,/videos/BigBuckBunny-2160.avi
4125,0.99315,1.60949,0.99825,53.59996,0.99947,0.91608,0.99669,0.99871,0.9993,100.0,0.22,0.11,0.1,0.28,54.64,57.79,58.27,53.6,0.997,0.999,0.999,0.997,/tmpdir/crf_16.mpd,/videos/BigBuckBunny-2160.avi
4126,0.98956,1.60949,0.99792,52.24728,0.99936,0.89611,0.99387,0.99747,0.99858,99.22946,0.3,0.12,0.11,0.39,53.4,57.17,57.83,52.25,0.997,0.998,0.998,0.996,/tmpdir/crf_16.mpd,/videos/BigBuckBunny-2160.avi
4127,0.99188,1.17729,0.99794,52.19999,0.9994,0.89631,0.99502,0.99798,0.99884,99.46174,0.3,0.12,0.11,0.39,53.38,57.41,57.83,52.2,0.997,0.998,0.998,0.996,/tmpdir/crf_16.mpd,/videos/BigBuckBunny-2160.avi
4128,0.98901,0.60411,0.9979,51.94576,0.99937,0.88995,0.99462,0.99781,0.99877,98.64941,0.31,0.12,0.11,0.42,53.15,57.44,57.75,51.95,0.996,0.998,0.998,0.995,/tmpdir/crf_16.mpd,/videos/BigBuckBunny-2160.avi
4129,0.99303,0.27883,0.99823,53.03575,0.99947,0.9049,0.99704,0.99891,0.99943,99.33333,0.25,0.11,0.1,0.32,54.13,57.7,57.98,53.04,0.997,0.998,0.998,0.996,/tmpdir/crf_16.mpd,/videos/BigBuckBunny-2160.avi
4130,0.9902,0.27883,0.99798,52.28516,0.99938,0.8968,0.99536,0.99812,0.99894,98.75016,0.29,0.11,0.11,0.38,53.46,57.54,57.83,52.29,0.997,0.998,0.998,0.996,/tmpdir/crf_16.mpd,/videos/BigBuckBunny-2160.avi
4131,0.99061,0.20606,0.998,52.28606,0.9994,0.89689,0.99544,0.99816,0.99896,98.79176,0.29,0.12,0.11,0.38,53.46,57.52,57.86,52.29,0.997,0.998,0.998,0.996,/tmpdir/crf_16.mpd,/videos/BigBuckBunny-2160.avi
4132,0.99027,0.20606,0.99791,52.01666,0.99936,0.89262,0.99502,0.99796,0.99885,98.70427,0.31,0.12,0.11,0.41,53.21,57.37,57.77,52.02,0.996,0.998,0.998,0.996,/tmpdir/crf_16.mpd,/videos/BigBuckBunny-2160.avi
4133,0.99219,0.36517,0.99808,52.51446,0.99944,0.89954,0.99624,0.99851,0.99916,99.17721,0.28,0.11,0.11,0.36,53.67,57.62,57.9,52.51,0.997,0.998,0.998,0.996,/tmpdir/crf_16.mpd,/videos/BigBuckBunny-2160.avi
4134,0.98995,0.36517,0.99793,52.05924,0.99937,0.89282,0.99499,0.99796,0.99883,98.72022,0.31,0.12,0.11,0.4,53.24,57.26,57.7,52.06,0.996,0.998,0.998,0.996,/tmpdir/crf_16.mpd,/videos/BigBuckBunny-2160.avi
4135,0.98975,0.4489,0.99797,52.16886,0.9994,0.89336,0.99524,0.99813,0.99896,98.73955,0.3,0.12,0.11,0.39,53.34,57.34,57.74,52.17,0.997,0.998,0.998,0.996,/tmpdir/crf_16.mpd,/videos/BigBuckBunny-2160.avi
4136,0.98933,0.4489,0.99791,51.95709,0.99938,0.88999,0.99475,0.99789,0.99877,98.63615,0.32,0.12,0.11,0.41,53.14,57.21,57.6,51.96,0.996,0.998,0.998,0.995,/tmpdir/crf_16.mpd,/videos/BigBuckBunny-2160.avi
4137,0.99073,0.41279,0.99791,51.9115,0.99941,0.88872,0.99505,0.99801,0.99885,98.8707,0.32,0.12,0.11,0.42,53.11,57.37,57.7,51.91,0.996,0.998,0.998,0.995,/tmpdir/crf_16.mpd,/videos/BigBuckBunny-2160.avi
4138,0.98975,0.41279,0.9978,51.52737,0.99938,0.88294,0.99421,0.9976,0.9986,98.65186,0.34,0.12,0.11,0.46,52.76,57.25,57.59,51.53,0.996,0.998,0.998,0.995,/tmpdir/crf_16.mpd,/videos/BigBuckBunny-2160.avi
4139,0.99654,0.16886,0.99939,52.7225,0.99993,0.9401,0.99775,0.99899,0.99944,100.0,0.3,0.22,0.21,0.35,53.32,54.76,54.92,52.72,0.997,0.997,0.997,0.997,/tmpdir/crf_16.mpd,/videos/BigBuckBunny-2160.avi
4140,0.99381,0.16886,0.99921,51.22921,0.9999,0.92613,0.99613,0.99816,0.99894,99.43906,0.41,0.24,0.23,0.49,52.05,54.32,54.43,51.23,0.996,0.997,0.997,0.996,/tmpdir/crf_16.mpd,/videos/BigBuckBunny-2160.avi
4141,0.9932,0.1797,0.99914,50.761,0.99989,0.92043,0.99563,0.99787,0.99871,99.29179,0.45,0.25,0.24,0.55,51.64,54.22,54.28,50.76,0.996,0.997,0.997,0.996,/tmpdir/crf_16.mpd,/videos/BigBuckBunny-2160.avi
4142,0.99291,0.1797,0.99911,50.73291,0.99988,0.91947,0.9953,0.99768,0.99858,99.22456,0.45,0.26,0.25,0.55,51.59,54.06,54.08,50.73,0.996,0.997,0.997,0.996,/tmpdir/crf_16.mpd,/videos/BigBuckBunny-2160.avi
4143,0.99482,0.21898,0.99915,50.98195,0.9999,0.92112,0.9963,0.99825,0.99895,99.62749,0.43,0.25,0.24,0.52,51.82,54.22,54.27,50.98,0.996,0.997,0.997,0.996,/tmpdir/crf_16.mpd,/videos/BigBuckBunny-2160.avi
4144,0.99292,0.21898,0.99907,50.54053,0.99987,0.91685,0.99515,0.99761,0.99854,99.22921,0.47,0.27,0.26,0.57,51.4,53.89,53.9,50.54,0.996,0.997,0.996,0.996,/tmpdir/crf_16.mpd,/videos/BigBuckBunny-2160.avi
4145,0.99262,0.28081,0.99902,50.26587,0.99986,0.91273,0.99476,0.99741,0.99842,99.17739,0.5,0.27,0.27,0.61,51.16,53.82,53.78,50.27,0.996,0.997,0.996,0.995,/tmpdir/crf_16.mpd,/videos/BigBuckBunny-2160.avi
4146,0.99121,0.28081,0.99895,49.92321,0.99986,0.90866,0.99437,0.99733,0.99844,98.91263,0.54,0.28,0.29,0.66,50.83,53.6,53.49,49.92,0.995,0.996,0.996,0.995,/tmpdir/crf_16.mpd,/videos/BigBuckBunny-2160.avi
4147,0.99256,0.47187,0.99897,50.03516,0.99988,0.90837,0.99518,0.9978,0.99874,99.2722,0.52,0.28,0.28,0.65,50.94,53.68,53.6,50.04,0.995,0.996,0.996,0.995,/tmpdir/crf_16.mpd,/videos/BigBuckBunny-2160.avi
4148,0.98986,0.47187,0.99885,49.41294,0.99985,0.90182,0.99367,0.99694,0.99814,98.70794,0.6,0.3,0.32,0.74,50.35,53.32,53.14,49.41,0.995,0.996,0.996,0.995,/tmpdir/crf_16.mpd,/videos/BigBuckBunny-2160.avi
4149,0.99136,2.6246,0.99875,49.47596,0.99983,0.89782,0.99361,0.99696,0.9982,100.0,0.6,0.31,0.33,0.73,50.38,53.18,53.0,49.48,0.995,0.996,0.996,0.994,/tmpdir/crf_16.mpd,/videos/BigBuckBunny-2160.avi
4150,0.99012,2.63135,0.99863,49.15452,0.99981,0.89335,0.99275,0.99656,0.99793,99.7696,0.64,0.33,0.35,0.79,50.07,52.93,52.67,49.15,0.994,0.996,0.996,0.994,/tmpdir/crf_16.mpd,/videos/BigBuckBunny-2160.avi
4151,0.99255,2.29323,0.99881,49.80041,0.99986,0.89981,0.99432,0.99741,0.99852,100.0,0.56,0.31,0.31,0.68,50.67,53.26,53.19,49.8,0.995,0.996,0.996,0.994,/tmpdir/crf_16.mpd,/videos/BigBuckBunny-2160.avi
4152,0.98998,2.29323,0.99862,49.02805,0.99981,0.89139,0.99287,0.99667,0.99805,99.57632,0.66,0.33,0.35,0.81,49.97,52.93,52.74,49.03,0.994,0.996,0.996,0.994,/tmpdir/crf_16.mpd,/videos/BigBuckBunny-2160.avi
4153,0.98948,1.94354,0.99868,48.9164,0.99983,0.88936,0.99303,0.99682,0.99818,99.31663,0.67,0.34,0.34,0.83,49.86,52.76,52.77,48.92,0.994,0.996,0.996,0.994,/tmpdir/crf_16.mpd,/videos/BigBuckBunny-2160.avi
4154,0.98747,1.65407,0.99861,48.47912,0.99983,0.8829,0.99221,0.99646,0.99798,98.77631,0.73,0.36,0.36,0.92,49.47,52.55,52.62,48.48,0.994,0.996,0.995,0.993,/tmpdir/crf_16.mpd,/videos/BigBuckBunny-2160.avi
4155,0.99334,0.52268,0.99901,50.18529,0.99989,0.90702,0.9956,0.99807,0.99895,99.45119,0.52,0.32,0.31,0.62,50.97,53.13,53.15,50.19,0.995,0.996,0.996,0.995,/tmpdir/crf_16.mpd,/videos/BigBuckBunny-2160.avi
4156,0.98869,0.52268,0.99877,48.9207,0.99985,0.89043,0.99342,0.99698,0.99826,98.49805,0.67,0.34,0.34,0.83,49.87,52.8,52.79,48.92,0.995,0.996,0.996,0.994,/tmpdir/crf_16.mpd,/videos/BigBuckBunny-2160.avi
4157,0.98991,0.39049,0.99881,49.16076,0.99986,0.89341,0.99382,0.99714,0.99835,98.67132,0.64,0.34,0.34,0.79,50.07,52.83,52.8,49.16,0.995,0.996,0.996,0.994,/tmpdir/crf_16.mpd,/videos/BigBuckBunny-2160.avi
4158,0.98834,0.39049,0.99877,48.89447,0.99985,0.89035,0.99326,0.99691,0.99824,98.37062,0.68,0.35,0.35,0.84,49.83,52.74,52.66,48.89,0.995,0.996,0.996,0.994,/tmpdir/crf_16.mpd,/videos/BigBuckBunny-2160.avi
4159,0.99169,0.59293,0.99891,49.65934,0.99988,0.90053,0.9948,0.99771,0.99875,99.1476,0.58,0.33,0.33,0.7,50.51,52.98,52.94,49.66,0.995,0.996,0.996,0.995,/tmpdir/crf_16.mpd,/videos/BigBuckBunny-2160.avi
4160,0.98885,1.2106,0.99869,48.78658,0.99984,0.88868,0.99282,0.9968,0.99824,98.84422,0.69,0.36,0.37,0.86,49.71,52.54,52.5,48.79,0.994,0.996,0.995,0.994,/tmpdir/crf_16.mpd,/videos/BigBuckBunny-2160.avi
4161,0.98958,2.02363,0.99875,49.19383,0.99985,0.8927,0.99325,0.99693,0.99827,99.39389,0.64,0.36,0.36,0.78,50.06,52.56,52.59,49.19,0.995,0.996,0.995,0.994,/tmpdir/crf_16.mpd,/videos/BigBuckBunny-2160.avi
4162,0.988,2.02363,0.99866,48.85244,0.99983,0.88834,0.99225,0.99643,0.99796,99.06879,0.69,0.37,0.37,0.85,49.75,52.43,52.4,48.85,0.994,0.996,0.995,0.994,/tmpdir/crf_16.mpd,/videos/BigBuckBunny-2160.avi
4163,0.9913,2.69593,0.99884,49.51379,0.99987,0.89697,0.99421,0.99749,0.99866,100.0,0.6,0.36,0.35,0.73,50.33,52.63,52.64,49.51,0.995,0.996,0.995,0.994,/tmpdir/crf_16.mpd,/videos/BigBuckBunny-2160.avi
4164,0.98763,2.69593,0.99863,48.60024,0.99984,0.88481,0.99227,0.99654,0.99811,99.35207,0.72,0.38,0.38,0.9,49.53,52.29,52.39,48.6,0.994,0.995,0.995,0.993,/tmpdir/crf_16.mpd,/videos/BigBuckBunny-2160.avi
4165,0.98887,2.22098,0.99872,49.00295,0.99984,0.88942,0.99304,0.9969,0.99832,99.36188,0.67,0.38,0.37,0.82,49.87,52.35,52.42,49.0,0.994,0.995,0.995,0.994,/tmpdir/crf_16.mpd,/videos/BigBuckBunny-2160.avi
4166,0.98741,2.22098,0.99858,48.42126,0.99983,0.88142,0.99188,0.99631,0.99794,99.04013,0.76,0.4,0.4,0.94,49.35,52.15,52.16,48.42,0.994,0.995,0.995,0.993,/tmpdir/crf_16.mpd,/videos/BigBuckBunny-2160.avi
4167,0.99108,2.70051,0.99883,49.51952,0.99986,0.89641,0.99371,0.99719,0.99848,100.0,0.6,0.36,0.36,0.73,50.32,52.57,52.59,49.52,0.995,0.996,0.995,0.994,/tmpdir/crf_16.mpd,/videos/BigBuckBunny-2160.avi
4168,0.98887,2.97072,0.99868,48.81131,0.99984,0.88711,0.99242,0.99653,0.99802,99.71557,0.69,0.38,0.37,0.85,49.71,52.38,52.43,48.81,0.994,0.995,0.995,0.994,/tmpdir/crf_16.mpd,/videos/BigBuckBunny-2160.avi
4169,0.9882,3.65054,0.9986,48.63774,0.99982,0.88438,0.99201,0.9964,0.998,99.94871,0.72,0.38,0.37,0.89,49.57,52.35,52.44,48.64,0.994,0.995,0.995,0.993,/tmpdir/crf_16.mpd,/videos/BigBuckBunny-2160.avi
4170,0.99154,3.65054,0.9988,49.57423,0.99985,0.89591,0.99364,0.99718,0.9985,100.0,0.59,0.35,0.35,0.72,50.39,52.65,52.73,49.57,0.995,0.996,0.995,0.994,/tmpdir/crf_16.mpd,/videos/BigBuckBunny-2160.avi
4171,0.9885,3.43151,0.99858,48.70921,0.99981,0.88369,0.9919,0.99629,0.99791,99.87286,0.71,0.38,0.37,0.88,49.63,52.38,52.48,48.71,0.994,0.995,0.995,0.994,/tmpdir/crf_16.mpd,/videos/BigBuckBunny-2160.avi
4172,0.99096,2.99993,0.99873,49.28495,0.99984,0.89072,0.99342,0.99707,0.99837,100.0,0.63,0.36,0.36,0.77,50.13,52.55,52.61,49.28,0.994,0.995,0.995,0.994,/tmpdir/crf_16.mpd,/videos/BigBuckBunny-2160.avi
4173,0.98713,1.44256,0.99851,48.31733,0.99981,0.8781,0.99167,0.99621,0.99783,98.57951,0.77,0.39,0.39,0.96,49.27,52.21,52.22,48.32,0.994,0.995,0.995,0.993,/tmpdir/crf_16.mpd,/videos/BigBuckBunny-2160.avi
4174,0.98688,1.44256,0.99848,48.18022,0.9998,0.87586,0.99147,0.99622,0.9979,98.53464,0.79,0.4,0.4,0.99,49.14,52.1,52.13,48.18,0.994,0.995,0.995,0.993,/tmpdir/crf_16.mpd,/videos/BigBuckBunny-2160.avi
4175,0.98733,1.48447,0.99847,48.10325,0.99981,0.87407,0.99128,0.99608,0.99779,98.61953,0.8,0.4,0.39,1.01,49.09,52.16,52.21,48.1,0.994,0.995,0.995,0.993,/tmpdir/crf_16.mpd,/videos/BigBuckBunny-2160.avi
4176,0.99395,0.4967,0.99833,53.53524,0.99949,0.91451,0.99727,0.99894,0.99945,99.63153,0.23,0.1,0.1,0.29,54.59,58.01,58.11,53.54,0.997,0.999,0.998,0.997,/tmpdir/crf_16.mpd,/videos/BigBuckBunny-2160.avi
4177,0.99132,0.4967,0.9979,51.93554,0.99939,0.89545,0.99432,0.9976,0.99861,99.00909,0.31,0.11,0.11,0.42,53.17,57.79,57.87,51.94,0.996,0.999,0.998,0.995,/tmpdir/crf_16.mpd,/videos/BigBuckBunny-2160.avi
4178,0.98772,2.15429,0.99773,51.91826,0.99938,0.88735,0.99162,0.9965,0.99807,99.09208,0.32,0.12,0.11,0.42,53.12,57.34,57.69,51.92,0.996,0.998,0.998,0.995,/tmpdir/crf_16.mpd,/videos/BigBuckBunny-2160.avi
4179,0.992,5.7367,0.9983,54.8436,0.99947,0.94301,0.99543,0.9977,0.9986,100.0,0.17,0.09,0.09,0.21,55.76,58.37,58.72,54.84,0.998,0.999,0.999,0.997,/tmpdir/crf_16.mpd,/videos/BigBuckBunny-2160.avi
4180,0.9859,3.23603,0.99786,52.38101,0.99943,0.89057,0.99026,0.99576,0.99764,99.2947,0.29,0.13,0.12,0.38,53.48,56.98,57.39,52.38,0.996,0.998,0.998,0.995,/tmpdir/crf_16.mpd,/videos/BigBuckBunny-2160.avi
4181,0.9895,1.90972,0.99761,50.63273,0.99942,0.859,0.99249,0.99711,0.99845,99.25291,0.42,0.15,0.13,0.56,51.88,56.47,56.89,50.63,0.995,0.998,0.998,0.994,/tmpdir/crf_16.mpd,/videos/BigBuckBunny-2160.avi
4182,0.98776,1.24443,0.9975,50.38052,0.99937,0.84926,0.9912,0.99652,0.99799,98.54136,0.44,0.15,0.13,0.6,51.66,56.43,56.89,50.38,0.995,0.998,0.998,0.993,/tmpdir/crf_16.mpd,/videos/BigBuckBunny-2160.avi
4183,0.99191,0.66547,0.99803,51.75487,0.99949,0.87797,0.99512,0.9982,0.99902,99.18564,0.33,0.13,0.11,0.43,52.95,57.07,57.58,51.75,0.996,0.998,0.998,0.995,/tmpdir/crf_16.mpd,/videos/BigBuckBunny-2160.avi
4184,0.98636,0.66547,0.99765,50.71407,0.99938,0.85803,0.99219,0.99707,0.99846,98.07865,0.41,0.14,0.12,0.55,51.99,56.71,57.21,50.71,0.995,0.998,0.998,0.994,/tmpdir/crf_16.mpd,/videos/BigBuckBunny-2160.avi
4185,0.98958,0.37242,0.99775,50.66634,0.99945,0.8575,0.99386,0.99772,0.99885,98.55223,0.42,0.14,0.12,0.56,51.95,56.71,57.25,50.67,0.995,0.998,0.998,0.994,/tmpdir/crf_16.mpd,/videos/BigBuckBunny-2160.avi
4186,0.99102,0.37242,0.99753,50.41426,0.99938,0.8633,0.99262,0.99712,0.99842,98.77762,0.44,0.14,0.12,0.59,51.72,56.68,57.27,50.41,0.995,0.998,0.998,0.994,/tmpdir/crf_16.mpd,/videos/BigBuckBunny-2160.avi
4187,0.99356,9.66182,0.99838,55.78754,0.99943,0.95352,0.99641,0.99814,0.99884,100.0,0.15,0.1,0.09,0.17,56.52,58.27,58.71,55.79,0.998,0.999,0.999,0.998,/tmpdir/crf_16.mpd,/videos/BigBuckBunny-2160.avi
4188,0.995,6.59661,0.99841,55.67978,0.99945,0.94992,0.99613,0.99803,0.99883,100.0,0.15,0.12,0.1,0.18,56.27,57.37,58.22,55.68,0.998,0.998,0.999,0.998,/tmpdir/crf_16.mpd,/videos/BigBuckBunny-2160.avi
4189,0.99399,4.33338,0.99836,56.13658,0.99941,0.9525,0.99624,0.99811,0.99888,100.0,0.14,0.12,0.09,0.16,56.65,57.35,58.57,56.14,0.998,0.998,0.999,0.998,/tmpdir/crf_16.mpd,/videos/BigBuckBunny-2160.avi
4190,0.99428,2.86969,0.99839,56.86231,0.99942,0.95801,0.99704,0.9985,0.9991,100.0,0.12,0.11,0.08,0.13,57.33,57.89,59.06,56.86,0.998,0.999,0.999,0.998,/tmpdir/crf_16.mpd,/videos/BigBuckBunny-2160.avi
4191,0.99285,1.17884,0.99831,56.26513,0.99938,0.95294,0.99686,0.99851,0.99916,99.86146,0.14,0.12,0.09,0.15,56.78,57.47,58.72,56.27,0.998,0.999,0.999,0.998,/tmpdir/crf_16.mpd,/videos/BigBuckBunny-2160.avi
4192,0.99396,0.67497,0.99835,56.75202,0.99938,0.95686,0.99727,0.9987,0.99925,99.85027,0.12,0.11,0.08,0.14,57.22,57.84,58.92,56.75,0.998,0.999,0.999,0.998,/tmpdir/crf_16.mpd,/videos/BigBuckBunny-2160.avi
4193,0.99328,0.40657,0.99834,56.7128,0.99938,0.95656,0.9973,0.9987,0.99923,99.60498,0.12,0.11,0.08,0.14,57.2,57.9,58.95,56.71,0.998,0.999,0.999,0.998,/tmpdir/crf_16.mpd,/videos/BigBuckBunny-2160.avi
4194,0.99375,0.32824,0.99837,57.05263,0.99939,0.95829,0.99791,0.99904,0.99947,99.68466,0.12,0.1,0.08,0.13,57.51,58.17,59.05,57.05,0.999,0.999,0.999,0.998,/tmpdir/crf_16.mpd,/videos/BigBuckBunny-2160.avi
4195,0.99357,0.06293,0.99835,56.63448,0.99938,0.95604,0.99758,0.99885,0.99933,99.50995,0.12,0.1,0.08,0.14,57.16,58.01,58.98,56.63,0.998,0.999,0.999,0.998,/tmpdir/crf_16.mpd,/videos/BigBuckBunny-2160.avi
4196,0.9939,0.01168,0.99835,56.57164,0.99939,0.95571,0.99773,0.99891,0.99935,99.54756,0.13,0.1,0.08,0.14,57.13,58.11,58.94,56.57,0.998,0.999,0.999,0.998,/tmpdir/crf_16.mpd,/videos/BigBuckBunny-2160.avi
4197,0.99309,0.00638,0.99835,56.38416,0.99939,0.95291,0.99778,0.99897,0.99942,99.39586,0.13,0.1,0.08,0.15,56.98,58.1,58.9,56.38,0.998,0.999,0.999,0.998,/tmpdir/crf_16.mpd,/videos/BigBuckBunny-2160.avi
4198,0.99316,0.00638,0.99835,56.43957,0.99939,0.95326,0.99787,0.99902,0.99945,99.41301,0.13,0.1,0.08,0.15,57.02,58.12,58.91,56.44,0.998,0.999,0.999,0.998,/tmpdir/crf_16.mpd,/videos/BigBuckBunny-2160.avi
4199,0.99322,0.01223,0.99835,56.57487,0.99938,0.95528,0.99773,0.99893,0.9994,99.42897,0.13,0.1,0.08,0.14,57.13,58.12,58.94,56.57,0.998,0.999,0.999,0.998,/tmpdir/crf_16.mpd,/videos/BigBuckBunny-2160.avi
4200,0.99333,0.08002,0.99834,56.55797,0.99938,0.95541,0.9976,0.99884,0.9993,99.46968,0.13,0.1,0.08,0.14,57.11,58.08,58.95,56.56,0.998,0.999,0.999,0.998,/tmpdir/crf_16.mpd,/videos/BigBuckBunny-2160.avi
4201,0.99311,0.32904,0.99833,56.52041,0.99938,0.95512,0.99732,0.99873,0.99928,99.5386,0.13,0.11,0.08,0.14,57.06,57.92,58.92,56.52,0.998,0.999,0.999,0.998,/tmpdir/crf_16.mpd,/videos/BigBuckBunny-2160.avi
4202,0.99297,0.34699,0.99834,56.54378,0.99939,0.95473,0.99757,0.9989,0.99939,99.5313,0.13,0.1,0.08,0.14,57.09,58.0,58.94,56.54,0.998,0.999,0.999,0.998,/tmpdir/crf_16.mpd,/videos/BigBuckBunny-2160.avi
4203,0.99226,0.36553,0.99831,56.10231,0.99938,0.95148,0.99693,0.99855,0.99913,99.37386,0.14,0.11,0.09,0.16,56.69,57.67,58.74,56.1,0.998,0.999,0.999,0.998,/tmpdir/crf_16.mpd,/videos/BigBuckBunny-2160.avi
4204,0.99319,0.36553,0.99833,56.36523,0.99939,0.95321,0.99729,0.99878,0.99931,99.56347,0.13,0.11,0.09,0.15,56.9,57.77,58.76,56.37,0.998,0.999,0.999,0.998,/tmpdir/crf_16.mpd,/videos/BigBuckBunny-2160.avi
4205,0.99269,0.57201,0.99832,56.43102,0.99938,0.95399,0.99684,0.99848,0.99909,99.54946,0.13,0.11,0.09,0.15,56.96,57.77,58.82,56.43,0.998,0.999,0.999,0.998,/tmpdir/crf_16.mpd,/videos/BigBuckBunny-2160.avi
4206,0.99335,0.57201,0.99834,56.69231,0.99939,0.95577,0.99732,0.99877,0.99933,99.69708,0.12,0.1,0.08,0.14,57.2,57.98,58.93,56.69,0.998,0.999,0.999,0.998,/tmpdir/crf_16.mpd,/videos/BigBuckBunny-2160.avi
4207,0.99302,0.66229,0.99832,56.48379,0.99938,0.95482,0.99691,0.99857,0.9992,99.66228,0.13,0.11,0.08,0.15,57.0,57.73,58.86,56.48,0.998,0.999,0.999,0.998,/tmpdir/crf_16.mpd,/videos/BigBuckBunny-2160.avi
4208,0.99353,0.66229,0.99834,56.65618,0.99938,0.95586,0.99717,0.9987,0.9993,99.76692,0.13,0.11,0.08,0.14,57.14,57.8,58.88,56.66,0.998,0.999,0.999,0.998,/tmpdir/crf_16.mpd,/videos/BigBuckBunny-2160.avi
4209,0.99281,0.80586,0.99832,56.45646,0.99938,0.95463,0.99681,0.99852,0.99919,99.68904,0.13,0.11,0.08,0.15,56.97,57.67,58.88,56.46,0.998,0.999,0.999,0.998,/tmpdir/crf_16.mpd,/videos/BigBuckBunny-2160.avi
4210,0.9934,0.80586,0.99834,56.7449,0.99938,0.95631,0.99724,0.99874,0.99932,99.8142,0.12,0.1,0.08,0.14,57.25,57.95,59.04,56.74,0.998,0.999,0.999,0.998,/tmpdir/crf_16.mpd,/videos/BigBuckBunny-2160.avi
4211,0.99323,0.81403,0.99831,56.40407,0.99938,0.95435,0.99681,0.99854,0.99919,99.76652,0.13,0.11,0.08,0.15,56.94,57.66,58.95,56.4,0.998,0.999,0.999,0.998,/tmpdir/crf_16.mpd,/videos/BigBuckBunny-2160.avi
4212,0.99388,0.81403,0.99833,56.64587,0.99938,0.95581,0.99726,0.99877,0.99933,99.90289,0.13,0.11,0.08,0.14,57.16,57.86,59.03,56.65,0.998,0.999,0.999,0.998,/tmpdir/crf_16.mpd,/videos/BigBuckBunny-2160.avi
4213,0.99494,0.84272,0.99843,57.82408,0.99939,0.96463,0.99825,0.99915,0.99951,100.0,0.09,0.08,0.06,0.11,58.38,59.28,60.3,57.82,0.999,0.999,0.999,0.999,/tmpdir/crf_16.mpd,/videos/BigBuckBunny-2160.avi
4214,0.99367,0.84272,0.99834,56.79015,0.99938,0.95837,0.99711,0.99866,0.99927,99.88199,0.12,0.09,0.07,0.14,57.43,58.45,59.82,56.79,0.999,0.999,0.999,0.998,/tmpdir/crf_16.mpd,/videos/BigBuckBunny-2160.avi
4215,0.99388,1.18964,0.99837,56.80254,0.9994,0.95837,0.9973,0.99873,0.99927,100.0,0.12,0.09,0.07,0.14,57.43,58.43,59.78,56.8,0.999,0.999,0.999,0.998,/tmpdir/crf_16.mpd,/videos/BigBuckBunny-2160.avi
4216,0.99313,1.18964,0.99835,56.48577,0.9994,0.95622,0.99687,0.99851,0.99911,99.92481,0.12,0.09,0.07,0.15,57.17,58.36,59.69,56.49,0.999,0.999,0.999,0.998,/tmpdir/crf_16.mpd,/videos/BigBuckBunny-2160.avi
4217,0.99338,1.02962,0.9984,56.77387,0.99941,0.95724,0.99757,0.99889,0.9994,99.92951,0.12,0.09,0.07,0.14,57.45,58.67,59.88,56.77,0.999,0.999,0.999,0.998,/tmpdir/crf_16.mpd,/videos/BigBuckBunny-2160.avi
4218,0.99194,1.02962,0.99834,56.11591,0.99941,0.95307,0.99677,0.99849,0.99913,99.62693,0.13,0.1,0.07,0.16,56.84,58.19,59.56,56.12,0.998,0.999,0.999,0.998,/tmpdir/crf_16.mpd,/videos/BigBuckBunny-2160.avi
4219,0.99161,1.08402,0.99836,56.17669,0.99941,0.95329,0.99701,0.99861,0.99925,99.60704,0.13,0.1,0.07,0.16,56.9,58.21,59.55,56.18,0.998,0.999,0.999,0.998,/tmpdir/crf_16.mpd,/videos/BigBuckBunny-2160.avi
4220,0.99107,1.08402,0.99833,55.90961,0.9994,0.9515,0.99654,0.99837,0.99907,99.48559,0.14,0.1,0.07,0.17,56.67,58.09,59.52,55.91,0.998,0.999,0.999,0.998,/tmpdir/crf_16.mpd,/videos/BigBuckBunny-2160.avi
4221,0.99277,1.04765,0.99839,56.46278,0.99941,0.95513,0.99758,0.99892,0.99942,99.82313,0.12,0.09,0.07,0.15,57.16,58.48,59.68,56.46,0.999,0.999,0.999,0.998,/tmpdir/crf_16.mpd,/videos/BigBuckBunny-2160.avi
4222,0.99014,1.04765,0.99832,55.63748,0.9994,0.94946,0.99642,0.99833,0.99899,99.28952,0.15,0.1,0.08,0.18,56.42,57.99,59.37,55.64,0.998,0.999,0.999,0.998,/tmpdir/crf_16.mpd,/videos/BigBuckBunny-2160.avi
4223,0.99116,0.92975,0.99834,55.66969,0.99941,0.94959,0.99683,0.99855,0.99916,99.43301,0.15,0.1,0.08,0.18,56.45,58.02,59.34,55.67,0.998,0.999,0.999,0.998,/tmpdir/crf_16.mpd,/videos/BigBuckBunny-2160.avi
4224,0.99018,0.92975,0.99833,55.49157,0.9994,0.94859,0.99649,0.99836,0.99904,99.24169,0.15,0.1,0.08,0.18,56.3,57.94,59.33,55.49,0.998,0.999,0.999,0.998,/tmpdir/crf_16.mpd,/videos/BigBuckBunny-2160.avi
4225,0.99377,0.7279,0.99842,56.48745,0.99942,0.95526,0.99798,0.99909,0.99948,99.86121,0.12,0.09,0.07,0.15,57.17,58.51,59.53,56.49,0.999,0.999,0.999,0.998,/tmpdir/crf_16.mpd,/videos/BigBuckBunny-2160.avi
4226,0.99069,0.7279,0.99834,55.45789,0.99941,0.94805,0.99676,0.99846,0.99907,99.24139,0.15,0.1,0.08,0.19,56.27,57.98,59.25,55.46,0.998,0.999,0.999,0.998,/tmpdir/crf_16.mpd,/videos/BigBuckBunny-2160.avi
4227,0.99093,0.42403,0.99834,55.32897,0.99941,0.94646,0.99711,0.99867,0.99923,99.15495,0.16,0.1,0.08,0.19,56.18,58.16,59.24,55.33,0.998,0.999,0.999,0.998,/tmpdir/crf_16.mpd,/videos/BigBuckBunny-2160.avi
4228,0.99152,0.34708,0.99834,55.37124,0.99941,0.94648,0.99689,0.99854,0.99915,99.21572,0.16,0.1,0.08,0.19,56.22,58.13,59.24,55.37,0.998,0.999,0.999,0.998,/tmpdir/crf_16.mpd,/videos/BigBuckBunny-2160.avi
4229,0.99385,0.11171,0.99841,56.26429,0.99942,0.95287,0.99814,0.99917,0.99954,99.59308,0.13,0.09,0.08,0.15,57.0,58.69,59.37,56.26,0.999,0.999,0.999,0.998,/tmpdir/crf_16.mpd,/videos/BigBuckBunny-2160.avi
4230,0.9925,0.08122,0.99837,55.77728,0.99941,0.95014,0.99733,0.99872,0.99923,99.29417,0.14,0.09,0.08,0.17,56.57,58.36,59.3,55.78,0.998,0.999,0.999,0.998,/tmpdir/crf_16.mpd,/videos/BigBuckBunny-2160.avi
4231,0.99293,0.05718,0.99837,55.68324,0.99941,0.94968,0.99737,0.99874,0.99925,99.35988,0.15,0.09,0.08,0.18,56.51,58.43,59.34,55.68,0.998,0.999,0.999,0.998,/tmpdir/crf_16.mpd,/videos/BigBuckBunny-2160.avi
4232,0.99139,0.05653,0.99837,55.3701,0.99942,0.94532,0.99756,0.99889,0.99938,99.08244,0.15,0.1,0.08,0.19,56.24,58.34,59.26,55.37,0.998,0.999,0.999,0.998,/tmpdir/crf_16.mpd,/videos/BigBuckBunny-2160.avi
4233,0.99265,0.04285,0.99839,55.70789,0.99942,0.94761,0.99795,0.99909,0.99949,99.32242,0.14,0.09,0.08,0.17,56.52,58.46,59.27,55.71,0.998,0.999,0.999,0.998,/tmpdir/crf_16.mpd,/videos/BigBuckBunny-2160.avi
4234,0.99144,0.04285,0.99837,55.43608,0.99942,0.94592,0.99765,0.99896,0.99944,99.09293,0.15,0.1,0.08,0.19,56.29,58.33,59.26,55.44,0.998,0.999,0.999,0.998,/tmpdir/crf_16.mpd,/videos/BigBuckBunny-2160.avi
4235,0.99165,0.03415,0.99836,55.35515,0.99942,0.9452,0.99756,0.99891,0.99941,99.12028,0.16,0.1,0.08,0.19,56.22,58.3,59.25,55.36,0.998,0.999,0.999,0.998,/tmpdir/crf_16.mpd,/videos/BigBuckBunny-2160.avi
4236,0.99154,0.03415,0.99835,55.20167,0.99942,0.94407,0.99743,0.99883,0.99936,99.09041,0.16,0.1,0.08,0.2,56.09,58.24,59.23,55.2,0.998,0.999,0.999,0.998,/tmpdir/crf_16.mpd,/videos/BigBuckBunny-2160.avi
4237,0.99326,0.10084,0.99838,55.7621,0.99942,0.95,0.99772,0.99898,0.99942,99.4573,0.14,0.09,0.08,0.17,56.57,58.46,59.33,55.76,0.998,0.999,0.999,0.998,/tmpdir/crf_16.mpd,/videos/BigBuckBunny-2160.avi
4238,0.99201,0.17044,0.99834,55.34299,0.99941,0.94705,0.99694,0.99856,0.99913,99.22358,0.16,0.1,0.08,0.19,56.19,58.13,59.24,55.34,0.998,0.999,0.999,0.998,/tmpdir/crf_16.mpd,/videos/BigBuckBunny-2160.avi
4239,0.99144,0.35776,0.99834,55.32509,0.99941,0.94637,0.99694,0.99857,0.99913,99.20578,0.16,0.1,0.08,0.19,56.17,58.13,59.19,55.33,0.998,0.999,0.999,0.998,/tmpdir/crf_16.mpd,/videos/BigBuckBunny-2160.avi
4240,0.99074,0.35776,0.99831,55.01992,0.99941,0.94405,0.99647,0.99835,0.99902,99.05838,0.17,0.11,0.08,0.2,55.89,57.83,59.13,55.02,0.998,0.999,0.999,0.998,/tmpdir/crf_16.mpd,/videos/BigBuckBunny-2160.avi
4241,0.99243,0.4,0.99833,55.20895,0.99941,0.94538,0.99732,0.99883,0.99935,99.41803,0.16,0.1,0.08,0.2,56.08,58.1,59.23,55.21,0.998,0.999,0.999,0.998,/tmpdir/crf_16.mpd,/videos/BigBuckBunny-2160.avi
4242,0.9894,0.4,0.99827,54.67512,0.9994,0.94055,0.99624,0.99826,0.99897,98.82053,0.18,0.11,0.08,0.22,55.58,57.67,59.02,54.68,0.998,0.999,0.999,0.998,/tmpdir/crf_16.mpd,/videos/BigBuckBunny-2160.avi
4243,0.99058,0.7878,0.9983,55.0249,0.99941,0.94279,0.99664,0.9985,0.99914,99.23609,0.17,0.11,0.08,0.2,55.88,57.79,59.02,55.02,0.998,0.999,0.999,0.998,/tmpdir/crf_16.mpd,/videos/BigBuckBunny-2160.avi
4244,0.98962,0.7878,0.99827,54.83479,0.9994,0.94157,0.99596,0.99816,0.99893,99.03771,0.17,0.11,0.08,0.21,55.71,57.69,58.92,54.83,0.998,0.999,0.999,0.998,/tmpdir/crf_16.mpd,/videos/BigBuckBunny-2160.avi
4245,0.99267,1.44996,0.99833,55.50334,0.99941,0.94693,0.99699,0.9987,0.9993,99.95101,0.15,0.1,0.08,0.18,56.32,58.17,59.22,55.5,0.998,0.999,0.999,0.998,/tmpdir/crf_16.mpd,/videos/BigBuckBunny-2160.avi
4246,0.99092,1.44996,0.99828,55.0811,0.9994,0.944,0.99579,0.99805,0.99885,99.58217,0.17,0.11,0.08,0.2,55.9,57.67,58.92,55.08,0.998,0.999,0.999,0.998,/tmpdir/crf_16.mpd,/videos/BigBuckBunny-2160.avi
4247,0.99234,1.8895,0.99829,55.28137,0.99941,0.94549,0.99613,0.99826,0.99901,100.0,0.16,0.11,0.08,0.19,56.09,57.91,58.91,55.28,0.998,0.999,0.999,0.998,/tmpdir/crf_16.mpd,/videos/BigBuckBunny-2160.avi
4248,0.99205,1.8895,0.99827,55.18756,0.9994,0.94508,0.99566,0.99801,0.99884,99.99746,0.16,0.11,0.09,0.2,55.99,57.73,58.84,55.19,0.998,0.999,0.999,0.998,/tmpdir/crf_16.mpd,/videos/BigBuckBunny-2160.avi
4249,0.9946,2.18634,0.99834,55.79398,0.99941,0.94934,0.99691,0.99864,0.99928,100.0,0.14,0.1,0.08,0.17,56.55,58.16,59.12,55.79,0.998,0.999,0.999,0.998,/tmpdir/crf_16.mpd,/videos/BigBuckBunny-2160.avi
4250,0.99195,2.18634,0.99825,55.04988,0.99939,0.94378,0.9956,0.99797,0.99882,100.0,0.17,0.11,0.09,0.2,55.86,57.66,58.7,55.05,0.998,0.999,0.999,0.998,/tmpdir/crf_16.mpd,/videos/BigBuckBunny-2160.avi
4251,0.99283,2.26002,0.99825,55.05195,0.99939,0.94336,0.99581,0.99805,0.9989,100.0,0.17,0.11,0.09,0.2,55.87,57.82,58.61,55.05,0.998,0.999,0.999,0.998,/tmpdir/crf_16.mpd,/videos/BigBuckBunny-2160.avi
4252,0.991,2.26002,0.99821,54.75739,0.99938,0.94101,0.99537,0.99788,0.99875,99.97163,0.18,0.11,0.09,0.22,55.6,57.63,58.44,54.76,0.998,0.999,0.999,0.998,/tmpdir/crf_16.mpd,/videos/BigBuckBunny-2160.avi
4253,0.99309,2.16036,0.99832,55.34435,0.99942,0.94517,0.99705,0.99876,0.99933,100.0,0.16,0.1,0.09,0.19,56.15,58.13,58.72,55.34,0.998,0.999,0.999,0.998,/tmpdir/crf_16.mpd,/videos/BigBuckBunny-2160.avi
4254,0.99034,2.16036,0.9982,54.27913,0.99939,0.93512,0.99547,0.99799,0.99882,99.79301,0.2,0.11,0.1,0.24,55.18,57.53,58.23,54.28,0.998,0.999,0.999,0.997,/tmpdir/crf_16.mpd,/videos/BigBuckBunny-2160.avi
4255,0.99085,1.59917,0.99822,54.2206,0.99941,0.93381,0.99578,0.99813,0.99891,99.61174,0.2,0.11,0.1,0.25,55.15,57.72,58.24,54.22,0.998,0.999,0.999,0.997,/tmpdir/crf_16.mpd,/videos/BigBuckBunny-2160.avi
4256,0.99156,1.59917,0.99821,54.09807,0.9994,0.93343,0.99536,0.99787,0.9987,99.71622,0.2,0.11,0.1,0.25,55.03,57.59,58.19,54.1,0.998,0.999,0.999,0.997,/tmpdir/crf_16.mpd,/videos/BigBuckBunny-2160.avi
4257,0.99321,0.94725,0.99835,54.78421,0.99945,0.93749,0.9975,0.99899,0.99947,99.79414,0.18,0.1,0.09,0.22,55.67,58.21,58.4,54.78,0.998,0.999,0.999,0.998,/tmpdir/crf_16.mpd,/videos/BigBuckBunny-2160.avi
4258,0.99044,0.72753,0.99819,53.67292,0.99941,0.9265,0.99575,0.9981,0.99883,99.09263,0.22,0.11,0.1,0.28,54.69,57.71,58.16,53.67,0.998,0.999,0.998,0.997,/tmpdir/crf_16.mpd,/videos/BigBuckBunny-2160.avi
4259,0.99157,0.25,0.99822,53.78162,0.99942,0.92797,0.99614,0.99829,0.99901,99.09514,0.22,0.11,0.1,0.27,54.78,57.79,58.15,53.78,0.998,0.999,0.998,0.997,/tmpdir/crf_16.mpd,/videos/BigBuckBunny-2160.avi
4260,0.99124,0.25,0.99819,53.50461,0.99941,0.92411,0.996,0.99823,0.99898,99.01739,0.23,0.11,0.1,0.29,54.53,57.64,58.1,53.5,0.998,0.999,0.998,0.997,/tmpdir/crf_16.mpd,/videos/BigBuckBunny-2160.avi
4261,0.99219,0.21803,0.99826,53.7105,0.99944,0.92285,0.99705,0.99882,0.99938,99.2114,0.22,0.1,0.1,0.28,54.74,57.96,58.12,53.71,0.998,0.999,0.998,0.997,/tmpdir/crf_16.mpd,/videos/BigBuckBunny-2160.avi
4262,0.9905,0.21803,0.99815,52.88719,0.99941,0.91358,0.99594,0.9982,0.99893,98.83193,0.26,0.11,0.1,0.33,54.0,57.69,58.0,52.89,0.997,0.999,0.998,0.997,/tmpdir/crf_16.mpd,/videos/BigBuckBunny-2160.avi
4263,0.99223,0.32684,0.99819,53.53604,0.99942,0.92465,0.99607,0.99828,0.99902,99.23571,0.23,0.11,0.1,0.29,54.56,57.73,58.01,53.54,0.998,0.999,0.998,0.997,/tmpdir/crf_16.mpd,/videos/BigBuckBunny-2160.avi
4264,0.99119,0.66889,0.99816,53.60848,0.99941,0.92715,0.99532,0.99789,0.99877,99.18905,0.22,0.11,0.1,0.28,54.62,57.61,58.08,53.61,0.998,0.999,0.998,0.997,/tmpdir/crf_16.mpd,/videos/BigBuckBunny-2160.avi
4265,0.99356,1.19314,0.99821,53.75496,0.99944,0.92707,0.99638,0.99851,0.99918,99.90311,0.22,0.11,0.1,0.27,54.76,57.79,58.18,53.75,0.998,0.999,0.998,0.997,/tmpdir/crf_16.mpd,/videos/BigBuckBunny-2160.avi
4266,0.98845,1.19314,0.99803,52.73637,0.99941,0.91323,0.99446,0.99761,0.9986,98.88701,0.27,0.12,0.11,0.35,53.84,57.38,57.84,52.74,0.997,0.998,0.998,0.996,/tmpdir/crf_16.mpd,/videos/BigBuckBunny-2160.avi
4267,0.99056,2.02092,0.99818,53.83986,0.99943,0.92968,0.99505,0.99783,0.99875,99.7352,0.21,0.11,0.1,0.27,54.82,57.62,58.14,53.84,0.998,0.998,0.998,0.997,/tmpdir/crf_16.mpd,/videos/BigBuckBunny-2160.avi
4268,0.98861,2.42558,0.99806,53.30769,0.99941,0.92062,0.99389,0.99733,0.99848,99.53256,0.24,0.12,0.1,0.3,54.33,57.34,57.92,53.31,0.997,0.998,0.998,0.997,/tmpdir/crf_16.mpd,/videos/BigBuckBunny-2160.avi
4269,0.99076,4.33744,0.99831,55.2963,0.99944,0.94478,0.99542,0.99783,0.99877,100.0,0.16,0.09,0.09,0.19,56.15,58.46,58.79,55.3,0.998,0.999,0.999,0.998,/tmpdir/crf_16.mpd,/videos/BigBuckBunny-2160.avi
4270,0.99127,5.34326,0.9983,55.21266,0.99944,0.94887,0.99568,0.99793,0.99877,100.0,0.16,0.1,0.09,0.2,56.06,58.33,58.66,55.21,0.998,0.999,0.999,0.998,/tmpdir/crf_16.mpd,/videos/BigBuckBunny-2160.avi
4271,0.99153,6.87953,0.9983,55.25633,0.99942,0.95244,0.9958,0.99792,0.9987,100.0,0.16,0.1,0.09,0.19,56.09,58.25,58.74,55.26,0.998,0.999,0.999,0.998,/tmpdir/crf_16.mpd,/videos/BigBuckBunny-2160.avi
4272,0.99306,6.87953,0.99835,55.65267,0.99944,0.95351,0.99621,0.99813,0.99887,100.0,0.15,0.09,0.08,0.18,56.5,58.74,59.21,55.65,0.998,0.999,0.999,0.998,/tmpdir/crf_16.mpd,/videos/BigBuckBunny-2160.avi
4273,0.99003,5.07867,0.99809,53.85142,0.9994,0.93274,0.99462,0.99731,0.99829,100.0,0.21,0.1,0.09,0.27,54.87,57.98,58.36,53.85,0.997,0.999,0.999,0.997,/tmpdir/crf_16.mpd,/videos/BigBuckBunny-2160.avi
4274,0.99227,5.07867,0.99831,54.55606,0.99948,0.93451,0.99591,0.99814,0.99894,100.0,0.18,0.09,0.09,0.23,55.53,58.38,58.73,54.56,0.998,0.999,0.999,0.997,/tmpdir/crf_16.mpd,/videos/BigBuckBunny-2160.avi
4275,0.99054,2.5982,0.99779,51.9422,0.99939,0.88641,0.99202,0.99664,0.99802,99.81823,0.32,0.12,0.11,0.42,53.14,57.33,57.66,51.94,0.996,0.998,0.998,0.995,/tmpdir/crf_16.mpd,/videos/BigBuckBunny-2160.avi
4276,0.99154,1.93175,0.99785,51.78752,0.99943,0.88823,0.995,0.99802,0.99891,99.75591,0.33,0.12,0.11,0.43,53.0,57.33,57.68,51.79,0.996,0.998,0.998,0.995,/tmpdir/crf_16.mpd,/videos/BigBuckBunny-2160.avi
4277,0.99007,0.76692,0.9979,51.78161,0.99942,0.88361,0.99433,0.99763,0.9986,98.87914,0.33,0.12,0.11,0.43,53.0,57.32,57.67,51.78,0.996,0.998,0.998,0.995,/tmpdir/crf_16.mpd,/videos/BigBuckBunny-2160.avi
4278,0.99319,0.76692,0.99833,53.5013,0.99952,0.91199,0.99721,0.99892,0.99942,99.61156,0.23,0.11,0.1,0.29,54.53,57.78,57.97,53.5,0.997,0.998,0.998,0.996,/tmpdir/crf_16.mpd,/videos/BigBuckBunny-2160.avi
4279,0.98986,0.48867,0.998,52.21697,0.99943,0.89052,0.99496,0.99789,0.99879,98.75163,0.3,0.12,0.11,0.39,53.38,57.32,57.69,52.22,0.996,0.998,0.998,0.996,/tmpdir/crf_16.mpd,/videos/BigBuckBunny-2160.avi
4280,0.99048,0.38132,0.99801,52.21772,0.99944,0.89125,0.99513,0.99795,0.99879,98.81409,0.3,0.12,0.11,0.39,53.39,57.46,57.75,52.22,0.996,0.998,0.998,0.996,/tmpdir/crf_16.mpd,/videos/BigBuckBunny-2160.avi
4281,0.9902,0.22243,0.99799,52.14368,0.99943,0.89041,0.99528,0.99806,0.99888,98.69735,0.3,0.12,0.11,0.4,53.32,57.37,57.66,52.14,0.996,0.998,0.998,0.995,/tmpdir/crf_16.mpd,/videos/BigBuckBunny-2160.avi
4282,0.98963,0.22243,0.99808,52.06692,0.99949,0.88513,0.99634,0.99859,0.99926,98.61936,0.31,0.12,0.11,0.4,53.25,57.48,57.62,52.07,0.996,0.998,0.998,0.995,/tmpdir/crf_16.mpd,/videos/BigBuckBunny-2160.avi
4283,0.98926,0.29805,0.99793,51.8398,0.99942,0.88435,0.99498,0.99795,0.99882,98.53946,0.32,0.12,0.11,0.43,53.04,57.29,57.58,51.84,0.996,0.998,0.998,0.995,/tmpdir/crf_16.mpd,/videos/BigBuckBunny-2160.avi
4284,0.99083,0.45272,0.99797,52.00331,0.99944,0.88885,0.99496,0.99793,0.9988,98.90172,0.31,0.12,0.11,0.41,53.19,57.39,57.62,52.0,0.996,0.998,0.998,0.995,/tmpdir/crf_16.mpd,/videos/BigBuckBunny-2160.avi
4285,0.9906,1.37287,0.99788,51.84276,0.9994,0.88577,0.99409,0.99754,0.99858,99.26981,0.32,0.12,0.12,0.43,53.03,57.21,57.5,51.84,0.996,0.998,0.998,0.995,/tmpdir/crf_16.mpd,/videos/BigBuckBunny-2160.avi
4286,0.99288,1.37287,0.998,52.21426,0.99946,0.89358,0.99548,0.99819,0.99901,99.74253,0.3,0.12,0.11,0.39,53.38,57.4,57.65,52.21,0.996,0.998,0.998,0.995,/tmpdir/crf_16.mpd,/videos/BigBuckBunny-2160.avi
4287,0.98891,1.63096,0.99777,51.57685,0.99939,0.87756,0.99312,0.9972,0.99838,99.05153,0.34,0.13,0.12,0.45,52.76,56.89,57.26,51.58,0.996,0.998,0.998,0.995,/tmpdir/crf_16.mpd,/videos/BigBuckBunny-2160.avi
4288,0.99101,1.63096,0.99788,51.81879,0.99944,0.88195,0.99411,0.99765,0.99865,99.46701,0.33,0.13,0.12,0.43,53.0,57.03,57.42,51.82,0.996,0.998,0.998,0.995,/tmpdir/crf_16.mpd,/videos/BigBuckBunny-2160.avi
4289,0.98949,1.64079,0.99774,51.47731,0.99938,0.87772,0.9929,0.99699,0.99822,99.14334,0.35,0.13,0.12,0.46,52.68,56.85,57.37,51.48,0.996,0.998,0.998,0.995,/tmpdir/crf_16.mpd,/videos/BigBuckBunny-2160.avi
4290,0.99308,1.64079,0.99813,52.56401,0.99949,0.89749,0.99594,0.99836,0.99907,99.92945,0.28,0.12,0.11,0.36,53.68,57.39,57.66,52.56,0.997,0.998,0.998,0.996,/tmpdir/crf_16.mpd,/videos/BigBuckBunny-2160.avi
4291,0.98802,0.93764,0.99774,51.31521,0.99938,0.87315,0.99347,0.9973,0.99838,98.54452,0.36,0.13,0.12,0.48,52.54,56.99,57.32,51.32,0.996,0.998,0.998,0.995,/tmpdir/crf_16.mpd,/videos/BigBuckBunny-2160.avi
4292,0.99063,0.93764,0.99784,51.52181,0.99943,0.87667,0.99449,0.99781,0.99873,99.05509,0.35,0.13,0.12,0.46,52.74,57.1,57.41,51.52,0.996,0.998,0.998,0.995,/tmpdir/crf_16.mpd,/videos/BigBuckBunny-2160.avi
4293,0.98943,0.67158,0.99781,51.44848,0.99941,0.87651,0.99423,0.99766,0.99861,98.70149,0.35,0.13,0.12,0.47,52.67,57.06,57.38,51.45,0.996,0.998,0.998,0.995,/tmpdir/crf_16.mpd,/videos/BigBuckBunny-2160.avi
4294,0.99224,0.67158,0.99803,52.01855,0.99949,0.88652,0.99622,0.99856,0.99923,99.29433,0.31,0.12,0.12,0.41,53.19,57.25,57.52,52.02,0.996,0.998,0.998,0.995,/tmpdir/crf_16.mpd,/videos/BigBuckBunny-2160.avi
4295,0.98886,0.83889,0.99781,51.41435,0.99943,0.87454,0.99449,0.99777,0.99871,98.68524,0.35,0.13,0.12,0.47,52.63,57.02,57.34,51.41,0.996,0.998,0.998,0.995,/tmpdir/crf_16.mpd,/videos/BigBuckBunny-2160.avi
4296,0.98833,0.83889,0.99776,51.25648,0.99941,0.87153,0.99415,0.99763,0.99859,98.57091,0.37,0.13,0.12,0.49,52.49,56.99,57.3,51.26,0.996,0.998,0.998,0.994,/tmpdir/crf_16.mpd,/videos/BigBuckBunny-2160.avi
4297,0.99094,2.07338,0.99777,51.05145,0.99944,0.86912,0.99465,0.99793,0.99886,99.66452,0.38,0.13,0.13,0.51,52.29,56.91,57.12,51.05,0.995,0.998,0.998,0.994,/tmpdir/crf_16.mpd,/videos/BigBuckBunny-2160.avi
4298,0.99149,2.74086,0.99769,51.10517,0.9994,0.87697,0.9936,0.99738,0.99847,100.0,0.38,0.13,0.12,0.5,52.35,56.96,57.28,51.11,0.996,0.998,0.998,0.994,/tmpdir/crf_16.mpd,/videos/BigBuckBunny-2160.avi
4299,0.98943,4.12249,0.9979,52.34702,0.99945,0.89776,0.99301,0.997,0.99832,100.0,0.29,0.13,0.11,0.38,53.47,57.1,57.58,52.35,0.996,0.998,0.998,0.995,/tmpdir/crf_16.mpd,/videos/BigBuckBunny-2160.avi
4300,0.98952,4.12249,0.99807,52.85473,0.99948,0.9028,0.99392,0.99735,0.99851,100.0,0.26,0.12,0.11,0.34,53.95,57.42,57.85,52.85,0.997,0.998,0.998,0.996,/tmpdir/crf_16.mpd,/videos/BigBuckBunny-2160.avi
4301,0.98995,4.82293,0.99789,52.13252,0.99944,0.89596,0.9933,0.99706,0.99831,100.0,0.31,0.13,0.11,0.4,53.27,56.96,57.53,52.13,0.996,0.998,0.998,0.995,/tmpdir/crf_16.mpd,/videos/BigBuckBunny-2160.avi
4302,0.99157,2.43743,0.99811,52.67475,0.99949,0.89765,0.99578,0.99836,0.99912,100.0,0.27,0.12,0.11,0.35,53.78,57.45,57.68,52.67,0.997,0.998,0.998,0.996,/tmpdir/crf_16.mpd,/videos/BigBuckBunny-2160.avi
4303,0.98728,2.37828,0.99775,51.15006,0.99944,0.86844,0.99422,0.99781,0.99878,99.163,0.37,0.13,0.12,0.5,52.4,57.0,57.3,51.15,0.996,0.998,0.998,0.994,/tmpdir/crf_16.mpd,/videos/BigBuckBunny-2160.avi
4304,0.98816,2.37828,0.99775,51.35774,0.99942,0.87552,0.99391,0.99757,0.99864,99.32042,0.36,0.13,0.12,0.48,52.58,56.97,57.24,51.36,0.996,0.998,0.998,0.994,/tmpdir/crf_16.mpd,/videos/BigBuckBunny-2160.avi
4305,0.99113,2.68854,0.99807,52.34007,0.99949,0.89361,0.99583,0.99841,0.99915,100.0,0.29,0.12,0.11,0.38,53.48,57.35,57.64,52.34,0.996,0.998,0.998,0.995,/tmpdir/crf_16.mpd,/videos/BigBuckBunny-2160.avi
4306,0.99094,2.54202,0.99796,51.87619,0.99947,0.88272,0.99553,0.99831,0.99909,99.96522,0.32,0.12,0.12,0.42,53.06,57.17,57.51,51.88,0.996,0.998,0.998,0.995,/tmpdir/crf_16.mpd,/videos/BigBuckBunny-2160.avi
4307,0.99168,1.48358,0.99793,51.77929,0.99946,0.88104,0.99574,0.99834,0.99907,99.55761,0.33,0.12,0.11,0.43,52.98,57.21,57.53,51.78,0.996,0.998,0.998,0.995,/tmpdir/crf_16.mpd,/videos/BigBuckBunny-2160.avi
4308,0.98866,0.78532,0.99775,51.39626,0.99939,0.87507,0.99444,0.99776,0.9987,98.62337,0.36,0.13,0.12,0.47,52.63,57.1,57.41,51.4,0.996,0.998,0.998,0.994,/tmpdir/crf_16.mpd,/videos/BigBuckBunny-2160.avi
4309,0.98854,0.56376,0.99781,51.23978,0.99944,0.86964,0.99485,0.99797,0.99883,98.49665,0.37,0.13,0.12,0.49,52.49,57.14,57.46,51.24,0.996,0.998,0.998,0.994,/tmpdir/crf_16.mpd,/videos/BigBuckBunny-2160.avi
4310,0.989,0.56376,0.99772,51.2092,0.99938,0.87198,0.99448,0.9978,0.99877,98.57514,0.37,0.13,0.12,0.49,52.46,57.09,57.44,51.21,0.996,0.998,0.998,0.994,/tmpdir/crf_16.mpd,/videos/BigBuckBunny-2160.avi
4311,0.9899,2.22676,0.99788,51.28066,0.99947,0.87158,0.99512,0.9981,0.999,99.5783,0.37,0.13,0.12,0.48,52.5,56.98,57.17,51.28,0.996,0.998,0.998,0.994,/tmpdir/crf_16.mpd,/videos/BigBuckBunny-2160.avi
4312,0.98732,2.57841,0.99767,50.50169,0.99942,0.85202,0.99425,0.99773,0.9987,99.23134,0.43,0.13,0.13,0.58,51.81,56.94,57.14,50.5,0.995,0.998,0.998,0.993,/tmpdir/crf_16.mpd,/videos/BigBuckBunny-2160.avi
4313,0.99199,2.57841,0.99799,52.66972,0.99945,0.9089,0.99442,0.99748,0.99854,100.0,0.27,0.11,0.1,0.35,53.82,57.65,58.15,52.67,0.997,0.998,0.999,0.996,/tmpdir/crf_16.mpd,/videos/BigBuckBunny-2160.avi
4314,0.9912,7.17307,0.99818,53.56586,0.99948,0.91752,0.99476,0.99756,0.99856,100.0,0.23,0.11,0.1,0.29,54.6,57.59,58.29,53.57,0.997,0.998,0.999,0.996,/tmpdir/crf_16.mpd,/videos/BigBuckBunny-2160.avi
4315,0.99121,6.40272,0.99805,52.919,0.99947,0.9028,0.99382,0.99733,0.99849,100.0,0.26,0.13,0.11,0.33,53.98,57.12,57.81,52.92,0.997,0.998,0.998,0.996,/tmpdir/crf_16.mpd,/videos/BigBuckBunny-2160.avi
4316,0.99008,6.35196,0.99806,52.97031,0.99946,0.90762,0.99436,0.99757,0.9986,100.0,0.26,0.13,0.11,0.33,54.01,57.07,57.79,52.97,0.997,0.998,0.998,0.996,/tmpdir/crf_16.mpd,/videos/BigBuckBunny-2160.avi
4317,0.99056,2.5381,0.9981,52.47622,0.99948,0.8953,0.99523,0.99809,0.99897,99.91595,0.29,0.13,0.12,0.37,53.55,56.9,57.34,52.48,0.997,0.998,0.998,0.996,/tmpdir/crf_16.mpd,/videos/BigBuckBunny-2160.avi
4318,0.98683,2.5381,0.99775,51.48695,0.9994,0.87923,0.99345,0.9973,0.99846,99.15745,0.35,0.14,0.12,0.46,52.69,56.75,57.43,51.49,0.996,0.998,0.998,0.995,/tmpdir/crf_16.mpd,/videos/BigBuckBunny-2160.avi
4319,0.9893,2.90977,0.99793,52.04252,0.99945,0.89247,0.99452,0.9978,0.9988,99.8583,0.31,0.14,0.12,0.41,53.16,56.74,57.29,52.04,0.996,0.998,0.998,0.995,/tmpdir/crf_16.mpd,/videos/BigBuckBunny-2160.avi
4320,0.98876,3.58107,0.99784,51.73273,0.99945,0.89037,0.99372,0.99745,0.99862,100.0,0.33,0.14,0.12,0.44,52.88,56.68,57.21,51.73,0.996,0.998,0.998,0.995,/tmpdir/crf_16.mpd,/videos/BigBuckBunny-2160.avi
4321,0.99144,3.73377,0.99834,54.30304,0.9995,0.92851,0.99623,0.99828,0.99901,100.0,0.2,0.13,0.11,0.24,55.11,57.04,57.8,54.3,0.997,0.998,0.998,0.997,/tmpdir/crf_16.mpd,/videos/BigBuckBunny-2160.avi
4322,0.98983,6.03205,0.99817,53.80313,0.99948,0.92252,0.99455,0.99741,0.99842,100.0,0.22,0.13,0.11,0.27,54.71,57.08,57.74,53.8,0.997,0.998,0.998,0.996,/tmpdir/crf_16.mpd,/videos/BigBuckBunny-2160.avi
4323,0.9874,6.03205,0.99806,53.21478,0.99947,0.9087,0.99387,0.99723,0.99839,100.0,0.25,0.14,0.11,0.31,54.18,56.79,57.57,53.21,0.997,0.998,0.998,0.996,/tmpdir/crf_16.mpd,/videos/BigBuckBunny-2160.avi
4324,0.98857,7.8121,0.99791,52.5679,0.99945,0.89394,0.99382,0.9973,0.99845,100.0,0.28,0.14,0.12,0.36,53.6,56.57,57.36,52.57,0.996,0.998,0.998,0.995,/tmpdir/crf_16.mpd,/videos/BigBuckBunny-2160.avi
4325,0.98942,5.2194,0.99803,52.26799,0.9995,0.88776,0.99421,0.99764,0.99871,100.0,0.3,0.15,0.12,0.39,53.33,56.48,57.2,52.27,0.996,0.998,0.998,0.995,/tmpdir/crf_16.mpd,/videos/BigBuckBunny-2160.avi
4326,0.98887,4.80924,0.9977,51.13123,0.99945,0.86635,0.99287,0.99725,0.99853,100.0,0.38,0.15,0.13,0.5,52.32,56.27,56.94,51.13,0.995,0.998,0.998,0.994,/tmpdir/crf_16.mpd,/videos/BigBuckBunny-2160.avi
4327,0.98978,4.80924,0.99792,52.43337,0.99945,0.90051,0.99309,0.99694,0.99822,100.0,0.29,0.14,0.12,0.37,53.48,56.61,57.21,52.43,0.996,0.998,0.998,0.995,/tmpdir/crf_16.mpd,/videos/BigBuckBunny-2160.avi
4328,0.99114,7.10562,0.99814,53.35697,0.99948,0.91609,0.99449,0.99749,0.9985,100.0,0.24,0.13,0.12,0.3,54.29,56.84,57.42,53.36,0.997,0.998,0.998,0.996,/tmpdir/crf_16.mpd,/videos/BigBuckBunny-2160.avi
4329,0.99014,7.10562,0.99794,52.25634,0.99946,0.88821,0.99352,0.99726,0.99847,100.0,0.31,0.15,0.13,0.39,53.29,56.25,57.02,52.26,0.996,0.998,0.998,0.995,/tmpdir/crf_16.mpd,/videos/BigBuckBunny-2160.avi
4330,0.99023,7.91082,0.99795,52.14606,0.99949,0.88856,0.99376,0.99734,0.99849,100.0,0.31,0.15,0.13,0.4,53.19,56.24,56.97,52.15,0.996,0.998,0.998,0.995,/tmpdir/crf_16.mpd,/videos/BigBuckBunny-2160.avi
4331,0.99017,4.35977,0.99794,51.77459,0.99949,0.87863,0.99423,0.99764,0.9987,100.0,0.34,0.16,0.14,0.43,52.85,56.09,56.8,51.77,0.996,0.998,0.998,0.995,/tmpdir/crf_16.mpd,/videos/BigBuckBunny-2160.avi
4332,0.98735,3.39058,0.99774,51.18996,0.99945,0.86997,0.99378,0.99752,0.99864,99.69823,0.38,0.16,0.14,0.49,52.33,56.02,56.66,51.19,0.995,0.998,0.998,0.994,/tmpdir/crf_16.mpd,/videos/BigBuckBunny-2160.avi
4333,0.98739,3.39058,0.99771,51.26072,0.99944,0.87248,0.99309,0.99722,0.99846,99.69143,0.37,0.16,0.14,0.49,52.4,56.02,56.71,51.26,0.995,0.998,0.998,0.994,/tmpdir/crf_16.mpd,/videos/BigBuckBunny-2160.avi
4334,0.99454,2.60099,0.9992,51.13948,0.99991,0.92144,0.99651,0.99847,0.99919,100.0,0.43,0.29,0.28,0.5,51.8,53.45,53.64,51.14,0.996,0.996,0.996,0.996,/tmpdir/crf_16.mpd,/videos/BigBuckBunny-2160.avi
4335,0.99186,2.60099,0.99892,49.96588,0.99986,0.90753,0.99386,0.99709,0.99829,100.0,0.55,0.34,0.32,0.66,50.75,52.82,53.03,49.97,0.995,0.996,0.996,0.995,/tmpdir/crf_16.mpd,/videos/BigBuckBunny-2160.avi
4336,0.9916,3.91533,0.99889,50.01189,0.99986,0.90661,0.99337,0.99684,0.99818,100.0,0.55,0.35,0.33,0.65,50.77,52.69,52.99,50.01,0.995,0.996,0.996,0.995,/tmpdir/crf_16.mpd,/videos/BigBuckBunny-2160.avi
4337,0.99189,4.81082,0.99885,49.98449,0.99986,0.90487,0.99358,0.99697,0.99826,100.0,0.54,0.33,0.31,0.65,50.79,52.92,53.22,49.98,0.995,0.996,0.996,0.995,/tmpdir/crf_16.mpd,/videos/BigBuckBunny-2160.avi
4338,0.98963,6.31661,0.99864,49.26774,0.99983,0.89262,0.99231,0.99638,0.99787,100.0,0.63,0.35,0.33,0.77,50.16,52.69,52.91,49.27,0.994,0.996,0.996,0.994,/tmpdir/crf_16.mpd,/videos/BigBuckBunny-2160.avi
4339,0.98821,5.66919,0.99853,48.94589,0.9998,0.88559,0.99164,0.99616,0.99783,100.0,0.68,0.37,0.36,0.83,49.84,52.43,52.52,48.95,0.994,0.995,0.995,0.993,/tmpdir/crf_16.mpd,/videos/BigBuckBunny-2160.avi
4340,0.98978,5.66919,0.99869,49.43838,0.99984,0.8932,0.99322,0.997,0.99838,100.0,0.61,0.34,0.34,0.74,50.3,52.77,52.85,49.44,0.994,0.996,0.996,0.994,/tmpdir/crf_16.mpd,/videos/BigBuckBunny-2160.avi
4341,0.98721,4.07417,0.99851,48.92891,0.9998,0.88594,0.99174,0.99625,0.9979,100.0,0.67,0.37,0.35,0.83,49.84,52.49,52.63,48.93,0.994,0.996,0.995,0.993,/tmpdir/crf_16.mpd,/videos/BigBuckBunny-2160.avi
4342,0.98798,4.07417,0.99861,49.25485,0.99981,0.89035,0.99212,0.99631,0.99787,100.0,0.63,0.36,0.35,0.77,50.12,52.55,52.74,49.25,0.994,0.996,0.995,0.994,/tmpdir/crf_16.mpd,/videos/BigBuckBunny-2160.avi
4343,0.98754,4.35894,0.99854,48.94504,0.99981,0.88645,0.99127,0.9959,0.99763,100.0,0.67,0.37,0.35,0.83,49.85,52.45,52.64,48.95,0.994,0.995,0.995,0.993,/tmpdir/crf_16.mpd,/videos/BigBuckBunny-2160.avi
4344,0.99034,4.18248,0.99877,49.67539,0.99986,0.89706,0.99345,0.99708,0.99839,100.0,0.58,0.35,0.33,0.7,50.49,52.72,52.9,49.68,0.995,0.996,0.996,0.994,/tmpdir/crf_16.mpd,/videos/BigBuckBunny-2160.avi
4345,0.98773,3.19706,0.99856,48.78903,0.99982,0.88559,0.99144,0.99595,0.99763,99.58804,0.7,0.38,0.37,0.86,49.69,52.3,52.4,48.79,0.994,0.995,0.995,0.993,/tmpdir/crf_16.mpd,/videos/BigBuckBunny-2160.avi
4346,0.98885,3.19706,0.99864,48.85221,0.99983,0.8864,0.99223,0.99632,0.99785,99.81253,0.69,0.38,0.37,0.85,49.74,52.32,52.46,48.85,0.994,0.995,0.995,0.994,/tmpdir/crf_16.mpd,/videos/BigBuckBunny-2160.avi
4347,0.98817,3.61447,0.99858,48.59954,0.99984,0.883,0.99189,0.99628,0.99788,99.90993,0.73,0.4,0.39,0.9,49.5,52.14,52.2,48.6,0.994,0.995,0.995,0.993,/tmpdir/crf_16.mpd,/videos/BigBuckBunny-2160.avi
4348,0.99061,3.82052,0.99875,49.42874,0.99987,0.8936,0.99319,0.99693,0.99829,100.0,0.61,0.36,0.36,0.74,50.25,52.52,52.61,49.43,0.994,0.995,0.995,0.994,/tmpdir/crf_16.mpd,/videos/BigBuckBunny-2160.avi
4349,0.98867,5.4832,0.99864,49.03354,0.99984,0.88815,0.992,0.99625,0.99784,100.0,0.66,0.38,0.36,0.81,49.91,52.38,52.56,49.03,0.994,0.995,0.995,0.994,/tmpdir/crf_16.mpd,/videos/BigBuckBunny-2160.avi
4350,0.98972,6.21371,0.99865,49.18384,0.99984,0.88909,0.99234,0.9964,0.9979,100.0,0.65,0.37,0.36,0.78,50.03,52.43,52.55,49.18,0.994,0.995,0.995,0.994,/tmpdir/crf_16.mpd,/videos/BigBuckBunny-2160.avi
4351,0.98815,3.84667,0.9985,48.81831,0.9998,0.88355,0.99155,0.99608,0.99775,100.0,0.7,0.39,0.38,0.85,49.7,52.26,52.36,48.82,0.994,0.995,0.995,0.993,/tmpdir/crf_16.mpd,/videos/BigBuckBunny-2160.avi
4352,0.99013,3.84667,0.99869,49.51041,0.99984,0.89319,0.99324,0.99697,0.99833,100.0,0.6,0.36,0.35,0.73,50.33,52.61,52.69,49.51,0.994,0.996,0.995,0.994,/tmpdir/crf_16.mpd,/videos/BigBuckBunny-2160.avi
4353,0.98646,3.98417,0.99848,48.84837,0.9998,0.88418,0.99148,0.99604,0.99771,99.79549,0.69,0.38,0.36,0.85,49.75,52.38,52.51,48.85,0.994,0.995,0.995,0.993,/tmpdir/crf_16.mpd,/videos/BigBuckBunny-2160.avi
4354,0.98862,3.98417,0.99859,49.18348,0.99982,0.88911,0.99218,0.99638,0.9979,100.0,0.64,0.37,0.36,0.78,50.04,52.45,52.62,49.18,0.994,0.995,0.995,0.994,/tmpdir/crf_16.mpd,/videos/BigBuckBunny-2160.avi
4355,0.9875,4.15834,0.9985,48.75631,0.99982,0.88339,0.99116,0.99587,0.99761,100.0,0.7,0.38,0.37,0.87,49.67,52.36,52.51,48.76,0.994,0.995,0.995,0.993,/tmpdir/crf_16.mpd,/videos/BigBuckBunny-2160.avi
4356,0.99037,4.15834,0.99875,49.56144,0.99986,0.89515,0.99318,0.9969,0.99827,100.0,0.6,0.36,0.35,0.72,50.37,52.59,52.73,49.56,0.994,0.996,0.995,0.994,/tmpdir/crf_16.mpd,/videos/BigBuckBunny-2160.avi
4357,0.98704,3.20689,0.99848,48.46848,0.9998,0.88087,0.99099,0.99576,0.99755,99.44986,0.75,0.39,0.38,0.93,49.4,52.18,52.29,48.47,0.994,0.995,0.995,0.993,/tmpdir/crf_16.mpd,/videos/BigBuckBunny-2160.avi
4358,0.98899,3.20689,0.9986,48.72603,0.99982,0.88386,0.99218,0.99637,0.99789,99.84078,0.71,0.39,0.38,0.87,49.63,52.27,52.39,48.73,0.994,0.995,0.995,0.993,/tmpdir/crf_16.mpd,/videos/BigBuckBunny-2160.avi
4359,0.98761,3.29492,0.99852,48.3718,0.99983,0.87891,0.99159,0.99616,0.99781,99.62103,0.76,0.4,0.39,0.95,49.3,52.09,52.18,48.37,0.994,0.995,0.995,0.993,/tmpdir/crf_16.mpd,/videos/BigBuckBunny-2160.avi
4360,0.99076,3.63474,0.99876,49.52236,0.99986,0.89489,0.99317,0.99691,0.99827,100.0,0.61,0.37,0.36,0.73,50.31,52.45,52.55,49.52,0.994,0.995,0.995,0.994,/tmpdir/crf_16.mpd,/videos/BigBuckBunny-2160.avi
4361,0.99047,5.65599,0.99877,49.68827,0.99986,0.89655,0.99334,0.99694,0.99824,100.0,0.58,0.36,0.34,0.7,50.48,52.62,52.82,49.69,0.995,0.996,0.995,0.994,/tmpdir/crf_16.mpd,/videos/BigBuckBunny-2160.avi
4362,0.98758,7.50982,0.99858,48.98271,0.99982,0.88583,0.99187,0.99624,0.99784,100.0,0.67,0.38,0.36,0.82,49.86,52.38,52.51,48.98,0.994,0.995,0.995,0.993,/tmpdir/crf_16.mpd,/videos/BigBuckBunny-2160.avi
4363,0.99051,6.23999,0.99873,49.56171,0.99985,0.8928,0.99345,0.99709,0.9984,100.0,0.6,0.36,0.36,0.72,50.36,52.54,52.63,49.56,0.994,0.995,0.995,0.994,/tmpdir/crf_16.mpd,/videos/BigBuckBunny-2160.avi
4364,0.99011,4.93203,0.99872,49.33037,0.99986,0.89083,0.99341,0.9971,0.99843,100.0,0.63,0.37,0.36,0.76,50.15,52.46,52.53,49.33,0.994,0.995,0.995,0.994,/tmpdir/crf_16.mpd,/videos/BigBuckBunny-2160.avi
4365,0.98814,3.23679,0.99861,48.98313,0.99983,0.8863,0.99254,0.99654,0.99798,99.72332,0.67,0.36,0.35,0.82,49.89,52.51,52.65,48.98,0.994,0.995,0.995,0.993,/tmpdir/crf_16.mpd,/videos/BigBuckBunny-2160.avi
4366,0.98729,3.23679,0.99857,48.83492,0.99982,0.8848,0.99185,0.99618,0.99781,99.547,0.69,0.38,0.36,0.85,49.75,52.38,52.57,48.83,0.994,0.995,0.995,0.993,/tmpdir/crf_16.mpd,/videos/BigBuckBunny-2160.avi
4367,0.99029,3.68508,0.99873,49.53273,0.99986,0.8934,0.99302,0.99678,0.99816,100.0,0.6,0.36,0.34,0.72,50.35,52.6,52.76,49.53,0.994,0.995,0.995,0.994,/tmpdir/crf_16.mpd,/videos/BigBuckBunny-2160.avi
4368,0.98751,3.49884,0.99858,48.70859,0.99983,0.88336,0.99156,0.99602,0.99767,99.71124,0.71,0.38,0.37,0.88,49.62,52.28,52.42,48.71,0.994,0.995,0.995,0.993,/tmpdir/crf_16.mpd,/videos/BigBuckBunny-2160.avi
4369,0.98792,2.7484,0.9986,48.7957,0.99982,0.88444,0.99186,0.99616,0.99774,99.39366,0.7,0.38,0.37,0.86,49.69,52.28,52.39,48.8,0.994,0.995,0.995,0.993,/tmpdir/crf_16.mpd,/videos/BigBuckBunny-2160.avi
4370,0.98617,2.7484,0.99846,48.06029,0.9998,0.87405,0.99098,0.99577,0.99751,99.03392,0.81,0.41,0.4,1.02,49.03,52.01,52.06,48.06,0.993,0.995,0.995,0.993,/tmpdir/crf_16.mpd,/videos/BigBuckBunny-2160.avi
4371,0.98849,3.11449,0.99854,48.54325,0.99983,0.87977,0.99168,0.99619,0.99785,99.68667,0.74,0.39,0.39,0.91,49.46,52.19,52.23,48.54,0.994,0.995,0.995,0.993,/tmpdir/crf_16.mpd,/videos/BigBuckBunny-2160.avi
4372,0.98774,3.1778,0.99846,48.2811,0.99982,0.87707,0.99083,0.99573,0.99751,99.54594,0.77,0.39,0.38,0.97,49.24,52.17,52.28,48.28,0.994,0.995,0.995,0.993,/tmpdir/crf_16.mpd,/videos/BigBuckBunny-2160.avi
4373,0.99638,0.16214,0.99872,54.46606,0.99944,0.94902,0.99834,0.99927,0.99959,100.0,0.19,0.13,0.11,0.23,55.24,57.15,57.66,54.47,0.998,0.998,0.998,0.998,/tmpdir/crf_16.mpd,/videos/BigBuckBunny-2160.avi
4374,0.9945,0.16214,0.99851,53.38283,0.99939,0.93902,0.99742,0.99883,0.99931,99.65148,0.24,0.13,0.11,0.3,54.33,56.93,57.54,53.38,0.997,0.998,0.998,0.997,/tmpdir/crf_16.mpd,/videos/BigBuckBunny-2160.avi
4375,0.99497,0.49052,0.99845,53.13131,0.99938,0.93613,0.99704,0.99867,0.99923,99.86279,0.25,0.14,0.12,0.32,54.09,56.71,57.41,53.13,0.997,0.998,0.998,0.997,/tmpdir/crf_16.mpd,/videos/BigBuckBunny-2160.avi
4376,0.9942,0.49052,0.99837,52.82286,0.99935,0.9327,0.99655,0.99841,0.99904,99.69336,0.27,0.15,0.12,0.34,53.8,56.47,57.28,52.82,0.997,0.998,0.998,0.997,/tmpdir/crf_16.mpd,/videos/BigBuckBunny-2160.avi
4377,0.99431,1.13591,0.99833,52.51194,0.99937,0.92912,0.99682,0.99861,0.99921,100.0,0.29,0.15,0.13,0.36,53.52,56.39,57.11,52.51,0.997,0.998,0.998,0.996,/tmpdir/crf_16.mpd,/videos/BigBuckBunny-2160.avi
4378,0.99413,1.25503,0.99824,52.19655,0.99936,0.92576,0.99644,0.99844,0.99909,100.0,0.31,0.15,0.13,0.39,53.24,56.32,57.02,52.2,0.997,0.998,0.998,0.996,/tmpdir/crf_16.mpd,/videos/BigBuckBunny-2160.avi
4379,0.99453,1.46154,0.99831,52.69678,0.99938,0.93619,0.9959,0.99807,0.99885,100.0,0.28,0.15,0.13,0.35,53.66,56.24,57.04,52.7,0.997,0.998,0.998,0.996,/tmpdir/crf_16.mpd,/videos/BigBuckBunny-2160.avi
4380,0.99459,2.90591,0.99848,53.23639,0.99942,0.93952,0.99632,0.99829,0.99897,100.0,0.25,0.15,0.13,0.31,54.1,56.27,57.04,53.24,0.997,0.998,0.998,0.997,/tmpdir/crf_16.mpd,/videos/BigBuckBunny-2160.avi
4381,0.99353,1.90255,0.9982,52.00101,0.99937,0.92034,0.9956,0.99806,0.99889,100.0,0.33,0.17,0.14,0.41,53.01,55.81,56.67,52.0,0.996,0.998,0.998,0.996,/tmpdir/crf_16.mpd,/videos/BigBuckBunny-2160.avi
4382,0.99329,1.90255,0.99815,51.94016,0.99934,0.91993,0.99523,0.9979,0.9988,100.0,0.33,0.18,0.14,0.42,52.94,55.69,56.63,51.94,0.996,0.998,0.998,0.996,/tmpdir/crf_16.mpd,/videos/BigBuckBunny-2160.avi
4383,0.99401,1.87098,0.99837,52.62656,0.99939,0.92734,0.99648,0.99847,0.99916,100.0,0.28,0.16,0.13,0.36,53.58,56.18,56.91,52.63,0.997,0.998,0.998,0.996,/tmpdir/crf_16.mpd,/videos/BigBuckBunny-2160.avi
4384,0.99252,1.87098,0.99814,51.90611,0.99934,0.91947,0.9955,0.99803,0.99886,99.98887,0.33,0.17,0.14,0.42,52.94,55.9,56.66,51.91,0.996,0.998,0.998,0.996,/tmpdir/crf_16.mpd,/videos/BigBuckBunny-2160.avi
4385,0.99386,1.43144,0.99826,52.16342,0.99937,0.92277,0.99604,0.99826,0.99898,100.0,0.31,0.16,0.14,0.4,53.17,56.0,56.74,52.16,0.997,0.998,0.998,0.996,/tmpdir/crf_16.mpd,/videos/BigBuckBunny-2160.avi
4386,0.99234,1.33315,0.99815,51.96995,0.99934,0.9213,0.99558,0.99802,0.99883,99.69608,0.33,0.16,0.14,0.41,53.01,56.03,56.81,51.97,0.996,0.998,0.998,0.996,/tmpdir/crf_16.mpd,/videos/BigBuckBunny-2160.avi
4387,0.99457,0.79658,0.9984,52.72824,0.9994,0.92989,0.99688,0.99863,0.99923,99.91164,0.28,0.15,0.13,0.35,53.69,56.34,57.03,52.73,0.997,0.998,0.998,0.996,/tmpdir/crf_16.mpd,/videos/BigBuckBunny-2160.avi
4388,0.99325,0.79658,0.99823,52.21299,0.99935,0.92496,0.99594,0.99817,0.9989,99.62391,0.31,0.16,0.13,0.39,53.24,56.16,56.92,52.21,0.997,0.998,0.998,0.996,/tmpdir/crf_16.mpd,/videos/BigBuckBunny-2160.avi
4389,0.99316,0.96338,0.99819,52.10631,0.99934,0.92404,0.99587,0.99815,0.99892,99.68448,0.32,0.16,0.13,0.4,53.14,56.13,56.86,52.11,0.997,0.998,0.998,0.996,/tmpdir/crf_16.mpd,/videos/BigBuckBunny-2160.avi
4390,0.99438,1.07857,0.9983,52.3383,0.99939,0.92599,0.9966,0.9985,0.99913,99.98575,0.3,0.16,0.14,0.38,53.33,56.18,56.79,52.34,0.997,0.998,0.998,0.996,/tmpdir/crf_16.mpd,/videos/BigBuckBunny-2160.avi
4391,0.99421,0.89046,0.99825,52.08311,0.99938,0.92225,0.99638,0.99842,0.99909,99.84875,0.32,0.16,0.14,0.4,53.11,56.16,56.76,52.08,0.996,0.998,0.998,0.996,/tmpdir/crf_16.mpd,/videos/BigBuckBunny-2160.avi
4392,0.99499,0.89046,0.99822,52.21225,0.99936,0.92906,0.99574,0.99802,0.9988,99.97963,0.31,0.16,0.14,0.39,53.22,56.11,56.79,52.21,0.997,0.998,0.998,0.996,/tmpdir/crf_16.mpd,/videos/BigBuckBunny-2160.avi
4393,0.99483,2.53615,0.99835,52.68339,0.9994,0.93468,0.99563,0.99799,0.99883,100.0,0.28,0.17,0.14,0.35,53.59,55.9,56.73,52.68,0.997,0.998,0.998,0.996,/tmpdir/crf_16.mpd,/videos/BigBuckBunny-2160.avi
4394,0.99317,2.38917,0.99812,51.82977,0.99935,0.91965,0.99518,0.99781,0.99872,100.0,0.34,0.18,0.14,0.43,52.85,55.7,56.57,51.83,0.996,0.998,0.998,0.995,/tmpdir/crf_16.mpd,/videos/BigBuckBunny-2160.avi
4395,0.99382,1.99704,0.99835,52.57435,0.99939,0.92726,0.99622,0.99831,0.99902,100.0,0.29,0.16,0.13,0.36,53.53,56.13,56.88,52.57,0.997,0.998,0.998,0.996,/tmpdir/crf_16.mpd,/videos/BigBuckBunny-2160.avi
4396,0.99392,1.99704,0.99821,52.14412,0.99936,0.92271,0.99599,0.99824,0.99896,100.0,0.31,0.16,0.14,0.4,53.16,56.03,56.82,52.14,0.996,0.998,0.998,0.996,/tmpdir/crf_16.mpd,/videos/BigBuckBunny-2160.avi
4397,0.99283,2.1201,0.99812,51.84964,0.99934,0.91949,0.99541,0.99798,0.99882,100.0,0.33,0.16,0.14,0.42,52.9,55.96,56.72,51.85,0.996,0.998,0.998,0.995,/tmpdir/crf_16.mpd,/videos/BigBuckBunny-2160.avi
4398,0.99411,1.94935,0.99833,52.47756,0.99939,0.92702,0.99648,0.99846,0.99913,100.0,0.29,0.16,0.13,0.37,53.45,56.14,56.89,52.48,0.997,0.998,0.998,0.996,/tmpdir/crf_16.mpd,/videos/BigBuckBunny-2160.avi
4399,0.99282,0.80918,0.99812,51.82718,0.99933,0.91988,0.99566,0.9981,0.99889,99.53455,0.34,0.17,0.14,0.43,52.87,55.96,56.63,51.83,0.996,0.998,0.998,0.995,/tmpdir/crf_16.mpd,/videos/BigBuckBunny-2160.avi
4400,0.99279,0.80918,0.99825,52.11768,0.99937,0.92288,0.99629,0.99842,0.99913,99.56365,0.32,0.16,0.14,0.4,53.13,56.02,56.7,52.12,0.996,0.998,0.998,0.996,/tmpdir/crf_16.mpd,/videos/BigBuckBunny-2160.avi
4401,0.99257,0.71162,0.99816,51.9887,0.99933,0.92241,0.99576,0.99811,0.99888,99.45236,0.32,0.16,0.14,0.41,53.02,55.99,56.71,51.99,0.996,0.998,0.998,0.996,/tmpdir/crf_16.mpd,/videos/BigBuckBunny-2160.avi
4402,0.9939,0.71162,0.99835,52.54112,0.99939,0.92824,0.9967,0.99855,0.99918,99.74104,0.29,0.16,0.13,0.36,53.51,56.22,56.83,52.54,0.997,0.998,0.998,0.996,/tmpdir/crf_16.mpd,/videos/BigBuckBunny-2160.avi
4403,0.99406,1.45531,0.99826,52.1701,0.99938,0.9238,0.99649,0.99852,0.99917,100.0,0.31,0.16,0.14,0.39,53.18,56.07,56.73,52.17,0.997,0.998,0.998,0.996,/tmpdir/crf_16.mpd,/videos/BigBuckBunny-2160.avi
4404,0.99333,2.23671,0.99818,51.78945,0.99937,0.91877,0.99602,0.99828,0.99905,100.0,0.34,0.17,0.14,0.43,52.83,55.84,56.56,51.79,0.996,0.998,0.998,0.995,/tmpdir/crf_16.mpd,/videos/BigBuckBunny-2160.avi
4405,0.99522,2.86342,0.99839,52.8904,0.9994,0.94008,0.99629,0.99829,0.99904,100.0,0.27,0.16,0.13,0.33,53.8,56.18,56.95,52.89,0.997,0.998,0.998,0.997,/tmpdir/crf_16.mpd,/videos/BigBuckBunny-2160.avi
4406,0.99347,4.60589,0.99828,52.41848,0.99939,0.93085,0.99551,0.99794,0.9988,100.0,0.3,0.17,0.14,0.37,53.35,55.73,56.65,52.42,0.997,0.998,0.998,0.996,/tmpdir/crf_16.mpd,/videos/BigBuckBunny-2160.avi
4407,0.99286,2.67903,0.99809,51.58828,0.99936,0.9154,0.99496,0.9978,0.99875,100.0,0.35,0.18,0.14,0.45,52.63,55.6,56.54,51.59,0.996,0.998,0.998,0.995,/tmpdir/crf_16.mpd,/videos/BigBuckBunny-2160.avi
4408,0.99401,2.67903,0.99834,52.4233,0.99941,0.92509,0.99605,0.99826,0.99901,100.0,0.3,0.16,0.14,0.37,53.38,55.99,56.73,52.42,0.997,0.998,0.998,0.996,/tmpdir/crf_16.mpd,/videos/BigBuckBunny-2160.avi
4409,0.99257,3.13555,0.99812,51.81045,0.99934,0.91991,0.99503,0.99783,0.9988,100.0,0.34,0.18,0.14,0.43,52.83,55.65,56.54,51.81,0.996,0.998,0.998,0.996,/tmpdir/crf_16.mpd,/videos/BigBuckBunny-2160.avi
4410,0.99363,3.13555,0.99828,52.25397,0.99938,0.92458,0.99614,0.99833,0.99907,100.0,0.31,0.16,0.14,0.39,53.24,55.97,56.69,52.25,0.997,0.998,0.998,0.996,/tmpdir/crf_16.mpd,/videos/BigBuckBunny-2160.avi
4411,0.99255,3.11806,0.99813,51.65306,0.99937,0.91759,0.99536,0.9979,0.99872,100.0,0.35,0.17,0.15,0.44,52.7,55.75,56.51,51.65,0.996,0.998,0.998,0.995,/tmpdir/crf_16.mpd,/videos/BigBuckBunny-2160.avi
4412,0.99406,2.15356,0.99833,52.30535,0.99939,0.92456,0.99646,0.99845,0.99913,100.0,0.31,0.17,0.14,0.38,53.27,55.93,56.66,52.31,0.997,0.998,0.998,0.996,/tmpdir/crf_16.mpd,/videos/BigBuckBunny-2160.avi
4413,0.99223,1.55174,0.99811,51.66226,0.99933,0.91652,0.99561,0.99806,0.99883,99.76941,0.35,0.17,0.14,0.44,52.71,55.74,56.54,51.66,0.996,0.998,0.998,0.995,/tmpdir/crf_16.mpd,/videos/BigBuckBunny-2160.avi
4414,0.99381,1.55174,0.99824,52.02271,0.99937,0.92226,0.99638,0.99845,0.99911,100.0,0.32,0.17,0.14,0.41,53.03,55.94,56.59,52.02,0.996,0.998,0.998,0.996,/tmpdir/crf_16.mpd,/videos/BigBuckBunny-2160.avi
4415,0.99377,1.17203,0.99821,51.89503,0.99938,0.9207,0.99633,0.99845,0.99915,99.90364,0.33,0.16,0.14,0.42,52.93,55.97,56.59,51.9,0.996,0.998,0.998,0.996,/tmpdir/crf_16.mpd,/videos/BigBuckBunny-2160.avi
4416,0.99404,1.17203,0.99816,52.00839,0.99935,0.92685,0.99547,0.99793,0.99877,99.93266,0.32,0.17,0.14,0.41,53.02,55.85,56.62,52.01,0.996,0.998,0.998,0.996,/tmpdir/crf_16.mpd,/videos/BigBuckBunny-2160.avi
4417,0.9941,2.77456,0.99826,52.32372,0.99938,0.92853,0.99547,0.99791,0.99876,100.0,0.31,0.17,0.14,0.38,53.27,55.74,56.6,52.32,0.997,0.998,0.998,0.996,/tmpdir/crf_16.mpd,/videos/BigBuckBunny-2160.avi
4418,0.99273,2.43428,0.99809,51.68808,0.99934,0.91663,0.99501,0.99778,0.99871,100.0,0.35,0.18,0.15,0.44,52.7,55.5,56.42,51.69,0.996,0.998,0.998,0.995,/tmpdir/crf_16.mpd,/videos/BigBuckBunny-2160.avi
4419,0.99385,2.18803,0.99831,52.41145,0.99938,0.92583,0.99609,0.99828,0.99902,100.0,0.3,0.17,0.14,0.37,53.36,55.91,56.66,52.41,0.997,0.998,0.998,0.996,/tmpdir/crf_16.mpd,/videos/BigBuckBunny-2160.avi
4420,0.99359,2.18803,0.99821,52.0557,0.99937,0.92299,0.99589,0.99822,0.99901,100.0,0.32,0.17,0.14,0.41,53.06,55.89,56.63,52.06,0.996,0.998,0.998,0.996,/tmpdir/crf_16.mpd,/videos/BigBuckBunny-2160.avi
4421,0.99264,2.02594,0.99811,51.77377,0.99934,0.91856,0.99524,0.99787,0.99875,100.0,0.34,0.18,0.15,0.43,52.79,55.65,56.51,51.77,0.996,0.998,0.998,0.995,/tmpdir/crf_16.mpd,/videos/BigBuckBunny-2160.avi
4422,0.99363,2.02594,0.99827,52.21036,0.99937,0.92331,0.99617,0.99834,0.99907,100.0,0.31,0.17,0.14,0.39,53.18,55.85,56.62,52.21,0.997,0.998,0.998,0.996,/tmpdir/crf_16.mpd,/videos/BigBuckBunny-2160.avi
4423,0.991,2.64322,0.99799,51.22842,0.99932,0.90963,0.995,0.99777,0.99869,100.0,0.38,0.19,0.15,0.49,52.29,55.34,56.24,51.23,0.996,0.998,0.998,0.995,/tmpdir/crf_16.mpd,/videos/BigBuckBunny-2160.avi
4424,0.99358,2.63182,0.99823,52.03313,0.99937,0.92243,0.9958,0.99813,0.9989,100.0,0.33,0.17,0.15,0.41,53.01,55.72,56.39,52.03,0.996,0.998,0.998,0.996,/tmpdir/crf_16.mpd,/videos/BigBuckBunny-2160.avi
4425,0.99412,2.63182,0.99831,52.56974,0.99937,0.93439,0.99597,0.99815,0.99891,100.0,0.29,0.17,0.14,0.36,53.5,55.92,56.73,52.57,0.997,0.998,0.998,0.996,/tmpdir/crf_16.mpd,/videos/BigBuckBunny-2160.avi
4426,0.99334,3.96914,0.99822,52.1175,0.99938,0.92623,0.99532,0.9979,0.99881,100.0,0.32,0.18,0.15,0.4,53.07,55.54,56.46,52.12,0.996,0.998,0.998,0.996,/tmpdir/crf_16.mpd,/videos/BigBuckBunny-2160.avi
4427,0.99276,1.97662,0.99806,51.47519,0.99934,0.9135,0.99479,0.99774,0.99874,100.0,0.37,0.19,0.15,0.46,52.5,55.34,56.3,51.48,0.996,0.998,0.998,0.995,/tmpdir/crf_16.mpd,/videos/BigBuckBunny-2160.avi
4428,0.99437,1.97662,0.99828,52.21859,0.99938,0.92298,0.9957,0.99809,0.99892,100.0,0.31,0.18,0.15,0.39,53.16,55.66,56.5,52.22,0.997,0.998,0.998,0.996,/tmpdir/crf_16.mpd,/videos/BigBuckBunny-2160.avi
4429,0.9944,3.00397,0.99853,52.73734,0.99943,0.92692,0.99695,0.99869,0.99931,100.0,0.3,0.21,0.18,0.35,53.42,54.86,55.59,52.74,0.997,0.997,0.997,0.997,/tmpdir/crf_16.mpd,/videos/BigBuckBunny-2160.avi
4430,0.99258,3.00397,0.99814,51.39145,0.99936,0.90818,0.99519,0.99792,0.99885,100.0,0.39,0.23,0.19,0.47,52.27,54.43,55.27,51.39,0.996,0.997,0.997,0.995,/tmpdir/crf_16.mpd,/videos/BigBuckBunny-2160.avi
4431,0.99197,3.17271,0.998,51.07214,0.99932,0.90361,0.99448,0.99754,0.99856,100.0,0.41,0.25,0.2,0.51,51.97,54.2,55.12,51.07,0.996,0.997,0.997,0.995,/tmpdir/crf_16.mpd,/videos/BigBuckBunny-2160.avi
4432,0.99272,3.17271,0.99813,51.20168,0.99936,0.90383,0.99524,0.99793,0.99883,100.0,0.4,0.25,0.21,0.49,52.06,54.2,55.0,51.2,0.996,0.997,0.997,0.995,/tmpdir/crf_16.mpd,/videos/BigBuckBunny-2160.avi
4433,0.99312,3.41512,0.99814,51.30152,0.99936,0.90797,0.99525,0.9979,0.9988,100.0,0.4,0.25,0.21,0.48,52.14,54.18,54.95,51.3,0.996,0.997,0.997,0.995,/tmpdir/crf_16.mpd,/videos/BigBuckBunny-2160.avi
4434,0.99238,3.41512,0.99801,51.03746,0.99935,0.90561,0.9943,0.99743,0.99847,100.0,0.42,0.25,0.21,0.51,51.92,54.11,54.98,51.04,0.996,0.997,0.997,0.995,/tmpdir/crf_16.mpd,/videos/BigBuckBunny-2160.avi
4435,0.99332,3.62282,0.99817,51.66449,0.99935,0.91631,0.99478,0.99765,0.99866,100.0,0.37,0.25,0.2,0.44,52.45,54.23,55.12,51.66,0.996,0.997,0.997,0.996,/tmpdir/crf_16.mpd,/videos/BigBuckBunny-2160.avi
4436,0.99253,3.62282,0.99796,50.88711,0.99933,0.90001,0.99422,0.9975,0.99861,100.0,0.43,0.26,0.21,0.53,51.78,54.01,54.9,50.89,0.995,0.997,0.997,0.995,/tmpdir/crf_16.mpd,/videos/BigBuckBunny-2160.avi
4437,0.99285,3.15409,0.99815,51.41322,0.99936,0.90731,0.99524,0.99797,0.99891,100.0,0.39,0.24,0.2,0.47,52.25,54.27,55.11,51.41,0.996,0.997,0.997,0.995,/tmpdir/crf_16.mpd,/videos/BigBuckBunny-2160.avi
4438,0.99159,3.15409,0.99802,51.09766,0.99933,0.90445,0.9947,0.9977,0.99871,100.0,0.41,0.25,0.2,0.51,51.99,54.22,55.07,51.1,0.996,0.997,0.997,0.995,/tmpdir/crf_16.mpd,/videos/BigBuckBunny-2160.avi
4439,0.99472,2.42119,0.9992,51.34838,0.99991,0.92347,0.99651,0.99844,0.99915,100.0,0.41,0.28,0.27,0.48,52.0,53.61,53.79,51.35,0.996,0.996,0.996,0.996,/tmpdir/crf_16.mpd,/videos/BigBuckBunny-2160.avi
4440,0.99192,2.42119,0.99889,49.91172,0.99986,0.9061,0.99388,0.99716,0.99838,100.0,0.55,0.33,0.32,0.66,50.72,52.93,53.07,49.91,0.995,0.996,0.996,0.995,/tmpdir/crf_16.mpd,/videos/BigBuckBunny-2160.avi
4441,0.99071,4.54098,0.99882,49.76171,0.99985,0.90158,0.9929,0.99667,0.99813,100.0,0.57,0.34,0.33,0.69,50.57,52.75,52.99,49.76,0.995,0.996,0.996,0.995,/tmpdir/crf_16.mpd,/videos/BigBuckBunny-2160.avi
4442,0.99166,4.83765,0.99886,50.07597,0.99986,0.90403,0.99364,0.99704,0.99836,100.0,0.53,0.32,0.3,0.64,50.89,53.06,53.29,50.08,0.995,0.996,0.996,0.995,/tmpdir/crf_16.mpd,/videos/BigBuckBunny-2160.avi
4443,0.98857,7.0303,0.99865,49.33585,0.99981,0.89218,0.99224,0.99639,0.99794,100.0,0.62,0.35,0.34,0.76,50.21,52.68,52.83,49.34,0.994,0.996,0.996,0.994,/tmpdir/crf_16.mpd,/videos/BigBuckBunny-2160.avi
4444,0.99115,5.25387,0.99881,49.99548,0.99985,0.90062,0.99391,0.99727,0.99851,100.0,0.54,0.33,0.32,0.65,50.8,53.01,53.11,50.0,0.995,0.996,0.996,0.994,/tmpdir/crf_16.mpd,/videos/BigBuckBunny-2160.avi
4445,0.99099,2.96308,0.9988,49.89102,0.99986,0.89987,0.99412,0.9974,0.99859,100.0,0.55,0.33,0.32,0.67,50.7,52.89,53.08,49.89,0.995,0.996,0.996,0.994,/tmpdir/crf_16.mpd,/videos/BigBuckBunny-2160.avi
4446,0.98879,2.96308,0.99866,49.38457,0.99982,0.89338,0.99296,0.99682,0.99826,99.73751,0.61,0.34,0.33,0.75,50.27,52.76,53.01,49.38,0.994,0.996,0.996,0.994,/tmpdir/crf_16.mpd,/videos/BigBuckBunny-2160.avi
4447,0.98919,3.6723,0.99872,49.56418,0.99982,0.8961,0.99271,0.99653,0.99798,100.0,0.59,0.34,0.32,0.72,50.42,52.81,53.02,49.56,0.995,0.996,0.996,0.994,/tmpdir/crf_16.mpd,/videos/BigBuckBunny-2160.avi
4448,0.98884,3.6723,0.99866,49.26577,0.99983,0.8923,0.99217,0.99627,0.99784,100.0,0.63,0.35,0.34,0.77,50.15,52.69,52.87,49.27,0.994,0.996,0.996,0.994,/tmpdir/crf_16.mpd,/videos/BigBuckBunny-2160.avi
4449,0.99138,2.98951,0.99884,49.9377,0.99987,0.90076,0.9939,0.99725,0.99848,100.0,0.55,0.34,0.33,0.66,50.72,52.82,53.01,49.94,0.995,0.996,0.996,0.994,/tmpdir/crf_16.mpd,/videos/BigBuckBunny-2160.avi
4450,0.98854,2.98951,0.99865,49.09174,0.99983,0.89086,0.99219,0.99638,0.99796,99.66768,0.65,0.37,0.35,0.8,49.97,52.48,52.66,49.09,0.994,0.996,0.995,0.994,/tmpdir/crf_16.mpd,/videos/BigBuckBunny-2160.avi
4451,0.98955,2.55502,0.99873,49.15165,0.99984,0.89167,0.99291,0.99665,0.99806,99.63502,0.65,0.36,0.36,0.79,50.02,52.52,52.6,49.15,0.994,0.996,0.995,0.994,/tmpdir/crf_16.mpd,/videos/BigBuckBunny-2160.avi
4452,0.98871,2.55502,0.99866,48.92222,0.99984,0.88891,0.99236,0.99648,0.99801,99.47144,0.68,0.38,0.38,0.83,49.79,52.31,52.37,48.92,0.994,0.995,0.995,0.994,/tmpdir/crf_16.mpd,/videos/BigBuckBunny-2160.avi
4453,0.99129,4.19426,0.99886,50.0268,0.99987,0.90221,0.99367,0.99711,0.9984,100.0,0.54,0.34,0.33,0.65,50.78,52.77,52.9,50.03,0.995,0.996,0.996,0.995,/tmpdir/crf_16.mpd,/videos/BigBuckBunny-2160.avi
4454,0.98807,4.49414,0.99868,49.21796,0.99984,0.8919,0.99223,0.99635,0.99791,100.0,0.64,0.36,0.34,0.78,50.1,52.59,52.79,49.22,0.994,0.996,0.995,0.994,/tmpdir/crf_16.mpd,/videos/BigBuckBunny-2160.avi
4455,0.98903,5.33516,0.99864,49.36855,0.99982,0.89125,0.99244,0.99647,0.99797,100.0,0.62,0.36,0.35,0.75,50.21,52.59,52.7,49.37,0.994,0.996,0.995,0.994,/tmpdir/crf_16.mpd,/videos/BigBuckBunny-2160.avi
4456,0.98756,5.33516,0.99855,49.00166,0.99981,0.88547,0.9919,0.99629,0.99793,100.0,0.67,0.37,0.36,0.82,49.88,52.41,52.56,49.0,0.994,0.995,0.995,0.993,/tmpdir/crf_16.mpd,/videos/BigBuckBunny-2160.avi
4457,0.99087,4.45576,0.9988,49.87927,0.99986,0.89842,0.99401,0.99737,0.99858,100.0,0.56,0.34,0.33,0.67,50.66,52.78,52.91,49.88,0.995,0.996,0.996,0.994,/tmpdir/crf_16.mpd,/videos/BigBuckBunny-2160.avi
4458,0.98805,4.1247,0.9986,49.21872,0.99981,0.89014,0.99266,0.99672,0.99819,100.0,0.63,0.36,0.34,0.78,50.1,52.6,52.84,49.22,0.994,0.996,0.996,0.994,/tmpdir/crf_16.mpd,/videos/BigBuckBunny-2160.avi
4459,0.98922,3.71786,0.99866,49.47806,0.99982,0.8935,0.99247,0.99647,0.99797,100.0,0.6,0.35,0.34,0.73,50.32,52.66,52.87,49.48,0.994,0.996,0.996,0.994,/tmpdir/crf_16.mpd,/videos/BigBuckBunny-2160.avi
4460,0.98799,3.71786,0.9986,49.08074,0.99982,0.88887,0.99197,0.99628,0.99789,99.94964,0.65,0.36,0.35,0.8,49.98,52.54,52.73,49.08,0.994,0.996,0.995,0.994,/tmpdir/crf_16.mpd,/videos/BigBuckBunny-2160.avi
4461,0.99055,3.11767,0.99878,49.7095,0.99987,0.897,0.99358,0.99709,0.99837,100.0,0.58,0.35,0.34,0.7,50.51,52.65,52.86,49.71,0.995,0.996,0.996,0.994,/tmpdir/crf_16.mpd,/videos/BigBuckBunny-2160.avi
4462,0.98802,3.11767,0.99859,48.89071,0.99982,0.88697,0.99186,0.99619,0.9978,99.61869,0.68,0.38,0.36,0.84,49.78,52.32,52.54,48.89,0.994,0.995,0.995,0.993,/tmpdir/crf_16.mpd,/videos/BigBuckBunny-2160.avi
4463,0.98946,2.56572,0.99867,49.07319,0.99984,0.88936,0.99267,0.99654,0.99797,99.60984,0.66,0.37,0.36,0.8,49.95,52.46,52.57,49.07,0.994,0.995,0.995,0.994,/tmpdir/crf_16.mpd,/videos/BigBuckBunny-2160.avi
4464,0.98868,2.56572,0.99857,48.75943,0.99982,0.88502,0.9918,0.99621,0.99782,99.44322,0.7,0.39,0.38,0.87,49.65,52.25,52.34,48.76,0.994,0.995,0.995,0.993,/tmpdir/crf_16.mpd,/videos/BigBuckBunny-2160.avi
4465,0.99055,4.52605,0.99874,49.65701,0.99986,0.89686,0.99305,0.99684,0.99824,100.0,0.59,0.36,0.34,0.7,50.45,52.6,52.76,49.66,0.995,0.996,0.995,0.994,/tmpdir/crf_16.mpd,/videos/BigBuckBunny-2160.avi
4466,0.99048,4.96515,0.99872,49.62949,0.99986,0.89587,0.99301,0.99679,0.9982,100.0,0.59,0.35,0.34,0.71,50.45,52.68,52.86,49.63,0.994,0.996,0.995,0.994,/tmpdir/crf_16.mpd,/videos/BigBuckBunny-2160.avi
4467,0.98763,7.36648,0.99848,48.87575,0.9998,0.88291,0.99145,0.99607,0.99775,100.0,0.69,0.38,0.37,0.84,49.77,52.35,52.46,48.88,0.994,0.995,0.995,0.993,/tmpdir/crf_16.mpd,/videos/BigBuckBunny-2160.avi
4468,0.9904,5.77052,0.99869,49.60367,0.99984,0.89312,0.99332,0.99702,0.99837,100.0,0.59,0.36,0.35,0.71,50.41,52.63,52.72,49.6,0.994,0.996,0.995,0.994,/tmpdir/crf_16.mpd,/videos/BigBuckBunny-2160.avi
4469,0.99049,3.29078,0.99874,49.65614,0.99986,0.89518,0.99393,0.99735,0.99855,100.0,0.59,0.36,0.34,0.7,50.45,52.62,52.78,49.66,0.994,0.996,0.995,0.994,/tmpdir/crf_16.mpd,/videos/BigBuckBunny-2160.avi
4470,0.98726,3.29078,0.99856,49.06561,0.99981,0.88706,0.99224,0.99643,0.99794,99.59196,0.66,0.37,0.35,0.81,49.95,52.45,52.71,49.07,0.994,0.995,0.995,0.993,/tmpdir/crf_16.mpd,/videos/BigBuckBunny-2160.avi
4471,0.98879,3.78715,0.99865,49.41435,0.99982,0.89243,0.99237,0.99637,0.99787,100.0,0.61,0.36,0.34,0.74,50.26,52.59,52.81,49.41,0.994,0.996,0.995,0.994,/tmpdir/crf_16.mpd,/videos/BigBuckBunny-2160.avi
4472,0.98855,3.78715,0.99863,49.28542,0.99982,0.89118,0.99201,0.99624,0.99785,100.0,0.63,0.36,0.35,0.77,50.14,52.52,52.74,49.29,0.994,0.996,0.995,0.994,/tmpdir/crf_16.mpd,/videos/BigBuckBunny-2160.avi
4473,0.99075,2.98796,0.9988,49.83975,0.99987,0.89865,0.99371,0.99715,0.99842,100.0,0.56,0.35,0.34,0.67,50.61,52.66,52.86,49.84,0.995,0.996,0.995,0.994,/tmpdir/crf_16.mpd,/videos/BigBuckBunny-2160.avi
4474,0.98866,2.98796,0.99863,49.07594,0.99982,0.88982,0.99216,0.99637,0.99793,99.6829,0.66,0.38,0.36,0.8,49.93,52.32,52.52,49.08,0.994,0.995,0.995,0.994,/tmpdir/crf_16.mpd,/videos/BigBuckBunny-2160.avi
4475,0.98936,2.56027,0.99869,49.10246,0.99984,0.8895,0.99267,0.99645,0.99783,99.57885,0.66,0.37,0.36,0.8,49.96,52.41,52.54,49.1,0.994,0.995,0.995,0.994,/tmpdir/crf_16.mpd,/videos/BigBuckBunny-2160.avi
4476,0.98863,2.56027,0.99863,48.924,0.99983,0.88685,0.99235,0.99649,0.99799,99.45474,0.68,0.39,0.38,0.83,49.78,52.23,52.32,48.92,0.994,0.995,0.995,0.993,/tmpdir/crf_16.mpd,/videos/BigBuckBunny-2160.avi
4477,0.99067,3.89496,0.99876,49.62918,0.99986,0.89556,0.99328,0.99694,0.99828,100.0,0.59,0.36,0.35,0.71,50.42,52.57,52.73,49.63,0.995,0.996,0.995,0.994,/tmpdir/crf_16.mpd,/videos/BigBuckBunny-2160.avi
4478,0.98905,4.26629,0.99867,49.26011,0.99984,0.89071,0.99264,0.99656,0.99797,100.0,0.63,0.36,0.35,0.77,50.12,52.51,52.71,49.26,0.994,0.995,0.995,0.994,/tmpdir/crf_16.mpd,/videos/BigBuckBunny-2160.avi
4479,0.98828,4.77712,0.99852,48.88762,0.99981,0.8833,0.99201,0.99631,0.99786,100.0,0.68,0.37,0.36,0.84,49.79,52.4,52.53,48.89,0.994,0.995,0.995,0.993,/tmpdir/crf_16.mpd,/videos/BigBuckBunny-2160.avi
4480,0.99009,4.709,0.99863,49.26574,0.99984,0.89055,0.99314,0.99696,0.99831,100.0,0.63,0.36,0.35,0.77,50.13,52.61,52.71,49.27,0.994,0.996,0.995,0.994,/tmpdir/crf_16.mpd,/videos/BigBuckBunny-2160.avi
4481,0.98669,4.04391,0.99841,48.83122,0.9998,0.88204,0.99121,0.99601,0.99774,99.86696,0.69,0.38,0.37,0.85,49.73,52.33,52.47,48.83,0.994,0.995,0.995,0.993,/tmpdir/crf_16.mpd,/videos/BigBuckBunny-2160.avi
4482,0.98805,4.04391,0.99855,49.42261,0.99981,0.89032,0.99197,0.9963,0.9979,100.0,0.61,0.36,0.34,0.74,50.26,52.58,52.78,49.42,0.994,0.996,0.995,0.993,/tmpdir/crf_16.mpd,/videos/BigBuckBunny-2160.avi
4483,0.98678,5.97155,0.99845,49.16668,0.99979,0.88693,0.99069,0.99559,0.99741,100.0,0.65,0.37,0.35,0.79,50.03,52.45,52.65,49.17,0.994,0.996,0.995,0.993,/tmpdir/crf_16.mpd,/videos/BigBuckBunny-2160.avi
4484,0.98962,5.85343,0.99866,49.7278,0.99985,0.8947,0.99252,0.99663,0.99814,100.0,0.58,0.35,0.33,0.69,50.53,52.69,52.92,49.73,0.994,0.996,0.996,0.994,/tmpdir/crf_16.mpd,/videos/BigBuckBunny-2160.avi
4485,0.98811,4.01473,0.99844,48.71916,0.9998,0.88224,0.99074,0.99572,0.99757,100.0,0.71,0.39,0.37,0.87,49.63,52.27,52.47,48.72,0.994,0.995,0.995,0.993,/tmpdir/crf_16.mpd,/videos/BigBuckBunny-2160.avi
4486,0.98923,3.25681,0.99855,48.9427,0.99981,0.88599,0.99174,0.99612,0.99772,99.89754,0.68,0.38,0.36,0.83,49.83,52.34,52.58,48.94,0.994,0.995,0.995,0.993,/tmpdir/crf_16.mpd,/videos/BigBuckBunny-2160.avi
4487,0.98804,2.38918,0.9985,48.53241,0.99981,0.88131,0.99141,0.99596,0.9976,99.20705,0.73,0.39,0.37,0.91,49.47,52.26,52.42,48.53,0.994,0.995,0.995,0.993,/tmpdir/crf_16.mpd,/videos/BigBuckBunny-2160.avi
4488,0.99181,2.38918,0.9988,49.81565,0.99986,0.89921,0.99365,0.99715,0.99842,100.0,0.57,0.36,0.34,0.68,50.59,52.62,52.82,49.82,0.995,0.996,0.995,0.994,/tmpdir/crf_16.mpd,/videos/BigBuckBunny-2160.avi
4489,0.98965,3.79865,0.99866,49.21014,0.99984,0.89089,0.99221,0.99643,0.998,100.0,0.64,0.38,0.36,0.78,50.05,52.36,52.59,49.21,0.994,0.995,0.995,0.994,/tmpdir/crf_16.mpd,/videos/BigBuckBunny-2160.avi
4490,0.99152,3.79865,0.99879,49.78268,0.99987,0.89789,0.9934,0.99703,0.99838,100.0,0.57,0.36,0.34,0.68,50.56,52.58,52.83,49.78,0.995,0.995,0.995,0.994,/tmpdir/crf_16.mpd,/videos/BigBuckBunny-2160.avi
4491,0.9894,4.86037,0.99856,49.03334,0.99982,0.88609,0.99187,0.9962,0.9978,100.0,0.67,0.38,0.37,0.81,49.9,52.33,52.5,49.03,0.994,0.995,0.995,0.993,/tmpdir/crf_16.mpd,/videos/BigBuckBunny-2160.avi
4492,0.99131,3.74387,0.99876,49.768,0.99986,0.89571,0.99381,0.99724,0.9985,100.0,0.57,0.35,0.34,0.69,50.55,52.64,52.78,49.77,0.995,0.996,0.995,0.994,/tmpdir/crf_16.mpd,/videos/BigBuckBunny-2160.avi
4493,0.98887,2.83924,0.99858,49.04709,0.99982,0.8868,0.99243,0.99656,0.99807,99.64977,0.66,0.38,0.36,0.81,49.91,52.34,52.55,49.05,0.994,0.995,0.995,0.993,/tmpdir/crf_16.mpd,/videos/BigBuckBunny-2160.avi
4494,0.98933,2.83924,0.99866,49.36378,0.99983,0.89135,0.99289,0.99668,0.9981,99.7474,0.62,0.36,0.34,0.75,50.21,52.53,52.78,49.36,0.994,0.996,0.995,0.994,/tmpdir/crf_16.mpd,/videos/BigBuckBunny-2160.avi
4495,0.98869,3.61503,0.99861,49.21908,0.99982,0.89014,0.9921,0.99634,0.99791,100.0,0.64,0.37,0.35,0.78,50.08,52.48,52.74,49.22,0.994,0.995,0.995,0.994,/tmpdir/crf_16.mpd,/videos/BigBuckBunny-2160.avi
4496,0.99141,3.35558,0.99878,49.80877,0.99987,0.89783,0.99363,0.99716,0.99845,100.0,0.57,0.35,0.33,0.68,50.59,52.67,52.88,49.81,0.995,0.996,0.995,0.994,/tmpdir/crf_16.mpd,/videos/BigBuckBunny-2160.avi
4497,0.98881,2.49001,0.99861,48.91359,0.99982,0.88652,0.99198,0.99624,0.99782,99.43118,0.68,0.38,0.36,0.84,49.81,52.34,52.6,48.91,0.994,0.995,0.995,0.994,/tmpdir/crf_16.mpd,/videos/BigBuckBunny-2160.avi
4498,0.98952,2.3247,0.99865,49.04675,0.99982,0.88806,0.99244,0.99639,0.99787,99.48296,0.66,0.38,0.35,0.81,49.93,52.39,52.66,49.05,0.994,0.995,0.995,0.994,/tmpdir/crf_16.mpd,/videos/BigBuckBunny-2160.avi
4499,0.98858,1.93109,0.99861,48.7118,0.99982,0.88419,0.99226,0.99634,0.99786,99.1036,0.71,0.39,0.37,0.87,49.62,52.28,52.44,48.71,0.994,0.995,0.995,0.993,/tmpdir/crf_16.mpd,/videos/BigBuckBunny-2160.avi
4500,0.99058,1.93109,0.99877,49.45021,0.99986,0.89329,0.9935,0.99709,0.99842,99.54003,0.61,0.37,0.35,0.74,50.26,52.49,52.66,49.45,0.994,0.995,0.995,0.994,/tmpdir/crf_16.mpd,/videos/BigBuckBunny-2160.avi
4501,0.9901,3.31365,0.99872,49.32053,0.99985,0.8922,0.99278,0.99666,0.99812,100.0,0.63,0.37,0.36,0.76,50.15,52.43,52.62,49.32,0.994,0.995,0.995,0.994,/tmpdir/crf_16.mpd,/videos/BigBuckBunny-2160.avi
4502,0.99108,3.95685,0.99877,49.62409,0.99987,0.89556,0.99338,0.99701,0.99836,100.0,0.59,0.36,0.34,0.71,50.42,52.56,52.79,49.62,0.995,0.995,0.995,0.994,/tmpdir/crf_16.mpd,/videos/BigBuckBunny-2160.avi
4503,0.98927,5.54748,0.99857,49.01372,0.99982,0.8853,0.99213,0.9964,0.99797,100.0,0.67,0.38,0.37,0.82,49.88,52.38,52.45,49.01,0.994,0.995,0.995,0.993,/tmpdir/crf_16.mpd,/videos/BigBuckBunny-2160.avi
4504,0.98793,5.54748,0.99848,48.77915,0.99981,0.88196,0.99151,0.99617,0.9979,100.0,0.7,0.39,0.38,0.86,49.67,52.24,52.34,48.78,0.994,0.995,0.995,0.993,/tmpdir/crf_16.mpd,/videos/BigBuckBunny-2160.avi
4505,0.99128,4.66812,0.99874,49.55537,0.99986,0.89415,0.99365,0.9972,0.99848,100.0,0.6,0.36,0.35,0.72,50.36,52.54,52.69,49.56,0.994,0.995,0.995,0.994,/tmpdir/crf_16.mpd,/videos/BigBuckBunny-2160.avi
4506,0.98848,4.58112,0.99859,49.12606,0.99983,0.88787,0.99236,0.99649,0.99799,100.0,0.65,0.37,0.35,0.8,50.0,52.49,52.69,49.13,0.994,0.995,0.995,0.993,/tmpdir/crf_16.mpd,/videos/BigBuckBunny-2160.avi
4507,0.98786,4.0468,0.99854,49.04305,0.99981,0.88752,0.99153,0.99608,0.99779,100.0,0.66,0.38,0.36,0.81,49.92,52.38,52.58,49.04,0.994,0.995,0.995,0.993,/tmpdir/crf_16.mpd,/videos/BigBuckBunny-2160.avi
4508,0.99083,3.99545,0.99871,49.55978,0.99986,0.8943,0.99319,0.99695,0.99834,100.0,0.6,0.36,0.35,0.72,50.37,52.58,52.75,49.56,0.994,0.996,0.995,0.994,/tmpdir/crf_16.mpd,/videos/BigBuckBunny-2160.avi
4509,0.98727,3.02163,0.99853,48.84397,0.9998,0.88512,0.99119,0.99586,0.9976,99.40772,0.69,0.39,0.37,0.85,49.73,52.25,52.43,48.84,0.994,0.995,0.995,0.993,/tmpdir/crf_16.mpd,/videos/BigBuckBunny-2160.avi
4510,0.98868,3.02163,0.99861,49.04151,0.99982,0.88774,0.99206,0.99628,0.99781,99.68995,0.67,0.38,0.36,0.81,49.9,52.28,52.52,49.04,0.994,0.995,0.995,0.994,/tmpdir/crf_16.mpd,/videos/BigBuckBunny-2160.avi
4511,0.98733,2.50379,0.99851,48.56461,0.99981,0.88169,0.99149,0.99606,0.99769,99.15079,0.73,0.4,0.38,0.9,49.48,52.15,52.28,48.56,0.994,0.995,0.995,0.993,/tmpdir/crf_16.mpd,/videos/BigBuckBunny-2160.avi
4512,0.99098,2.50379,0.99871,49.41934,0.99985,0.89286,0.99325,0.99699,0.99832,99.89305,0.62,0.37,0.36,0.74,50.22,52.44,52.55,49.42,0.994,0.995,0.995,0.994,/tmpdir/crf_16.mpd,/videos/BigBuckBunny-2160.avi
4513,0.98839,4.07081,0.99859,49.07303,0.99982,0.88849,0.99172,0.99617,0.99783,100.0,0.66,0.38,0.37,0.8,49.92,52.33,52.44,49.07,0.994,0.995,0.995,0.994,/tmpdir/crf_16.mpd,/videos/BigBuckBunny-2160.avi
4514,0.99067,4.61375,0.99871,49.55171,0.99986,0.89414,0.99308,0.99687,0.99826,100.0,0.6,0.36,0.35,0.72,50.35,52.52,52.7,49.55,0.994,0.995,0.995,0.994,/tmpdir/crf_16.mpd,/videos/BigBuckBunny-2160.avi
4515,0.98783,7.09866,0.99846,48.80793,0.9998,0.88158,0.99137,0.99605,0.99774,100.0,0.7,0.38,0.38,0.86,49.7,52.28,52.35,48.81,0.994,0.995,0.995,0.993,/tmpdir/crf_16.mpd,/videos/BigBuckBunny-2160.avi
4516,0.99052,5.57839,0.99867,49.49685,0.99984,0.891,0.9934,0.99708,0.9984,100.0,0.61,0.37,0.36,0.73,50.3,52.5,52.6,49.5,0.994,0.995,0.995,0.994,/tmpdir/crf_16.mpd,/videos/BigBuckBunny-2160.avi
4517,0.9907,3.24765,0.99868,49.45745,0.99985,0.89169,0.99369,0.99722,0.99849,100.0,0.61,0.37,0.35,0.74,50.27,52.48,52.63,49.46,0.994,0.995,0.995,0.994,/tmpdir/crf_16.mpd,/videos/BigBuckBunny-2160.avi
4518,0.98745,3.24765,0.99852,48.95059,0.99981,0.88465,0.99206,0.99632,0.99789,99.59078,0.67,0.38,0.36,0.83,49.84,52.37,52.6,48.95,0.994,0.995,0.995,0.993,/tmpdir/crf_16.mpd,/videos/BigBuckBunny-2160.avi
4519,0.98853,3.83629,0.99861,49.30132,0.99982,0.89019,0.99213,0.99628,0.99783,100.0,0.63,0.37,0.35,0.76,50.14,52.47,52.67,49.3,0.994,0.995,0.995,0.994,/tmpdir/crf_16.mpd,/videos/BigBuckBunny-2160.avi
4520,0.98841,3.52685,0.99855,49.02918,0.99982,0.88681,0.99156,0.99604,0.99773,99.89824,0.67,0.38,0.36,0.81,49.9,52.34,52.54,49.03,0.994,0.995,0.995,0.993,/tmpdir/crf_16.mpd,/videos/BigBuckBunny-2160.avi
4521,0.99131,2.64824,0.99877,49.75953,0.99986,0.89679,0.99357,0.99709,0.99838,100.0,0.57,0.36,0.34,0.69,50.54,52.6,52.81,49.76,0.995,0.995,0.995,0.994,/tmpdir/crf_16.mpd,/videos/BigBuckBunny-2160.avi
4522,0.98787,2.33055,0.99856,48.84871,0.99982,0.88524,0.99183,0.99623,0.99782,99.17875,0.69,0.39,0.37,0.85,49.73,52.24,52.47,48.85,0.994,0.995,0.995,0.993,/tmpdir/crf_16.mpd,/videos/BigBuckBunny-2160.avi
4523,0.98914,2.27534,0.99864,49.06331,0.99983,0.88826,0.99245,0.9964,0.99788,99.39082,0.66,0.38,0.36,0.81,49.93,52.39,52.54,49.06,0.994,0.995,0.995,0.994,/tmpdir/crf_16.mpd,/videos/BigBuckBunny-2160.avi
4524,0.98858,2.27534,0.99857,48.84432,0.99982,0.88538,0.992,0.99637,0.99795,99.28861,0.7,0.39,0.38,0.85,49.71,52.17,52.3,48.84,0.994,0.995,0.995,0.993,/tmpdir/crf_16.mpd,/videos/BigBuckBunny-2160.avi
4525,0.99091,3.47724,0.99874,49.62236,0.99986,0.89471,0.99317,0.99689,0.99825,100.0,0.59,0.37,0.35,0.71,50.4,52.48,52.65,49.62,0.994,0.995,0.995,0.994,/tmpdir/crf_16.mpd,/videos/BigBuckBunny-2160.avi
4526,0.98797,4.32063,0.99858,48.90174,0.99982,0.88537,0.99199,0.99628,0.99788,100.0,0.68,0.38,0.36,0.84,49.8,52.38,52.6,48.9,0.994,0.995,0.995,0.993,/tmpdir/crf_16.mpd,/videos/BigBuckBunny-2160.avi
4527,0.98993,6.86658,0.99864,49.40641,0.99984,0.8882,0.99303,0.99693,0.99834,100.0,0.62,0.37,0.36,0.75,50.21,52.47,52.52,49.41,0.994,0.995,0.995,0.994,/tmpdir/crf_16.mpd,/videos/BigBuckBunny-2160.avi
4528,0.98935,5.11315,0.99861,49.15208,0.99984,0.88542,0.99305,0.99696,0.99835,100.0,0.65,0.38,0.37,0.79,50.0,52.37,52.5,49.15,0.994,0.995,0.995,0.993,/tmpdir/crf_16.mpd,/videos/BigBuckBunny-2160.avi
4529,0.98929,3.0376,0.99862,49.13405,0.99984,0.88633,0.99332,0.9971,0.99842,99.86573,0.65,0.37,0.36,0.79,49.99,52.4,52.54,49.13,0.994,0.995,0.995,0.993,/tmpdir/crf_16.mpd,/videos/BigBuckBunny-2160.avi
4530,0.98769,3.0376,0.99849,48.84364,0.9998,0.88342,0.99209,0.9964,0.99801,99.52815,0.69,0.38,0.36,0.85,49.74,52.29,52.51,48.84,0.994,0.995,0.995,0.993,/tmpdir/crf_16.mpd,/videos/BigBuckBunny-2160.avi
4531,0.98863,3.80304,0.99856,49.14071,0.99981,0.88797,0.99208,0.99631,0.99786,100.0,0.65,0.37,0.35,0.79,50.0,52.42,52.63,49.14,0.994,0.995,0.995,0.993,/tmpdir/crf_16.mpd,/videos/BigBuckBunny-2160.avi
4532,0.9875,3.80304,0.99844,48.70638,0.9998,0.88242,0.99096,0.99578,0.99755,99.85787,0.71,0.39,0.37,0.88,49.61,52.24,52.43,48.71,0.994,0.995,0.995,0.993,/tmpdir/crf_16.mpd,/videos/BigBuckBunny-2160.avi
4533,0.98948,4.83052,0.99856,49.28224,0.99984,0.88839,0.99205,0.99645,0.99802,100.0,0.63,0.36,0.35,0.77,50.14,52.51,52.73,49.28,0.994,0.995,0.995,0.993,/tmpdir/crf_16.mpd,/videos/BigBuckBunny-2160.avi
4534,0.98762,4.83052,0.99845,48.90421,0.9998,0.88373,0.99093,0.99579,0.99755,100.0,0.68,0.39,0.37,0.84,49.78,52.27,52.48,48.9,0.994,0.995,0.995,0.993,/tmpdir/crf_16.mpd,/videos/BigBuckBunny-2160.avi
4535,0.98704,4.37037,0.99837,48.46846,0.9998,0.87767,0.99041,0.99555,0.9974,100.0,0.75,0.41,0.39,0.93,49.38,52.05,52.17,48.47,0.993,0.995,0.995,0.993,/tmpdir/crf_16.mpd,/videos/BigBuckBunny-2160.avi
4536,0.9893,4.37037,0.99857,49.24224,0.99984,0.88794,0.99177,0.99632,0.99798,100.0,0.64,0.38,0.37,0.77,50.07,52.34,52.49,49.24,0.994,0.995,0.995,0.993,/tmpdir/crf_16.mpd,/videos/BigBuckBunny-2160.avi
4537,0.9936,5.8025,0.9991,51.19816,0.99991,0.91876,0.99579,0.99815,0.99902,100.0,0.43,0.29,0.28,0.49,51.84,53.45,53.6,51.2,0.996,0.996,0.996,0.995,/tmpdir/crf_16.mpd,/videos/BigBuckBunny-2160.avi
4538,0.9879,5.8025,0.99856,49.12054,0.99982,0.88995,0.99134,0.99586,0.99754,100.0,0.65,0.36,0.35,0.8,50.01,52.54,52.7,49.12,0.994,0.996,0.995,0.993,/tmpdir/crf_16.mpd,/videos/BigBuckBunny-2160.avi
4539,0.988,6.0808,0.99853,48.98122,0.99982,0.88527,0.99191,0.99627,0.99788,100.0,0.67,0.37,0.37,0.82,49.86,52.46,52.44,48.98,0.994,0.995,0.995,0.993,/tmpdir/crf_16.mpd,/videos/BigBuckBunny-2160.avi
4540,0.98579,6.0808,0.99835,48.41687,0.99979,0.87535,0.99082,0.99581,0.99762,100.0,0.75,0.39,0.39,0.94,49.36,52.24,52.24,48.42,0.993,0.995,0.995,0.992,/tmpdir/crf_16.mpd,/videos/BigBuckBunny-2160.avi
4541,0.98806,5.31856,0.99856,48.93992,0.99984,0.88453,0.99219,0.99649,0.99805,100.0,0.67,0.36,0.36,0.83,49.85,52.56,52.55,48.94,0.994,0.995,0.995,0.993,/tmpdir/crf_16.mpd,/videos/BigBuckBunny-2160.avi
4542,0.98896,5.31856,0.99868,50.25529,0.99983,0.9034,0.99269,0.99662,0.99809,100.0,0.51,0.31,0.3,0.61,51.05,53.2,53.42,50.26,0.995,0.996,0.996,0.994,/tmpdir/crf_16.mpd,/videos/BigBuckBunny-2160.avi
4543,0.98766,10.38944,0.99833,49.66292,0.99972,0.88769,0.98999,0.9952,0.99724,100.0,0.58,0.35,0.33,0.7,50.48,52.71,52.94,49.66,0.994,0.996,0.996,0.993,/tmpdir/crf_16.mpd,/videos/BigBuckBunny-2160.avi
4544,0.98981,5.29508,0.99867,50.32055,0.99978,0.90406,0.99205,0.99612,0.9977,100.0,0.51,0.33,0.31,0.6,51.06,52.92,53.22,50.32,0.995,0.996,0.996,0.994,/tmpdir/crf_16.mpd,/videos/BigBuckBunny-2160.avi
4545,0.98938,3.48842,0.99881,49.97324,0.99984,0.90485,0.99283,0.99658,0.99803,100.0,0.55,0.36,0.32,0.65,50.73,52.59,53.03,49.97,0.995,0.996,0.996,0.995,/tmpdir/crf_16.mpd,/videos/BigBuckBunny-2160.avi
4546,0.99099,3.48842,0.99893,50.60914,0.99987,0.91149,0.9942,0.99734,0.99851,100.0,0.48,0.33,0.31,0.57,51.29,52.93,53.28,50.61,0.995,0.996,0.996,0.995,/tmpdir/crf_16.mpd,/videos/BigBuckBunny-2160.avi
4547,0.99045,2.15859,0.99882,49.75602,0.99985,0.90392,0.99316,0.99675,0.99809,99.63022,0.58,0.36,0.34,0.69,50.53,52.54,52.8,49.76,0.995,0.996,0.996,0.995,/tmpdir/crf_16.mpd,/videos/BigBuckBunny-2160.avi
4548,0.99427,1.18218,0.99893,50.17209,0.99985,0.91073,0.99418,0.99723,0.99836,99.87853,0.52,0.33,0.3,0.62,50.96,52.99,53.32,50.17,0.995,0.996,0.996,0.995,/tmpdir/crf_16.mpd,/videos/BigBuckBunny-2160.avi
4549,0.99409,0.20479,0.99899,50.66786,0.99986,0.91626,0.99476,0.99748,0.99851,99.42293,0.47,0.31,0.28,0.56,51.41,53.27,53.62,50.67,0.996,0.996,0.996,0.995,/tmpdir/crf_16.mpd,/videos/BigBuckBunny-2160.avi
4550,0.99573,0.18424,0.99909,51.44309,0.99988,0.92265,0.99585,0.99808,0.99888,99.76905,0.4,0.29,0.27,0.47,52.06,53.5,53.79,51.44,0.996,0.996,0.996,0.996,/tmpdir/crf_16.mpd,/videos/BigBuckBunny-2160.avi
4551,0.99483,0.09254,0.99906,51.11005,0.99987,0.91991,0.99535,0.99779,0.99869,99.53717,0.43,0.3,0.28,0.5,51.78,53.39,53.69,51.11,0.996,0.996,0.996,0.996,/tmpdir/crf_16.mpd,/videos/BigBuckBunny-2160.avi
4552,0.99527,0.09254,0.99906,51.15988,0.99986,0.92032,0.99551,0.99787,0.99873,99.62169,0.43,0.3,0.28,0.5,51.82,53.41,53.7,51.16,0.996,0.996,0.996,0.996,/tmpdir/crf_16.mpd,/videos/BigBuckBunny-2160.avi
4553,0.99508,0.05954,0.99906,51.16016,0.99987,0.91978,0.99544,0.99784,0.99873,99.56956,0.43,0.3,0.28,0.5,51.82,53.37,53.7,51.16,0.996,0.996,0.996,0.996,/tmpdir/crf_16.mpd,/videos/BigBuckBunny-2160.avi
4554,0.99522,0.05954,0.99906,51.20288,0.99987,0.9196,0.9957,0.99803,0.99887,99.60841,0.42,0.29,0.28,0.49,51.86,53.44,53.72,51.2,0.996,0.996,0.996,0.996,/tmpdir/crf_16.mpd,/videos/BigBuckBunny-2160.avi
4555,0.99481,0.06454,0.99905,51.13405,0.99987,0.91954,0.99541,0.99783,0.99873,99.5223,0.43,0.3,0.28,0.5,51.79,53.36,53.66,51.13,0.996,0.996,0.996,0.996,/tmpdir/crf_16.mpd,/videos/BigBuckBunny-2160.avi
4556,0.9949,0.06454,0.99905,51.09026,0.99986,0.91934,0.99544,0.99785,0.99872,99.53915,0.43,0.3,0.28,0.51,51.76,53.36,53.65,51.09,0.996,0.996,0.996,0.996,/tmpdir/crf_16.mpd,/videos/BigBuckBunny-2160.avi
4557,0.99467,0.06128,0.99903,51.0022,0.99986,0.918,0.99529,0.99779,0.99869,99.48716,0.44,0.3,0.28,0.52,51.68,53.33,53.63,51.0,0.996,0.996,0.996,0.996,/tmpdir/crf_16.mpd,/videos/BigBuckBunny-2160.avi
4558,0.99479,0.06128,0.99903,50.98293,0.99987,0.91719,0.99536,0.99785,0.99873,99.51016,0.44,0.3,0.28,0.52,51.67,53.38,53.65,50.98,0.996,0.996,0.996,0.996,/tmpdir/crf_16.mpd,/videos/BigBuckBunny-2160.avi
4559,0.99328,0.15086,0.99893,50.35339,0.99985,0.91205,0.99408,0.99714,0.99828,99.2159,0.5,0.31,0.29,0.6,51.14,53.18,53.49,50.35,0.995,0.996,0.996,0.995,/tmpdir/crf_16.mpd,/videos/BigBuckBunny-2160.avi
4560,0.99204,0.82867,0.99888,50.09038,0.99985,0.90829,0.9938,0.99704,0.99823,99.2915,0.53,0.33,0.31,0.64,50.87,52.93,53.19,50.09,0.995,0.996,0.996,0.995,/tmpdir/crf_16.mpd,/videos/BigBuckBunny-2160.avi
4561,0.99075,1.1298,0.99882,49.97343,0.99985,0.90542,0.9932,0.9968,0.99813,99.18399,0.55,0.35,0.33,0.65,50.73,52.69,52.92,49.97,0.995,0.996,0.996,0.995,/tmpdir/crf_16.mpd,/videos/BigBuckBunny-2160.avi
4562,0.99351,1.1298,0.99891,50.45473,0.99986,0.90979,0.9944,0.99746,0.99856,99.73538,0.5,0.33,0.31,0.59,51.16,52.96,53.18,50.45,0.995,0.996,0.996,0.995,/tmpdir/crf_16.mpd,/videos/BigBuckBunny-2160.avi
4563,0.98995,0.95354,0.9988,49.74466,0.99984,0.903,0.99303,0.99675,0.99813,98.94971,0.58,0.36,0.34,0.69,50.52,52.58,52.78,49.74,0.995,0.996,0.996,0.995,/tmpdir/crf_16.mpd,/videos/BigBuckBunny-2160.avi
4564,0.99173,0.77098,0.99885,49.92248,0.99984,0.90501,0.99353,0.99696,0.9982,99.19517,0.55,0.35,0.33,0.66,50.69,52.7,52.91,49.92,0.995,0.996,0.996,0.995,/tmpdir/crf_16.mpd,/videos/BigBuckBunny-2160.avi
4565,0.99093,0.31355,0.99882,49.86219,0.99984,0.90393,0.99313,0.99676,0.99808,98.82116,0.56,0.35,0.33,0.67,50.64,52.69,52.96,49.86,0.995,0.996,0.996,0.995,/tmpdir/crf_16.mpd,/videos/BigBuckBunny-2160.avi
4566,0.99339,0.2892,0.99892,50.39864,0.99986,0.90903,0.99431,0.99737,0.99848,99.30801,0.51,0.34,0.32,0.59,51.1,52.87,53.06,50.4,0.995,0.996,0.996,0.995,/tmpdir/crf_16.mpd,/videos/BigBuckBunny-2160.avi
4567,0.99058,0.10973,0.9988,49.69361,0.99984,0.90159,0.993,0.99668,0.998,98.64993,0.58,0.35,0.33,0.7,50.5,52.71,52.89,49.69,0.995,0.996,0.996,0.995,/tmpdir/crf_16.mpd,/videos/BigBuckBunny-2160.avi
4568,0.99046,0.10716,0.99878,49.66692,0.99983,0.90134,0.9928,0.99663,0.99801,98.62553,0.58,0.35,0.34,0.7,50.47,52.64,52.85,49.67,0.995,0.996,0.996,0.995,/tmpdir/crf_16.mpd,/videos/BigBuckBunny-2160.avi
4569,0.98848,0.10716,0.99869,48.9875,0.99983,0.89308,0.99211,0.99625,0.99774,98.21955,0.66,0.36,0.34,0.82,49.91,52.59,52.79,48.99,0.994,0.996,0.996,0.994,/tmpdir/crf_16.mpd,/videos/BigBuckBunny-2160.avi
4570,0.99691,10.09148,0.9983,56.00581,0.99943,0.94856,0.99646,0.99838,0.99905,100.0,0.15,0.13,0.12,0.16,56.36,57.14,57.2,56.01,0.998,0.998,0.998,0.998,/tmpdir/crf_16.mpd,/videos/BigBuckBunny-2160.avi
4571,0.99389,10.0735,0.99818,53.54106,0.99954,0.91358,0.99011,0.99552,0.99747,100.0,0.26,0.22,0.19,0.29,53.99,54.73,55.37,53.54,0.997,0.997,0.998,0.997,/tmpdir/crf_16.mpd,/videos/BigBuckBunny-2160.avi
4572,0.9957,6.69294,0.99807,55.04105,0.99928,0.93896,0.99423,0.99737,0.9985,100.0,0.18,0.14,0.14,0.2,55.52,56.58,56.73,55.04,0.998,0.998,0.998,0.998,/tmpdir/crf_16.mpd,/videos/BigBuckBunny-2160.avi
4573,0.99479,4.56683,0.99814,53.48913,0.99946,0.9153,0.9917,0.99641,0.99806,100.0,0.27,0.22,0.24,0.29,53.79,54.65,54.27,53.49,0.998,0.998,0.997,0.998,/tmpdir/crf_16.mpd,/videos/BigBuckBunny-2160.avi
4574,0.99531,4.56683,0.99818,54.61741,0.99942,0.93423,0.99351,0.99701,0.99825,100.0,0.2,0.15,0.16,0.22,55.09,56.26,56.19,54.62,0.998,0.998,0.998,0.998,/tmpdir/crf_16.mpd,/videos/BigBuckBunny-2160.avi
4575,0.9926,9.83163,0.99811,52.82975,0.99954,0.90064,0.9898,0.99567,0.99766,100.0,0.3,0.25,0.21,0.34,53.31,54.14,54.84,52.83,0.997,0.997,0.997,0.997,/tmpdir/crf_16.mpd,/videos/BigBuckBunny-2160.avi
4576,0.99514,9.83163,0.99804,54.82458,0.99927,0.93537,0.9942,0.99731,0.99841,100.0,0.19,0.14,0.14,0.21,55.35,56.54,56.75,54.82,0.998,0.998,0.998,0.998,/tmpdir/crf_16.mpd,/videos/BigBuckBunny-2160.avi
4577,0.99487,9.93136,0.99814,52.90898,0.99947,0.9086,0.9911,0.99607,0.99785,100.0,0.31,0.25,0.27,0.33,53.25,54.12,53.9,52.91,0.997,0.997,0.997,0.997,/tmpdir/crf_16.mpd,/videos/BigBuckBunny-2160.avi
4578,0.99563,10.16578,0.9981,53.33166,0.99944,0.91575,0.99187,0.99623,0.99784,100.0,0.26,0.19,0.19,0.3,53.93,55.42,55.45,53.33,0.997,0.998,0.998,0.997,/tmpdir/crf_16.mpd,/videos/BigBuckBunny-2160.avi
4579,0.99317,13.01743,0.99799,52.07126,0.99953,0.89008,0.9899,0.99567,0.9976,100.0,0.36,0.28,0.27,0.4,52.57,53.71,53.84,52.07,0.996,0.997,0.997,0.996,/tmpdir/crf_16.mpd,/videos/BigBuckBunny-2160.avi
4580,0.99549,13.01743,0.9979,53.33849,0.99929,0.91328,0.99232,0.99644,0.99791,100.0,0.26,0.18,0.17,0.3,54.0,55.62,55.82,53.34,0.997,0.998,0.998,0.997,/tmpdir/crf_16.mpd,/videos/BigBuckBunny-2160.avi
4581,0.99447,15.91192,0.99797,51.64193,0.99952,0.88549,0.98937,0.99546,0.99752,100.0,0.39,0.28,0.28,0.45,52.23,53.7,53.73,51.64,0.996,0.997,0.997,0.996,/tmpdir/crf_16.mpd,/videos/BigBuckBunny-2160.avi
4582,0.99406,16.46201,0.99797,52.04305,0.9995,0.89033,0.98971,0.99533,0.99733,100.0,0.34,0.21,0.21,0.41,52.79,54.84,54.86,52.04,0.996,0.997,0.997,0.996,/tmpdir/crf_16.mpd,/videos/BigBuckBunny-2160.avi
4583,0.99319,17.57808,0.99791,51.24002,0.99949,0.8744,0.98859,0.99506,0.99734,100.0,0.43,0.3,0.3,0.49,51.84,53.4,53.32,51.24,0.996,0.997,0.997,0.995,/tmpdir/crf_16.mpd,/videos/BigBuckBunny-2160.avi
4584,0.99514,17.4478,0.99802,51.94756,0.99948,0.8912,0.98981,0.99533,0.99736,100.0,0.36,0.24,0.24,0.42,52.6,54.31,54.25,51.95,0.996,0.997,0.997,0.996,/tmpdir/crf_16.mpd,/videos/BigBuckBunny-2160.avi
4585,0.995,8.68118,0.99808,51.26338,0.99956,0.88065,0.98898,0.99515,0.99742,100.0,0.43,0.31,0.32,0.49,51.8,53.17,53.09,51.26,0.996,0.996,0.996,0.995,/tmpdir/crf_16.mpd,/videos/BigBuckBunny-2160.avi
4586,0.99142,8.68118,0.99749,48.83643,0.9995,0.82956,0.98378,0.99322,0.99644,100.0,0.72,0.43,0.46,0.85,49.59,51.8,51.47,48.84,0.994,0.995,0.995,0.993,/tmpdir/crf_16.mpd,/videos/BigBuckBunny-2160.avi
4587,0.99368,9.07823,0.99799,50.48355,0.99955,0.86492,0.99011,0.99578,0.99773,100.0,0.5,0.33,0.34,0.58,51.15,52.92,52.86,50.48,0.995,0.996,0.996,0.995,/tmpdir/crf_16.mpd,/videos/BigBuckBunny-2160.avi
4588,0.99239,6.87688,0.99794,50.15369,0.99953,0.86042,0.98994,0.99578,0.99777,100.0,0.54,0.35,0.37,0.63,50.82,52.7,52.48,50.15,0.995,0.996,0.996,0.995,/tmpdir/crf_16.mpd,/videos/BigBuckBunny-2160.avi
4589,0.99227,6.87688,0.99797,49.87338,0.99961,0.85652,0.98905,0.9953,0.99747,100.0,0.57,0.38,0.39,0.67,50.53,52.32,52.22,49.87,0.995,0.995,0.995,0.994,/tmpdir/crf_16.mpd,/videos/BigBuckBunny-2160.avi
4590,0.9935,8.42921,0.99789,50.07592,0.99949,0.85929,0.99049,0.99602,0.99784,100.0,0.54,0.35,0.36,0.64,50.77,52.67,52.61,50.08,0.995,0.996,0.996,0.995,/tmpdir/crf_16.mpd,/videos/BigBuckBunny-2160.avi
4591,0.99039,5.06718,0.99771,48.96472,0.99954,0.83875,0.9866,0.99439,0.99701,100.0,0.71,0.46,0.48,0.83,49.65,51.54,51.36,48.96,0.994,0.995,0.995,0.993,/tmpdir/crf_16.mpd,/videos/BigBuckBunny-2160.avi
4592,0.99242,5.06718,0.99798,49.95363,0.99958,0.85897,0.98974,0.9956,0.99761,100.0,0.56,0.36,0.37,0.66,50.64,52.53,52.4,49.95,0.995,0.996,0.995,0.994,/tmpdir/crf_16.mpd,/videos/BigBuckBunny-2160.avi
4593,0.99235,6.21037,0.99796,50.13794,0.99951,0.86265,0.99063,0.99597,0.99779,100.0,0.54,0.35,0.36,0.63,50.81,52.66,52.52,50.14,0.995,0.996,0.996,0.995,/tmpdir/crf_16.mpd,/videos/BigBuckBunny-2160.avi
4594,0.99036,6.21037,0.99772,49.00047,0.99954,0.83943,0.98606,0.99387,0.99652,100.0,0.7,0.46,0.48,0.82,49.67,51.54,51.32,49.0,0.994,0.995,0.995,0.994,/tmpdir/crf_16.mpd,/videos/BigBuckBunny-2160.avi
4595,0.99018,6.02935,0.99768,48.82084,0.99959,0.83246,0.98632,0.99437,0.99706,100.0,0.73,0.48,0.46,0.85,49.52,51.33,51.46,48.82,0.993,0.994,0.994,0.993,/tmpdir/crf_16.mpd,/videos/BigBuckBunny-2160.avi
4596,0.98862,6.02935,0.99763,48.75868,0.99956,0.8327,0.98461,0.9934,0.9964,100.0,0.73,0.44,0.45,0.87,49.52,51.66,51.59,48.76,0.993,0.994,0.995,0.993,/tmpdir/crf_16.mpd,/videos/BigBuckBunny-2160.avi
4597,0.99136,8.28391,0.99798,49.76811,0.99962,0.85581,0.98853,0.99502,0.99733,100.0,0.59,0.38,0.39,0.69,50.45,52.36,52.18,49.77,0.994,0.995,0.995,0.994,/tmpdir/crf_16.mpd,/videos/BigBuckBunny-2160.avi
4598,0.99061,8.28391,0.99765,48.91772,0.99953,0.84013,0.98466,0.99323,0.99628,100.0,0.7,0.43,0.45,0.83,49.67,51.79,51.64,48.92,0.994,0.995,0.995,0.993,/tmpdir/crf_16.mpd,/videos/BigBuckBunny-2160.avi
4599,0.9941,7.06372,0.99785,49.53319,0.99962,0.84797,0.98864,0.99528,0.99748,100.0,0.61,0.39,0.4,0.72,50.24,52.22,52.07,49.53,0.994,0.995,0.995,0.994,/tmpdir/crf_16.mpd,/videos/BigBuckBunny-2160.avi
4600,0.99164,7.06372,0.99761,48.81473,0.99957,0.83235,0.9851,0.99379,0.99674,100.0,0.72,0.44,0.46,0.85,49.56,51.72,51.47,48.81,0.994,0.995,0.995,0.993,/tmpdir/crf_16.mpd,/videos/BigBuckBunny-2160.avi
4601,0.99211,7.53199,0.99753,48.55149,0.99955,0.82823,0.98381,0.99325,0.99636,100.0,0.76,0.45,0.49,0.91,49.31,51.58,51.21,48.55,0.993,0.995,0.994,0.993,/tmpdir/crf_16.mpd,/videos/BigBuckBunny-2160.avi
4602,0.99534,7.53199,0.99805,49.86827,0.99965,0.85865,0.99046,0.99618,0.99803,100.0,0.58,0.39,0.41,0.67,50.5,52.25,52.01,49.87,0.994,0.995,0.995,0.994,/tmpdir/crf_16.mpd,/videos/BigBuckBunny-2160.avi
4603,0.99244,5.75042,0.99764,48.72973,0.99954,0.83768,0.98504,0.99367,0.99663,100.0,0.74,0.46,0.49,0.87,49.44,51.49,51.21,48.73,0.994,0.995,0.995,0.993,/tmpdir/crf_16.mpd,/videos/BigBuckBunny-2160.avi
4604,0.99381,5.75042,0.99777,49.01042,0.99958,0.84332,0.98774,0.9949,0.99734,100.0,0.69,0.44,0.46,0.82,49.72,51.73,51.53,49.01,0.994,0.995,0.995,0.993,/tmpdir/crf_16.mpd,/videos/BigBuckBunny-2160.avi
4605,0.99239,3.65014,0.99773,48.83449,0.99955,0.84098,0.98588,0.99382,0.9966,100.0,0.72,0.45,0.47,0.85,49.56,51.62,51.45,48.83,0.994,0.995,0.995,0.993,/tmpdir/crf_16.mpd,/videos/BigBuckBunny-2160.avi
4606,0.99485,3.65014,0.99814,49.80358,0.99966,0.8583,0.99242,0.99713,0.9986,100.0,0.59,0.4,0.41,0.68,50.43,52.15,51.96,49.8,0.995,0.995,0.995,0.994,/tmpdir/crf_16.mpd,/videos/BigBuckBunny-2160.avi
4607,0.99183,1.93872,0.99765,48.42161,0.99957,0.82602,0.98648,0.99451,0.99707,99.4504,0.79,0.48,0.5,0.94,49.17,51.31,51.16,48.42,0.993,0.994,0.994,0.993,/tmpdir/crf_16.mpd,/videos/BigBuckBunny-2160.avi
4608,0.9914,1.93872,0.99773,48.54825,0.99961,0.82436,0.98753,0.99486,0.99721,99.38993,0.77,0.47,0.49,0.91,49.29,51.4,51.25,48.55,0.993,0.995,0.994,0.993,/tmpdir/crf_16.mpd,/videos/BigBuckBunny-2160.avi
4609,0.99073,2.17102,0.99755,48.16488,0.99956,0.81688,0.98523,0.99384,0.99663,99.31526,0.83,0.49,0.52,0.99,48.95,51.25,50.99,48.16,0.993,0.994,0.994,0.992,/tmpdir/crf_16.mpd,/videos/BigBuckBunny-2160.avi
4610,0.99275,2.48649,0.99756,48.45509,0.99958,0.82695,0.98685,0.9948,0.99735,99.92798,0.78,0.46,0.48,0.93,49.23,51.52,51.29,48.46,0.993,0.995,0.994,0.992,/tmpdir/crf_16.mpd,/videos/BigBuckBunny-2160.avi
4611,0.99228,9.43492,0.99766,49.25353,0.99956,0.84125,0.98316,0.99252,0.99586,100.0,0.65,0.41,0.43,0.77,49.97,52.01,51.81,49.25,0.994,0.995,0.995,0.993,/tmpdir/crf_16.mpd,/videos/BigBuckBunny-2160.avi
4612,0.99467,11.6709,0.99783,49.83296,0.99958,0.85201,0.98587,0.99387,0.99674,100.0,0.57,0.36,0.37,0.68,50.55,52.53,52.39,49.83,0.995,0.996,0.996,0.994,/tmpdir/crf_16.mpd,/videos/BigBuckBunny-2160.avi
4613,0.99668,13.88904,0.99843,52.1404,0.99965,0.9014,0.99385,0.99737,0.99857,100.0,0.35,0.24,0.25,0.4,52.74,54.3,54.23,52.14,0.996,0.997,0.997,0.996,/tmpdir/crf_16.mpd,/videos/BigBuckBunny-2160.avi
4614,0.99249,13.88904,0.99778,49.93268,0.99954,0.85727,0.98588,0.99394,0.9967,100.0,0.55,0.34,0.35,0.66,50.69,52.87,52.69,49.93,0.995,0.996,0.996,0.994,/tmpdir/crf_16.mpd,/videos/BigBuckBunny-2160.avi
4615,0.99348,7.61394,0.99785,50.1935,0.99954,0.85933,0.98713,0.99466,0.9973,100.0,0.54,0.38,0.38,0.62,50.8,52.38,52.32,50.19,0.995,0.996,0.996,0.995,/tmpdir/crf_16.mpd,/videos/BigBuckBunny-2160.avi
4616,0.99168,7.61394,0.99761,49.59665,0.99948,0.84783,0.98465,0.9935,0.99655,100.0,0.61,0.4,0.41,0.71,50.28,52.12,52.05,49.6,0.995,0.996,0.995,0.994,/tmpdir/crf_16.mpd,/videos/BigBuckBunny-2160.avi
4617,0.99521,6.61991,0.99805,51.06916,0.99956,0.87538,0.9909,0.99629,0.99812,100.0,0.45,0.32,0.32,0.51,51.65,53.13,53.07,51.07,0.996,0.996,0.996,0.995,/tmpdir/crf_16.mpd,/videos/BigBuckBunny-2160.avi
4618,0.9925,6.61991,0.99762,49.75971,0.99945,0.85077,0.98468,0.99325,0.99619,100.0,0.58,0.37,0.38,0.69,50.47,52.43,52.36,49.76,0.995,0.996,0.996,0.994,/tmpdir/crf_16.mpd,/videos/BigBuckBunny-2160.avi
4619,0.99357,4.7389,0.99785,50.20488,0.99952,0.85942,0.98849,0.99528,0.99751,100.0,0.54,0.37,0.38,0.62,50.82,52.43,52.38,50.2,0.995,0.996,0.996,0.995,/tmpdir/crf_16.mpd,/videos/BigBuckBunny-2160.avi
4620,0.99202,4.7389,0.99768,49.82369,0.99946,0.85234,0.9848,0.99355,0.99642,100.0,0.58,0.39,0.39,0.68,50.48,52.2,52.19,49.82,0.995,0.996,0.996,0.994,/tmpdir/crf_16.mpd,/videos/BigBuckBunny-2160.avi
4621,0.99607,5.45844,0.99805,50.89953,0.99956,0.87376,0.99062,0.99622,0.99807,100.0,0.46,0.32,0.33,0.53,51.5,53.03,53.0,50.9,0.996,0.996,0.996,0.995,/tmpdir/crf_16.mpd,/videos/BigBuckBunny-2160.avi
4622,0.99256,5.45844,0.99773,49.99078,0.99947,0.85866,0.98456,0.99292,0.99591,100.0,0.56,0.37,0.36,0.65,50.67,52.47,52.51,49.99,0.995,0.996,0.996,0.995,/tmpdir/crf_16.mpd,/videos/BigBuckBunny-2160.avi
4623,0.99356,7.62672,0.99792,50.34218,0.99954,0.86535,0.98847,0.99494,0.99724,100.0,0.52,0.35,0.34,0.6,51.01,52.74,52.8,50.34,0.995,0.996,0.996,0.995,/tmpdir/crf_16.mpd,/videos/BigBuckBunny-2160.avi
4624,0.99257,7.62672,0.99778,49.97789,0.99951,0.85995,0.98643,0.99382,0.99645,100.0,0.56,0.36,0.36,0.65,50.68,52.54,52.61,49.98,0.995,0.996,0.996,0.994,/tmpdir/crf_16.mpd,/videos/BigBuckBunny-2160.avi
4625,0.99678,9.41588,0.99811,50.99025,0.99958,0.87746,0.99112,0.99617,0.99794,100.0,0.44,0.29,0.3,0.52,51.66,53.43,53.38,50.99,0.996,0.997,0.996,0.995,/tmpdir/crf_16.mpd,/videos/BigBuckBunny-2160.avi
4626,0.99279,9.41588,0.99785,49.86307,0.99955,0.85688,0.98628,0.99377,0.99648,100.0,0.57,0.37,0.38,0.67,50.55,52.42,52.37,49.86,0.995,0.996,0.996,0.994,/tmpdir/crf_16.mpd,/videos/BigBuckBunny-2160.avi
4627,0.99382,7.82382,0.99799,50.20602,0.99958,0.86457,0.98839,0.9949,0.99728,100.0,0.53,0.35,0.35,0.62,50.89,52.73,52.72,50.21,0.995,0.996,0.996,0.995,/tmpdir/crf_16.mpd,/videos/BigBuckBunny-2160.avi
4628,0.99337,7.82382,0.99782,49.74044,0.99954,0.85749,0.98651,0.99388,0.99654,100.0,0.58,0.37,0.37,0.69,50.47,52.48,52.46,49.74,0.995,0.996,0.996,0.994,/tmpdir/crf_16.mpd,/videos/BigBuckBunny-2160.avi
4629,0.99654,5.4598,0.99836,51.46835,0.99963,0.89185,0.99354,0.99736,0.99864,100.0,0.41,0.29,0.29,0.46,52.05,53.57,53.48,51.47,0.996,0.997,0.997,0.996,/tmpdir/crf_16.mpd,/videos/BigBuckBunny-2160.avi
4630,0.99263,5.27035,0.99772,49.23524,0.99952,0.84733,0.98514,0.99348,0.99645,100.0,0.65,0.39,0.41,0.78,50.01,52.23,52.05,49.24,0.994,0.996,0.996,0.994,/tmpdir/crf_16.mpd,/videos/BigBuckBunny-2160.avi
4631,0.99315,2.65547,0.99791,49.42677,0.99956,0.85388,0.98887,0.99515,0.99726,100.0,0.62,0.37,0.39,0.74,50.2,52.43,52.25,49.43,0.995,0.996,0.996,0.994,/tmpdir/crf_16.mpd,/videos/BigBuckBunny-2160.avi
4632,0.99224,2.65547,0.99795,49.44209,0.99954,0.85469,0.98766,0.99449,0.99681,99.93692,0.62,0.38,0.39,0.74,50.2,52.3,52.24,49.44,0.995,0.996,0.996,0.994,/tmpdir/crf_16.mpd,/videos/BigBuckBunny-2160.avi
4633,0.99594,1.64718,0.99841,51.08046,0.99964,0.8869,0.99488,0.99796,0.99892,100.0,0.44,0.31,0.31,0.51,51.69,53.29,53.2,51.08,0.996,0.996,0.996,0.996,/tmpdir/crf_16.mpd,/videos/BigBuckBunny-2160.avi
4634,0.99272,1.64718,0.99805,49.72502,0.99954,0.86311,0.98947,0.99519,0.99714,99.56193,0.59,0.37,0.37,0.69,50.45,52.45,52.4,49.73,0.995,0.996,0.996,0.995,/tmpdir/crf_16.mpd,/videos/BigBuckBunny-2160.avi
4635,0.99255,1.17498,0.99808,49.77123,0.99956,0.8638,0.99026,0.9956,0.99747,99.33134,0.58,0.35,0.36,0.69,50.53,52.63,52.58,49.77,0.995,0.996,0.996,0.995,/tmpdir/crf_16.mpd,/videos/BigBuckBunny-2160.avi
4636,0.99232,1.17498,0.99805,49.64495,0.99955,0.8621,0.98979,0.99534,0.99725,99.2639,0.6,0.37,0.38,0.71,50.38,52.39,52.34,49.64,0.995,0.996,0.996,0.995,/tmpdir/crf_16.mpd,/videos/BigBuckBunny-2160.avi
4637,0.99552,0.85067,0.99834,50.71942,0.99964,0.88007,0.99476,0.99792,0.9989,99.90329,0.47,0.32,0.32,0.55,51.37,53.12,53.05,50.72,0.996,0.996,0.996,0.995,/tmpdir/crf_16.mpd,/videos/BigBuckBunny-2160.avi
4638,0.99269,0.85067,0.99809,49.72055,0.99957,0.86137,0.99055,0.99582,0.99761,99.20725,0.59,0.38,0.38,0.69,50.43,52.35,52.37,49.72,0.995,0.996,0.996,0.995,/tmpdir/crf_16.mpd,/videos/BigBuckBunny-2160.avi
4639,0.99268,0.55075,0.99807,49.66281,0.99957,0.85991,0.99069,0.99593,0.99772,99.06698,0.59,0.36,0.37,0.7,50.42,52.52,52.47,49.66,0.995,0.996,0.996,0.995,/tmpdir/crf_16.mpd,/videos/BigBuckBunny-2160.avi
4640,0.99252,0.55075,0.99807,49.62582,0.99957,0.85945,0.99036,0.99573,0.99755,99.02104,0.6,0.39,0.38,0.71,50.34,52.26,52.28,49.63,0.995,0.996,0.996,0.995,/tmpdir/crf_16.mpd,/videos/BigBuckBunny-2160.avi
4641,0.99594,0.56241,0.99829,50.55938,0.99963,0.87885,0.99419,0.99765,0.99874,99.81943,0.49,0.32,0.33,0.57,51.23,53.02,52.99,50.56,0.996,0.996,0.996,0.995,/tmpdir/crf_16.mpd,/videos/BigBuckBunny-2160.avi
4642,0.99362,0.56241,0.99816,50.07162,0.99959,0.86918,0.99145,0.99629,0.99793,99.28941,0.55,0.37,0.36,0.64,50.74,52.51,52.52,50.07,0.995,0.996,0.996,0.995,/tmpdir/crf_16.mpd,/videos/BigBuckBunny-2160.avi
4643,0.99233,1.26532,0.99809,49.82227,0.99957,0.86422,0.9906,0.99584,0.99767,99.35747,0.58,0.39,0.39,0.68,50.49,52.25,52.24,49.82,0.995,0.996,0.996,0.995,/tmpdir/crf_16.mpd,/videos/BigBuckBunny-2160.avi
4644,0.99424,1.26532,0.99819,50.08143,0.99961,0.86867,0.99283,0.99701,0.99841,99.789,0.54,0.35,0.35,0.64,50.79,52.72,52.67,50.08,0.995,0.996,0.996,0.995,/tmpdir/crf_16.mpd,/videos/BigBuckBunny-2160.avi
4645,0.99662,1.13531,0.99868,52.76523,0.99964,0.9192,0.99691,0.99878,0.99938,100.0,0.3,0.22,0.22,0.34,53.33,54.78,54.74,52.77,0.997,0.997,0.997,0.997,/tmpdir/crf_16.mpd,/videos/BigBuckBunny-2160.avi
4646,0.99277,1.13531,0.99837,50.75742,0.99958,0.88928,0.99243,0.99651,0.99795,99.47719,0.45,0.27,0.27,0.55,51.56,53.87,53.79,50.76,0.996,0.997,0.997,0.996,/tmpdir/crf_16.mpd,/videos/BigBuckBunny-2160.avi
4647,0.99203,1.25437,0.9983,50.40836,0.99956,0.88165,0.99186,0.99627,0.99782,99.36705,0.49,0.29,0.3,0.59,51.2,53.44,53.41,50.41,0.996,0.997,0.997,0.996,/tmpdir/crf_16.mpd,/videos/BigBuckBunny-2160.avi
4648,0.99139,1.25437,0.99821,50.03427,0.99955,0.87426,0.99093,0.99598,0.99774,99.21972,0.54,0.33,0.33,0.65,50.81,52.97,53.0,50.03,0.996,0.996,0.996,0.995,/tmpdir/crf_16.mpd,/videos/BigBuckBunny-2160.avi
4649,0.99193,0.99135,0.99817,49.80382,0.99956,0.86694,0.99118,0.99624,0.99791,99.18745,0.56,0.31,0.31,0.68,50.68,53.28,53.23,49.8,0.995,0.996,0.996,0.995,/tmpdir/crf_16.mpd,/videos/BigBuckBunny-2160.avi
4650,0.99043,0.99135,0.99804,49.35551,0.99954,0.85909,0.98887,0.99505,0.99715,98.81769,0.61,0.33,0.33,0.75,50.25,52.88,52.92,49.36,0.995,0.996,0.996,0.995,/tmpdir/crf_16.mpd,/videos/BigBuckBunny-2160.avi
4651,0.99804,0.00939,0.99889,55.19728,0.99955,0.95846,0.99873,0.99945,0.99971,100.0,0.17,0.12,0.11,0.2,55.86,57.43,57.78,55.2,0.998,0.998,0.998,0.998,/tmpdir/crf_16.mpd,/videos/BigBuckBunny-2160.avi
4652,0.99795,0.00939,0.99886,54.97043,0.99955,0.95652,0.99864,0.99941,0.99968,100.0,0.18,0.12,0.11,0.21,55.67,57.36,57.71,54.97,0.998,0.998,0.998,0.998,/tmpdir/crf_16.mpd,/videos/BigBuckBunny-2160.avi
4653,0.99764,0.0238,0.9988,54.50335,0.99954,0.9528,0.99843,0.9993,0.99961,100.0,0.19,0.12,0.11,0.23,55.28,57.26,57.62,54.5,0.998,0.998,0.998,0.998,/tmpdir/crf_16.mpd,/videos/BigBuckBunny-2160.avi
4654,0.99745,0.02673,0.99875,54.20424,0.99953,0.95038,0.9983,0.99923,0.99956,100.0,0.2,0.12,0.11,0.25,55.03,57.22,57.59,54.2,0.998,0.998,0.998,0.998,/tmpdir/crf_16.mpd,/videos/BigBuckBunny-2160.avi
4655,0.99773,0.03715,0.99876,54.15353,0.99954,0.94975,0.99837,0.99931,0.99966,100.0,0.21,0.12,0.11,0.25,54.98,57.18,57.55,54.15,0.998,0.998,0.998,0.998,/tmpdir/crf_16.mpd,/videos/BigBuckBunny-2160.avi
4656,0.99727,0.03715,0.9987,53.84577,0.99951,0.9471,0.99804,0.99909,0.99948,100.0,0.22,0.13,0.12,0.27,54.72,57.1,57.49,53.85,0.998,0.998,0.998,0.997,/tmpdir/crf_16.mpd,/videos/BigBuckBunny-2160.avi
4657,0.99753,0.04856,0.9987,53.80766,0.99952,0.94666,0.99802,0.99907,0.99947,100.0,0.22,0.13,0.12,0.27,54.68,57.06,57.46,53.81,0.998,0.998,0.998,0.997,/tmpdir/crf_16.mpd,/videos/BigBuckBunny-2160.avi
4658,0.99732,0.04856,0.99868,53.75618,0.99951,0.94676,0.99789,0.99899,0.9994,100.0,0.22,0.13,0.12,0.27,54.63,57.0,57.43,53.76,0.998,0.998,0.998,0.997,/tmpdir/crf_16.mpd,/videos/BigBuckBunny-2160.avi
4659,0.99794,0.05141,0.99875,54.12519,0.99953,0.95078,0.99821,0.99918,0.99954,100.0,0.21,0.13,0.12,0.25,54.94,57.04,57.48,54.13,0.998,0.998,0.998,0.998,/tmpdir/crf_16.mpd,/videos/BigBuckBunny-2160.avi
4660,0.99742,0.05141,0.99869,53.84647,0.9995,0.94828,0.99781,0.99895,0.99938,100.0,0.22,0.13,0.12,0.27,54.69,56.89,57.36,53.85,0.998,0.998,0.998,0.998,/tmpdir/crf_16.mpd,/videos/BigBuckBunny-2160.avi
4661,0.99748,0.05172,0.9987,53.87596,0.99951,0.9489,0.99781,0.99895,0.99938,100.0,0.22,0.13,0.12,0.27,54.71,56.86,57.34,53.88,0.998,0.998,0.998,0.998,/tmpdir/crf_16.mpd,/videos/BigBuckBunny-2160.avi
4662,0.99742,0.05172,0.99868,53.78298,0.99949,0.94802,0.99773,0.9989,0.99932,100.0,0.22,0.13,0.12,0.27,54.63,56.84,57.31,53.78,0.998,0.998,0.998,0.998,/tmpdir/crf_16.mpd,/videos/BigBuckBunny-2160.avi
4663,0.99768,0.05271,0.99874,54.06636,0.99953,0.95061,0.99813,0.99915,0.99954,100.0,0.21,0.13,0.12,0.25,54.87,56.9,57.39,54.07,0.998,0.998,0.998,0.998,/tmpdir/crf_16.mpd,/videos/BigBuckBunny-2160.avi
4664,0.99728,0.05271,0.99867,53.7303,0.9995,0.94716,0.99768,0.99887,0.99934,100.0,0.23,0.14,0.12,0.28,54.58,56.77,57.27,53.73,0.998,0.998,0.998,0.997,/tmpdir/crf_16.mpd,/videos/BigBuckBunny-2160.avi
4665,0.99718,0.04803,0.99868,53.68429,0.99951,0.9461,0.99776,0.99894,0.9994,100.0,0.23,0.14,0.12,0.28,54.53,56.74,57.25,53.68,0.998,0.998,0.998,0.997,/tmpdir/crf_16.mpd,/videos/BigBuckBunny-2160.avi
4666,0.99721,0.04803,0.99866,53.5797,0.9995,0.94454,0.99775,0.99894,0.99939,100.0,0.23,0.14,0.12,0.29,54.44,56.72,57.23,53.58,0.998,0.998,0.998,0.997,/tmpdir/crf_16.mpd,/videos/BigBuckBunny-2160.avi
4667,0.99742,0.04026,0.99873,53.88793,0.99953,0.94662,0.99807,0.99912,0.9995,100.0,0.22,0.14,0.12,0.27,54.71,56.79,57.3,53.89,0.998,0.998,0.998,0.997,/tmpdir/crf_16.mpd,/videos/BigBuckBunny-2160.avi
4668,0.99685,0.04026,0.99867,53.5618,0.99951,0.94375,0.99778,0.99895,0.99938,100.0,0.23,0.14,0.12,0.29,54.43,56.71,57.23,53.56,0.998,0.998,0.998,0.997,/tmpdir/crf_16.mpd,/videos/BigBuckBunny-2160.avi
4669,0.99719,0.039,0.99868,53.61717,0.99952,0.9445,0.99779,0.99896,0.99941,100.0,0.23,0.14,0.12,0.28,54.47,56.69,57.21,53.62,0.998,0.998,0.998,0.997,/tmpdir/crf_16.mpd,/videos/BigBuckBunny-2160.avi
4670,0.99707,0.039,0.99867,53.56423,0.99951,0.9439,0.99775,0.99892,0.99936,100.0,0.23,0.14,0.12,0.29,54.43,56.69,57.19,53.56,0.998,0.998,0.998,0.997,/tmpdir/crf_16.mpd,/videos/BigBuckBunny-2160.avi
4671,0.99743,0.02976,0.99873,53.85999,0.99953,0.94608,0.99807,0.99912,0.99951,100.0,0.22,0.14,0.12,0.27,54.68,56.75,57.25,53.86,0.998,0.998,0.998,0.997,/tmpdir/crf_16.mpd,/videos/BigBuckBunny-2160.avi
4672,0.99708,0.02976,0.99869,53.61022,0.99952,0.94397,0.99787,0.99902,0.99944,100.0,0.23,0.14,0.12,0.28,54.47,56.72,57.21,53.61,0.998,0.998,0.998,0.997,/tmpdir/crf_16.mpd,/videos/BigBuckBunny-2160.avi
4673,0.99687,0.03167,0.99868,53.53874,0.99952,0.94342,0.99778,0.99895,0.99941,100.0,0.24,0.14,0.12,0.29,54.41,56.72,57.2,53.54,0.998,0.998,0.998,0.997,/tmpdir/crf_16.mpd,/videos/BigBuckBunny-2160.avi
4674,0.99715,0.03308,0.99868,53.59897,0.99952,0.9443,0.9978,0.99896,0.99939,100.0,0.23,0.14,0.12,0.28,54.46,56.72,57.2,53.6,0.998,0.998,0.998,0.997,/tmpdir/crf_16.mpd,/videos/BigBuckBunny-2160.avi
4675,0.99757,0.04535,0.99873,53.91153,0.99953,0.94734,0.99813,0.99915,0.99951,100.0,0.22,0.14,0.12,0.26,54.72,56.76,57.24,53.91,0.998,0.998,0.998,0.998,/tmpdir/crf_16.mpd,/videos/BigBuckBunny-2160.avi
4676,0.99697,0.04535,0.99869,53.69596,0.99952,0.94568,0.99779,0.99895,0.99938,100.0,0.23,0.14,0.12,0.28,54.53,56.67,57.16,53.7,0.998,0.998,0.998,0.997,/tmpdir/crf_16.mpd,/videos/BigBuckBunny-2160.avi
4677,0.99713,0.05248,0.9987,53.72292,0.99952,0.94592,0.99784,0.99897,0.99939,100.0,0.23,0.14,0.13,0.28,54.55,56.68,57.16,53.72,0.998,0.998,0.998,0.997,/tmpdir/crf_16.mpd,/videos/BigBuckBunny-2160.avi
4678,0.99709,0.05248,0.99868,53.65712,0.99951,0.94549,0.99779,0.99895,0.99939,100.0,0.23,0.14,0.13,0.28,54.49,56.66,57.15,53.66,0.998,0.998,0.998,0.997,/tmpdir/crf_16.mpd,/videos/BigBuckBunny-2160.avi
4679,0.99757,0.04543,0.99873,53.89143,0.99953,0.94728,0.99813,0.99916,0.99955,100.0,0.22,0.14,0.12,0.27,54.7,56.74,57.23,53.89,0.998,0.998,0.998,0.997,/tmpdir/crf_16.mpd,/videos/BigBuckBunny-2160.avi
4680,0.99718,0.04543,0.99869,53.68969,0.99952,0.94551,0.9978,0.99895,0.99938,100.0,0.23,0.14,0.12,0.28,54.52,56.68,57.17,53.69,0.998,0.998,0.998,0.997,/tmpdir/crf_16.mpd,/videos/BigBuckBunny-2160.avi
4681,0.99696,0.03417,0.99869,53.60002,0.99952,0.94431,0.99781,0.99898,0.99944,100.0,0.23,0.14,0.13,0.28,54.45,56.66,57.15,53.6,0.998,0.998,0.998,0.997,/tmpdir/crf_16.mpd,/videos/BigBuckBunny-2160.avi
4682,0.99679,0.03417,0.99868,53.56616,0.99952,0.94397,0.99781,0.99897,0.99941,100.0,0.23,0.14,0.13,0.29,54.42,56.67,57.16,53.57,0.998,0.998,0.998,0.997,/tmpdir/crf_16.mpd,/videos/BigBuckBunny-2160.avi
4683,0.99723,0.02589,0.99872,53.74509,0.99953,0.94528,0.99809,0.99915,0.99954,100.0,0.23,0.14,0.12,0.27,54.57,56.71,57.19,53.75,0.998,0.998,0.998,0.997,/tmpdir/crf_16.mpd,/videos/BigBuckBunny-2160.avi
4684,0.99701,0.02589,0.99869,53.62673,0.99952,0.94453,0.9979,0.99904,0.99947,100.0,0.23,0.14,0.12,0.28,54.47,56.69,57.17,53.63,0.998,0.998,0.998,0.997,/tmpdir/crf_16.mpd,/videos/BigBuckBunny-2160.avi
4685,0.99699,0.04129,0.9987,53.70306,0.99952,0.94659,0.99775,0.99891,0.99934,100.0,0.23,0.14,0.12,0.28,54.53,56.67,57.16,53.7,0.998,0.998,0.998,0.997,/tmpdir/crf_16.mpd,/videos/BigBuckBunny-2160.avi
4686,0.99714,0.04129,0.99868,53.6954,0.99951,0.94675,0.9978,0.99898,0.99943,100.0,0.23,0.14,0.13,0.28,54.53,56.67,57.15,53.7,0.998,0.998,0.998,0.997,/tmpdir/crf_16.mpd,/videos/BigBuckBunny-2160.avi
4687,0.99763,0.04594,0.99872,53.89986,0.99953,0.94911,0.99807,0.99912,0.99951,100.0,0.22,0.14,0.12,0.26,54.7,56.73,57.22,53.9,0.998,0.998,0.998,0.998,/tmpdir/crf_16.mpd,/videos/BigBuckBunny-2160.avi
4688,0.99729,0.04594,0.99868,53.72972,0.9995,0.94719,0.99773,0.99889,0.99934,100.0,0.23,0.14,0.13,0.28,54.55,56.66,57.14,53.73,0.998,0.998,0.998,0.997,/tmpdir/crf_16.mpd,/videos/BigBuckBunny-2160.avi
4689,0.99719,0.03829,0.99869,53.67864,0.99952,0.94663,0.99773,0.99892,0.99938,100.0,0.23,0.14,0.13,0.28,54.51,56.65,57.13,53.68,0.998,0.998,0.998,0.997,/tmpdir/crf_16.mpd,/videos/BigBuckBunny-2160.avi
4690,0.99698,0.03829,0.99867,53.61108,0.99951,0.94574,0.99773,0.99893,0.99939,100.0,0.23,0.14,0.13,0.28,54.45,56.64,57.12,53.61,0.998,0.998,0.998,0.997,/tmpdir/crf_16.mpd,/videos/BigBuckBunny-2160.avi
4691,0.99722,0.04136,0.9987,53.67842,0.99953,0.94539,0.99789,0.99902,0.99944,100.0,0.23,0.14,0.12,0.28,54.52,56.69,57.16,53.68,0.998,0.998,0.998,0.997,/tmpdir/crf_16.mpd,/videos/BigBuckBunny-2160.avi
4692,0.99735,0.09328,0.99866,53.60667,0.9995,0.94592,0.99755,0.99882,0.99931,100.0,0.23,0.14,0.13,0.28,54.44,56.59,57.07,53.61,0.998,0.998,0.998,0.997,/tmpdir/crf_16.mpd,/videos/BigBuckBunny-2160.avi
4693,0.99738,0.14507,0.99865,53.57978,0.9995,0.94728,0.99746,0.9988,0.99931,100.0,0.24,0.14,0.13,0.29,54.41,56.57,57.06,53.58,0.998,0.998,0.998,0.997,/tmpdir/crf_16.mpd,/videos/BigBuckBunny-2160.avi
4694,0.99714,0.14507,0.99862,53.49926,0.99948,0.94688,0.99728,0.99868,0.9992,100.0,0.24,0.15,0.13,0.29,54.34,56.51,57.02,53.5,0.998,0.998,0.998,0.997,/tmpdir/crf_16.mpd,/videos/BigBuckBunny-2160.avi
4695,0.99764,0.23252,0.99869,53.81905,0.99952,0.95025,0.99786,0.99901,0.99943,100.0,0.22,0.14,0.12,0.27,54.64,56.73,57.19,53.82,0.998,0.998,0.998,0.997,/tmpdir/crf_16.mpd,/videos/BigBuckBunny-2160.avi
4696,0.9973,0.23252,0.99862,53.52579,0.99949,0.94671,0.99721,0.99863,0.99919,100.0,0.24,0.15,0.13,0.29,54.36,56.5,57.01,53.53,0.998,0.998,0.998,0.997,/tmpdir/crf_16.mpd,/videos/BigBuckBunny-2160.avi
4697,0.99695,0.25306,0.99863,53.48259,0.9995,0.94559,0.99723,0.99868,0.99922,100.0,0.24,0.15,0.13,0.29,54.32,56.48,57.01,53.48,0.998,0.998,0.998,0.997,/tmpdir/crf_16.mpd,/videos/BigBuckBunny-2160.avi
4698,0.99681,0.25306,0.99861,53.43243,0.99949,0.94536,0.99716,0.99864,0.9992,100.0,0.24,0.15,0.13,0.3,54.27,56.41,56.93,53.43,0.998,0.998,0.998,0.997,/tmpdir/crf_16.mpd,/videos/BigBuckBunny-2160.avi
4699,0.99751,0.26793,0.99868,53.71729,0.99952,0.94812,0.99785,0.99901,0.99945,100.0,0.23,0.14,0.13,0.28,54.53,56.59,57.04,53.72,0.998,0.998,0.998,0.997,/tmpdir/crf_16.mpd,/videos/BigBuckBunny-2160.avi
4700,0.9969,0.26793,0.99862,53.44515,0.99949,0.94511,0.9972,0.99865,0.99919,100.0,0.24,0.15,0.13,0.29,54.27,56.41,56.89,53.45,0.998,0.998,0.998,0.997,/tmpdir/crf_16.mpd,/videos/BigBuckBunny-2160.avi
4701,0.99687,0.14626,0.99863,53.41929,0.9995,0.94481,0.99731,0.99873,0.99926,100.0,0.24,0.15,0.13,0.3,54.25,56.42,56.89,53.42,0.998,0.998,0.998,0.997,/tmpdir/crf_16.mpd,/videos/BigBuckBunny-2160.avi
4702,0.99676,0.14626,0.99861,53.39514,0.99949,0.94463,0.99736,0.99875,0.99929,100.0,0.25,0.15,0.13,0.3,54.23,56.39,56.86,53.4,0.998,0.998,0.998,0.997,/tmpdir/crf_16.mpd,/videos/BigBuckBunny-2160.avi
4703,0.99747,0.07873,0.99868,53.65009,0.99953,0.94648,0.99792,0.99909,0.99952,100.0,0.23,0.15,0.13,0.28,54.45,56.5,56.94,53.65,0.998,0.998,0.998,0.997,/tmpdir/crf_16.mpd,/videos/BigBuckBunny-2160.avi
4704,0.99653,0.07873,0.99862,53.41642,0.9995,0.94433,0.99734,0.99872,0.99927,99.98767,0.24,0.15,0.14,0.3,54.24,56.38,56.83,53.42,0.998,0.998,0.998,0.997,/tmpdir/crf_16.mpd,/videos/BigBuckBunny-2160.avi
4705,0.99684,0.0678,0.99864,53.43818,0.99951,0.94445,0.99739,0.99876,0.99929,100.0,0.24,0.15,0.13,0.29,54.26,56.4,56.85,53.44,0.998,0.998,0.998,0.997,/tmpdir/crf_16.mpd,/videos/BigBuckBunny-2160.avi
4706,0.99676,0.0678,0.99861,53.37316,0.99949,0.94412,0.99737,0.99873,0.99923,100.0,0.25,0.15,0.14,0.3,54.2,56.37,56.82,53.37,0.998,0.998,0.998,0.997,/tmpdir/crf_16.mpd,/videos/BigBuckBunny-2160.avi
4707,0.99721,0.05965,0.99867,53.56439,0.99952,0.94563,0.99776,0.99898,0.99944,100.0,0.24,0.15,0.13,0.29,54.37,56.44,56.89,53.56,0.998,0.998,0.998,0.997,/tmpdir/crf_16.mpd,/videos/BigBuckBunny-2160.avi
4708,0.99681,0.05965,0.99863,53.38618,0.9995,0.94425,0.99737,0.99871,0.9992,100.0,0.25,0.15,0.14,0.3,54.21,56.34,56.81,53.39,0.998,0.998,0.998,0.997,/tmpdir/crf_16.mpd,/videos/BigBuckBunny-2160.avi
4709,0.99702,0.05043,0.99863,53.30931,0.99951,0.94301,0.99736,0.99874,0.99926,100.0,0.25,0.15,0.13,0.3,54.15,56.32,56.83,53.31,0.997,0.998,0.998,0.997,/tmpdir/crf_16.mpd,/videos/BigBuckBunny-2160.avi
4710,0.9967,0.05043,0.9986,53.19315,0.9995,0.94184,0.99735,0.99875,0.99926,99.99712,0.26,0.15,0.14,0.31,54.05,56.31,56.8,53.19,0.997,0.998,0.998,0.997,/tmpdir/crf_16.mpd,/videos/BigBuckBunny-2160.avi
4711,0.99688,0.04073,0.99864,53.27077,0.99952,0.94164,0.99755,0.99886,0.99936,100.0,0.25,0.15,0.13,0.31,54.12,56.36,56.85,53.27,0.997,0.998,0.998,0.997,/tmpdir/crf_16.mpd,/videos/BigBuckBunny-2160.avi
4712,0.99631,0.04073,0.99859,52.99666,0.9995,0.93895,0.99725,0.9987,0.99925,99.90957,0.27,0.15,0.14,0.33,53.89,56.32,56.82,53.0,0.997,0.998,0.998,0.997,/tmpdir/crf_16.mpd,/videos/BigBuckBunny-2160.avi
4713,0.99637,0.04071,0.99858,52.9426,0.99951,0.93731,0.99725,0.99871,0.99926,99.91569,0.27,0.15,0.14,0.33,53.85,56.29,56.8,52.94,0.997,0.998,0.998,0.997,/tmpdir/crf_16.mpd,/videos/BigBuckBunny-2160.avi
4714,0.99669,0.04071,0.99857,52.86097,0.99951,0.9353,0.99728,0.99876,0.99931,99.9678,0.27,0.15,0.14,0.34,53.78,56.29,56.78,52.86,0.997,0.998,0.998,0.997,/tmpdir/crf_16.mpd,/videos/BigBuckBunny-2160.avi
4715,0.99692,0.03851,0.99859,52.97882,0.99951,0.9368,0.99732,0.99877,0.99931,100.0,0.27,0.15,0.13,0.33,53.88,56.32,56.83,52.98,0.997,0.998,0.998,0.997,/tmpdir/crf_16.mpd,/videos/BigBuckBunny-2160.avi
4716,0.99692,0.03851,0.99858,52.96418,0.99951,0.93696,0.99717,0.99867,0.99924,100.0,0.27,0.15,0.14,0.33,53.86,56.3,56.8,52.96,0.997,0.998,0.998,0.997,/tmpdir/crf_16.mpd,/videos/BigBuckBunny-2160.avi
4717,0.99673,0.12317,0.99858,53.12019,0.99949,0.94272,0.99695,0.99851,0.99911,100.0,0.26,0.15,0.14,0.32,53.98,56.23,56.75,53.12,0.997,0.998,0.998,0.997,/tmpdir/crf_16.mpd,/videos/BigBuckBunny-2160.avi
4718,0.99687,0.18534,0.99854,53.00327,0.99948,0.94252,0.99686,0.99845,0.99908,100.0,0.27,0.15,0.14,0.33,53.89,56.3,56.79,53.0,0.997,0.998,0.998,0.997,/tmpdir/crf_16.mpd,/videos/BigBuckBunny-2160.avi
4719,0.99702,10.04115,0.99841,51.8167,0.99961,0.89643,0.99404,0.99761,0.99878,100.0,0.37,0.25,0.26,0.43,52.43,54.07,53.93,51.82,0.996,0.997,0.997,0.996,/tmpdir/crf_16.mpd,/videos/BigBuckBunny-2160.avi
4720,0.99469,10.04115,0.99775,49.74765,0.9995,0.85319,0.98553,0.99367,0.99656,100.0,0.57,0.32,0.33,0.69,50.59,53.1,52.97,49.75,0.995,0.996,0.996,0.994,/tmpdir/crf_16.mpd,/videos/BigBuckBunny-2160.avi
4721,0.99366,5.32786,0.99782,49.58518,0.99952,0.84555,0.9876,0.99483,0.99728,100.0,0.6,0.35,0.37,0.72,50.37,52.69,52.45,49.59,0.994,0.996,0.996,0.994,/tmpdir/crf_16.mpd,/videos/BigBuckBunny-2160.avi
4722,0.99252,5.32786,0.99741,48.65117,0.99946,0.82168,0.98374,0.99329,0.99643,100.0,0.73,0.39,0.42,0.89,49.52,52.22,51.93,48.65,0.993,0.995,0.995,0.993,/tmpdir/crf_16.mpd,/videos/BigBuckBunny-2160.avi
4723,0.99587,10.43471,0.99795,50.68358,0.99954,0.86516,0.98665,0.99401,0.9968,100.0,0.47,0.28,0.29,0.56,51.45,53.68,53.46,50.68,0.995,0.997,0.997,0.995,/tmpdir/crf_16.mpd,/videos/BigBuckBunny-2160.avi
4724,0.99367,12.94437,0.99775,49.97556,0.99952,0.85229,0.98486,0.99327,0.99633,100.0,0.55,0.32,0.35,0.65,50.74,53.03,52.67,49.98,0.995,0.996,0.996,0.994,/tmpdir/crf_16.mpd,/videos/BigBuckBunny-2160.avi
4725,0.99376,11.13132,0.99781,50.03642,0.99955,0.85271,0.9856,0.99383,0.99676,100.0,0.55,0.35,0.37,0.64,50.72,52.65,52.4,50.04,0.995,0.996,0.996,0.994,/tmpdir/crf_16.mpd,/videos/BigBuckBunny-2160.avi
4726,0.99143,11.13132,0.99745,48.96638,0.9995,0.8246,0.98276,0.99301,0.99639,100.0,0.7,0.43,0.45,0.82,49.71,51.82,51.64,48.97,0.993,0.995,0.995,0.993,/tmpdir/crf_16.mpd,/videos/BigBuckBunny-2160.avi
4727,0.99507,12.46977,0.99789,50.35248,0.99955,0.85929,0.98701,0.99445,0.99707,100.0,0.51,0.33,0.34,0.6,51.04,52.92,52.8,50.35,0.995,0.996,0.996,0.994,/tmpdir/crf_16.mpd,/videos/BigBuckBunny-2160.avi
4728,0.99275,12.66015,0.99746,49.22236,0.99947,0.83392,0.9829,0.99282,0.99622,100.0,0.65,0.38,0.4,0.78,50.01,52.29,52.13,49.22,0.994,0.996,0.995,0.993,/tmpdir/crf_16.mpd,/videos/BigBuckBunny-2160.avi
4729,0.99252,9.60785,0.99761,49.20097,0.9995,0.83595,0.98527,0.99386,0.99679,100.0,0.66,0.39,0.42,0.78,49.95,52.18,51.87,49.2,0.994,0.995,0.995,0.993,/tmpdir/crf_16.mpd,/videos/BigBuckBunny-2160.avi
4730,0.991,9.60785,0.99731,48.32082,0.99947,0.81461,0.9817,0.99232,0.99596,100.0,0.8,0.45,0.5,0.96,49.12,51.57,51.18,48.32,0.993,0.995,0.994,0.992,/tmpdir/crf_16.mpd,/videos/BigBuckBunny-2160.avi
4731,0.99418,10.69368,0.99793,49.63864,0.99959,0.85177,0.98786,0.99487,0.99731,100.0,0.6,0.37,0.39,0.71,50.36,52.44,52.17,49.64,0.994,0.996,0.995,0.994,/tmpdir/crf_16.mpd,/videos/BigBuckBunny-2160.avi
4732,0.99178,10.69368,0.99736,48.32443,0.99949,0.81834,0.98219,0.99234,0.99588,100.0,0.79,0.43,0.46,0.96,49.17,51.81,51.46,48.32,0.993,0.995,0.995,0.992,/tmpdir/crf_16.mpd,/videos/BigBuckBunny-2160.avi
4733,0.99025,7.21139,0.99705,47.66416,0.99945,0.79775,0.98055,0.99192,0.99581,100.0,0.91,0.49,0.53,1.11,48.53,51.21,50.93,47.66,0.992,0.994,0.994,0.991,/tmpdir/crf_16.mpd,/videos/BigBuckBunny-2160.avi
4734,0.99316,7.21139,0.99765,48.71356,0.99955,0.83057,0.98635,0.99446,0.99719,100.0,0.74,0.46,0.48,0.87,49.44,51.51,51.34,48.71,0.993,0.995,0.994,0.993,/tmpdir/crf_16.mpd,/videos/BigBuckBunny-2160.avi
4735,0.99336,8.9138,0.99766,48.8174,0.99953,0.83322,0.98775,0.99504,0.99747,100.0,0.72,0.42,0.46,0.85,49.59,51.9,51.54,48.82,0.993,0.995,0.995,0.993,/tmpdir/crf_16.mpd,/videos/BigBuckBunny-2160.avi
4736,0.98934,8.36345,0.99719,47.73364,0.99945,0.80493,0.98057,0.99181,0.99565,100.0,0.9,0.48,0.54,1.1,48.59,51.28,50.83,47.73,0.992,0.994,0.994,0.991,/tmpdir/crf_16.mpd,/videos/BigBuckBunny-2160.avi
4737,0.99068,5.10755,0.9974,47.96033,0.99951,0.811,0.98335,0.99308,0.99636,100.0,0.86,0.48,0.54,1.04,48.77,51.29,50.84,47.96,0.992,0.994,0.994,0.992,/tmpdir/crf_16.mpd,/videos/BigBuckBunny-2160.avi
4738,0.98943,5.10755,0.99723,47.65703,0.99946,0.80605,0.98127,0.99222,0.99591,100.0,0.92,0.5,0.54,1.12,48.51,51.16,50.8,47.66,0.992,0.994,0.994,0.991,/tmpdir/crf_16.mpd,/videos/BigBuckBunny-2160.avi
4739,0.99347,5.91439,0.99794,49.23857,0.99959,0.84768,0.98919,0.99558,0.99777,100.0,0.66,0.41,0.44,0.77,49.95,51.98,51.71,49.24,0.994,0.995,0.995,0.993,/tmpdir/crf_16.mpd,/videos/BigBuckBunny-2160.avi
4740,0.98973,5.91439,0.99744,48.0608,0.99947,0.82176,0.98229,0.99235,0.99581,100.0,0.84,0.48,0.52,1.02,48.87,51.34,51.0,48.06,0.993,0.994,0.994,0.992,/tmpdir/crf_16.mpd,/videos/BigBuckBunny-2160.avi
4741,0.9912,5.65371,0.99761,48.33582,0.99952,0.82701,0.98498,0.9937,0.99658,100.0,0.8,0.47,0.51,0.95,49.1,51.38,51.06,48.34,0.993,0.994,0.994,0.992,/tmpdir/crf_16.mpd,/videos/BigBuckBunny-2160.avi
4742,0.98984,5.65371,0.99747,48.01954,0.99948,0.82087,0.98228,0.99232,0.99577,100.0,0.85,0.5,0.53,1.03,48.81,51.18,50.9,48.02,0.993,0.994,0.994,0.992,/tmpdir/crf_16.mpd,/videos/BigBuckBunny-2160.avi
4743,0.99409,3.98155,0.99809,49.46674,0.99961,0.85591,0.99171,0.99673,0.99832,100.0,0.64,0.43,0.44,0.74,50.1,51.78,51.71,49.47,0.994,0.995,0.995,0.994,/tmpdir/crf_16.mpd,/videos/BigBuckBunny-2160.avi
4744,0.99,3.98155,0.9976,48.17059,0.99949,0.82715,0.98458,0.99332,0.99622,100.0,0.83,0.52,0.53,0.99,48.91,51.0,50.89,48.17,0.993,0.994,0.994,0.993,/tmpdir/crf_16.mpd,/videos/BigBuckBunny-2160.avi
4745,0.99151,4.21089,0.99772,48.396,0.99954,0.83077,0.98733,0.99483,0.99726,100.0,0.8,0.5,0.51,0.94,49.12,51.16,51.03,48.4,0.993,0.994,0.994,0.993,/tmpdir/crf_16.mpd,/videos/BigBuckBunny-2160.avi
4746,0.99044,4.21089,0.99762,48.17988,0.9995,0.82914,0.98539,0.9937,0.9965,100.0,0.83,0.51,0.53,0.99,48.93,51.06,50.91,48.18,0.993,0.994,0.994,0.993,/tmpdir/crf_16.mpd,/videos/BigBuckBunny-2160.avi
4747,0.99447,4.9323,0.99803,49.36333,0.99962,0.85355,0.99156,0.99676,0.99837,100.0,0.65,0.44,0.45,0.75,50.0,51.69,51.57,49.36,0.994,0.995,0.995,0.994,/tmpdir/crf_16.mpd,/videos/BigBuckBunny-2160.avi
4748,0.9901,4.9323,0.99764,48.38265,0.99951,0.83234,0.98547,0.9939,0.99671,100.0,0.8,0.49,0.53,0.94,49.11,51.22,50.92,48.38,0.993,0.994,0.994,0.993,/tmpdir/crf_16.mpd,/videos/BigBuckBunny-2160.avi
4749,0.99203,4.6133,0.99776,48.62536,0.99954,0.83674,0.98731,0.99471,0.99708,100.0,0.76,0.48,0.52,0.89,49.32,51.35,50.99,48.63,0.993,0.994,0.994,0.993,/tmpdir/crf_16.mpd,/videos/BigBuckBunny-2160.avi
4750,0.99043,4.6133,0.99769,48.47555,0.99951,0.83467,0.98546,0.99365,0.9964,100.0,0.78,0.49,0.52,0.92,49.19,51.27,50.93,48.48,0.993,0.994,0.994,0.993,/tmpdir/crf_16.mpd,/videos/BigBuckBunny-2160.avi
4751,0.99537,3.4639,0.99817,49.75535,0.99964,0.86288,0.99318,0.99735,0.99862,100.0,0.6,0.4,0.42,0.69,50.38,52.08,51.88,49.76,0.994,0.995,0.995,0.994,/tmpdir/crf_16.mpd,/videos/BigBuckBunny-2160.avi
4752,0.99495,3.4639,0.99814,49.64946,0.99963,0.86103,0.99291,0.9972,0.99854,100.0,0.61,0.41,0.42,0.7,50.29,52.02,51.86,49.65,0.994,0.995,0.995,0.994,/tmpdir/crf_16.mpd,/videos/BigBuckBunny-2160.avi
4753,0.99738,2.28921,0.9988,52.74961,0.9997,0.92212,0.99721,0.99895,0.99947,100.0,0.31,0.22,0.23,0.35,53.28,54.62,54.55,52.75,0.997,0.997,0.997,0.997,/tmpdir/crf_16.mpd,/videos/BigBuckBunny-2160.avi
4754,0.99259,2.12891,0.99821,49.66794,0.99959,0.86973,0.9899,0.99547,0.99743,99.82521,0.58,0.34,0.36,0.7,50.46,52.78,52.6,49.67,0.995,0.996,0.996,0.995,/tmpdir/crf_16.mpd,/videos/BigBuckBunny-2160.avi
4755,0.99268,1.64043,0.99819,49.66232,0.99958,0.86772,0.99038,0.99571,0.99754,99.60342,0.59,0.35,0.37,0.7,50.44,52.71,52.48,49.66,0.995,0.996,0.996,0.995,/tmpdir/crf_16.mpd,/videos/BigBuckBunny-2160.avi
4756,0.99169,1.64043,0.99808,49.30181,0.99956,0.86105,0.98913,0.99515,0.9973,99.37933,0.64,0.38,0.4,0.76,50.07,52.33,52.06,49.3,0.995,0.996,0.995,0.994,/tmpdir/crf_16.mpd,/videos/BigBuckBunny-2160.avi
4757,0.99522,2.3521,0.99832,50.29882,0.99964,0.87887,0.99359,0.99739,0.99866,100.0,0.51,0.31,0.33,0.61,51.04,53.17,52.92,50.3,0.995,0.996,0.996,0.995,/tmpdir/crf_16.mpd,/videos/BigBuckBunny-2160.avi
4758,0.99249,2.3521,0.99806,49.32237,0.99955,0.86111,0.9888,0.99496,0.99711,99.86864,0.64,0.39,0.43,0.76,50.05,52.18,51.82,49.32,0.995,0.995,0.995,0.994,/tmpdir/crf_16.mpd,/videos/BigBuckBunny-2160.avi
4759,0.99292,2.70227,0.99806,49.3757,0.99956,0.86174,0.98955,0.99541,0.99742,100.0,0.63,0.39,0.41,0.75,50.11,52.24,51.96,49.38,0.995,0.995,0.995,0.994,/tmpdir/crf_16.mpd,/videos/BigBuckBunny-2160.avi
4760,0.99178,2.70227,0.99793,48.87472,0.99954,0.85132,0.98802,0.99463,0.99694,99.88449,0.71,0.42,0.46,0.84,49.62,51.86,51.5,48.87,0.994,0.995,0.995,0.994,/tmpdir/crf_16.mpd,/videos/BigBuckBunny-2160.avi
4761,0.99506,3.06949,0.99819,49.75164,0.99963,0.86553,0.99317,0.99747,0.9988,100.0,0.58,0.37,0.39,0.69,50.46,52.5,52.26,49.75,0.995,0.996,0.995,0.994,/tmpdir/crf_16.mpd,/videos/BigBuckBunny-2160.avi
4762,0.99186,3.06949,0.99785,48.69356,0.99954,0.84462,0.98746,0.99441,0.99677,100.0,0.74,0.44,0.48,0.88,49.44,51.68,51.31,48.69,0.994,0.995,0.994,0.993,/tmpdir/crf_16.mpd,/videos/BigBuckBunny-2160.avi
4763,0.99266,2.95746,0.99794,48.88065,0.99956,0.84626,0.98887,0.99522,0.99733,100.0,0.71,0.44,0.47,0.84,49.6,51.71,51.38,48.88,0.994,0.995,0.995,0.994,/tmpdir/crf_16.mpd,/videos/BigBuckBunny-2160.avi
4764,0.9919,2.95746,0.99781,48.55058,0.99953,0.83915,0.98726,0.9944,0.99682,100.0,0.77,0.47,0.5,0.91,49.28,51.42,51.1,48.55,0.994,0.995,0.994,0.993,/tmpdir/crf_16.mpd,/videos/BigBuckBunny-2160.avi
4765,0.99506,2.29842,0.99818,49.48273,0.99964,0.85903,0.9937,0.99763,0.99882,100.0,0.63,0.41,0.43,0.73,50.16,52.06,51.81,49.48,0.994,0.995,0.995,0.994,/tmpdir/crf_16.mpd,/videos/BigBuckBunny-2160.avi
4766,0.99201,2.29842,0.99783,48.52191,0.99954,0.83887,0.98773,0.99461,0.99694,99.6868,0.78,0.48,0.52,0.91,49.24,51.32,51.0,48.52,0.994,0.994,0.994,0.993,/tmpdir/crf_16.mpd,/videos/BigBuckBunny-2160.avi
4767,0.99275,1.73302,0.99787,48.63173,0.99954,0.84022,0.98865,0.9951,0.99728,99.56641,0.75,0.47,0.5,0.89,49.36,51.45,51.18,48.63,0.994,0.995,0.994,0.993,/tmpdir/crf_16.mpd,/videos/BigBuckBunny-2160.avi
4768,0.99237,1.73302,0.9978,48.42626,0.99953,0.8373,0.9877,0.9946,0.99694,99.45645,0.79,0.49,0.52,0.93,49.14,51.21,50.94,48.43,0.993,0.994,0.994,0.993,/tmpdir/crf_16.mpd,/videos/BigBuckBunny-2160.avi
4769,0.99463,2.25434,0.9981,49.1519,0.99962,0.85204,0.99291,0.99725,0.99858,100.0,0.68,0.43,0.46,0.79,49.83,51.77,51.52,49.15,0.994,0.995,0.994,0.994,/tmpdir/crf_16.mpd,/videos/BigBuckBunny-2160.avi
4770,0.99226,2.25434,0.99778,48.43496,0.99952,0.83717,0.98776,0.99456,0.99685,99.69795,0.79,0.48,0.52,0.93,49.16,51.29,50.97,48.43,0.993,0.994,0.994,0.993,/tmpdir/crf_16.mpd,/videos/BigBuckBunny-2160.avi
4771,0.99307,2.99377,0.99783,48.58115,0.99955,0.83785,0.98867,0.99503,0.99719,100.0,0.76,0.48,0.5,0.9,49.3,51.33,51.11,48.58,0.993,0.994,0.994,0.993,/tmpdir/crf_16.mpd,/videos/BigBuckBunny-2160.avi
4772,0.99262,2.99377,0.99775,48.4328,0.99952,0.83442,0.98747,0.99454,0.9969,100.0,0.8,0.51,0.54,0.93,49.12,51.1,50.8,48.43,0.993,0.994,0.994,0.993,/tmpdir/crf_16.mpd,/videos/BigBuckBunny-2160.avi
4773,0.99431,3.22279,0.99796,48.87251,0.99958,0.84371,0.99177,0.99676,0.99833,100.0,0.71,0.44,0.47,0.84,49.59,51.66,51.38,48.87,0.994,0.995,0.994,0.993,/tmpdir/crf_16.mpd,/videos/BigBuckBunny-2160.avi
4774,0.9923,3.22279,0.99773,48.47722,0.9995,0.83553,0.98718,0.99444,0.99687,100.0,0.79,0.5,0.55,0.92,49.15,51.12,50.75,48.48,0.993,0.994,0.994,0.993,/tmpdir/crf_16.mpd,/videos/BigBuckBunny-2160.avi
4775,0.99266,3.27217,0.99779,48.61896,0.99953,0.83757,0.98835,0.99515,0.99739,100.0,0.77,0.49,0.54,0.89,49.28,51.23,50.85,48.62,0.993,0.994,0.994,0.993,/tmpdir/crf_16.mpd,/videos/BigBuckBunny-2160.avi
4776,0.99198,3.27217,0.99764,48.2318,0.99949,0.82908,0.98624,0.99411,0.99674,100.0,0.83,0.52,0.56,0.98,48.93,50.98,50.62,48.23,0.993,0.994,0.993,0.993,/tmpdir/crf_16.mpd,/videos/BigBuckBunny-2160.avi
4777,0.99267,2.50827,0.99761,48.12756,0.99954,0.8271,0.98904,0.99563,0.99774,99.97444,0.84,0.49,0.53,1.0,48.91,51.26,50.89,48.13,0.993,0.994,0.994,0.992,/tmpdir/crf_16.mpd,/videos/BigBuckBunny-2160.avi
4778,0.99127,2.50827,0.99736,47.67141,0.99949,0.81438,0.98519,0.99384,0.99667,99.58697,0.92,0.51,0.56,1.11,48.49,51.03,50.65,47.67,0.992,0.994,0.993,0.991,/tmpdir/crf_16.mpd,/videos/BigBuckBunny-2160.avi
4779,0.99521,0.8722,0.99852,54.0249,0.99948,0.92493,0.99743,0.99895,0.99942,100.0,0.22,0.14,0.13,0.26,54.77,56.55,57.1,54.02,0.997,0.998,0.998,0.997,/tmpdir/crf_16.mpd,/videos/BigBuckBunny-2160.avi
4780,0.99126,0.8722,0.99804,52.02238,0.99935,0.89188,0.99307,0.99661,0.99787,99.08869,0.33,0.18,0.16,0.41,52.96,55.47,56.22,52.02,0.996,0.998,0.998,0.995,/tmpdir/crf_16.mpd,/videos/BigBuckBunny-2160.avi
4781,0.99062,1.42579,0.99796,51.76523,0.99933,0.8864,0.99238,0.99637,0.99771,99.2103,0.35,0.18,0.16,0.43,52.74,55.47,56.11,51.77,0.996,0.998,0.998,0.995,/tmpdir/crf_16.mpd,/videos/BigBuckBunny-2160.avi
4782,0.98985,1.42579,0.99786,51.51967,0.9993,0.88111,0.99129,0.99573,0.99727,99.01244,0.37,0.2,0.17,0.46,52.47,55.02,55.77,51.52,0.996,0.997,0.998,0.995,/tmpdir/crf_16.mpd,/videos/BigBuckBunny-2160.avi
4783,0.99188,1.58822,0.99802,51.83959,0.9994,0.88686,0.99431,0.99759,0.99864,99.61043,0.34,0.18,0.16,0.43,52.82,55.62,56.2,51.84,0.996,0.998,0.998,0.995,/tmpdir/crf_16.mpd,/videos/BigBuckBunny-2160.avi
4784,0.98872,1.58822,0.99777,51.21369,0.99929,0.87266,0.99063,0.99557,0.99724,98.86411,0.39,0.21,0.18,0.49,52.18,54.82,55.59,51.21,0.995,0.997,0.997,0.994,/tmpdir/crf_16.mpd,/videos/BigBuckBunny-2160.avi
4785,0.98899,1.71677,0.9978,51.21071,0.99932,0.87072,0.99083,0.99567,0.99733,98.97983,0.39,0.21,0.18,0.49,52.19,54.94,55.63,51.21,0.995,0.997,0.997,0.994,/tmpdir/crf_16.mpd,/videos/BigBuckBunny-2160.avi
4786,0.9887,1.71677,0.99771,51.02237,0.99929,0.86679,0.98986,0.99506,0.99684,98.8709,0.41,0.23,0.19,0.51,51.98,54.56,55.36,51.02,0.995,0.997,0.997,0.994,/tmpdir/crf_16.mpd,/videos/BigBuckBunny-2160.avi
4787,0.99098,1.8274,0.99792,51.41993,0.99941,0.87477,0.99392,0.99758,0.99867,99.54024,0.37,0.19,0.17,0.47,52.42,55.37,55.87,51.42,0.995,0.997,0.997,0.994,/tmpdir/crf_16.mpd,/videos/BigBuckBunny-2160.avi
4788,0.98651,1.8274,0.99764,50.75427,0.9993,0.85769,0.98985,0.99528,0.99711,98.53979,0.43,0.23,0.19,0.55,51.75,54.58,55.27,50.75,0.995,0.997,0.997,0.994,/tmpdir/crf_16.mpd,/videos/BigBuckBunny-2160.avi
4789,0.98817,1.91937,0.99767,50.8446,0.99933,0.85976,0.99007,0.99528,0.99709,98.8839,0.42,0.22,0.19,0.54,51.85,54.73,55.36,50.84,0.995,0.997,0.997,0.994,/tmpdir/crf_16.mpd,/videos/BigBuckBunny-2160.avi
4790,0.98738,1.91937,0.99757,50.65089,0.99928,0.85558,0.98934,0.99495,0.9968,98.70722,0.45,0.24,0.2,0.56,51.64,54.4,55.14,50.65,0.995,0.997,0.997,0.994,/tmpdir/crf_16.mpd,/videos/BigBuckBunny-2160.avi
4791,0.99005,2.07043,0.99766,50.71487,0.99938,0.85563,0.99249,0.99702,0.99835,99.41584,0.43,0.2,0.18,0.55,51.78,55.1,55.55,50.71,0.995,0.997,0.997,0.993,/tmpdir/crf_16.mpd,/videos/BigBuckBunny-2160.avi
4792,0.98774,2.07043,0.99742,50.27011,0.99927,0.8469,0.98863,0.9947,0.99672,98.81812,0.48,0.24,0.2,0.61,51.32,54.4,55.12,50.27,0.994,0.997,0.997,0.993,/tmpdir/crf_16.mpd,/videos/BigBuckBunny-2160.avi
4793,0.98648,4.80737,0.99771,51.4056,0.99935,0.87746,0.98743,0.99395,0.99626,100.0,0.38,0.23,0.19,0.47,52.3,54.59,55.36,51.41,0.995,0.997,0.997,0.994,/tmpdir/crf_16.mpd,/videos/BigBuckBunny-2160.avi
4794,0.98618,5.99735,0.99779,51.84194,0.99933,0.8929,0.98717,0.99342,0.99579,100.0,0.36,0.24,0.19,0.43,52.63,54.37,55.3,51.84,0.996,0.997,0.997,0.995,/tmpdir/crf_16.mpd,/videos/BigBuckBunny-2160.avi
4795,0.98765,5.5438,0.99801,52.45379,0.99942,0.89603,0.99125,0.99621,0.99786,100.0,0.31,0.19,0.16,0.37,53.28,55.27,56.03,52.45,0.996,0.997,0.998,0.995,/tmpdir/crf_16.mpd,/videos/BigBuckBunny-2160.avi
4796,0.98149,5.5438,0.99749,50.77287,0.99936,0.84606,0.98596,0.99356,0.99617,99.58182,0.44,0.24,0.2,0.54,51.75,54.39,55.19,50.77,0.995,0.997,0.997,0.993,/tmpdir/crf_16.mpd,/videos/BigBuckBunny-2160.avi
4797,0.98578,7.39687,0.99795,52.46641,0.9994,0.9022,0.99063,0.99581,0.99763,100.0,0.31,0.2,0.17,0.37,53.27,55.19,55.93,52.47,0.996,0.997,0.998,0.995,/tmpdir/crf_16.mpd,/videos/BigBuckBunny-2160.avi
4798,0.98686,9.62374,0.99803,52.64475,0.99937,0.917,0.98884,0.99394,0.99598,100.0,0.3,0.22,0.18,0.35,53.33,54.7,55.61,52.64,0.996,0.997,0.997,0.996,/tmpdir/crf_16.mpd,/videos/BigBuckBunny-2160.avi
4799,0.99022,9.36323,0.99824,53.06039,0.9995,0.91715,0.99189,0.99619,0.99775,100.0,0.27,0.19,0.16,0.32,53.78,55.42,56.02,53.06,0.996,0.997,0.998,0.996,/tmpdir/crf_16.mpd,/videos/BigBuckBunny-2160.avi
4800,0.98569,4.72682,0.99776,51.34719,0.99942,0.87925,0.98649,0.99339,0.99592,99.88058,0.39,0.24,0.21,0.48,52.18,54.26,54.94,51.35,0.995,0.997,0.997,0.994,/tmpdir/crf_16.mpd,/videos/BigBuckBunny-2160.avi
4801,0.98607,2.17799,0.99759,50.59658,0.99946,0.85047,0.98775,0.99429,0.99645,98.55601,0.45,0.24,0.21,0.57,51.57,54.37,54.86,50.6,0.994,0.997,0.997,0.993,/tmpdir/crf_16.mpd,/videos/BigBuckBunny-2160.avi
4802,0.98598,2.17799,0.99751,50.48439,0.99941,0.84521,0.98711,0.99407,0.99639,98.52056,0.47,0.25,0.22,0.58,51.45,54.15,54.71,50.48,0.994,0.997,0.997,0.993,/tmpdir/crf_16.mpd,/videos/BigBuckBunny-2160.avi
4803,0.98698,2.26544,0.99766,50.70986,0.9995,0.84496,0.98793,0.99473,0.99692,98.7946,0.44,0.23,0.2,0.55,51.7,54.59,55.05,50.71,0.994,0.997,0.997,0.993,/tmpdir/crf_16.mpd,/videos/BigBuckBunny-2160.avi
4804,0.99361,15.2967,0.99845,51.01188,0.99972,0.88744,0.99285,0.99702,0.99847,100.0,0.46,0.33,0.35,0.52,51.53,52.92,52.64,51.01,0.995,0.996,0.995,0.995,/tmpdir/crf_16.mpd,/videos/BigBuckBunny-2160.avi
4805,0.99166,15.2967,0.99777,49.59254,0.99959,0.86006,0.98489,0.99309,0.99616,100.0,0.61,0.39,0.42,0.71,50.27,52.25,51.87,49.59,0.994,0.995,0.995,0.993,/tmpdir/crf_16.mpd,/videos/BigBuckBunny-2160.avi
4806,0.98957,23.25076,0.9975,49.17289,0.99953,0.85078,0.9827,0.99226,0.99582,100.0,0.67,0.42,0.47,0.79,49.85,51.86,51.44,49.17,0.993,0.995,0.995,0.992,/tmpdir/crf_16.mpd,/videos/BigBuckBunny-2160.avi
4807,0.99017,30.3321,0.9976,49.05923,0.99961,0.84295,0.98279,0.99237,0.99594,100.0,0.69,0.43,0.49,0.81,49.73,51.79,51.22,49.06,0.993,0.995,0.994,0.992,/tmpdir/crf_16.mpd,/videos/BigBuckBunny-2160.avi
4808,0.98816,30.3321,0.99757,49.01594,0.99957,0.83275,0.98259,0.99254,0.996,100.0,0.69,0.41,0.45,0.82,49.77,52.02,51.63,49.02,0.993,0.995,0.995,0.992,/tmpdir/crf_16.mpd,/videos/BigBuckBunny-2160.avi
4809,0.98525,37.65736,0.99767,50.53658,0.99943,0.84834,0.98531,0.99364,0.99648,100.0,0.47,0.26,0.27,0.57,51.39,54.01,53.75,50.54,0.994,0.996,0.996,0.993,/tmpdir/crf_16.mpd,/videos/BigBuckBunny-2160.avi
4810,0.98937,37.65736,0.99772,50.23939,0.99938,0.85321,0.98219,0.9917,0.9954,100.0,0.53,0.34,0.36,0.62,50.91,52.78,52.54,50.24,0.994,0.995,0.995,0.993,/tmpdir/crf_16.mpd,/videos/BigBuckBunny-2160.avi
4811,0.99484,14.74735,0.99733,52.24749,0.99819,0.90311,0.99429,0.9976,0.99876,100.0,0.32,0.19,0.2,0.39,53.03,55.36,55.11,52.25,0.996,0.997,0.997,0.996,/tmpdir/crf_16.mpd,/videos/BigBuckBunny-2160.avi
4812,0.98738,9.21927,0.99593,48.31402,0.99789,0.80726,0.97729,0.99001,0.9948,100.0,0.78,0.39,0.46,0.96,49.2,52.18,51.48,48.31,0.992,0.995,0.994,0.991,/tmpdir/crf_16.mpd,/videos/BigBuckBunny-2160.avi
4813,0.99056,9.21927,0.99641,49.44194,0.99789,0.83917,0.98341,0.99246,0.99594,100.0,0.62,0.35,0.4,0.74,50.23,52.73,52.16,49.44,0.994,0.995,0.995,0.993,/tmpdir/crf_16.mpd,/videos/BigBuckBunny-2160.avi
4814,0.98859,11.5902,0.99593,48.73837,0.99772,0.8242,0.97978,0.99078,0.9949,100.0,0.7,0.35,0.4,0.87,49.65,52.67,52.14,48.74,0.993,0.995,0.995,0.992,/tmpdir/crf_16.mpd,/videos/BigBuckBunny-2160.avi
4815,0.99164,9.7626,0.99655,50.17969,0.99784,0.85594,0.98569,0.99353,0.9966,100.0,0.52,0.31,0.34,0.62,50.93,53.26,52.77,50.18,0.995,0.996,0.995,0.994,/tmpdir/crf_16.mpd,/videos/BigBuckBunny-2160.avi
4816,0.98989,9.7626,0.99579,48.78869,0.99762,0.82075,0.97625,0.98898,0.99411,100.0,0.71,0.38,0.42,0.86,49.64,52.34,51.88,48.79,0.993,0.995,0.995,0.992,/tmpdir/crf_16.mpd,/videos/BigBuckBunny-2160.avi
4817,0.99035,7.66243,0.99611,49.24562,0.99768,0.83398,0.98199,0.99185,0.99565,100.0,0.65,0.37,0.42,0.77,50.01,52.42,51.87,49.25,0.993,0.995,0.994,0.993,/tmpdir/crf_16.mpd,/videos/BigBuckBunny-2160.avi
4818,0.98819,7.66243,0.99568,48.55653,0.99751,0.81752,0.97631,0.98916,0.9941,100.0,0.75,0.4,0.45,0.91,49.4,52.11,51.59,48.56,0.993,0.995,0.994,0.992,/tmpdir/crf_16.mpd,/videos/BigBuckBunny-2160.avi
4819,0.99081,6.60397,0.99643,49.90371,0.99766,0.85669,0.98821,0.99495,0.99735,100.0,0.56,0.34,0.38,0.66,50.63,52.83,52.35,49.9,0.994,0.995,0.995,0.994,/tmpdir/crf_16.mpd,/videos/BigBuckBunny-2160.avi
4820,0.98927,6.60397,0.9961,49.20548,0.99758,0.84,0.98728,0.99487,0.99746,100.0,0.65,0.36,0.41,0.78,50.01,52.6,52.01,49.21,0.994,0.995,0.994,0.993,/tmpdir/crf_16.mpd,/videos/BigBuckBunny-2160.avi
4821,0.98626,5.14092,0.9954,48.22215,0.9973,0.81126,0.97779,0.99019,0.99467,99.95986,0.8,0.42,0.48,0.98,49.08,51.87,51.29,48.22,0.992,0.994,0.994,0.991,/tmpdir/crf_16.mpd,/videos/BigBuckBunny-2160.avi
4822,0.98706,5.14092,0.99577,48.72836,0.99739,0.82374,0.98193,0.99202,0.99576,100.0,0.72,0.4,0.46,0.87,49.54,52.11,51.55,48.73,0.993,0.995,0.994,0.992,/tmpdir/crf_16.mpd,/videos/BigBuckBunny-2160.avi
4823,0.98401,4.27303,0.99557,48.4578,0.99727,0.82298,0.98022,0.99105,0.995,99.11246,0.76,0.4,0.46,0.93,49.31,52.07,51.54,48.46,0.993,0.994,0.994,0.992,/tmpdir/crf_16.mpd,/videos/BigBuckBunny-2160.avi
4824,0.98953,4.27303,0.99629,49.76893,0.99747,0.8556,0.99055,0.99615,0.99806,100.0,0.58,0.36,0.4,0.69,50.48,52.58,52.16,49.77,0.994,0.995,0.995,0.994,/tmpdir/crf_16.mpd,/videos/BigBuckBunny-2160.avi
4825,0.98376,3.71589,0.99553,48.30692,0.99723,0.81856,0.98067,0.99141,0.99529,98.77402,0.79,0.42,0.48,0.96,49.16,51.91,51.36,48.31,0.993,0.994,0.994,0.992,/tmpdir/crf_16.mpd,/videos/BigBuckBunny-2160.avi
4826,0.98541,3.71589,0.99575,48.62081,0.99731,0.82576,0.98423,0.99314,0.99629,99.18449,0.74,0.41,0.46,0.89,49.44,52.05,51.53,48.62,0.993,0.994,0.994,0.992,/tmpdir/crf_16.mpd,/videos/BigBuckBunny-2160.avi
4827,0.98415,3.31566,0.99557,48.25763,0.99724,0.81955,0.98252,0.99234,0.99577,98.67669,0.8,0.42,0.47,0.97,49.12,51.91,51.37,48.26,0.993,0.994,0.994,0.992,/tmpdir/crf_16.mpd,/videos/BigBuckBunny-2160.avi
4828,0.98896,3.31566,0.99608,49.13569,0.99741,0.84028,0.99021,0.99607,0.99806,99.80537,0.67,0.39,0.44,0.79,49.89,52.21,51.74,49.14,0.993,0.994,0.994,0.993,/tmpdir/crf_16.mpd,/videos/BigBuckBunny-2160.avi
4829,0.98401,2.83568,0.99546,48.06134,0.9972,0.81369,0.98143,0.99174,0.99535,98.33726,0.84,0.44,0.51,1.02,48.91,51.66,51.06,48.06,0.992,0.994,0.993,0.992,/tmpdir/crf_16.mpd,/videos/BigBuckBunny-2160.avi
4830,0.98471,2.83568,0.99554,48.17223,0.99727,0.81418,0.98336,0.99274,0.99607,98.53402,0.82,0.44,0.5,0.99,49.01,51.71,51.13,48.17,0.992,0.994,0.993,0.992,/tmpdir/crf_16.mpd,/videos/BigBuckBunny-2160.avi
4831,0.98278,2.21897,0.9952,47.60909,0.99718,0.80007,0.98043,0.99165,0.99551,97.77856,0.92,0.46,0.54,1.13,48.5,51.48,50.81,47.61,0.992,0.994,0.993,0.991,/tmpdir/crf_16.mpd,/videos/BigBuckBunny-2160.avi
4832,0.9836,2.21897,0.99506,47.2353,0.99723,0.78658,0.98083,0.99225,0.99605,97.95821,0.98,0.46,0.54,1.23,48.2,51.53,50.84,47.24,0.991,0.994,0.993,0.99,/tmpdir/crf_16.mpd,/videos/BigBuckBunny-2160.avi
4833,0.99601,0.35274,0.99889,55.19127,0.9997,0.9405,0.9982,0.99926,0.9996,100.0,0.16,0.1,0.09,0.2,55.99,58.05,58.44,55.19,0.998,0.999,0.999,0.997,/tmpdir/crf_16.mpd,/videos/BigBuckBunny-2160.avi
4834,0.99199,0.35274,0.99852,53.33131,0.9996,0.91544,0.99521,0.99776,0.99867,99.13472,0.24,0.13,0.11,0.3,54.3,57.13,57.54,53.33,0.997,0.998,0.998,0.996,/tmpdir/crf_16.mpd,/videos/BigBuckBunny-2160.avi
4835,0.99279,0.2462,0.99849,53.15852,0.99959,0.91289,0.99492,0.99766,0.99862,99.21264,0.25,0.13,0.12,0.31,54.14,57.0,57.48,53.16,0.997,0.998,0.998,0.996,/tmpdir/crf_16.mpd,/videos/BigBuckBunny-2160.avi
4836,0.99182,0.2462,0.99844,52.97818,0.99957,0.91014,0.99449,0.9974,0.99845,99.01145,0.26,0.13,0.12,0.33,53.96,56.83,57.31,52.98,0.997,0.998,0.998,0.996,/tmpdir/crf_16.mpd,/videos/BigBuckBunny-2160.avi
4837,0.99415,0.23018,0.99855,53.42423,0.99963,0.91686,0.99642,0.99849,0.99916,99.51986,0.24,0.13,0.11,0.3,54.38,57.06,57.58,53.42,0.997,0.998,0.998,0.996,/tmpdir/crf_16.mpd,/videos/BigBuckBunny-2160.avi
4838,0.99196,0.23018,0.99841,52.83781,0.99957,0.90618,0.9945,0.99745,0.99851,99.02069,0.27,0.14,0.12,0.34,53.83,56.69,57.2,52.84,0.997,0.998,0.998,0.996,/tmpdir/crf_16.mpd,/videos/BigBuckBunny-2160.avi
4839,0.99226,0.21724,0.9984,52.72612,0.99958,0.9003,0.99435,0.99745,0.99851,99.04922,0.27,0.14,0.12,0.35,53.74,56.7,57.26,52.73,0.997,0.998,0.998,0.996,/tmpdir/crf_16.mpd,/videos/BigBuckBunny-2160.avi
4840,0.99182,0.21724,0.99837,52.72719,0.99956,0.90398,0.99431,0.99738,0.99842,98.97566,0.28,0.14,0.13,0.35,53.72,56.58,57.11,52.73,0.997,0.998,0.998,0.996,/tmpdir/crf_16.mpd,/videos/BigBuckBunny-2160.avi
4841,0.99413,0.24654,0.99853,53.30439,0.99963,0.91455,0.99639,0.99856,0.99922,99.52109,0.24,0.13,0.12,0.3,54.26,56.93,57.49,53.3,0.997,0.998,0.998,0.996,/tmpdir/crf_16.mpd,/videos/BigBuckBunny-2160.avi
4842,0.99228,0.24654,0.99837,52.71357,0.99956,0.90519,0.99427,0.9973,0.99835,99.0673,0.28,0.15,0.13,0.35,53.69,56.5,57.05,52.71,0.997,0.998,0.998,0.996,/tmpdir/crf_16.mpd,/videos/BigBuckBunny-2160.avi
4843,0.9926,0.24056,0.99841,52.75327,0.99958,0.90557,0.99453,0.99745,0.99846,99.13454,0.28,0.15,0.13,0.34,53.73,56.46,57.09,52.75,0.997,0.998,0.998,0.996,/tmpdir/crf_16.mpd,/videos/BigBuckBunny-2160.avi
4844,0.99172,0.24056,0.99834,52.50246,0.99956,0.89749,0.99415,0.99736,0.99842,98.94667,0.29,0.15,0.13,0.37,53.49,56.31,56.93,52.5,0.996,0.998,0.998,0.996,/tmpdir/crf_16.mpd,/videos/BigBuckBunny-2160.avi
4845,0.99372,0.24218,0.9985,53.02447,0.99964,0.90609,0.99633,0.99867,0.99936,99.43068,0.26,0.14,0.12,0.32,53.99,56.67,57.28,53.02,0.997,0.998,0.998,0.996,/tmpdir/crf_16.mpd,/videos/BigBuckBunny-2160.avi
4846,0.99092,0.24218,0.99835,52.53557,0.99956,0.90086,0.99413,0.99724,0.99834,98.80903,0.29,0.15,0.13,0.36,53.51,56.23,56.86,52.54,0.996,0.998,0.998,0.996,/tmpdir/crf_16.mpd,/videos/BigBuckBunny-2160.avi
4847,0.9922,0.24767,0.99839,52.58943,0.99959,0.90211,0.99445,0.99748,0.99849,99.05926,0.29,0.15,0.13,0.36,53.56,56.24,56.92,52.59,0.996,0.998,0.998,0.996,/tmpdir/crf_16.mpd,/videos/BigBuckBunny-2160.avi
4848,0.99097,0.24767,0.99831,52.41723,0.99955,0.89849,0.99395,0.99722,0.99832,98.81041,0.3,0.16,0.14,0.37,53.39,56.13,56.77,52.42,0.996,0.998,0.998,0.996,/tmpdir/crf_16.mpd,/videos/BigBuckBunny-2160.avi
4849,0.99363,0.22596,0.99847,52.90103,0.99963,0.90552,0.99633,0.99868,0.99939,99.40832,0.27,0.15,0.13,0.33,53.86,56.51,57.15,52.9,0.996,0.998,0.998,0.996,/tmpdir/crf_16.mpd,/videos/BigBuckBunny-2160.avi
4850,0.9906,0.22596,0.99829,52.25384,0.99956,0.8904,0.99397,0.99725,0.99834,98.71048,0.31,0.16,0.14,0.39,53.25,56.1,56.76,52.25,0.996,0.998,0.998,0.995,/tmpdir/crf_16.mpd,/videos/BigBuckBunny-2160.avi
4851,0.99108,0.23238,0.99831,52.23973,0.99958,0.88741,0.99388,0.99726,0.99833,98.78981,0.31,0.16,0.14,0.39,53.24,56.11,56.78,52.24,0.996,0.998,0.998,0.995,/tmpdir/crf_16.mpd,/videos/BigBuckBunny-2160.avi
4852,0.99127,0.23238,0.99824,52.12621,0.99956,0.8863,0.99361,0.99716,0.99828,98.81418,0.32,0.16,0.14,0.4,53.13,55.99,56.64,52.13,0.996,0.998,0.998,0.995,/tmpdir/crf_16.mpd,/videos/BigBuckBunny-2160.avi
4853,0.99357,0.2255,0.99844,52.80781,0.99963,0.90528,0.99619,0.99858,0.9993,99.38794,0.27,0.15,0.13,0.34,53.75,56.35,56.99,52.81,0.996,0.998,0.998,0.996,/tmpdir/crf_16.mpd,/videos/BigBuckBunny-2160.avi
4854,0.99181,0.2255,0.99828,52.35308,0.99954,0.89765,0.99398,0.99724,0.99833,98.94792,0.3,0.16,0.14,0.38,53.31,55.99,56.59,52.35,0.996,0.998,0.998,0.995,/tmpdir/crf_16.mpd,/videos/BigBuckBunny-2160.avi
4855,0.99189,0.2247,0.99834,52.40134,0.99958,0.89875,0.99393,0.99717,0.9983,98.9605,0.3,0.16,0.14,0.37,53.37,56.02,56.71,52.4,0.996,0.998,0.998,0.995,/tmpdir/crf_16.mpd,/videos/BigBuckBunny-2160.avi
4856,0.99139,0.2247,0.99826,52.27512,0.99953,0.89619,0.99382,0.99721,0.9983,98.86561,0.31,0.17,0.14,0.39,53.24,55.91,56.56,52.28,0.996,0.998,0.998,0.995,/tmpdir/crf_16.mpd,/videos/BigBuckBunny-2160.avi
4857,0.99278,0.20363,0.99838,52.59412,0.99962,0.90114,0.99581,0.99843,0.99921,99.21364,0.29,0.16,0.13,0.36,53.55,56.21,56.85,52.59,0.996,0.998,0.998,0.995,/tmpdir/crf_16.mpd,/videos/BigBuckBunny-2160.avi
4858,0.99121,0.20363,0.99829,52.3123,0.99959,0.89077,0.99425,0.99758,0.99861,98.83824,0.3,0.16,0.14,0.38,53.3,56.1,56.71,52.31,0.996,0.998,0.998,0.995,/tmpdir/crf_16.mpd,/videos/BigBuckBunny-2160.avi
4859,0.99042,0.19485,0.99821,52.06119,0.99955,0.88642,0.99381,0.99731,0.99836,98.65498,0.32,0.17,0.14,0.4,53.06,55.91,56.53,52.06,0.996,0.998,0.998,0.995,/tmpdir/crf_16.mpd,/videos/BigBuckBunny-2160.avi
4860,0.99185,0.19485,0.99831,52.28923,0.99961,0.88983,0.99525,0.9982,0.99904,98.98998,0.31,0.16,0.14,0.38,53.28,56.1,56.74,52.29,0.996,0.998,0.998,0.995,/tmpdir/crf_16.mpd,/videos/BigBuckBunny-2160.avi
4861,0.99534,0.18909,0.99882,54.53513,0.99971,0.93054,0.9978,0.99912,0.99954,99.80472,0.19,0.11,0.1,0.23,55.38,57.63,57.96,54.54,0.997,0.998,0.998,0.997,/tmpdir/crf_16.mpd,/videos/BigBuckBunny-2160.avi
4862,0.99106,0.18909,0.99848,52.96405,0.99961,0.90699,0.99533,0.9979,0.99878,98.87618,0.26,0.13,0.12,0.33,53.97,57.0,57.32,52.96,0.997,0.998,0.998,0.996,/tmpdir/crf_16.mpd,/videos/BigBuckBunny-2160.avi
4863,0.99116,0.2084,0.99844,52.73213,0.9996,0.90519,0.99494,0.99773,0.99869,98.88695,0.27,0.13,0.12,0.35,53.76,56.88,57.28,52.73,0.997,0.998,0.998,0.996,/tmpdir/crf_16.mpd,/videos/BigBuckBunny-2160.avi
4864,0.99025,0.2084,0.99835,52.55632,0.99955,0.90374,0.99453,0.99752,0.99852,98.70378,0.28,0.14,0.13,0.36,53.59,56.73,57.14,52.56,0.996,0.998,0.998,0.996,/tmpdir/crf_16.mpd,/videos/BigBuckBunny-2160.avi
4865,0.99311,0.31026,0.99842,52.78198,0.99961,0.915,0.99563,0.99803,0.99883,99.33024,0.27,0.13,0.12,0.34,53.81,56.88,57.34,52.78,0.997,0.998,0.998,0.996,/tmpdir/crf_16.mpd,/videos/BigBuckBunny-2160.avi
4866,0.99224,0.47625,0.99829,52.48978,0.99953,0.90685,0.99354,0.99693,0.99809,99.1452,0.29,0.14,0.13,0.37,53.52,56.56,57.12,52.49,0.996,0.998,0.998,0.996,/tmpdir/crf_16.mpd,/videos/BigBuckBunny-2160.avi
4867,0.99208,1.86452,0.99804,51.84898,0.99953,0.88901,0.99192,0.99644,0.99788,99.70758,0.33,0.16,0.14,0.42,52.91,56.19,56.7,51.85,0.996,0.998,0.998,0.995,/tmpdir/crf_16.mpd,/videos/BigBuckBunny-2160.avi
4868,0.98952,2.18973,0.99783,51.39984,0.99948,0.87616,0.98958,0.99536,0.99722,99.31313,0.37,0.17,0.15,0.47,52.47,55.78,56.33,51.4,0.995,0.998,0.998,0.994,/tmpdir/crf_16.mpd,/videos/BigBuckBunny-2160.avi
4869,0.99065,4.33633,0.99826,52.69264,0.99959,0.90512,0.99228,0.99666,0.99814,100.0,0.28,0.15,0.13,0.35,53.66,56.47,56.9,52.69,0.996,0.998,0.998,0.996,/tmpdir/crf_16.mpd,/videos/BigBuckBunny-2160.avi
4870,0.98934,6.93861,0.99823,52.82401,0.99954,0.91643,0.99223,0.99639,0.99785,100.0,0.28,0.16,0.14,0.34,53.73,56.22,56.71,52.82,0.997,0.998,0.998,0.996,/tmpdir/crf_16.mpd,/videos/BigBuckBunny-2160.avi
4871,0.98961,9.84316,0.99824,53.23143,0.99947,0.92232,0.99221,0.99621,0.9976,100.0,0.25,0.15,0.14,0.31,54.07,56.24,56.78,53.23,0.997,0.998,0.998,0.996,/tmpdir/crf_16.mpd,/videos/BigBuckBunny-2160.avi
4872,0.99151,9.74436,0.99835,53.82973,0.99949,0.9278,0.99357,0.99698,0.99817,100.0,0.22,0.14,0.12,0.27,54.65,56.76,57.25,53.83,0.997,0.998,0.998,0.997,/tmpdir/crf_16.mpd,/videos/BigBuckBunny-2160.avi
4873,0.98971,5.49288,0.99805,52.74588,0.9994,0.91289,0.99052,0.99548,0.99732,100.0,0.28,0.17,0.15,0.35,53.6,55.83,56.37,52.75,0.996,0.998,0.998,0.996,/tmpdir/crf_16.mpd,/videos/BigBuckBunny-2160.avi
4874,0.98985,5.24277,0.99803,52.4608,0.99944,0.89706,0.99149,0.99635,0.99799,100.0,0.3,0.17,0.16,0.37,53.35,55.78,56.21,52.46,0.996,0.998,0.998,0.995,/tmpdir/crf_16.mpd,/videos/BigBuckBunny-2160.avi
4875,0.98684,5.24277,0.99785,51.79313,0.99939,0.88373,0.98953,0.99532,0.9973,100.0,0.34,0.18,0.16,0.43,52.75,55.49,55.96,51.79,0.996,0.998,0.998,0.995,/tmpdir/crf_16.mpd,/videos/BigBuckBunny-2160.avi
4876,0.99015,6.53607,0.99813,52.89172,0.99945,0.90594,0.99175,0.99638,0.998,100.0,0.27,0.16,0.15,0.33,53.75,55.99,56.48,52.89,0.997,0.998,0.998,0.996,/tmpdir/crf_16.mpd,/videos/BigBuckBunny-2160.avi
4877,0.9907,8.5083,0.99824,53.16695,0.99948,0.91572,0.99294,0.99688,0.99829,100.0,0.26,0.16,0.14,0.31,53.98,56.07,56.53,53.17,0.997,0.998,0.998,0.996,/tmpdir/crf_16.mpd,/videos/BigBuckBunny-2160.avi
4878,0.9884,8.5083,0.99806,52.45538,0.99944,0.90626,0.99053,0.99558,0.99743,100.0,0.3,0.18,0.16,0.37,53.31,55.51,56.07,52.46,0.996,0.998,0.998,0.996,/tmpdir/crf_16.mpd,/videos/BigBuckBunny-2160.avi
4879,0.98944,4.79419,0.99807,52.18969,0.99947,0.89903,0.99135,0.99606,0.9977,100.0,0.32,0.18,0.16,0.39,53.1,55.53,56.11,52.19,0.996,0.998,0.998,0.995,/tmpdir/crf_16.mpd,/videos/BigBuckBunny-2160.avi
4880,0.99128,2.48992,0.99792,51.67487,0.9994,0.88845,0.99035,0.99548,0.99728,99.81719,0.35,0.19,0.16,0.44,52.66,55.45,56.07,51.67,0.996,0.998,0.998,0.995,/tmpdir/crf_16.mpd,/videos/BigBuckBunny-2160.avi
4881,0.99333,1.33999,0.99838,53.0374,0.99954,0.90782,0.99565,0.99824,0.99905,99.85354,0.27,0.16,0.15,0.32,53.86,55.99,56.45,53.04,0.997,0.998,0.998,0.996,/tmpdir/crf_16.mpd,/videos/BigBuckBunny-2160.avi
4882,0.99006,1.33999,0.99805,51.99734,0.99942,0.89053,0.99224,0.99638,0.99781,99.08707,0.33,0.18,0.16,0.41,52.95,55.62,56.12,52.0,0.996,0.998,0.998,0.995,/tmpdir/crf_16.mpd,/videos/BigBuckBunny-2160.avi
4883,0.99068,0.99007,0.99808,52.01467,0.99944,0.89131,0.99279,0.9967,0.99799,99.05115,0.33,0.18,0.16,0.41,52.97,55.62,56.17,52.01,0.996,0.998,0.998,0.995,/tmpdir/crf_16.mpd,/videos/BigBuckBunny-2160.avi
4884,0.99024,0.99007,0.99807,52.00787,0.99943,0.8915,0.99261,0.99658,0.99796,98.96773,0.33,0.18,0.16,0.41,52.95,55.6,56.11,52.01,0.996,0.998,0.998,0.995,/tmpdir/crf_16.mpd,/videos/BigBuckBunny-2160.avi
4885,0.99334,0.66432,0.99833,52.74861,0.99953,0.90371,0.99584,0.9984,0.99915,99.53001,0.28,0.17,0.15,0.35,53.6,55.85,56.31,52.75,0.996,0.998,0.998,0.996,/tmpdir/crf_16.mpd,/videos/BigBuckBunny-2160.avi
4886,0.99097,0.66432,0.99813,52.1536,0.99945,0.89438,0.99323,0.9969,0.99815,98.97137,0.32,0.18,0.16,0.4,53.08,55.62,56.1,52.15,0.996,0.998,0.998,0.995,/tmpdir/crf_16.mpd,/videos/BigBuckBunny-2160.avi
4887,0.99092,0.40276,0.99815,52.17506,0.99946,0.8948,0.99331,0.99687,0.99809,98.83603,0.32,0.18,0.16,0.39,53.1,55.63,56.17,52.18,0.996,0.998,0.998,0.995,/tmpdir/crf_16.mpd,/videos/BigBuckBunny-2160.avi
4888,0.99124,0.40276,0.99812,52.14845,0.99945,0.89389,0.99347,0.99704,0.99824,98.90481,0.32,0.18,0.16,0.4,53.07,55.61,56.09,52.15,0.996,0.998,0.998,0.995,/tmpdir/crf_16.mpd,/videos/BigBuckBunny-2160.avi
4889,0.99347,0.26103,0.99828,52.5783,0.99952,0.90121,0.99558,0.99822,0.99901,99.34256,0.29,0.17,0.15,0.36,53.45,55.76,56.25,52.58,0.996,0.998,0.998,0.996,/tmpdir/crf_16.mpd,/videos/BigBuckBunny-2160.avi
4890,0.99077,0.26103,0.99815,52.21461,0.99946,0.89503,0.99394,0.99733,0.99841,98.77914,0.32,0.18,0.16,0.39,53.12,55.6,56.08,52.21,0.996,0.998,0.998,0.995,/tmpdir/crf_16.mpd,/videos/BigBuckBunny-2160.avi
4891,0.99143,0.25414,0.99817,52.2249,0.99947,0.89573,0.9939,0.99725,0.99837,98.89095,0.32,0.18,0.16,0.39,53.14,55.62,56.14,52.22,0.996,0.998,0.998,0.995,/tmpdir/crf_16.mpd,/videos/BigBuckBunny-2160.avi
4892,0.99117,0.25414,0.99812,52.12301,0.99945,0.89363,0.99356,0.99708,0.99829,98.82623,0.32,0.18,0.16,0.4,53.04,55.56,56.07,52.12,0.996,0.998,0.998,0.995,/tmpdir/crf_16.mpd,/videos/BigBuckBunny-2160.avi
4893,0.99283,0.33142,0.99824,52.41194,0.99951,0.89818,0.99523,0.99803,0.99893,99.24092,0.3,0.18,0.16,0.37,53.3,55.68,56.21,52.41,0.996,0.998,0.998,0.995,/tmpdir/crf_16.mpd,/videos/BigBuckBunny-2160.avi
4894,0.99122,0.33142,0.99811,52.08086,0.99945,0.89264,0.9935,0.99706,0.99824,98.86563,0.33,0.18,0.16,0.4,53.0,55.5,56.05,52.08,0.996,0.998,0.998,0.995,/tmpdir/crf_16.mpd,/videos/BigBuckBunny-2160.avi
4895,0.99118,0.32891,0.99812,52.06822,0.99946,0.89233,0.99336,0.99694,0.99813,98.8444,0.33,0.18,0.16,0.4,52.99,55.53,56.09,52.07,0.996,0.998,0.998,0.995,/tmpdir/crf_16.mpd,/videos/BigBuckBunny-2160.avi
4896,0.991,0.32891,0.99807,51.96507,0.99944,0.89025,0.99311,0.99688,0.99817,98.80725,0.33,0.18,0.16,0.41,52.9,55.49,56.03,51.97,0.996,0.998,0.998,0.995,/tmpdir/crf_16.mpd,/videos/BigBuckBunny-2160.avi
4897,0.9921,0.24004,0.99818,52.21248,0.9995,0.894,0.99464,0.9977,0.99868,99.03074,0.32,0.18,0.16,0.39,53.13,55.6,56.16,52.21,0.996,0.998,0.998,0.995,/tmpdir/crf_16.mpd,/videos/BigBuckBunny-2160.avi
4898,0.99028,0.24004,0.99805,51.89196,0.99945,0.88841,0.99324,0.99702,0.99829,98.64466,0.34,0.19,0.16,0.42,52.83,55.44,55.98,51.89,0.996,0.998,0.998,0.995,/tmpdir/crf_16.mpd,/videos/BigBuckBunny-2160.avi
4899,0.99042,0.1624,0.99805,51.81559,0.99945,0.88681,0.99302,0.99686,0.99816,98.61581,0.34,0.19,0.16,0.43,52.77,55.45,56.02,51.82,0.996,0.998,0.998,0.995,/tmpdir/crf_16.mpd,/videos/BigBuckBunny-2160.avi
4900,0.98974,0.1624,0.99798,51.66779,0.99942,0.88411,0.99275,0.99681,0.99814,98.48448,0.35,0.19,0.17,0.44,52.64,55.37,55.93,51.67,0.996,0.997,0.998,0.995,/tmpdir/crf_16.mpd,/videos/BigBuckBunny-2160.avi
4901,0.98989,0.10618,0.99799,51.57284,0.99945,0.88192,0.99276,0.99678,0.9981,98.47492,0.36,0.19,0.16,0.45,52.57,55.45,56.05,51.57,0.996,0.997,0.998,0.995,/tmpdir/crf_16.mpd,/videos/BigBuckBunny-2160.avi
4902,0.98837,0.10618,0.99792,51.30705,0.99943,0.87609,0.99208,0.99645,0.99787,98.16345,0.38,0.19,0.16,0.48,52.34,55.39,55.99,51.31,0.995,0.997,0.998,0.994,/tmpdir/crf_16.mpd,/videos/BigBuckBunny-2160.avi
4903,0.99459,1.07869,0.9988,53.28015,0.99963,0.93248,0.997,0.99878,0.99939,100.0,0.26,0.18,0.18,0.31,53.94,55.65,55.68,53.28,0.997,0.997,0.997,0.997,/tmpdir/crf_16.mpd,/videos/BigBuckBunny-2160.avi
4904,0.99221,1.07869,0.99846,51.96584,0.99956,0.92038,0.99316,0.99682,0.99817,99.47097,0.34,0.2,0.2,0.41,52.8,55.23,55.11,51.97,0.997,0.997,0.997,0.996,/tmpdir/crf_16.mpd,/videos/BigBuckBunny-2160.avi
4905,0.99266,3.44968,0.99855,52.6017,0.99958,0.92745,0.99371,0.99706,0.99838,100.0,0.3,0.2,0.2,0.36,53.3,55.2,55.14,52.6,0.997,0.997,0.997,0.997,/tmpdir/crf_16.mpd,/videos/BigBuckBunny-2160.avi
4906,0.99406,3.44968,0.99865,53.12069,0.99959,0.9324,0.99473,0.99753,0.9986,100.0,0.27,0.17,0.17,0.32,53.84,55.8,55.8,53.12,0.997,0.998,0.998,0.997,/tmpdir/crf_16.mpd,/videos/BigBuckBunny-2160.avi
4907,0.9941,3.29825,0.99863,53.02508,0.99959,0.93281,0.99459,0.99737,0.99843,100.0,0.27,0.17,0.18,0.32,53.75,55.72,55.68,53.03,0.997,0.998,0.998,0.997,/tmpdir/crf_16.mpd,/videos/BigBuckBunny-2160.avi
4908,0.99387,3.29825,0.99857,52.66106,0.99958,0.92894,0.9942,0.99731,0.9985,100.0,0.3,0.19,0.19,0.35,53.4,55.41,55.39,52.66,0.997,0.997,0.997,0.996,/tmpdir/crf_16.mpd,/videos/BigBuckBunny-2160.avi
4909,0.99464,5.41402,0.99864,52.93228,0.9996,0.93051,0.99505,0.99771,0.99866,100.0,0.28,0.17,0.17,0.33,53.7,55.81,55.84,52.93,0.997,0.998,0.998,0.997,/tmpdir/crf_16.mpd,/videos/BigBuckBunny-2160.avi
4910,0.99358,5.66854,0.99855,52.40227,0.99959,0.92397,0.99388,0.99711,0.99826,100.0,0.31,0.19,0.19,0.37,53.18,55.38,55.31,52.4,0.997,0.997,0.997,0.996,/tmpdir/crf_16.mpd,/videos/BigBuckBunny-2160.avi
4911,0.99286,5.19035,0.99841,51.66648,0.99957,0.91314,0.99253,0.99661,0.99809,100.0,0.37,0.21,0.21,0.44,52.49,54.86,54.82,51.67,0.996,0.997,0.997,0.996,/tmpdir/crf_16.mpd,/videos/BigBuckBunny-2160.avi
4912,0.99386,5.19035,0.99858,52.22462,0.99962,0.91767,0.99398,0.99735,0.99857,100.0,0.32,0.2,0.2,0.39,53.01,55.22,55.22,52.22,0.996,0.997,0.997,0.996,/tmpdir/crf_16.mpd,/videos/BigBuckBunny-2160.avi
4913,0.99084,2.7508,0.99814,50.59457,0.99954,0.89303,0.99007,0.99549,0.99746,99.89889,0.46,0.25,0.25,0.57,51.48,54.11,54.08,50.59,0.995,0.997,0.997,0.995,/tmpdir/crf_16.mpd,/videos/BigBuckBunny-2160.avi
4914,0.99125,2.14551,0.99825,50.61322,0.99958,0.89422,0.99255,0.99684,0.99828,99.75407,0.46,0.25,0.25,0.56,51.5,54.13,54.07,50.61,0.995,0.997,0.997,0.995,/tmpdir/crf_16.mpd,/videos/BigBuckBunny-2160.avi
4915,0.99112,1.24316,0.99824,50.58692,0.99954,0.89558,0.9917,0.99631,0.99788,99.24499,0.46,0.25,0.25,0.57,51.5,54.24,54.22,50.59,0.995,0.997,0.997,0.995,/tmpdir/crf_16.mpd,/videos/BigBuckBunny-2160.avi
4916,0.99452,1.1215,0.99878,52.39097,0.99966,0.92124,0.99637,0.99851,0.99921,100.0,0.32,0.21,0.2,0.37,53.11,55.0,55.13,52.39,0.997,0.997,0.997,0.996,/tmpdir/crf_16.mpd,/videos/BigBuckBunny-2160.avi
4917,0.9916,0.52487,0.99845,51.19635,0.99958,0.90502,0.99312,0.99695,0.99832,99.06344,0.41,0.24,0.24,0.49,52.01,54.31,54.34,51.2,0.996,0.997,0.997,0.996,/tmpdir/crf_16.mpd,/videos/BigBuckBunny-2160.avi
4918,0.99184,0.52487,0.99849,51.29588,0.99959,0.9067,0.99374,0.99721,0.99841,99.12499,0.4,0.23,0.23,0.48,52.13,54.5,54.56,51.3,0.996,0.997,0.997,0.996,/tmpdir/crf_16.mpd,/videos/BigBuckBunny-2160.avi
4919,0.99196,0.43591,0.99847,51.23905,0.99958,0.90586,0.99356,0.99714,0.99838,99.09877,0.41,0.24,0.24,0.49,52.04,54.26,54.3,51.24,0.996,0.997,0.997,0.996,/tmpdir/crf_16.mpd,/videos/BigBuckBunny-2160.avi
4920,0.9938,0.43591,0.99866,51.88035,0.99964,0.91406,0.99577,0.99819,0.99896,99.52094,0.35,0.22,0.21,0.42,52.65,54.7,54.82,51.88,0.996,0.997,0.997,0.996,/tmpdir/crf_16.mpd,/videos/BigBuckBunny-2160.avi
4921,0.99165,0.42813,0.99848,51.27698,0.99958,0.90643,0.9934,0.99694,0.99823,99.0256,0.4,0.24,0.24,0.48,52.08,54.33,54.36,51.28,0.996,0.997,0.997,0.996,/tmpdir/crf_16.mpd,/videos/BigBuckBunny-2160.avi
4922,0.99208,0.42813,0.99851,51.35974,0.99959,0.90786,0.99371,0.99708,0.99832,99.11697,0.4,0.24,0.24,0.48,52.15,54.33,54.38,51.36,0.996,0.997,0.997,0.996,/tmpdir/crf_16.mpd,/videos/BigBuckBunny-2160.avi
4923,0.99191,0.41313,0.99847,51.22867,0.99958,0.9054,0.9933,0.99692,0.99823,99.06104,0.41,0.25,0.24,0.49,52.02,54.21,54.25,51.23,0.996,0.997,0.997,0.996,/tmpdir/crf_16.mpd,/videos/BigBuckBunny-2160.avi
4924,0.99322,0.41313,0.99861,51.68029,0.99964,0.9112,0.9952,0.99787,0.99876,99.37521,0.37,0.23,0.22,0.44,52.46,54.6,54.69,51.68,0.996,0.997,0.997,0.996,/tmpdir/crf_16.mpd,/videos/BigBuckBunny-2160.avi
4925,0.99175,0.73378,0.99841,51.04057,0.99956,0.90213,0.99256,0.99644,0.99784,99.13289,0.42,0.25,0.24,0.51,51.86,54.17,54.26,51.04,0.996,0.997,0.997,0.995,/tmpdir/crf_16.mpd,/videos/BigBuckBunny-2160.avi
4926,0.9917,1.00168,0.99839,50.98797,0.99956,0.90112,0.99233,0.99629,0.99776,99.2389,0.43,0.25,0.25,0.52,51.81,54.12,54.15,50.99,0.996,0.997,0.997,0.995,/tmpdir/crf_16.mpd,/videos/BigBuckBunny-2160.avi
4927,0.99073,1.41208,0.9983,50.61324,0.99954,0.89477,0.99162,0.99601,0.99765,99.2321,0.47,0.28,0.28,0.56,51.41,53.62,53.65,50.61,0.995,0.996,0.996,0.995,/tmpdir/crf_16.mpd,/videos/BigBuckBunny-2160.avi
4928,0.9925,1.41208,0.99847,51.10799,0.99961,0.90117,0.99399,0.99728,0.99841,99.65175,0.42,0.26,0.25,0.5,51.89,54.02,54.09,51.11,0.996,0.997,0.996,0.995,/tmpdir/crf_16.mpd,/videos/BigBuckBunny-2160.avi
4929,0.9908,0.74869,0.99831,50.61965,0.99955,0.8941,0.99187,0.99623,0.99782,98.93952,0.47,0.28,0.29,0.56,51.41,53.69,53.56,50.62,0.995,0.996,0.996,0.995,/tmpdir/crf_16.mpd,/videos/BigBuckBunny-2160.avi
4930,0.9913,0.48851,0.99833,50.54762,0.99957,0.8934,0.99239,0.9965,0.99794,98.91886,0.48,0.28,0.29,0.57,51.35,53.68,53.57,50.55,0.995,0.996,0.996,0.995,/tmpdir/crf_16.mpd,/videos/BigBuckBunny-2160.avi
4931,0.98902,0.40765,0.99821,50.07074,0.99956,0.8804,0.99137,0.99627,0.99792,98.43013,0.52,0.28,0.29,0.64,50.96,53.64,53.53,50.07,0.995,0.996,0.996,0.994,/tmpdir/crf_16.mpd,/videos/BigBuckBunny-2160.avi
4932,0.99186,0.40765,0.99835,50.63625,0.99959,0.89152,0.99319,0.99704,0.99836,99.0171,0.46,0.26,0.27,0.56,51.48,53.93,53.85,50.64,0.995,0.996,0.996,0.995,/tmpdir/crf_16.mpd,/videos/BigBuckBunny-2160.avi
4933,0.99102,0.51008,0.99831,50.60097,0.99956,0.89346,0.99234,0.99647,0.99793,98.87722,0.47,0.28,0.29,0.57,51.39,53.67,53.56,50.6,0.995,0.996,0.996,0.995,/tmpdir/crf_16.mpd,/videos/BigBuckBunny-2160.avi
4934,0.99149,2.81584,0.99823,50.84686,0.99955,0.89667,0.98958,0.99492,0.99703,100.0,0.45,0.26,0.27,0.54,51.65,53.96,53.82,50.85,0.995,0.997,0.997,0.995,/tmpdir/crf_16.mpd,/videos/BigBuckBunny-2160.avi
4935,0.99456,8.11079,0.99848,51.8374,0.9996,0.91115,0.99323,0.99685,0.99819,100.0,0.36,0.22,0.22,0.43,52.59,54.68,54.62,51.84,0.996,0.997,0.997,0.996,/tmpdir/crf_16.mpd,/videos/BigBuckBunny-2160.avi
4936,0.99273,7.42653,0.99834,51.34353,0.99959,0.90348,0.99184,0.99624,0.99786,100.0,0.4,0.23,0.24,0.48,52.14,54.43,54.38,51.34,0.996,0.997,0.997,0.995,/tmpdir/crf_16.mpd,/videos/BigBuckBunny-2160.avi
4937,0.99408,7.42653,0.99846,51.9632,0.99959,0.91164,0.99336,0.99691,0.99823,100.0,0.35,0.21,0.21,0.41,52.75,54.9,54.96,51.96,0.996,0.997,0.997,0.996,/tmpdir/crf_16.mpd,/videos/BigBuckBunny-2160.avi
4938,0.99413,9.8025,0.9984,51.87909,0.99959,0.90873,0.99332,0.99701,0.99829,100.0,0.35,0.21,0.2,0.42,52.69,54.86,55.11,51.88,0.996,0.997,0.997,0.996,/tmpdir/crf_16.mpd,/videos/BigBuckBunny-2160.avi
4939,0.99282,18.54158,0.99849,51.17981,0.99973,0.90226,0.99288,0.99675,0.99811,100.0,0.41,0.24,0.23,0.5,52.01,54.25,54.48,51.18,0.996,0.997,0.997,0.995,/tmpdir/crf_16.mpd,/videos/BigBuckBunny-2160.avi
4940,0.99271,15.80048,0.99851,51.35644,0.99966,0.90604,0.99295,0.99667,0.99801,100.0,0.4,0.24,0.23,0.48,52.16,54.35,54.46,51.36,0.996,0.997,0.997,0.995,/tmpdir/crf_16.mpd,/videos/BigBuckBunny-2160.avi
4941,0.99295,4.35748,0.9985,51.32153,0.99962,0.90476,0.99349,0.99717,0.99846,100.0,0.41,0.26,0.26,0.48,52.03,53.93,53.97,51.32,0.996,0.996,0.996,0.996,/tmpdir/crf_16.mpd,/videos/BigBuckBunny-2160.avi
4942,0.99042,4.35748,0.99812,50.04301,0.99955,0.88457,0.99008,0.99567,0.99766,100.0,0.53,0.3,0.31,0.64,50.88,53.31,53.25,50.04,0.995,0.996,0.996,0.994,/tmpdir/crf_16.mpd,/videos/BigBuckBunny-2160.avi
4943,0.99177,2.97647,0.99822,50.12487,0.99957,0.88822,0.99218,0.99663,0.99817,100.0,0.52,0.29,0.29,0.63,50.99,53.52,53.51,50.12,0.995,0.996,0.996,0.994,/tmpdir/crf_16.mpd,/videos/BigBuckBunny-2160.avi
4944,0.98966,2.54543,0.99826,50.22635,0.99955,0.89042,0.99106,0.99595,0.99769,99.60384,0.51,0.29,0.28,0.62,51.08,53.49,53.63,50.23,0.995,0.996,0.996,0.995,/tmpdir/crf_16.mpd,/videos/BigBuckBunny-2160.avi
4945,0.99498,1.05132,0.9987,51.69923,0.99965,0.9136,0.9959,0.99822,0.99903,100.0,0.37,0.24,0.24,0.44,52.42,54.31,54.41,51.7,0.996,0.997,0.997,0.996,/tmpdir/crf_16.mpd,/videos/BigBuckBunny-2160.avi
4946,0.99244,1.05132,0.99841,50.61227,0.99958,0.89844,0.99264,0.99664,0.99811,99.4187,0.47,0.27,0.27,0.56,51.44,53.77,53.89,50.61,0.996,0.996,0.996,0.995,/tmpdir/crf_16.mpd,/videos/BigBuckBunny-2160.avi
4947,0.99376,0.681,0.99845,50.76178,0.99958,0.90099,0.99313,0.99677,0.99808,99.48596,0.45,0.27,0.26,0.55,51.57,53.8,53.9,50.76,0.996,0.996,0.996,0.995,/tmpdir/crf_16.mpd,/videos/BigBuckBunny-2160.avi
4948,0.99271,0.681,0.99841,50.63731,0.99957,0.89892,0.99274,0.99663,0.99808,99.29004,0.46,0.27,0.27,0.56,51.46,53.78,53.83,50.64,0.996,0.996,0.996,0.995,/tmpdir/crf_16.mpd,/videos/BigBuckBunny-2160.avi
4949,0.99557,0.88044,0.99867,51.62703,0.99964,0.91229,0.99601,0.9983,0.99908,100.0,0.38,0.25,0.25,0.45,52.32,54.15,54.17,51.63,0.996,0.997,0.997,0.996,/tmpdir/crf_16.mpd,/videos/BigBuckBunny-2160.avi
4950,0.99371,0.87095,0.99843,50.70039,0.99958,0.89951,0.99287,0.99675,0.99813,99.56604,0.46,0.28,0.28,0.55,51.49,53.65,53.72,50.7,0.996,0.996,0.996,0.995,/tmpdir/crf_16.mpd,/videos/BigBuckBunny-2160.avi
4951,0.99386,0.80274,0.99847,50.8238,0.99959,0.90115,0.99341,0.99695,0.99826,99.58011,0.45,0.28,0.27,0.54,51.6,53.73,53.77,50.82,0.996,0.996,0.996,0.995,/tmpdir/crf_16.mpd,/videos/BigBuckBunny-2160.avi
4952,0.99288,0.80274,0.99842,50.61661,0.99958,0.89831,0.9928,0.99669,0.99808,99.37776,0.47,0.28,0.28,0.56,51.41,53.63,53.62,50.62,0.996,0.996,0.996,0.995,/tmpdir/crf_16.mpd,/videos/BigBuckBunny-2160.avi
4953,0.99561,0.48953,0.99868,51.62652,0.99965,0.91202,0.99625,0.99846,0.99916,99.88037,0.38,0.25,0.25,0.45,52.32,54.12,54.18,51.63,0.996,0.997,0.996,0.996,/tmpdir/crf_16.mpd,/videos/BigBuckBunny-2160.avi
4954,0.99298,0.47171,0.99848,50.85583,0.99959,0.9019,0.99334,0.99691,0.99823,99.26681,0.45,0.27,0.27,0.53,51.63,53.79,53.76,50.86,0.996,0.996,0.996,0.995,/tmpdir/crf_16.mpd,/videos/BigBuckBunny-2160.avi
4955,0.99358,0.29105,0.99851,50.95594,0.99959,0.90349,0.99388,0.9972,0.9984,99.31392,0.44,0.27,0.27,0.52,51.72,53.86,53.84,50.96,0.996,0.996,0.996,0.995,/tmpdir/crf_16.mpd,/videos/BigBuckBunny-2160.avi
4956,0.99313,0.29105,0.99848,50.87125,0.99959,0.90211,0.99368,0.99707,0.99833,99.22182,0.45,0.27,0.27,0.53,51.64,53.79,53.76,50.87,0.996,0.996,0.996,0.995,/tmpdir/crf_16.mpd,/videos/BigBuckBunny-2160.avi
4957,0.99557,0.25719,0.99867,51.575,0.99964,0.91122,0.99611,0.99832,0.99907,99.75309,0.39,0.25,0.25,0.45,52.27,54.1,54.15,51.57,0.996,0.997,0.996,0.996,/tmpdir/crf_16.mpd,/videos/BigBuckBunny-2160.avi
4958,0.99344,0.25719,0.9985,50.95077,0.99959,0.90302,0.99398,0.99727,0.99846,99.27807,0.44,0.27,0.27,0.52,51.71,53.8,53.81,50.95,0.996,0.996,0.996,0.995,/tmpdir/crf_16.mpd,/videos/BigBuckBunny-2160.avi
4959,0.99367,0.23862,0.99851,50.95831,0.99959,0.90373,0.99402,0.9972,0.99837,99.30377,0.44,0.27,0.27,0.52,51.72,53.8,53.82,50.96,0.996,0.996,0.996,0.995,/tmpdir/crf_16.mpd,/videos/BigBuckBunny-2160.avi
4960,0.99328,0.23862,0.99849,50.88872,0.99959,0.90207,0.99389,0.99721,0.99843,99.23367,0.44,0.27,0.28,0.53,51.65,53.74,53.73,50.89,0.996,0.996,0.996,0.995,/tmpdir/crf_16.mpd,/videos/BigBuckBunny-2160.avi
4961,0.99518,0.22546,0.99865,51.501,0.99964,0.91018,0.99591,0.99821,0.99895,99.65511,0.39,0.26,0.25,0.46,52.2,54.05,54.1,51.5,0.996,0.996,0.996,0.996,/tmpdir/crf_16.mpd,/videos/BigBuckBunny-2160.avi
4962,0.99302,0.22546,0.9985,50.92928,0.99959,0.90246,0.99391,0.99719,0.99836,99.17819,0.44,0.27,0.27,0.52,51.69,53.78,53.79,50.93,0.996,0.996,0.996,0.995,/tmpdir/crf_16.mpd,/videos/BigBuckBunny-2160.avi
4963,0.99327,0.21265,0.99851,50.93386,0.99959,0.90323,0.99393,0.99713,0.99829,99.21192,0.44,0.27,0.27,0.52,51.69,53.76,53.78,50.93,0.996,0.996,0.996,0.995,/tmpdir/crf_16.mpd,/videos/BigBuckBunny-2160.avi
4964,0.99312,0.21265,0.99848,50.84513,0.99959,0.90134,0.99369,0.99706,0.99828,99.17749,0.45,0.28,0.28,0.54,51.6,53.69,53.69,50.85,0.996,0.996,0.996,0.995,/tmpdir/crf_16.mpd,/videos/BigBuckBunny-2160.avi
4965,0.99489,0.20222,0.99862,51.36378,0.99964,0.90845,0.99551,0.99801,0.9989,99.57843,0.4,0.26,0.26,0.48,52.08,54.0,54.02,51.36,0.996,0.996,0.996,0.996,/tmpdir/crf_16.mpd,/videos/BigBuckBunny-2160.avi
4966,0.99351,0.20222,0.99853,50.99895,0.99961,0.90302,0.9941,0.99731,0.99847,99.26587,0.43,0.27,0.27,0.52,51.75,53.83,53.81,51.0,0.996,0.996,0.996,0.995,/tmpdir/crf_16.mpd,/videos/BigBuckBunny-2160.avi
4967,0.99304,0.27743,0.99848,50.81875,0.99959,0.90099,0.99367,0.99715,0.99839,99.20113,0.45,0.27,0.28,0.54,51.59,53.75,53.71,50.82,0.996,0.996,0.996,0.995,/tmpdir/crf_16.mpd,/videos/BigBuckBunny-2160.avi
4968,0.99517,0.78405,0.99861,51.34201,0.99964,0.90825,0.99514,0.99784,0.99878,99.88497,0.41,0.26,0.26,0.48,52.06,53.97,53.99,51.34,0.996,0.996,0.996,0.996,/tmpdir/crf_16.mpd,/videos/BigBuckBunny-2160.avi
4969,0.9972,1.08113,0.99899,53.71658,0.99968,0.94152,0.99766,0.99904,0.99951,100.0,0.24,0.17,0.17,0.28,54.33,55.86,55.94,53.72,0.997,0.998,0.998,0.997,/tmpdir/crf_16.mpd,/videos/BigBuckBunny-2160.avi
4970,0.99409,1.08113,0.99864,51.57046,0.99962,0.91512,0.99407,0.99728,0.99846,99.82042,0.37,0.21,0.22,0.45,52.41,54.83,54.78,51.57,0.996,0.997,0.997,0.996,/tmpdir/crf_16.mpd,/videos/BigBuckBunny-2160.avi
4971,0.99405,0.88369,0.99862,51.44496,0.9996,0.91383,0.9941,0.99725,0.99843,99.71191,0.39,0.22,0.23,0.47,52.27,54.65,54.6,51.44,0.996,0.997,0.997,0.996,/tmpdir/crf_16.mpd,/videos/BigBuckBunny-2160.avi
4972,0.99352,0.82076,0.99857,51.17265,0.9996,0.90939,0.99341,0.99691,0.99823,99.55169,0.41,0.23,0.24,0.5,52.02,54.5,54.4,51.17,0.996,0.997,0.997,0.996,/tmpdir/crf_16.mpd,/videos/BigBuckBunny-2160.avi
4973,0.99512,0.49484,0.99872,51.85534,0.99965,0.91711,0.99578,0.99811,0.99892,99.78798,0.35,0.21,0.22,0.42,52.64,54.85,54.78,51.86,0.996,0.997,0.997,0.996,/tmpdir/crf_16.mpd,/videos/BigBuckBunny-2160.avi
4974,0.99338,0.49484,0.99855,51.03646,0.99959,0.90726,0.9934,0.99691,0.99821,99.36357,0.42,0.24,0.25,0.51,51.88,54.39,54.24,51.04,0.996,0.997,0.997,0.996,/tmpdir/crf_16.mpd,/videos/BigBuckBunny-2160.avi
4975,0.99397,0.82984,0.99859,51.21142,0.9996,0.91039,0.99392,0.99714,0.99833,99.65142,0.41,0.23,0.24,0.49,52.03,54.43,54.29,51.21,0.996,0.997,0.997,0.996,/tmpdir/crf_16.mpd,/videos/BigBuckBunny-2160.avi
4976,0.99322,0.73214,0.99855,51.07103,0.99959,0.90786,0.99339,0.99685,0.99816,99.4439,0.42,0.24,0.25,0.51,51.89,54.3,54.18,51.07,0.996,0.997,0.997,0.996,/tmpdir/crf_16.mpd,/videos/BigBuckBunny-2160.avi
4977,0.99537,0.37037,0.99873,51.85899,0.99965,0.91722,0.99597,0.99824,0.99902,99.78594,0.36,0.22,0.22,0.42,52.62,54.75,54.7,51.86,0.996,0.997,0.997,0.996,/tmpdir/crf_16.mpd,/videos/BigBuckBunny-2160.avi
4978,0.99325,0.37037,0.99856,51.13578,0.99959,0.90822,0.99373,0.99707,0.99829,99.29699,0.41,0.24,0.25,0.5,51.95,54.33,54.22,51.14,0.996,0.997,0.997,0.996,/tmpdir/crf_16.mpd,/videos/BigBuckBunny-2160.avi
4979,0.99381,0.66341,0.99859,51.2187,0.9996,0.91021,0.99411,0.99723,0.9984,99.55086,0.41,0.24,0.25,0.49,52.0,54.26,54.12,51.22,0.996,0.997,0.997,0.996,/tmpdir/crf_16.mpd,/videos/BigBuckBunny-2160.avi
4980,0.9929,0.66341,0.99854,51.02318,0.99958,0.90662,0.99348,0.99698,0.99827,99.3625,0.43,0.25,0.26,0.51,51.83,54.21,54.06,51.02,0.996,0.997,0.997,0.996,/tmpdir/crf_16.mpd,/videos/BigBuckBunny-2160.avi
4981,0.99532,0.47288,0.99871,51.76045,0.99964,0.91539,0.99594,0.99822,0.99899,99.81517,0.37,0.23,0.23,0.43,52.5,54.55,54.45,51.76,0.996,0.997,0.997,0.996,/tmpdir/crf_16.mpd,/videos/BigBuckBunny-2160.avi
4982,0.99301,0.47288,0.99855,51.08124,0.9996,0.9066,0.99366,0.99706,0.99831,99.29764,0.42,0.25,0.26,0.51,51.88,54.17,54.04,51.08,0.996,0.997,0.997,0.996,/tmpdir/crf_16.mpd,/videos/BigBuckBunny-2160.avi
4983,0.99326,0.36731,0.99858,51.12847,0.9996,0.90847,0.99415,0.99728,0.99843,99.31266,0.42,0.25,0.26,0.5,51.9,54.11,53.97,51.13,0.996,0.997,0.997,0.996,/tmpdir/crf_16.mpd,/videos/BigBuckBunny-2160.avi
4984,0.99296,0.36731,0.99852,50.94391,0.99958,0.90502,0.99338,0.99689,0.99822,99.22364,0.44,0.26,0.26,0.52,51.74,54.06,53.9,50.94,0.996,0.997,0.996,0.996,/tmpdir/crf_16.mpd,/videos/BigBuckBunny-2160.avi
4985,0.99524,0.45043,0.99869,51.68262,0.99964,0.91419,0.99585,0.99817,0.99895,99.78228,0.37,0.24,0.24,0.44,52.41,54.42,54.35,51.68,0.996,0.997,0.997,0.996,/tmpdir/crf_16.mpd,/videos/BigBuckBunny-2160.avi
4986,0.993,0.45043,0.99853,50.98787,0.99959,0.90515,0.9936,0.99704,0.9983,99.27874,0.43,0.26,0.26,0.52,51.77,54.03,53.91,50.99,0.996,0.997,0.996,0.996,/tmpdir/crf_16.mpd,/videos/BigBuckBunny-2160.avi
4987,0.99361,0.35194,0.99857,51.07797,0.9996,0.90746,0.9942,0.99728,0.99842,99.36418,0.43,0.26,0.27,0.51,51.84,54.0,53.89,51.08,0.996,0.997,0.996,0.996,/tmpdir/crf_16.mpd,/videos/BigBuckBunny-2160.avi
4988,0.99296,0.35194,0.99851,50.89437,0.99958,0.90387,0.99344,0.99688,0.99816,99.20767,0.44,0.26,0.27,0.53,51.67,53.92,53.78,50.89,0.996,0.997,0.996,0.996,/tmpdir/crf_16.mpd,/videos/BigBuckBunny-2160.avi
4989,0.99515,0.53614,0.99868,51.5731,0.99964,0.91249,0.9957,0.9981,0.9989,99.79523,0.38,0.24,0.25,0.45,52.3,54.28,54.22,51.57,0.996,0.997,0.997,0.996,/tmpdir/crf_16.mpd,/videos/BigBuckBunny-2160.avi
4990,0.99305,0.49288,0.99852,50.90868,0.99959,0.90355,0.99356,0.99702,0.99829,99.30111,0.44,0.26,0.27,0.53,51.69,53.95,53.8,50.91,0.996,0.997,0.996,0.996,/tmpdir/crf_16.mpd,/videos/BigBuckBunny-2160.avi
4991,0.99357,0.39217,0.99854,50.92331,0.9996,0.90457,0.99396,0.99721,0.99836,99.36008,0.44,0.27,0.27,0.53,51.69,53.89,53.75,50.92,0.996,0.996,0.996,0.996,/tmpdir/crf_16.mpd,/videos/BigBuckBunny-2160.avi
4992,0.99305,0.39217,0.9985,50.83771,0.99958,0.90276,0.99361,0.9971,0.99837,99.25862,0.45,0.27,0.28,0.54,51.62,53.85,53.71,50.84,0.996,0.996,0.996,0.995,/tmpdir/crf_16.mpd,/videos/BigBuckBunny-2160.avi
4993,0.99459,0.28226,0.99864,51.36612,0.99963,0.9094,0.99538,0.99795,0.99883,99.55909,0.4,0.25,0.25,0.47,52.1,54.13,54.07,51.37,0.996,0.997,0.996,0.996,/tmpdir/crf_16.mpd,/videos/BigBuckBunny-2160.avi
4994,0.99256,0.28226,0.99849,50.79457,0.99958,0.90158,0.99344,0.997,0.99828,99.10795,0.45,0.27,0.28,0.54,51.58,53.83,53.71,50.79,0.996,0.996,0.996,0.995,/tmpdir/crf_16.mpd,/videos/BigBuckBunny-2160.avi
4995,0.99303,0.39889,0.99851,50.8268,0.99959,0.90263,0.99366,0.9971,0.99835,99.2578,0.45,0.27,0.28,0.54,51.6,53.79,53.65,50.83,0.996,0.996,0.996,0.995,/tmpdir/crf_16.mpd,/videos/BigBuckBunny-2160.avi
4996,0.99265,0.39889,0.99846,50.66758,0.99957,0.89966,0.99312,0.99683,0.99818,99.1616,0.46,0.27,0.28,0.56,51.46,53.75,53.6,50.67,0.996,0.996,0.996,0.995,/tmpdir/crf_16.mpd,/videos/BigBuckBunny-2160.avi
4997,0.99427,0.26052,0.99859,51.14759,0.99963,0.90566,0.99492,0.99775,0.99872,99.46574,0.42,0.26,0.26,0.5,51.9,54.02,53.95,51.15,0.996,0.996,0.996,0.996,/tmpdir/crf_16.mpd,/videos/BigBuckBunny-2160.avi
4998,0.99242,0.26052,0.99847,50.66609,0.99958,0.89943,0.99334,0.99698,0.99827,99.06638,0.46,0.27,0.28,0.56,51.46,53.74,53.61,50.67,0.996,0.996,0.996,0.995,/tmpdir/crf_16.mpd,/videos/BigBuckBunny-2160.avi
4999,0.9928,0.35262,0.99848,50.68531,0.99958,0.90015,0.99343,0.99699,0.9983,99.1808,0.46,0.28,0.29,0.56,51.47,53.71,53.56,50.69,0.996,0.996,0.996,0.995,/tmpdir/crf_16.mpd,/videos/BigBuckBunny-2160.avi
5000,0.9923,0.4147,0.99842,50.50741,0.99957,0.89689,0.99282,0.9967,0.9981,99.08914,0.48,0.28,0.29,0.58,51.31,53.64,53.47,50.51,0.996,0.996,0.996,0.995,/tmpdir/crf_16.mpd,/videos/BigBuckBunny-2160.avi
5001,0.99391,0.37891,0.99852,50.8074,0.99961,0.90053,0.99417,0.99733,0.99847,99.41286,0.45,0.27,0.27,0.54,51.6,53.87,53.75,50.81,0.996,0.996,0.996,0.995,/tmpdir/crf_16.mpd,/videos/BigBuckBunny-2160.avi
5002,0.99247,0.37891,0.99841,50.44428,0.99957,0.89529,0.99265,0.99659,0.99805,99.09109,0.49,0.28,0.3,0.59,51.25,53.59,53.42,50.44,0.995,0.996,0.996,0.995,/tmpdir/crf_16.mpd,/videos/BigBuckBunny-2160.avi
5003,0.99261,0.22842,0.99841,50.39872,0.99958,0.8949,0.99272,0.99665,0.99808,99.04808,0.49,0.29,0.3,0.59,51.2,53.52,53.34,50.4,0.995,0.996,0.996,0.995,/tmpdir/crf_16.mpd,/videos/BigBuckBunny-2160.avi
5004,0.99195,0.22842,0.99835,50.21942,0.99956,0.89182,0.99205,0.99633,0.99787,98.89895,0.51,0.29,0.31,0.62,51.03,53.43,53.23,50.22,0.995,0.996,0.996,0.995,/tmpdir/crf_16.mpd,/videos/BigBuckBunny-2160.avi
5005,0.99243,0.3405,0.99835,50.13872,0.99957,0.89002,0.99206,0.99633,0.99785,99.02886,0.52,0.29,0.3,0.63,50.99,53.56,53.38,50.14,0.995,0.996,0.996,0.995,/tmpdir/crf_16.mpd,/videos/BigBuckBunny-2160.avi
5006,0.99151,0.3405,0.99827,49.84157,0.99955,0.88584,0.9907,0.99553,0.99729,98.7933,0.55,0.29,0.31,0.67,50.73,53.44,53.24,49.84,0.995,0.996,0.996,0.995,/tmpdir/crf_16.mpd,/videos/BigBuckBunny-2160.avi
5007,0.99684,0.15119,0.99878,55.56652,0.99955,0.95009,0.99855,0.99938,0.99966,100.0,0.15,0.09,0.08,0.18,56.38,58.48,58.86,55.57,0.998,0.999,0.999,0.998,/tmpdir/crf_16.mpd,/videos/BigBuckBunny-2160.avi
5008,0.99316,0.15119,0.99858,54.06839,0.9995,0.93534,0.99723,0.99871,0.99924,99.38599,0.2,0.1,0.09,0.25,55.07,58.09,58.45,54.07,0.998,0.999,0.999,0.997,/tmpdir/crf_16.mpd,/videos/BigBuckBunny-2160.avi
5009,0.99355,0.13563,0.99856,53.97323,0.9995,0.93491,0.99708,0.99868,0.99931,99.45148,0.21,0.1,0.09,0.26,54.98,58.01,58.41,53.97,0.997,0.999,0.999,0.997,/tmpdir/crf_16.mpd,/videos/BigBuckBunny-2160.avi
5010,0.9927,0.13563,0.99852,53.77893,0.99949,0.93267,0.99686,0.99853,0.99915,99.27624,0.22,0.1,0.1,0.27,54.81,57.93,58.31,53.78,0.997,0.998,0.999,0.997,/tmpdir/crf_16.mpd,/videos/BigBuckBunny-2160.avi
5011,0.99525,0.15185,0.99858,54.1269,0.99952,0.93672,0.9975,0.99887,0.99936,99.77485,0.2,0.1,0.09,0.25,55.11,58.03,58.39,54.13,0.997,0.999,0.999,0.997,/tmpdir/crf_16.mpd,/videos/BigBuckBunny-2160.avi
5012,0.99301,0.15185,0.99849,53.67629,0.99948,0.93104,0.99677,0.99851,0.99913,99.33067,0.22,0.11,0.1,0.28,54.7,57.82,58.21,53.68,0.997,0.998,0.998,0.997,/tmpdir/crf_16.mpd,/videos/BigBuckBunny-2160.avi
5013,0.99247,0.13844,0.9985,53.70588,0.99949,0.93147,0.99668,0.9984,0.99904,99.22136,0.22,0.11,0.1,0.28,54.72,57.79,58.19,53.71,0.997,0.998,0.998,0.997,/tmpdir/crf_16.mpd,/videos/BigBuckBunny-2160.avi
5014,0.99258,0.13844,0.99847,53.5677,0.99948,0.92986,0.99661,0.99839,0.99906,99.23637,0.23,0.11,0.1,0.29,54.6,57.72,58.13,53.57,0.997,0.998,0.998,0.997,/tmpdir/crf_16.mpd,/videos/BigBuckBunny-2160.avi
5015,0.9951,0.15586,0.99855,53.98461,0.99951,0.93466,0.99734,0.99879,0.99931,99.73712,0.21,0.11,0.1,0.26,54.97,57.9,58.29,53.98,0.997,0.998,0.998,0.997,/tmpdir/crf_16.mpd,/videos/BigBuckBunny-2160.avi
5016,0.99332,0.15586,0.99846,53.55547,0.99948,0.92959,0.99666,0.99848,0.99915,99.38255,0.23,0.11,0.1,0.29,54.57,57.6,58.04,53.56,0.997,0.998,0.998,0.997,/tmpdir/crf_16.mpd,/videos/BigBuckBunny-2160.avi
5017,0.99285,0.13218,0.99848,53.57022,0.99949,0.92951,0.99667,0.99848,0.99917,99.28925,0.23,0.11,0.1,0.29,54.59,57.63,58.05,53.57,0.997,0.998,0.998,0.997,/tmpdir/crf_16.mpd,/videos/BigBuckBunny-2160.avi
5018,0.99173,0.13218,0.99844,53.44721,0.99947,0.92808,0.99642,0.99829,0.99898,99.06838,0.23,0.11,0.1,0.29,54.47,57.56,58.02,53.45,0.997,0.998,0.998,0.997,/tmpdir/crf_16.mpd,/videos/BigBuckBunny-2160.avi
5019,0.99413,0.13694,0.99852,53.81356,0.99951,0.93259,0.99726,0.99879,0.99934,99.5513,0.21,0.11,0.1,0.27,54.81,57.73,58.18,53.81,0.997,0.998,0.998,0.997,/tmpdir/crf_16.mpd,/videos/BigBuckBunny-2160.avi
5020,0.99187,0.13694,0.99843,53.37576,0.99947,0.92737,0.9964,0.99829,0.99901,99.09432,0.24,0.12,0.1,0.3,54.4,57.49,57.94,53.38,0.997,0.998,0.998,0.997,/tmpdir/crf_16.mpd,/videos/BigBuckBunny-2160.avi
5021,0.9922,0.12166,0.99845,53.37603,0.99949,0.92706,0.99649,0.99837,0.99904,99.14904,0.24,0.12,0.1,0.3,54.4,57.48,57.92,53.38,0.997,0.998,0.998,0.997,/tmpdir/crf_16.mpd,/videos/BigBuckBunny-2160.avi
5022,0.99186,0.12166,0.99841,53.20972,0.99947,0.92474,0.9963,0.9983,0.99901,99.07611,0.24,0.12,0.11,0.31,54.26,57.47,57.91,53.21,0.997,0.998,0.998,0.996,/tmpdir/crf_16.mpd,/videos/BigBuckBunny-2160.avi
5023,0.99322,0.16231,0.99847,53.48303,0.9995,0.92774,0.99682,0.99858,0.9992,99.36658,0.23,0.11,0.1,0.29,54.51,57.6,58.04,53.48,0.997,0.998,0.998,0.997,/tmpdir/crf_16.mpd,/videos/BigBuckBunny-2160.avi
5024,0.99094,0.28452,0.99833,52.7118,0.99946,0.91552,0.99571,0.99806,0.99888,98.93885,0.27,0.12,0.11,0.35,53.82,57.34,57.82,52.71,0.997,0.998,0.998,0.996,/tmpdir/crf_16.mpd,/videos/BigBuckBunny-2160.avi
5025,0.99044,0.6555,0.99833,52.82995,0.99948,0.9185,0.99572,0.99812,0.99895,99.03984,0.26,0.12,0.11,0.34,53.9,57.21,57.71,52.83,0.997,0.998,0.998,0.996,/tmpdir/crf_16.mpd,/videos/BigBuckBunny-2160.avi
5026,0.98984,0.6555,0.99827,52.66706,0.99945,0.91741,0.99506,0.99773,0.99868,98.89945,0.27,0.13,0.11,0.35,53.75,57.15,57.59,52.67,0.997,0.998,0.998,0.996,/tmpdir/crf_16.mpd,/videos/BigBuckBunny-2160.avi
5027,0.99282,0.86485,0.99839,53.14703,0.9995,0.92282,0.99648,0.99846,0.99914,99.59758,0.25,0.12,0.11,0.32,54.19,57.37,57.79,53.15,0.997,0.998,0.998,0.996,/tmpdir/crf_16.mpd,/videos/BigBuckBunny-2160.avi
5028,0.99032,0.92527,0.99826,52.65499,0.99945,0.9161,0.99474,0.99762,0.99863,99.10154,0.28,0.13,0.11,0.35,53.73,57.03,57.55,52.65,0.997,0.998,0.998,0.996,/tmpdir/crf_16.mpd,/videos/BigBuckBunny-2160.avi
5029,0.99185,1.11493,0.99828,52.65777,0.99947,0.91632,0.99527,0.99788,0.99878,99.48064,0.27,0.13,0.11,0.35,53.74,57.12,57.6,52.66,0.997,0.998,0.998,0.996,/tmpdir/crf_16.mpd,/videos/BigBuckBunny-2160.avi
5030,0.99078,1.11493,0.99823,52.53369,0.99944,0.91553,0.99463,0.99754,0.99857,99.26576,0.28,0.13,0.12,0.36,53.62,57.04,57.51,52.53,0.997,0.998,0.998,0.996,/tmpdir/crf_16.mpd,/videos/BigBuckBunny-2160.avi
5031,0.99476,0.84986,0.99843,53.35917,0.9995,0.92604,0.99693,0.99867,0.99926,99.95984,0.24,0.12,0.11,0.3,54.37,57.41,57.85,53.36,0.997,0.998,0.998,0.996,/tmpdir/crf_16.mpd,/videos/BigBuckBunny-2160.avi
5032,0.99258,0.49518,0.9983,52.75972,0.99945,0.91774,0.99549,0.99799,0.99887,99.33164,0.27,0.13,0.11,0.34,53.82,57.12,57.58,52.76,0.997,0.998,0.998,0.996,/tmpdir/crf_16.mpd,/videos/BigBuckBunny-2160.avi
5033,0.99193,0.49518,0.99832,52.77233,0.99946,0.91807,0.99569,0.99806,0.9989,99.22266,0.27,0.12,0.11,0.34,53.84,57.18,57.64,52.77,0.997,0.998,0.998,0.996,/tmpdir/crf_16.mpd,/videos/BigBuckBunny-2160.avi
5034,0.99174,0.56655,0.9983,52.76491,0.99945,0.9178,0.99531,0.99779,0.9987,99.19881,0.27,0.13,0.11,0.34,53.83,57.11,57.59,52.76,0.997,0.998,0.998,0.996,/tmpdir/crf_16.mpd,/videos/BigBuckBunny-2160.avi
5035,0.99439,0.86534,0.99844,53.33615,0.9995,0.92544,0.9969,0.99864,0.99922,99.89513,0.24,0.12,0.11,0.3,54.35,57.4,57.83,53.34,0.997,0.998,0.998,0.996,/tmpdir/crf_16.mpd,/videos/BigBuckBunny-2160.avi
5036,0.99121,0.86534,0.99833,52.90176,0.99946,0.92014,0.99547,0.99786,0.99872,99.25748,0.26,0.13,0.11,0.33,53.95,57.16,57.62,52.9,0.997,0.998,0.998,0.996,/tmpdir/crf_16.mpd,/videos/BigBuckBunny-2160.avi
5037,0.99186,0.50033,0.99836,52.97142,0.99947,0.92084,0.99572,0.99797,0.99879,99.21214,0.26,0.12,0.11,0.33,54.02,57.23,57.66,52.97,0.997,0.998,0.998,0.996,/tmpdir/crf_16.mpd,/videos/BigBuckBunny-2160.avi
5038,0.99164,0.46236,0.99836,52.97292,0.99947,0.92097,0.99598,0.99816,0.99889,99.16774,0.26,0.12,0.11,0.33,54.01,57.17,57.6,52.97,0.997,0.998,0.998,0.996,/tmpdir/crf_16.mpd,/videos/BigBuckBunny-2160.avi
5039,0.99374,0.26989,0.99846,53.4195,0.99951,0.92605,0.99709,0.99874,0.99931,99.51481,0.24,0.12,0.11,0.3,54.41,57.35,57.77,53.42,0.997,0.998,0.998,0.996,/tmpdir/crf_16.mpd,/videos/BigBuckBunny-2160.avi
5040,0.99174,0.26989,0.99835,52.96689,0.99947,0.92099,0.99592,0.99809,0.99886,99.09317,0.26,0.13,0.11,0.33,54.0,57.16,57.56,52.97,0.997,0.998,0.998,0.996,/tmpdir/crf_16.mpd,/videos/BigBuckBunny-2160.avi
5041,0.99217,0.21364,0.99838,53.03269,0.99949,0.92129,0.99622,0.99833,0.99907,99.16514,0.25,0.12,0.11,0.32,54.07,57.2,57.64,53.03,0.997,0.998,0.998,0.996,/tmpdir/crf_16.mpd,/videos/BigBuckBunny-2160.avi
5042,0.99158,0.21364,0.99835,52.95824,0.99948,0.92021,0.996,0.99817,0.99891,99.04134,0.26,0.13,0.11,0.33,53.99,57.12,57.55,52.96,0.997,0.998,0.998,0.996,/tmpdir/crf_16.mpd,/videos/BigBuckBunny-2160.avi
5043,0.99338,0.20463,0.99841,53.14527,0.9995,0.92217,0.99662,0.99854,0.9992,99.39386,0.25,0.12,0.11,0.32,54.17,57.26,57.69,53.15,0.997,0.998,0.998,0.996,/tmpdir/crf_16.mpd,/videos/BigBuckBunny-2160.avi
5044,0.9921,0.20463,0.99833,52.85429,0.99947,0.91874,0.9959,0.99812,0.99886,99.11919,0.27,0.13,0.12,0.34,53.9,57.1,57.52,52.85,0.997,0.998,0.998,0.996,/tmpdir/crf_16.mpd,/videos/BigBuckBunny-2160.avi
5045,0.99181,0.16822,0.99833,52.82071,0.99948,0.91809,0.99584,0.99813,0.9989,99.05288,0.27,0.13,0.12,0.34,53.87,57.09,57.52,52.82,0.997,0.998,0.998,0.996,/tmpdir/crf_16.mpd,/videos/BigBuckBunny-2160.avi
5046,0.99155,0.16822,0.9983,52.71492,0.99947,0.91663,0.99567,0.99805,0.99887,98.99687,0.27,0.13,0.12,0.35,53.77,57.06,57.49,52.71,0.997,0.998,0.998,0.996,/tmpdir/crf_16.mpd,/videos/BigBuckBunny-2160.avi
5047,0.99142,0.14876,0.99828,52.57512,0.99948,0.91497,0.9956,0.99802,0.99887,98.95809,0.28,0.13,0.11,0.36,53.67,57.13,57.57,52.58,0.997,0.998,0.998,0.996,/tmpdir/crf_16.mpd,/videos/BigBuckBunny-2160.avi
5048,0.99111,0.14876,0.99823,52.363,0.99946,0.91214,0.9951,0.99775,0.99869,98.87498,0.29,0.13,0.12,0.38,53.48,57.08,57.52,52.36,0.997,0.998,0.998,0.996,/tmpdir/crf_16.mpd,/videos/BigBuckBunny-2160.avi
5049,0.99589,0.46724,0.99904,53.06455,0.99977,0.93315,0.9975,0.99897,0.99947,100.0,0.28,0.19,0.19,0.32,53.7,55.36,55.31,53.06,0.997,0.997,0.997,0.997,/tmpdir/crf_16.mpd,/videos/BigBuckBunny-2160.avi
5050,0.99413,0.46724,0.99869,51.20422,0.99968,0.91604,0.99379,0.99703,0.99827,99.52094,0.41,0.23,0.23,0.49,52.05,54.52,54.45,51.2,0.996,0.997,0.997,0.996,/tmpdir/crf_16.mpd,/videos/BigBuckBunny-2160.avi
5051,0.99244,1.96093,0.99859,50.65159,0.99969,0.90511,0.99271,0.9965,0.99793,99.86956,0.46,0.25,0.26,0.56,51.53,54.11,54.06,50.65,0.996,0.997,0.997,0.996,/tmpdir/crf_16.mpd,/videos/BigBuckBunny-2160.avi
5052,0.99075,1.96093,0.99848,50.26116,0.99966,0.89735,0.99138,0.99604,0.99777,99.52525,0.5,0.28,0.28,0.61,51.12,53.66,53.59,50.26,0.996,0.997,0.996,0.995,/tmpdir/crf_16.mpd,/videos/BigBuckBunny-2160.avi
5053,0.99397,2.53048,0.99866,50.83311,0.99973,0.90717,0.99448,0.99751,0.99861,100.0,0.44,0.25,0.25,0.54,51.68,54.21,54.07,50.83,0.996,0.997,0.997,0.995,/tmpdir/crf_16.mpd,/videos/BigBuckBunny-2160.avi
5054,0.99042,3.65908,0.99844,50.3102,0.99964,0.89641,0.99097,0.99585,0.9977,100.0,0.5,0.29,0.3,0.61,51.12,53.51,53.32,50.31,0.996,0.996,0.996,0.995,/tmpdir/crf_16.mpd,/videos/BigBuckBunny-2160.avi
5055,0.99095,4.67809,0.99848,50.46568,0.99966,0.89713,0.99198,0.99633,0.9979,100.0,0.49,0.29,0.3,0.58,51.26,53.57,53.4,50.47,0.996,0.996,0.996,0.995,/tmpdir/crf_16.mpd,/videos/BigBuckBunny-2160.avi
5056,0.98962,4.67809,0.99838,50.04914,0.99966,0.8897,0.99069,0.99582,0.9977,100.0,0.53,0.31,0.32,0.64,50.86,53.26,53.05,50.05,0.995,0.996,0.996,0.995,/tmpdir/crf_16.mpd,/videos/BigBuckBunny-2160.avi
5057,0.99269,4.48419,0.99867,51.00892,0.99976,0.90493,0.99411,0.99738,0.99856,100.0,0.43,0.26,0.27,0.52,51.77,53.93,53.8,51.01,0.996,0.997,0.996,0.995,/tmpdir/crf_16.mpd,/videos/BigBuckBunny-2160.avi
5058,0.98989,4.48419,0.99842,50.07312,0.99969,0.89022,0.9906,0.99577,0.99764,100.0,0.53,0.32,0.33,0.64,50.86,53.09,52.99,50.07,0.995,0.996,0.996,0.995,/tmpdir/crf_16.mpd,/videos/BigBuckBunny-2160.avi
5059,0.99035,3.23886,0.99849,50.23687,0.9997,0.89141,0.99202,0.99642,0.99802,100.0,0.52,0.31,0.32,0.62,51.01,53.22,53.05,50.24,0.995,0.996,0.996,0.995,/tmpdir/crf_16.mpd,/videos/BigBuckBunny-2160.avi
5060,0.9894,3.23886,0.99836,49.93161,0.99966,0.88617,0.99053,0.99576,0.99766,99.90494,0.55,0.32,0.33,0.66,50.75,53.12,52.99,49.93,0.995,0.996,0.996,0.995,/tmpdir/crf_16.mpd,/videos/BigBuckBunny-2160.avi
5061,0.9922,4.43695,0.99862,50.88128,0.99972,0.90157,0.99398,0.99742,0.9986,100.0,0.45,0.28,0.29,0.53,51.61,53.62,53.51,50.88,0.996,0.996,0.996,0.995,/tmpdir/crf_16.mpd,/videos/BigBuckBunny-2160.avi
5062,0.98962,4.43695,0.99839,50.00004,0.99969,0.88794,0.99077,0.99587,0.99772,100.0,0.54,0.33,0.34,0.65,50.78,53.0,52.86,50.0,0.995,0.996,0.996,0.995,/tmpdir/crf_16.mpd,/videos/BigBuckBunny-2160.avi
5063,0.98964,3.95494,0.99847,50.17271,0.99971,0.89095,0.99159,0.99624,0.99793,100.0,0.53,0.32,0.33,0.62,50.93,53.06,52.95,50.17,0.995,0.996,0.996,0.995,/tmpdir/crf_16.mpd,/videos/BigBuckBunny-2160.avi
5064,0.98941,3.95494,0.99837,49.827,0.9997,0.88504,0.99015,0.99555,0.9975,100.0,0.57,0.34,0.35,0.68,50.6,52.78,52.73,49.83,0.995,0.996,0.996,0.994,/tmpdir/crf_16.mpd,/videos/BigBuckBunny-2160.avi
5065,0.9916,3.42769,0.9986,50.46324,0.99976,0.8946,0.99372,0.99738,0.99865,100.0,0.49,0.3,0.31,0.58,51.21,53.29,53.2,50.46,0.995,0.996,0.996,0.995,/tmpdir/crf_16.mpd,/videos/BigBuckBunny-2160.avi
5066,0.98967,3.42769,0.99839,49.8929,0.99969,0.88583,0.99073,0.99585,0.99768,100.0,0.56,0.34,0.34,0.67,50.67,52.88,52.78,49.89,0.995,0.996,0.996,0.995,/tmpdir/crf_16.mpd,/videos/BigBuckBunny-2160.avi
5067,0.99018,3.75708,0.99843,50.04827,0.9997,0.88764,0.99168,0.99627,0.99792,100.0,0.54,0.32,0.34,0.64,50.82,53.02,52.87,50.05,0.995,0.996,0.996,0.995,/tmpdir/crf_16.mpd,/videos/BigBuckBunny-2160.avi
5068,0.9891,3.03412,0.99833,49.6785,0.99968,0.88149,0.99089,0.996,0.99778,99.746,0.58,0.35,0.35,0.7,50.47,52.75,52.65,49.68,0.995,0.996,0.996,0.994,/tmpdir/crf_16.mpd,/videos/BigBuckBunny-2160.avi
5069,0.99144,2.5887,0.99859,50.47306,0.99975,0.89356,0.99384,0.99738,0.9986,100.0,0.49,0.3,0.31,0.58,51.21,53.32,53.16,50.47,0.995,0.996,0.996,0.995,/tmpdir/crf_16.mpd,/videos/BigBuckBunny-2160.avi
5070,0.98922,2.5887,0.9984,49.82364,0.9997,0.88448,0.99102,0.99594,0.99771,99.5342,0.57,0.34,0.35,0.68,50.6,52.85,52.69,49.82,0.995,0.996,0.996,0.995,/tmpdir/crf_16.mpd,/videos/BigBuckBunny-2160.avi
5071,0.9905,2.14945,0.99843,49.86782,0.99971,0.88437,0.99206,0.99648,0.99802,99.56987,0.56,0.33,0.34,0.67,50.65,52.93,52.77,49.87,0.995,0.996,0.996,0.995,/tmpdir/crf_16.mpd,/videos/BigBuckBunny-2160.avi
5072,0.98846,2.14945,0.99835,49.62855,0.99969,0.88021,0.99079,0.99591,0.99776,99.16349,0.59,0.34,0.35,0.71,50.44,52.82,52.7,49.63,0.995,0.996,0.996,0.994,/tmpdir/crf_16.mpd,/videos/BigBuckBunny-2160.avi
5073,0.99198,2.38817,0.99856,50.32848,0.99975,0.89119,0.99366,0.99729,0.99853,100.0,0.51,0.31,0.32,0.6,51.09,53.23,53.12,50.33,0.995,0.996,0.996,0.995,/tmpdir/crf_16.mpd,/videos/BigBuckBunny-2160.avi
5074,0.98891,2.38817,0.99843,49.91722,0.99972,0.88454,0.99149,0.99616,0.99776,99.38447,0.55,0.33,0.34,0.66,50.7,53.0,52.8,49.92,0.995,0.996,0.996,0.995,/tmpdir/crf_16.mpd,/videos/BigBuckBunny-2160.avi
5075,0.98841,2.3641,0.99837,49.73182,0.9997,0.88197,0.99079,0.99588,0.99769,99.26429,0.58,0.34,0.35,0.69,50.53,52.84,52.69,49.73,0.995,0.996,0.996,0.994,/tmpdir/crf_16.mpd,/videos/BigBuckBunny-2160.avi
5076,0.99191,2.3641,0.99853,50.24573,0.99975,0.8895,0.9935,0.99723,0.99853,99.99647,0.52,0.31,0.32,0.61,51.01,53.19,53.05,50.25,0.995,0.996,0.996,0.995,/tmpdir/crf_16.mpd,/videos/BigBuckBunny-2160.avi
5077,0.99509,2.44161,0.99895,52.31598,0.9998,0.92122,0.99655,0.99853,0.99925,100.0,0.33,0.23,0.23,0.38,52.93,54.51,54.5,52.32,0.997,0.997,0.997,0.996,/tmpdir/crf_16.mpd,/videos/BigBuckBunny-2160.avi
5078,0.99,2.44161,0.99852,50.31399,0.99972,0.89238,0.99172,0.99621,0.99785,99.63197,0.5,0.29,0.29,0.6,51.14,53.57,53.47,50.31,0.995,0.996,0.996,0.995,/tmpdir/crf_16.mpd,/videos/BigBuckBunny-2160.avi
5079,0.99028,2.77618,0.99849,50.1437,0.99972,0.88837,0.99201,0.99646,0.99806,99.8669,0.52,0.3,0.31,0.63,50.97,53.42,53.28,50.14,0.995,0.996,0.996,0.995,/tmpdir/crf_16.mpd,/videos/BigBuckBunny-2160.avi
5080,0.98913,2.77618,0.99841,49.91694,0.9997,0.88406,0.99084,0.99589,0.99774,99.61469,0.55,0.32,0.32,0.66,50.74,53.13,53.03,49.92,0.995,0.996,0.996,0.995,/tmpdir/crf_16.mpd,/videos/BigBuckBunny-2160.avi
5081,0.99208,2.73542,0.99852,50.22368,0.99974,0.88778,0.99329,0.99713,0.9985,100.0,0.51,0.3,0.3,0.62,51.04,53.42,53.31,50.22,0.995,0.996,0.996,0.995,/tmpdir/crf_16.mpd,/videos/BigBuckBunny-2160.avi
5082,0.98861,2.73542,0.99834,49.69851,0.99969,0.87898,0.99068,0.99582,0.99768,99.48436,0.58,0.33,0.34,0.7,50.52,52.9,52.83,49.7,0.995,0.996,0.996,0.994,/tmpdir/crf_16.mpd,/videos/BigBuckBunny-2160.avi
5083,0.98943,2.00889,0.99831,49.51767,0.9997,0.87512,0.99101,0.99606,0.99786,99.26204,0.6,0.34,0.34,0.73,50.37,52.85,52.81,49.52,0.995,0.996,0.996,0.994,/tmpdir/crf_16.mpd,/videos/BigBuckBunny-2160.avi
5084,0.98854,2.00889,0.99819,49.22577,0.99968,0.86985,0.98953,0.99539,0.99746,99.04678,0.64,0.35,0.36,0.78,50.09,52.65,52.61,49.23,0.994,0.996,0.995,0.994,/tmpdir/crf_16.mpd,/videos/BigBuckBunny-2160.avi
5085,0.98864,2.6694,0.99808,48.75965,0.99968,0.86079,0.98883,0.99515,0.99743,99.37744,0.7,0.35,0.36,0.87,49.71,52.68,52.56,48.76,0.994,0.996,0.995,0.993,/tmpdir/crf_16.mpd,/videos/BigBuckBunny-2160.avi
5086,0.99712,0.09413,0.99876,55.25046,0.99955,0.94526,0.99845,0.99931,0.99962,100.0,0.16,0.1,0.09,0.19,56.05,58.11,58.53,55.25,0.998,0.999,0.999,0.998,/tmpdir/crf_16.mpd,/videos/BigBuckBunny-2160.avi
5087,0.99366,0.08689,0.99853,53.68294,0.9995,0.92907,0.99701,0.9986,0.99916,99.41409,0.22,0.11,0.1,0.28,54.7,57.78,58.16,53.68,0.997,0.998,0.998,0.997,/tmpdir/crf_16.mpd,/videos/BigBuckBunny-2160.avi
5088,0.99426,0.08689,0.99853,53.66816,0.9995,0.93136,0.99696,0.99852,0.99909,99.52246,0.22,0.11,0.1,0.28,54.69,57.76,58.15,53.67,0.997,0.998,0.998,0.997,/tmpdir/crf_16.mpd,/videos/BigBuckBunny-2160.avi
5089,0.99307,0.1048,0.99849,53.55716,0.99947,0.93063,0.99685,0.99851,0.99911,99.31856,0.23,0.11,0.1,0.29,54.59,57.72,58.11,53.56,0.997,0.998,0.998,0.997,/tmpdir/crf_16.mpd,/videos/BigBuckBunny-2160.avi
5090,0.99552,0.1048,0.99854,53.75533,0.99951,0.93275,0.99744,0.9988,0.99928,99.78066,0.22,0.11,0.1,0.27,54.77,57.78,58.22,53.76,0.997,0.998,0.998,0.997,/tmpdir/crf_16.mpd,/videos/BigBuckBunny-2160.avi
5091,0.99351,0.11138,0.99847,53.52057,0.99946,0.93064,0.99659,0.99833,0.99893,99.38121,0.23,0.11,0.1,0.29,54.54,57.56,58.02,53.52,0.997,0.998,0.998,0.997,/tmpdir/crf_16.mpd,/videos/BigBuckBunny-2160.avi
5092,0.99393,0.11138,0.99851,53.65273,0.99949,0.93276,0.99671,0.99843,0.99905,99.47523,0.22,0.11,0.1,0.28,54.65,57.58,58.05,53.65,0.997,0.998,0.998,0.997,/tmpdir/crf_16.mpd,/videos/BigBuckBunny-2160.avi
5093,0.99295,0.13543,0.99844,53.40557,0.99945,0.9299,0.99633,0.99819,0.99889,99.28432,0.23,0.12,0.1,0.3,54.43,57.49,57.94,53.41,0.997,0.998,0.998,0.997,/tmpdir/crf_16.mpd,/videos/BigBuckBunny-2160.avi
5094,0.99497,0.13543,0.99852,53.77149,0.9995,0.93502,0.99713,0.99864,0.99919,99.69335,0.22,0.11,0.1,0.27,54.76,57.68,58.13,53.77,0.997,0.998,0.998,0.997,/tmpdir/crf_16.mpd,/videos/BigBuckBunny-2160.avi
5095,0.99217,0.13819,0.99844,53.37432,0.99946,0.92804,0.99627,0.99818,0.99886,99.13733,0.24,0.12,0.11,0.3,54.39,57.4,57.86,53.37,0.997,0.998,0.998,0.997,/tmpdir/crf_16.mpd,/videos/BigBuckBunny-2160.avi
5096,0.99341,0.13819,0.99846,53.46064,0.99948,0.92998,0.99632,0.9982,0.9989,99.36726,0.23,0.12,0.1,0.29,54.47,57.48,57.95,53.46,0.997,0.998,0.998,0.997,/tmpdir/crf_16.mpd,/videos/BigBuckBunny-2160.avi
5097,0.99175,0.15341,0.99842,53.33095,0.99946,0.92777,0.99619,0.99817,0.9989,99.07104,0.24,0.12,0.11,0.3,54.34,57.37,57.8,53.33,0.997,0.998,0.998,0.997,/tmpdir/crf_16.mpd,/videos/BigBuckBunny-2160.avi
5098,0.99357,0.15341,0.99846,53.49851,0.99949,0.93056,0.99666,0.99845,0.9991,99.42494,0.23,0.11,0.1,0.29,54.52,57.55,58.01,53.5,0.997,0.998,0.998,0.997,/tmpdir/crf_16.mpd,/videos/BigBuckBunny-2160.avi
5099,0.99157,0.15027,0.99839,53.1381,0.99945,0.92504,0.99602,0.99813,0.99886,99.0236,0.25,0.12,0.11,0.32,54.17,57.29,57.74,53.14,0.997,0.998,0.998,0.996,/tmpdir/crf_16.mpd,/videos/BigBuckBunny-2160.avi
5100,0.99199,0.15027,0.99841,53.18035,0.99948,0.92557,0.99599,0.99808,0.99884,99.09793,0.25,0.12,0.11,0.31,54.22,57.36,57.85,53.18,0.997,0.998,0.998,0.996,/tmpdir/crf_16.mpd,/videos/BigBuckBunny-2160.avi
5101,0.99246,0.21757,0.99833,52.88489,0.99945,0.92319,0.9954,0.99779,0.99865,99.18187,0.26,0.12,0.11,0.33,53.95,57.25,57.71,52.88,0.997,0.998,0.998,0.996,/tmpdir/crf_16.mpd,/videos/BigBuckBunny-2160.avi
5102,0.99151,2.64942,0.9983,53.0109,0.99947,0.92327,0.995,0.99773,0.99871,100.0,0.26,0.12,0.11,0.33,54.05,57.21,57.63,53.01,0.997,0.998,0.998,0.996,/tmpdir/crf_16.mpd,/videos/BigBuckBunny-2160.avi
5103,0.98739,3.59625,0.99812,52.44501,0.99945,0.91212,0.9936,0.99719,0.99849,99.90073,0.29,0.14,0.12,0.37,53.49,56.64,57.17,52.45,0.996,0.998,0.998,0.996,/tmpdir/crf_16.mpd,/videos/BigBuckBunny-2160.avi
5104,0.98775,3.59625,0.99817,52.51705,0.99946,0.90872,0.99415,0.99746,0.99858,99.9695,0.29,0.14,0.13,0.36,53.55,56.64,57.14,52.52,0.996,0.998,0.998,0.996,/tmpdir/crf_16.mpd,/videos/BigBuckBunny-2160.avi
5105,0.98532,4.34114,0.99811,52.29183,0.99943,0.90911,0.99355,0.99712,0.99838,99.92554,0.3,0.15,0.13,0.38,53.33,56.49,56.97,52.29,0.996,0.998,0.998,0.996,/tmpdir/crf_16.mpd,/videos/BigBuckBunny-2160.avi
5106,0.9904,4.49445,0.99839,53.61758,0.99946,0.9301,0.99495,0.99767,0.99869,100.0,0.23,0.13,0.12,0.28,54.53,57.06,57.5,53.62,0.997,0.998,0.998,0.997,/tmpdir/crf_16.mpd,/videos/BigBuckBunny-2160.avi
5107,0.98766,3.15575,0.99815,52.50183,0.99942,0.9145,0.9933,0.99701,0.99832,99.70566,0.29,0.15,0.13,0.37,53.5,56.43,56.91,52.5,0.997,0.998,0.998,0.996,/tmpdir/crf_16.mpd,/videos/BigBuckBunny-2160.avi
5108,0.98808,3.15575,0.99816,52.49791,0.99944,0.91031,0.99428,0.99745,0.99855,99.79384,0.29,0.14,0.13,0.37,53.52,56.56,57.02,52.5,0.996,0.998,0.998,0.996,/tmpdir/crf_16.mpd,/videos/BigBuckBunny-2160.avi
5109,0.98814,4.08049,0.9982,52.88718,0.99943,0.92208,0.99353,0.99711,0.99836,100.0,0.27,0.14,0.13,0.33,53.85,56.59,57.1,52.89,0.997,0.998,0.998,0.996,/tmpdir/crf_16.mpd,/videos/BigBuckBunny-2160.avi
5110,0.98752,4.08049,0.99818,52.71407,0.99945,0.91469,0.99394,0.9974,0.99857,100.0,0.28,0.14,0.12,0.35,53.73,56.82,57.19,52.71,0.997,0.998,0.998,0.996,/tmpdir/crf_16.mpd,/videos/BigBuckBunny-2160.avi
5111,0.98454,4.96431,0.99811,52.47076,0.99943,0.90983,0.99308,0.99688,0.99822,100.0,0.29,0.15,0.13,0.37,53.49,56.49,57.02,52.47,0.996,0.998,0.998,0.996,/tmpdir/crf_16.mpd,/videos/BigBuckBunny-2160.avi
5112,0.98838,4.96431,0.99829,53.30889,0.99945,0.92529,0.99419,0.99738,0.99851,100.0,0.24,0.13,0.12,0.3,54.25,56.9,57.35,53.31,0.997,0.998,0.998,0.996,/tmpdir/crf_16.mpd,/videos/BigBuckBunny-2160.avi
5113,0.98867,5.68246,0.99826,53.20554,0.99944,0.92994,0.99377,0.99708,0.99831,100.0,0.25,0.14,0.13,0.31,54.13,56.69,57.15,53.21,0.997,0.998,0.998,0.996,/tmpdir/crf_16.mpd,/videos/BigBuckBunny-2160.avi
5114,0.99234,4.54454,0.9984,53.75126,0.99947,0.93283,0.99537,0.99789,0.99882,100.0,0.22,0.13,0.12,0.27,54.65,57.12,57.51,53.75,0.997,0.998,0.998,0.997,/tmpdir/crf_16.mpd,/videos/BigBuckBunny-2160.avi
5115,0.98838,0.90344,0.99787,51.40182,0.99938,0.89378,0.99324,0.99697,0.99821,98.63007,0.36,0.15,0.14,0.47,52.56,56.48,56.8,51.4,0.996,0.998,0.998,0.995,/tmpdir/crf_16.mpd,/videos/BigBuckBunny-2160.avi
5116,0.98998,0.90344,0.99801,51.67788,0.99942,0.8939,0.99441,0.99762,0.99864,98.96162,0.34,0.14,0.13,0.44,52.81,56.57,56.89,51.68,0.996,0.998,0.998,0.995,/tmpdir/crf_16.mpd,/videos/BigBuckBunny-2160.avi
5117,0.98982,0.48083,0.998,51.74311,0.9994,0.89461,0.99412,0.99741,0.99844,98.71507,0.34,0.14,0.13,0.44,52.87,56.61,56.87,51.74,0.996,0.998,0.998,0.995,/tmpdir/crf_16.mpd,/videos/BigBuckBunny-2160.avi
5118,0.99119,0.37648,0.99819,52.21075,0.99947,0.89943,0.99502,0.9979,0.99884,98.96512,0.31,0.14,0.13,0.39,53.27,56.66,56.93,52.21,0.996,0.998,0.998,0.995,/tmpdir/crf_16.mpd,/videos/BigBuckBunny-2160.avi
5119,0.99028,0.37648,0.99801,51.68587,0.99942,0.89334,0.99397,0.99742,0.99855,98.75269,0.34,0.14,0.13,0.44,52.82,56.67,56.92,51.69,0.996,0.998,0.998,0.995,/tmpdir/crf_16.mpd,/videos/BigBuckBunny-2160.avi
5120,0.99467,6.14943,0.99891,52.14901,0.99978,0.91876,0.99586,0.99822,0.99908,100.0,0.34,0.24,0.24,0.4,52.78,54.4,54.4,52.15,0.996,0.997,0.997,0.996,/tmpdir/crf_16.mpd,/videos/BigBuckBunny-2160.avi
5121,0.98917,5.46219,0.99847,50.3611,0.99969,0.89687,0.99139,0.99606,0.99786,100.0,0.5,0.3,0.31,0.6,51.14,53.34,53.24,50.36,0.995,0.996,0.996,0.995,/tmpdir/crf_16.mpd,/videos/BigBuckBunny-2160.avi
5122,0.99123,5.46219,0.99857,50.78344,0.99973,0.90233,0.99279,0.99668,0.99814,100.0,0.46,0.28,0.29,0.54,51.53,53.62,53.57,50.78,0.996,0.996,0.996,0.995,/tmpdir/crf_16.mpd,/videos/BigBuckBunny-2160.avi
5123,0.98828,6.56123,0.99835,50.37377,0.99966,0.89152,0.99036,0.99558,0.99753,100.0,0.5,0.31,0.31,0.6,51.13,53.2,53.2,50.37,0.995,0.996,0.996,0.995,/tmpdir/crf_16.mpd,/videos/BigBuckBunny-2160.avi
5124,0.98929,6.56123,0.99838,50.48906,0.99967,0.89259,0.99076,0.99577,0.9976,100.0,0.49,0.3,0.3,0.58,51.25,53.34,53.38,50.49,0.995,0.996,0.996,0.995,/tmpdir/crf_16.mpd,/videos/BigBuckBunny-2160.avi
5125,0.98808,6.01721,0.99829,50.08684,0.99967,0.88587,0.98936,0.99514,0.99725,100.0,0.53,0.33,0.33,0.64,50.85,52.99,52.96,50.09,0.995,0.996,0.996,0.995,/tmpdir/crf_16.mpd,/videos/BigBuckBunny-2160.avi
5126,0.99044,6.01721,0.9985,50.68656,0.99973,0.89724,0.99197,0.99635,0.99796,100.0,0.47,0.29,0.29,0.56,51.43,53.5,53.46,50.69,0.996,0.996,0.996,0.995,/tmpdir/crf_16.mpd,/videos/BigBuckBunny-2160.avi
5127,0.99004,10.07428,0.99844,50.6438,0.99967,0.89789,0.98991,0.99521,0.99728,100.0,0.48,0.31,0.3,0.56,51.36,53.28,53.31,50.64,0.996,0.996,0.996,0.995,/tmpdir/crf_16.mpd,/videos/BigBuckBunny-2160.avi
5128,0.99124,10.07428,0.99853,50.90864,0.99973,0.90109,0.99158,0.99602,0.99771,100.0,0.44,0.28,0.27,0.53,51.66,53.66,53.76,50.91,0.996,0.996,0.996,0.995,/tmpdir/crf_16.mpd,/videos/BigBuckBunny-2160.avi
5129,0.99013,11.04779,0.99846,50.55671,0.99972,0.89439,0.99077,0.99573,0.99759,100.0,0.48,0.3,0.3,0.57,51.3,53.29,53.37,50.56,0.995,0.996,0.996,0.995,/tmpdir/crf_16.mpd,/videos/BigBuckBunny-2160.avi
5130,0.98968,11.04779,0.9984,50.43928,0.99971,0.89258,0.99057,0.99562,0.99754,100.0,0.49,0.31,0.31,0.59,51.19,53.21,53.25,50.44,0.995,0.996,0.996,0.995,/tmpdir/crf_16.mpd,/videos/BigBuckBunny-2160.avi
5131,0.99026,10.63699,0.9984,50.609,0.9997,0.89212,0.99114,0.99597,0.9978,100.0,0.48,0.31,0.31,0.57,51.32,53.18,53.28,50.61,0.995,0.996,0.996,0.995,/tmpdir/crf_16.mpd,/videos/BigBuckBunny-2160.avi
5132,0.98929,10.63699,0.99835,50.55828,0.99967,0.88902,0.99088,0.99581,0.99766,100.0,0.49,0.32,0.31,0.57,51.26,53.08,53.2,50.56,0.995,0.996,0.996,0.995,/tmpdir/crf_16.mpd,/videos/BigBuckBunny-2160.avi
5133,0.98952,7.30955,0.99835,50.78767,0.99965,0.88762,0.99168,0.99626,0.99793,100.0,0.46,0.32,0.3,0.54,51.46,53.12,53.35,50.79,0.995,0.996,0.996,0.995,/tmpdir/crf_16.mpd,/videos/BigBuckBunny-2160.avi
5134,0.9854,6.21249,0.99808,49.99514,0.99957,0.87348,0.98879,0.99489,0.99714,100.0,0.55,0.35,0.34,0.65,50.75,52.74,52.86,50.0,0.995,0.996,0.996,0.994,/tmpdir/crf_16.mpd,/videos/BigBuckBunny-2160.avi
5135,0.98956,6.21249,0.9983,50.68019,0.99963,0.88605,0.99166,0.99628,0.99795,100.0,0.47,0.32,0.31,0.56,51.37,53.14,53.25,50.68,0.995,0.996,0.996,0.995,/tmpdir/crf_16.mpd,/videos/BigBuckBunny-2160.avi
5136,0.98717,6.85763,0.99822,50.28201,0.99962,0.88106,0.98952,0.99518,0.99727,100.0,0.52,0.34,0.33,0.61,50.99,52.83,52.93,50.28,0.995,0.996,0.996,0.995,/tmpdir/crf_16.mpd,/videos/BigBuckBunny-2160.avi
5137,0.9885,7.47887,0.99821,50.05865,0.99964,0.87906,0.98888,0.99482,0.99708,100.0,0.54,0.35,0.34,0.64,50.79,52.69,52.82,50.06,0.995,0.996,0.996,0.994,/tmpdir/crf_16.mpd,/videos/BigBuckBunny-2160.avi
5138,0.99058,7.47887,0.99839,50.46765,0.99971,0.88598,0.99136,0.99615,0.99791,100.0,0.5,0.33,0.32,0.58,51.17,52.95,53.12,50.47,0.995,0.996,0.996,0.995,/tmpdir/crf_16.mpd,/videos/BigBuckBunny-2160.avi
5139,0.98771,8.22323,0.99821,49.83914,0.99967,0.87587,0.98859,0.99469,0.997,100.0,0.57,0.37,0.36,0.67,50.57,52.46,52.6,49.84,0.994,0.995,0.995,0.994,/tmpdir/crf_16.mpd,/videos/BigBuckBunny-2160.avi
5140,0.99046,8.22323,0.99839,50.47488,0.9997,0.88648,0.99097,0.99591,0.99775,100.0,0.5,0.33,0.32,0.58,51.16,52.93,53.02,50.47,0.995,0.996,0.996,0.995,/tmpdir/crf_16.mpd,/videos/BigBuckBunny-2160.avi
5141,0.9908,7.56726,0.99842,50.67307,0.99971,0.88977,0.99167,0.99628,0.99794,100.0,0.48,0.32,0.32,0.56,51.34,53.07,53.14,50.67,0.995,0.996,0.996,0.995,/tmpdir/crf_16.mpd,/videos/BigBuckBunny-2160.avi
5142,0.98836,7.56726,0.99825,50.19504,0.99965,0.8826,0.98935,0.99507,0.99719,100.0,0.53,0.35,0.34,0.62,50.89,52.71,52.75,50.2,0.995,0.996,0.996,0.994,/tmpdir/crf_16.mpd,/videos/BigBuckBunny-2160.avi
5143,0.98998,6.01638,0.99843,50.61639,0.99972,0.88917,0.99203,0.99653,0.99814,100.0,0.48,0.32,0.31,0.56,51.31,53.13,53.16,50.62,0.995,0.996,0.996,0.995,/tmpdir/crf_16.mpd,/videos/BigBuckBunny-2160.avi
5144,0.98815,6.01638,0.99832,50.14288,0.9997,0.88252,0.98993,0.9954,0.99742,100.0,0.53,0.34,0.35,0.63,50.86,52.83,52.75,50.14,0.995,0.996,0.996,0.994,/tmpdir/crf_16.mpd,/videos/BigBuckBunny-2160.avi
5145,0.9877,5.95955,0.99822,49.80187,0.99968,0.87644,0.98946,0.99526,0.99737,100.0,0.58,0.36,0.37,0.68,50.53,52.55,52.49,49.8,0.995,0.995,0.995,0.994,/tmpdir/crf_16.mpd,/videos/BigBuckBunny-2160.avi
5146,0.98933,5.95955,0.9984,50.21329,0.99975,0.88297,0.99146,0.99627,0.99804,100.0,0.53,0.34,0.34,0.62,50.92,52.84,52.83,50.21,0.995,0.996,0.996,0.994,/tmpdir/crf_16.mpd,/videos/BigBuckBunny-2160.avi
5147,0.98958,7.8629,0.99841,50.22309,0.99974,0.88468,0.99125,0.99609,0.99784,100.0,0.52,0.34,0.33,0.62,50.94,52.83,52.88,50.22,0.995,0.996,0.996,0.994,/tmpdir/crf_16.mpd,/videos/BigBuckBunny-2160.avi
5148,0.98964,7.8629,0.99839,50.14916,0.99973,0.88383,0.99111,0.99603,0.9978,100.0,0.53,0.35,0.34,0.63,50.86,52.73,52.84,50.15,0.995,0.996,0.996,0.994,/tmpdir/crf_16.mpd,/videos/BigBuckBunny-2160.avi
5149,0.98764,8.32717,0.99827,50.05853,0.99966,0.88211,0.9895,0.99518,0.99725,100.0,0.54,0.35,0.34,0.64,50.79,52.71,52.8,50.06,0.995,0.996,0.996,0.994,/tmpdir/crf_16.mpd,/videos/BigBuckBunny-2160.avi
5150,0.98982,8.1611,0.99846,50.72156,0.9997,0.89201,0.99214,0.99647,0.99804,100.0,0.47,0.31,0.3,0.55,51.41,53.2,53.3,50.72,0.995,0.996,0.996,0.995,/tmpdir/crf_16.mpd,/videos/BigBuckBunny-2160.avi
5151,0.98767,6.34935,0.99823,49.99165,0.99963,0.88059,0.98975,0.99538,0.99743,100.0,0.55,0.35,0.34,0.65,50.74,52.73,52.84,49.99,0.995,0.996,0.996,0.994,/tmpdir/crf_16.mpd,/videos/BigBuckBunny-2160.avi
5152,0.98869,6.34935,0.99831,50.20157,0.99966,0.88475,0.99069,0.99573,0.99751,100.0,0.52,0.33,0.33,0.62,50.93,52.88,52.97,50.2,0.995,0.996,0.996,0.995,/tmpdir/crf_16.mpd,/videos/BigBuckBunny-2160.avi
5153,0.98724,5.65124,0.99823,49.86143,0.99966,0.87777,0.98925,0.99507,0.99721,100.0,0.57,0.35,0.36,0.67,50.61,52.67,52.62,49.86,0.995,0.996,0.995,0.994,/tmpdir/crf_16.mpd,/videos/BigBuckBunny-2160.avi
5154,0.99002,5.65124,0.99843,50.42779,0.99973,0.88669,0.99178,0.99634,0.99802,100.0,0.5,0.32,0.32,0.59,51.14,53.07,53.01,50.43,0.995,0.996,0.996,0.995,/tmpdir/crf_16.mpd,/videos/BigBuckBunny-2160.avi
5155,0.98867,9.09854,0.99824,49.80558,0.9997,0.87595,0.98936,0.99515,0.99728,100.0,0.57,0.35,0.34,0.68,50.58,52.67,52.76,49.81,0.995,0.996,0.995,0.994,/tmpdir/crf_16.mpd,/videos/BigBuckBunny-2160.avi
5156,0.98718,9.09854,0.99819,49.69732,0.99966,0.87494,0.9885,0.99476,0.9971,100.0,0.59,0.37,0.36,0.7,50.45,52.44,52.6,49.7,0.994,0.995,0.995,0.994,/tmpdir/crf_16.mpd,/videos/BigBuckBunny-2160.avi
5157,0.99031,9.14797,0.99839,50.47271,0.9997,0.88727,0.99146,0.99617,0.9979,100.0,0.5,0.33,0.32,0.58,51.17,52.96,53.1,50.47,0.995,0.996,0.996,0.995,/tmpdir/crf_16.mpd,/videos/BigBuckBunny-2160.avi
5158,0.9884,9.14797,0.99821,50.06786,0.99962,0.87954,0.98929,0.99504,0.99716,100.0,0.54,0.35,0.34,0.64,50.79,52.7,52.8,50.07,0.995,0.996,0.996,0.994,/tmpdir/crf_16.mpd,/videos/BigBuckBunny-2160.avi
5159,0.9862,7.26308,0.99814,49.81236,0.99962,0.87557,0.98912,0.99515,0.9973,100.0,0.57,0.35,0.35,0.68,50.58,52.67,52.74,49.81,0.995,0.996,0.996,0.994,/tmpdir/crf_16.mpd,/videos/BigBuckBunny-2160.avi
5160,0.9894,7.26308,0.99831,50.21011,0.99969,0.88239,0.99107,0.99608,0.99786,100.0,0.52,0.33,0.33,0.62,50.95,52.99,52.96,50.21,0.995,0.996,0.996,0.994,/tmpdir/crf_16.mpd,/videos/BigBuckBunny-2160.avi
5161,0.98962,6.90292,0.99827,50.10867,0.99969,0.88121,0.99135,0.99624,0.99799,100.0,0.53,0.33,0.32,0.63,50.88,52.99,53.02,50.11,0.995,0.996,0.996,0.994,/tmpdir/crf_16.mpd,/videos/BigBuckBunny-2160.avi
5162,0.9873,6.90292,0.99809,49.61543,0.99963,0.87153,0.98827,0.99476,0.99707,100.0,0.59,0.37,0.36,0.71,50.39,52.48,52.58,49.62,0.994,0.995,0.995,0.994,/tmpdir/crf_16.mpd,/videos/BigBuckBunny-2160.avi
5163,0.98915,6.57337,0.99822,49.92568,0.99968,0.87728,0.99082,0.99603,0.99788,100.0,0.56,0.35,0.34,0.66,50.68,52.72,52.78,49.93,0.994,0.996,0.995,0.994,/tmpdir/crf_16.mpd,/videos/BigBuckBunny-2160.avi
5164,0.9867,6.57337,0.99804,49.44764,0.99966,0.86684,0.98758,0.9945,0.99697,100.0,0.62,0.39,0.37,0.74,50.22,52.27,52.44,49.45,0.994,0.995,0.995,0.993,/tmpdir/crf_16.mpd,/videos/BigBuckBunny-2160.avi
5165,0.98885,9.22375,0.99828,50.14574,0.99969,0.87944,0.99043,0.99583,0.99772,100.0,0.53,0.35,0.34,0.63,50.85,52.69,52.79,50.15,0.995,0.996,0.996,0.994,/tmpdir/crf_16.mpd,/videos/BigBuckBunny-2160.avi
5166,0.98732,9.22375,0.99806,49.65571,0.99963,0.87044,0.98855,0.99487,0.99714,100.0,0.59,0.37,0.36,0.7,50.41,52.45,52.51,49.66,0.994,0.995,0.995,0.994,/tmpdir/crf_16.mpd,/videos/BigBuckBunny-2160.avi
5167,0.98741,10.5146,0.99803,49.64475,0.99963,0.87048,0.9879,0.99458,0.99696,100.0,0.59,0.36,0.36,0.71,50.41,52.52,52.52,49.64,0.994,0.995,0.995,0.994,/tmpdir/crf_16.mpd,/videos/BigBuckBunny-2160.avi
5168,0.98951,10.5146,0.9983,50.28257,0.99969,0.8827,0.99041,0.99582,0.99776,100.0,0.52,0.33,0.33,0.61,51.01,52.96,52.98,50.28,0.995,0.996,0.996,0.994,/tmpdir/crf_16.mpd,/videos/BigBuckBunny-2160.avi
5169,0.98734,10.93701,0.99809,49.50615,0.99969,0.87023,0.98792,0.99468,0.99708,100.0,0.61,0.37,0.37,0.73,50.29,52.42,52.49,49.51,0.994,0.995,0.995,0.994,/tmpdir/crf_16.mpd,/videos/BigBuckBunny-2160.avi
5170,0.98874,10.93701,0.99834,50.16609,0.99974,0.88082,0.98973,0.99539,0.99745,100.0,0.53,0.34,0.33,0.63,50.89,52.79,52.89,50.17,0.995,0.996,0.996,0.994,/tmpdir/crf_16.mpd,/videos/BigBuckBunny-2160.avi
5171,0.98576,9.87214,0.99801,49.45161,0.99966,0.86668,0.98719,0.9943,0.99685,100.0,0.62,0.38,0.37,0.74,50.23,52.37,52.47,49.45,0.994,0.995,0.995,0.993,/tmpdir/crf_16.mpd,/videos/BigBuckBunny-2160.avi
5172,0.98798,9.87214,0.9982,50.0624,0.99969,0.87551,0.98891,0.99509,0.99735,100.0,0.54,0.35,0.34,0.64,50.8,52.72,52.87,50.06,0.995,0.996,0.996,0.994,/tmpdir/crf_16.mpd,/videos/BigBuckBunny-2160.avi
5173,0.98875,8.5962,0.99816,50.01571,0.99967,0.87348,0.98967,0.99552,0.99756,100.0,0.55,0.35,0.34,0.65,50.76,52.75,52.85,50.02,0.994,0.996,0.996,0.994,/tmpdir/crf_16.mpd,/videos/BigBuckBunny-2160.avi
5174,0.98588,8.5962,0.9979,49.58921,0.99959,0.86378,0.98595,0.99368,0.99643,100.0,0.6,0.37,0.37,0.71,50.36,52.48,52.5,49.59,0.994,0.996,0.995,0.993,/tmpdir/crf_16.mpd,/videos/BigBuckBunny-2160.avi
5175,0.98841,8.27224,0.99813,50.00473,0.99965,0.87336,0.98866,0.99496,0.99723,100.0,0.55,0.35,0.35,0.65,50.73,52.65,52.7,50.0,0.994,0.996,0.996,0.994,/tmpdir/crf_16.mpd,/videos/BigBuckBunny-2160.avi
5176,0.98693,8.27224,0.99797,49.52911,0.99963,0.86599,0.98586,0.99357,0.9964,100.0,0.61,0.37,0.36,0.72,50.31,52.42,52.58,49.53,0.994,0.996,0.995,0.993,/tmpdir/crf_16.mpd,/videos/BigBuckBunny-2160.avi
5177,0.9912,9.28933,0.99832,50.33192,0.9997,0.88144,0.98997,0.99553,0.99756,100.0,0.51,0.33,0.32,0.6,51.06,53.01,53.1,50.33,0.995,0.996,0.996,0.994,/tmpdir/crf_16.mpd,/videos/BigBuckBunny-2160.avi
5178,0.99033,9.28933,0.99817,49.79137,0.99971,0.87314,0.98931,0.99534,0.99746,100.0,0.57,0.35,0.35,0.68,50.57,52.73,52.72,49.79,0.994,0.996,0.996,0.994,/tmpdir/crf_16.mpd,/videos/BigBuckBunny-2160.avi
5179,0.98825,7.94753,0.99798,49.37766,0.99966,0.86528,0.98611,0.99372,0.99649,100.0,0.63,0.38,0.37,0.75,50.16,52.31,52.39,49.38,0.994,0.995,0.995,0.993,/tmpdir/crf_16.mpd,/videos/BigBuckBunny-2160.avi
5180,0.99026,7.94753,0.99829,50.15186,0.99973,0.87829,0.98966,0.9954,0.9975,100.0,0.53,0.35,0.34,0.63,50.86,52.72,52.83,50.15,0.995,0.996,0.996,0.994,/tmpdir/crf_16.mpd,/videos/BigBuckBunny-2160.avi
5181,0.9907,6.06048,0.99826,50.034,0.99972,0.87609,0.99018,0.99567,0.99765,100.0,0.55,0.35,0.34,0.65,50.76,52.69,52.78,50.03,0.994,0.996,0.996,0.994,/tmpdir/crf_16.mpd,/videos/BigBuckBunny-2160.avi
5182,0.98804,6.06048,0.99807,49.50644,0.99966,0.86826,0.98745,0.99423,0.99673,100.0,0.61,0.38,0.38,0.73,50.26,52.31,52.38,49.51,0.994,0.995,0.995,0.994,/tmpdir/crf_16.mpd,/videos/BigBuckBunny-2160.avi
5183,0.98919,6.21141,0.99821,49.71272,0.99973,0.87041,0.99009,0.99568,0.99764,100.0,0.58,0.37,0.36,0.69,50.47,52.49,52.59,49.71,0.994,0.995,0.995,0.994,/tmpdir/crf_16.mpd,/videos/BigBuckBunny-2160.avi
5184,0.98854,6.21141,0.99813,49.48072,0.99971,0.86796,0.98893,0.99509,0.99724,100.0,0.61,0.38,0.37,0.73,50.25,52.36,52.42,49.48,0.994,0.995,0.995,0.993,/tmpdir/crf_16.mpd,/videos/BigBuckBunny-2160.avi
5185,0.99081,8.26592,0.99845,50.51067,0.99975,0.88499,0.99028,0.99537,0.99747,100.0,0.5,0.34,0.33,0.58,51.18,52.84,53.0,50.51,0.995,0.996,0.996,0.995,/tmpdir/crf_16.mpd,/videos/BigBuckBunny-2160.avi
5186,0.99147,3.20061,0.99856,51.70932,0.9997,0.91259,0.99303,0.99665,0.99811,100.0,0.4,0.36,0.3,0.44,52.07,52.53,53.29,51.71,0.996,0.996,0.996,0.996,/tmpdir/crf_16.mpd,/videos/BigBuckBunny-2160.avi
5187,0.9894,2.96543,0.99842,51.0389,0.99962,0.90569,0.98976,0.99473,0.99689,99.73136,0.46,0.41,0.33,0.51,51.47,52.05,53.0,51.04,0.996,0.995,0.996,0.996,/tmpdir/crf_16.mpd,/videos/BigBuckBunny-2160.avi
5188,0.98907,2.96543,0.99837,50.94604,0.99961,0.9037,0.98942,0.99453,0.99679,99.65488,0.47,0.41,0.34,0.52,51.37,51.95,52.8,50.95,0.996,0.995,0.995,0.996,/tmpdir/crf_16.mpd,/videos/BigBuckBunny-2160.avi
5189,0.988,4.11295,0.99834,50.9356,0.9996,0.90331,0.98842,0.99391,0.99631,100.0,0.48,0.44,0.34,0.52,51.33,51.73,52.81,50.94,0.996,0.995,0.995,0.996,/tmpdir/crf_16.mpd,/videos/BigBuckBunny-2160.avi
5190,0.98971,4.11295,0.99838,51.10459,0.99963,0.90329,0.99095,0.99566,0.9975,100.0,0.46,0.39,0.33,0.5,51.54,52.2,53.0,51.1,0.996,0.995,0.996,0.996,/tmpdir/crf_16.mpd,/videos/BigBuckBunny-2160.avi
5191,0.98697,4.72284,0.99827,50.45937,0.99959,0.89613,0.98704,0.99321,0.99587,100.0,0.53,0.46,0.36,0.58,50.92,51.49,52.58,50.46,0.995,0.995,0.995,0.996,/tmpdir/crf_16.mpd,/videos/BigBuckBunny-2160.avi
5192,0.98931,4.72284,0.99833,50.72361,0.99965,0.89753,0.99034,0.99544,0.99737,100.0,0.49,0.41,0.34,0.55,51.21,51.99,52.78,50.72,0.996,0.995,0.995,0.996,/tmpdir/crf_16.mpd,/videos/BigBuckBunny-2160.avi
5193,0.9874,5.72943,0.99818,50.05488,0.99959,0.88846,0.98565,0.99259,0.99555,100.0,0.57,0.49,0.39,0.64,50.54,51.23,52.26,50.05,0.995,0.994,0.995,0.995,/tmpdir/crf_16.mpd,/videos/BigBuckBunny-2160.avi
5194,0.98845,6.18465,0.99824,50.22348,0.99964,0.88911,0.98894,0.99481,0.99707,100.0,0.55,0.45,0.37,0.62,50.74,51.57,52.46,50.22,0.995,0.995,0.995,0.995,/tmpdir/crf_16.mpd,/videos/BigBuckBunny-2160.avi
5195,0.98393,8.98186,0.99802,49.5565,0.99956,0.87696,0.98224,0.99069,0.99443,100.0,0.64,0.53,0.41,0.72,50.09,50.89,51.96,49.56,0.995,0.994,0.995,0.995,/tmpdir/crf_16.mpd,/videos/BigBuckBunny-2160.avi
5196,0.98832,8.98186,0.99811,49.7496,0.99962,0.87842,0.98749,0.99421,0.99682,100.0,0.61,0.5,0.4,0.69,50.27,51.1,52.07,49.75,0.995,0.994,0.995,0.995,/tmpdir/crf_16.mpd,/videos/BigBuckBunny-2160.avi
5197,0.98782,9.82896,0.99804,49.61407,0.99961,0.87433,0.98688,0.99395,0.99669,100.0,0.63,0.54,0.42,0.71,50.11,50.82,51.86,49.61,0.994,0.994,0.994,0.994,/tmpdir/crf_16.mpd,/videos/BigBuckBunny-2160.avi
5198,0.98754,9.82896,0.99793,49.38398,0.99959,0.86894,0.9851,0.99304,0.99616,100.0,0.67,0.56,0.43,0.75,49.9,50.65,51.76,49.38,0.994,0.993,0.994,0.994,/tmpdir/crf_16.mpd,/videos/BigBuckBunny-2160.avi
5199,0.98743,10.79781,0.99797,49.42785,0.9996,0.86911,0.98501,0.99287,0.996,100.0,0.66,0.57,0.44,0.74,49.92,50.57,51.69,49.43,0.994,0.993,0.994,0.994,/tmpdir/crf_16.mpd,/videos/BigBuckBunny-2160.avi
5200,0.98637,10.79781,0.99778,48.81944,0.99954,0.85623,0.98095,0.99042,0.99435,100.0,0.76,0.63,0.49,0.85,49.35,50.11,51.24,48.82,0.993,0.993,0.994,0.994,/tmpdir/crf_16.mpd,/videos/BigBuckBunny-2160.avi
5201,0.98653,10.66049,0.99776,48.70661,0.99953,0.85591,0.98108,0.99073,0.99459,100.0,0.77,0.63,0.48,0.88,49.27,50.15,51.32,48.71,0.993,0.993,0.994,0.994,/tmpdir/crf_16.mpd,/videos/BigBuckBunny-2160.avi
5202,0.98659,10.66049,0.99808,49.86246,0.99962,0.87589,0.98488,0.99252,0.99568,100.0,0.6,0.52,0.4,0.67,50.35,50.97,52.14,49.86,0.995,0.994,0.995,0.995,/tmpdir/crf_16.mpd,/videos/BigBuckBunny-2160.avi
5203,0.98693,11.77187,0.99805,49.83237,0.99961,0.87398,0.98527,0.99285,0.9959,100.0,0.6,0.51,0.39,0.68,50.34,51.05,52.19,49.83,0.994,0.994,0.995,0.994,/tmpdir/crf_16.mpd,/videos/BigBuckBunny-2160.avi
5204,0.98526,11.77187,0.99792,49.37045,0.99959,0.86539,0.98393,0.9923,0.9956,100.0,0.66,0.56,0.42,0.75,49.91,50.67,51.91,49.37,0.994,0.993,0.994,0.994,/tmpdir/crf_16.mpd,/videos/BigBuckBunny-2160.avi
5205,0.98707,12.45663,0.99798,49.5624,0.99961,0.86694,0.9844,0.99241,0.99561,100.0,0.64,0.53,0.42,0.72,50.09,50.9,51.9,49.56,0.994,0.994,0.994,0.994,/tmpdir/crf_16.mpd,/videos/BigBuckBunny-2160.avi
5206,0.98604,12.45663,0.99784,49.07876,0.99959,0.85721,0.98272,0.99169,0.99524,100.0,0.7,0.57,0.44,0.8,49.65,50.58,51.69,49.08,0.994,0.993,0.994,0.994,/tmpdir/crf_16.mpd,/videos/BigBuckBunny-2160.avi
5207,0.98397,12.49526,0.99774,48.87433,0.99953,0.85214,0.98038,0.99037,0.99437,100.0,0.74,0.61,0.46,0.84,49.44,50.31,51.51,48.87,0.993,0.993,0.994,0.993,/tmpdir/crf_16.mpd,/videos/BigBuckBunny-2160.avi
5208,0.98563,12.49526,0.99791,49.30933,0.99959,0.86022,0.98336,0.99187,0.99533,100.0,0.67,0.54,0.43,0.76,49.88,50.83,51.81,49.31,0.994,0.993,0.994,0.994,/tmpdir/crf_16.mpd,/videos/BigBuckBunny-2160.avi
5209,0.98083,13.93225,0.9977,49.15485,0.99953,0.85441,0.97969,0.99002,0.99426,100.0,0.69,0.54,0.42,0.79,49.76,50.82,51.86,49.15,0.993,0.993,0.994,0.993,/tmpdir/crf_16.mpd,/videos/BigBuckBunny-2160.avi
5210,0.98231,13.93225,0.99793,49.82963,0.99962,0.86451,0.9807,0.99008,0.99435,100.0,0.59,0.45,0.37,0.68,50.45,51.62,52.47,49.83,0.994,0.994,0.995,0.994,/tmpdir/crf_16.mpd,/videos/BigBuckBunny-2160.avi
5211,0.98056,12.57526,0.99767,49.30955,0.99953,0.85513,0.97963,0.98999,0.99423,100.0,0.65,0.45,0.38,0.76,50.02,51.59,52.34,49.31,0.993,0.994,0.995,0.993,/tmpdir/crf_16.mpd,/videos/BigBuckBunny-2160.avi
5212,0.98273,12.57526,0.99789,49.81801,0.99963,0.86116,0.98031,0.98979,0.994,100.0,0.58,0.41,0.35,0.68,50.51,52.03,52.71,49.82,0.994,0.995,0.995,0.993,/tmpdir/crf_16.mpd,/videos/BigBuckBunny-2160.avi
5213,0.98299,14.10558,0.9977,49.29114,0.99953,0.85354,0.97938,0.98957,0.99368,100.0,0.65,0.44,0.37,0.77,50.03,51.67,52.41,49.29,0.993,0.994,0.995,0.993,/tmpdir/crf_16.mpd,/videos/BigBuckBunny-2160.avi
5214,0.985,14.10558,0.99799,49.82857,0.99965,0.86194,0.98127,0.99034,0.99431,100.0,0.58,0.42,0.36,0.68,50.5,51.93,52.6,49.83,0.994,0.995,0.995,0.993,/tmpdir/crf_16.mpd,/videos/BigBuckBunny-2160.avi
5215,0.98502,16.98391,0.99783,49.27661,0.99955,0.85975,0.98132,0.99063,0.9943,100.0,0.65,0.45,0.39,0.77,49.98,51.57,52.21,49.28,0.993,0.994,0.995,0.993,/tmpdir/crf_16.mpd,/videos/BigBuckBunny-2160.avi
5216,0.98735,16.98391,0.99801,49.52705,0.99964,0.86579,0.98432,0.99237,0.99547,100.0,0.62,0.44,0.39,0.73,50.19,51.66,52.25,49.53,0.994,0.994,0.995,0.993,/tmpdir/crf_16.mpd,/videos/BigBuckBunny-2160.avi
5217,0.98731,15.90512,0.99806,49.37393,0.99963,0.86873,0.98405,0.99204,0.99515,100.0,0.65,0.46,0.4,0.75,50.03,51.48,52.06,49.37,0.994,0.994,0.995,0.993,/tmpdir/crf_16.mpd,/videos/BigBuckBunny-2160.avi
5218,0.98911,15.90512,0.99842,50.07349,0.9998,0.87901,0.98732,0.9937,0.99632,100.0,0.56,0.43,0.39,0.64,50.63,51.83,52.24,50.07,0.994,0.994,0.995,0.994,/tmpdir/crf_16.mpd,/videos/BigBuckBunny-2160.avi
5219,0.98927,15.50985,0.99827,49.63615,0.99976,0.87128,0.98634,0.99318,0.99582,100.0,0.61,0.45,0.41,0.71,50.25,51.63,52.01,49.64,0.994,0.994,0.995,0.993,/tmpdir/crf_16.mpd,/videos/BigBuckBunny-2160.avi
5220,0.98812,15.50985,0.99821,49.4728,0.99975,0.86829,0.98631,0.99328,0.99588,100.0,0.64,0.46,0.42,0.73,50.1,51.54,51.87,49.47,0.993,0.994,0.995,0.993,/tmpdir/crf_16.mpd,/videos/BigBuckBunny-2160.avi
5221,0.98846,14.23749,0.99822,49.43811,0.99976,0.86807,0.98688,0.9936,0.99616,100.0,0.64,0.47,0.43,0.74,50.05,51.44,51.81,49.44,0.993,0.994,0.995,0.993,/tmpdir/crf_16.mpd,/videos/BigBuckBunny-2160.avi
5222,0.98781,14.23749,0.99817,49.31012,0.99975,0.86582,0.98674,0.99356,0.99616,100.0,0.66,0.48,0.44,0.76,49.92,51.31,51.66,49.31,0.993,0.994,0.994,0.993,/tmpdir/crf_16.mpd,/videos/BigBuckBunny-2160.avi
5223,0.9872,12.4652,0.99808,49.02409,0.99967,0.862,0.98366,0.99138,0.99441,100.0,0.71,0.53,0.47,0.81,49.62,50.86,51.39,49.02,0.993,0.994,0.994,0.992,/tmpdir/crf_16.mpd,/videos/BigBuckBunny-2160.avi
5224,0.98833,12.4652,0.99823,49.3006,0.99978,0.86573,0.98741,0.99393,0.99638,100.0,0.67,0.5,0.45,0.76,49.89,51.17,51.61,49.3,0.993,0.994,0.994,0.993,/tmpdir/crf_16.mpd,/videos/BigBuckBunny-2160.avi
5225,0.98695,10.62225,0.99807,48.9241,0.99968,0.85976,0.98396,0.99161,0.99462,100.0,0.73,0.55,0.49,0.83,49.51,50.76,51.25,48.92,0.993,0.994,0.994,0.992,/tmpdir/crf_16.mpd,/videos/BigBuckBunny-2160.avi
5226,0.98838,10.62225,0.99822,49.21866,0.99978,0.86423,0.98762,0.99403,0.99642,100.0,0.68,0.51,0.46,0.78,49.8,51.07,51.46,49.22,0.993,0.994,0.994,0.992,/tmpdir/crf_16.mpd,/videos/BigBuckBunny-2160.avi
5227,0.9893,9.98513,0.99824,49.20167,0.99979,0.86453,0.98833,0.9945,0.99677,100.0,0.68,0.51,0.46,0.78,49.79,51.07,51.48,49.2,0.993,0.994,0.994,0.992,/tmpdir/crf_16.mpd,/videos/BigBuckBunny-2160.avi
5228,0.98721,9.98513,0.99812,49.00055,0.9997,0.86037,0.98377,0.99119,0.99412,100.0,0.71,0.53,0.48,0.82,49.6,50.93,51.31,49.0,0.993,0.994,0.994,0.992,/tmpdir/crf_16.mpd,/videos/BigBuckBunny-2160.avi
5229,0.98683,7.73784,0.99813,49.01732,0.9997,0.86192,0.98421,0.99177,0.99474,100.0,0.72,0.55,0.49,0.82,49.57,50.69,51.23,49.02,0.993,0.993,0.994,0.992,/tmpdir/crf_16.mpd,/videos/BigBuckBunny-2160.avi
5230,0.98851,7.73784,0.99829,49.31527,0.99979,0.86627,0.98845,0.99452,0.99682,100.0,0.67,0.51,0.45,0.76,49.89,51.09,51.61,49.32,0.993,0.994,0.994,0.992,/tmpdir/crf_16.mpd,/videos/BigBuckBunny-2160.avi
5231,0.9869,6.7038,0.99818,49.07205,0.99972,0.86308,0.98492,0.99214,0.99498,100.0,0.71,0.54,0.47,0.81,49.64,50.79,51.38,49.07,0.993,0.994,0.994,0.992,/tmpdir/crf_16.mpd,/videos/BigBuckBunny-2160.avi
5232,0.98847,6.7038,0.9983,49.31317,0.99979,0.86625,0.98797,0.99413,0.99644,100.0,0.67,0.51,0.45,0.76,49.89,51.08,51.64,49.31,0.993,0.994,0.994,0.993,/tmpdir/crf_16.mpd,/videos/BigBuckBunny-2160.avi
5233,0.987,6.3982,0.99819,49.21188,0.99969,0.86613,0.98463,0.99205,0.99498,100.0,0.69,0.55,0.46,0.78,49.76,50.74,51.51,49.21,0.993,0.993,0.994,0.993,/tmpdir/crf_16.mpd,/videos/BigBuckBunny-2160.avi
5234,0.98757,6.3982,0.99824,49.31418,0.99971,0.86714,0.9855,0.9924,0.99506,100.0,0.67,0.53,0.44,0.76,49.88,50.91,51.69,49.31,0.993,0.994,0.994,0.993,/tmpdir/crf_16.mpd,/videos/BigBuckBunny-2160.avi
5235,0.98631,5.09954,0.99813,49.15742,0.99967,0.86385,0.98387,0.9916,0.99461,100.0,0.69,0.55,0.45,0.79,49.73,50.76,51.63,49.16,0.993,0.993,0.994,0.993,/tmpdir/crf_16.mpd,/videos/BigBuckBunny-2160.avi
5236,0.98788,5.09954,0.99816,49.15016,0.99972,0.86134,0.98567,0.99275,0.99548,100.0,0.69,0.53,0.43,0.79,49.76,50.93,51.75,49.15,0.993,0.993,0.994,0.992,/tmpdir/crf_16.mpd,/videos/BigBuckBunny-2160.avi
5237,0.98665,6.81088,0.99799,48.79126,0.99967,0.85439,0.98323,0.99151,0.99463,100.0,0.74,0.56,0.46,0.86,49.43,50.68,51.53,48.79,0.992,0.993,0.994,0.992,/tmpdir/crf_16.mpd,/videos/BigBuckBunny-2160.avi
5238,0.99627,0.2826,0.99907,54.99748,0.99977,0.94796,0.99797,0.99909,0.99949,100.0,0.18,0.14,0.13,0.21,55.56,56.82,57.1,55.0,0.998,0.998,0.998,0.998,/tmpdir/crf_16.mpd,/videos/BigBuckBunny-2160.avi
5239,0.99246,0.21954,0.99888,53.51142,0.99973,0.93314,0.9956,0.99786,0.99872,99.22541,0.25,0.17,0.16,0.29,54.2,55.91,56.17,53.51,0.997,0.998,0.998,0.997,/tmpdir/crf_16.mpd,/videos/BigBuckBunny-2160.avi
5240,0.99275,0.21954,0.99888,53.4872,0.99973,0.93283,0.99559,0.9978,0.99865,99.27022,0.25,0.17,0.16,0.29,54.18,55.9,56.14,53.49,0.997,0.998,0.998,0.997,/tmpdir/crf_16.mpd,/videos/BigBuckBunny-2160.avi
5241,0.99207,0.2204,0.99884,53.28213,0.99972,0.93011,0.99507,0.99755,0.99851,99.12252,0.26,0.17,0.17,0.31,53.97,55.7,55.92,53.28,0.997,0.998,0.998,0.997,/tmpdir/crf_16.mpd,/videos/BigBuckBunny-2160.avi
5242,0.99417,0.2204,0.9989,53.61318,0.99975,0.93311,0.99654,0.99842,0.99911,99.57081,0.24,0.16,0.15,0.28,54.3,56.02,56.25,53.61,0.997,0.998,0.998,0.997,/tmpdir/crf_16.mpd,/videos/BigBuckBunny-2160.avi
5243,0.99189,0.25162,0.9988,53.07465,0.99971,0.92735,0.99473,0.99741,0.99846,99.08823,0.27,0.19,0.18,0.32,53.75,55.42,55.65,53.07,0.997,0.997,0.998,0.997,/tmpdir/crf_16.mpd,/videos/BigBuckBunny-2160.avi
5244,0.99216,0.25162,0.99881,53.12376,0.99972,0.92782,0.99495,0.99755,0.99856,99.14773,0.27,0.19,0.18,0.32,53.79,55.42,55.65,53.12,0.997,0.997,0.998,0.997,/tmpdir/crf_16.mpd,/videos/BigBuckBunny-2160.avi
5245,0.99124,0.44903,0.99878,52.94591,0.99971,0.92495,0.99442,0.99733,0.99848,99.05331,0.28,0.19,0.18,0.33,53.63,55.34,55.57,52.95,0.997,0.997,0.997,0.997,/tmpdir/crf_16.mpd,/videos/BigBuckBunny-2160.avi
5246,0.99339,3.00115,0.99881,52.72872,0.99976,0.92178,0.99513,0.99777,0.99877,100.0,0.3,0.19,0.19,0.35,53.43,55.27,55.36,52.73,0.997,0.997,0.997,0.996,/tmpdir/crf_16.mpd,/videos/BigBuckBunny-2160.avi
5247,0.99079,9.09459,0.99851,51.09585,0.99976,0.89405,0.9923,0.99666,0.99821,100.0,0.42,0.25,0.26,0.51,51.88,54.2,53.94,51.1,0.995,0.997,0.996,0.995,/tmpdir/crf_16.mpd,/videos/BigBuckBunny-2160.avi
5248,0.99167,6.37688,0.99864,51.88161,0.99975,0.90727,0.99396,0.99734,0.99852,100.0,0.36,0.23,0.23,0.42,52.6,54.51,54.58,51.88,0.996,0.997,0.997,0.996,/tmpdir/crf_16.mpd,/videos/BigBuckBunny-2160.avi
5249,0.98998,2.71504,0.99863,52.01162,0.99972,0.91071,0.99265,0.99648,0.99798,99.83706,0.35,0.24,0.24,0.41,52.66,54.29,54.37,52.01,0.996,0.997,0.997,0.996,/tmpdir/crf_16.mpd,/videos/BigBuckBunny-2160.avi
5250,0.99154,2.71504,0.99866,52.16764,0.99971,0.91325,0.99299,0.99659,0.99802,100.0,0.34,0.24,0.24,0.39,52.77,54.27,54.35,52.17,0.996,0.997,0.997,0.996,/tmpdir/crf_16.mpd,/videos/BigBuckBunny-2160.avi
5251,0.98984,1.60722,0.99862,51.97225,0.99971,0.91042,0.99278,0.99655,0.998,99.25522,0.36,0.24,0.24,0.41,52.62,54.3,54.35,51.97,0.996,0.997,0.997,0.996,/tmpdir/crf_16.mpd,/videos/BigBuckBunny-2160.avi
5252,0.99263,1.55955,0.99878,52.65204,0.99975,0.91887,0.99525,0.99784,0.99876,99.84042,0.31,0.22,0.21,0.35,53.26,54.77,54.84,52.65,0.997,0.997,0.997,0.996,/tmpdir/crf_16.mpd,/videos/BigBuckBunny-2160.avi
5253,0.99008,0.86177,0.99865,52.00345,0.9997,0.91184,0.99337,0.99685,0.99815,98.96185,0.35,0.23,0.23,0.41,52.68,54.46,54.51,52.0,0.996,0.997,0.997,0.996,/tmpdir/crf_16.mpd,/videos/BigBuckBunny-2160.avi
5254,0.99077,0.86177,0.99869,52.19009,0.99972,0.91429,0.9938,0.99696,0.99816,99.09557,0.34,0.23,0.22,0.39,52.85,54.57,54.63,52.19,0.997,0.997,0.997,0.996,/tmpdir/crf_16.mpd,/videos/BigBuckBunny-2160.avi
5255,0.98958,0.83474,0.99866,52.04568,0.99971,0.91254,0.99359,0.9969,0.99814,98.86263,0.35,0.23,0.23,0.41,52.73,54.48,54.6,52.05,0.996,0.997,0.997,0.996,/tmpdir/crf_16.mpd,/videos/BigBuckBunny-2160.avi
5256,0.99209,0.83474,0.99878,52.5229,0.99975,0.91804,0.99548,0.99797,0.99885,99.4032,0.32,0.22,0.22,0.36,53.14,54.66,54.8,52.52,0.997,0.997,0.997,0.996,/tmpdir/crf_16.mpd,/videos/BigBuckBunny-2160.avi
5257,0.98984,0.85637,0.99865,51.97743,0.9997,0.91154,0.99351,0.99692,0.99818,98.9197,0.35,0.24,0.24,0.41,52.63,54.29,54.38,51.98,0.996,0.997,0.997,0.996,/tmpdir/crf_16.mpd,/videos/BigBuckBunny-2160.avi
5258,0.99102,0.85637,0.99867,52.04778,0.99971,0.91277,0.99383,0.99706,0.99826,99.14244,0.35,0.24,0.23,0.41,52.69,54.29,54.42,52.05,0.996,0.997,0.997,0.996,/tmpdir/crf_16.mpd,/videos/BigBuckBunny-2160.avi
5259,0.98942,0.8002,0.99865,51.912,0.99971,0.91048,0.99361,0.99704,0.99829,98.82425,0.36,0.25,0.24,0.42,52.57,54.23,54.34,51.91,0.996,0.997,0.997,0.996,/tmpdir/crf_16.mpd,/videos/BigBuckBunny-2160.avi
5260,0.99213,0.8002,0.99876,52.46645,0.99974,0.91698,0.99513,0.9978,0.99874,99.37893,0.32,0.23,0.22,0.37,53.09,54.6,54.77,52.47,0.997,0.997,0.997,0.996,/tmpdir/crf_16.mpd,/videos/BigBuckBunny-2160.avi
5261,0.99045,1.17949,0.99865,52.04621,0.99971,0.91198,0.99354,0.99696,0.99824,99.18706,0.35,0.25,0.24,0.41,52.66,54.19,54.3,52.05,0.996,0.997,0.997,0.996,/tmpdir/crf_16.mpd,/videos/BigBuckBunny-2160.avi
5262,0.9895,1.25686,0.99867,52.15546,0.99971,0.9132,0.99369,0.99697,0.9982,99.05825,0.34,0.25,0.24,0.4,52.76,54.24,54.4,52.16,0.996,0.997,0.997,0.996,/tmpdir/crf_16.mpd,/videos/BigBuckBunny-2160.avi
5263,0.98954,1.37054,0.99866,52.0999,0.99971,0.9125,0.99383,0.99717,0.99838,99.13567,0.35,0.25,0.24,0.4,52.71,54.21,54.35,52.1,0.996,0.997,0.997,0.996,/tmpdir/crf_16.mpd,/videos/BigBuckBunny-2160.avi
5264,0.9912,0.97104,0.99877,52.66259,0.99974,0.91896,0.99533,0.99787,0.99878,99.30658,0.31,0.22,0.21,0.35,53.27,54.7,54.91,52.66,0.997,0.997,0.997,0.996,/tmpdir/crf_16.mpd,/videos/BigBuckBunny-2160.avi
5265,0.9894,0.60659,0.99869,52.35966,0.99971,0.91622,0.99413,0.99724,0.99836,98.75947,0.33,0.23,0.22,0.38,52.99,54.51,54.73,52.36,0.997,0.997,0.997,0.996,/tmpdir/crf_16.mpd,/videos/BigBuckBunny-2160.avi
5266,0.98966,0.49662,0.99872,52.48221,0.99971,0.91788,0.99432,0.99727,0.99834,98.76053,0.32,0.22,0.21,0.37,53.12,54.67,54.91,52.48,0.997,0.997,0.997,0.996,/tmpdir/crf_16.mpd,/videos/BigBuckBunny-2160.avi
5267,0.9916,0.21641,0.99871,52.51908,0.99971,0.91779,0.99447,0.99739,0.99846,98.98628,0.31,0.22,0.21,0.36,53.16,54.72,54.96,52.52,0.997,0.997,0.997,0.996,/tmpdir/crf_16.mpd,/videos/BigBuckBunny-2160.avi
5268,0.99327,0.21641,0.99879,52.87253,0.99974,0.92164,0.99563,0.99798,0.99881,99.33593,0.29,0.2,0.19,0.34,53.51,55.02,55.27,52.87,0.997,0.997,0.997,0.997,/tmpdir/crf_16.mpd,/videos/BigBuckBunny-2160.avi
5269,0.99086,0.51306,0.99868,52.38914,0.9997,0.91609,0.99371,0.99694,0.99818,98.95438,0.32,0.23,0.21,0.38,53.03,54.59,54.84,52.39,0.997,0.997,0.997,0.996,/tmpdir/crf_16.mpd,/videos/BigBuckBunny-2160.avi
5270,0.99081,0.51306,0.99869,52.41974,0.99971,0.91648,0.99395,0.99707,0.99824,98.95469,0.32,0.23,0.21,0.37,53.06,54.59,54.86,52.42,0.997,0.997,0.997,0.996,/tmpdir/crf_16.mpd,/videos/BigBuckBunny-2160.avi
5271,0.99067,0.65912,0.99864,52.21998,0.99969,0.91396,0.99335,0.99679,0.99811,98.9737,0.33,0.23,0.22,0.39,52.88,54.52,54.74,52.22,0.996,0.997,0.997,0.996,/tmpdir/crf_16.mpd,/videos/BigBuckBunny-2160.avi
5272,0.99255,0.65912,0.99875,52.69957,0.99974,0.91892,0.99522,0.99784,0.99881,99.39944,0.3,0.21,0.2,0.35,53.34,54.9,55.12,52.7,0.997,0.997,0.997,0.996,/tmpdir/crf_16.mpd,/videos/BigBuckBunny-2160.avi
5273,0.99027,0.77348,0.99864,52.2473,0.9997,0.91368,0.99357,0.99692,0.99818,98.96384,0.33,0.23,0.22,0.39,52.9,54.47,54.74,52.25,0.996,0.997,0.997,0.996,/tmpdir/crf_16.mpd,/videos/BigBuckBunny-2160.avi
5274,0.99,0.77348,0.99866,52.28214,0.99971,0.91414,0.9938,0.99704,0.99823,98.92396,0.33,0.23,0.22,0.38,52.93,54.52,54.75,52.28,0.996,0.997,0.997,0.996,/tmpdir/crf_16.mpd,/videos/BigBuckBunny-2160.avi
5275,0.98998,0.69745,0.99861,52.08217,0.9997,0.91139,0.9935,0.99696,0.99822,98.87211,0.34,0.24,0.22,0.4,52.75,54.39,54.65,52.08,0.996,0.997,0.997,0.996,/tmpdir/crf_16.mpd,/videos/BigBuckBunny-2160.avi
5276,0.99087,0.69745,0.99866,52.21529,0.99972,0.91279,0.99461,0.9976,0.99865,99.0809,0.33,0.22,0.21,0.39,52.92,54.7,54.89,52.22,0.996,0.997,0.997,0.996,/tmpdir/crf_16.mpd,/videos/BigBuckBunny-2160.avi
5277,0.98948,0.67134,0.99855,51.81598,0.99969,0.90805,0.99291,0.99669,0.99807,98.74178,0.36,0.23,0.22,0.43,52.54,54.42,54.61,51.82,0.996,0.997,0.997,0.996,/tmpdir/crf_16.mpd,/videos/BigBuckBunny-2160.avi
5278,0.99067,0.67134,0.99853,51.78773,0.99969,0.91022,0.99325,0.9968,0.99807,98.96383,0.36,0.23,0.22,0.43,52.54,54.53,54.72,51.79,0.996,0.997,0.997,0.996,/tmpdir/crf_16.mpd,/videos/BigBuckBunny-2160.avi
5279,0.98903,4.95339,0.99859,52.68059,0.99971,0.91871,0.99242,0.99638,0.99792,100.0,0.3,0.21,0.2,0.35,53.34,54.97,55.15,52.68,0.997,0.997,0.997,0.996,/tmpdir/crf_16.mpd,/videos/BigBuckBunny-2160.avi
5280,0.9891,5.32946,0.99865,53.09951,0.99973,0.92161,0.99364,0.99714,0.99843,100.0,0.27,0.19,0.18,0.32,53.74,55.31,55.48,53.1,0.997,0.997,0.997,0.996,/tmpdir/crf_16.mpd,/videos/BigBuckBunny-2160.avi
5281,0.98844,3.74161,0.99858,52.79295,0.9997,0.91826,0.99266,0.99654,0.99798,100.0,0.29,0.2,0.19,0.34,53.48,55.23,55.42,52.79,0.997,0.997,0.997,0.996,/tmpdir/crf_16.mpd,/videos/BigBuckBunny-2160.avi
5282,0.98776,3.74161,0.99854,52.56394,0.9997,0.91493,0.99236,0.99639,0.99791,99.99334,0.3,0.19,0.19,0.36,53.31,55.26,55.43,52.56,0.996,0.997,0.997,0.996,/tmpdir/crf_16.mpd,/videos/BigBuckBunny-2160.avi
5283,0.99031,4.90814,0.99869,53.37092,0.99972,0.92721,0.9942,0.99733,0.9985,100.0,0.25,0.17,0.16,0.3,54.07,55.92,55.99,53.37,0.997,0.998,0.998,0.997,/tmpdir/crf_16.mpd,/videos/BigBuckBunny-2160.avi
5284,0.9894,5.38742,0.99869,53.1608,0.99973,0.92482,0.9941,0.99729,0.99847,100.0,0.27,0.17,0.17,0.31,53.87,55.74,55.78,53.16,0.997,0.998,0.998,0.996,/tmpdir/crf_16.mpd,/videos/BigBuckBunny-2160.avi
5285,0.98882,5.06906,0.99855,52.31084,0.99971,0.91465,0.99205,0.99618,0.99773,100.0,0.32,0.2,0.2,0.38,53.05,55.03,55.1,52.31,0.996,0.997,0.997,0.996,/tmpdir/crf_16.mpd,/videos/BigBuckBunny-2160.avi
5286,0.98956,4.59723,0.99859,52.15037,0.99972,0.91079,0.99216,0.99627,0.99785,100.0,0.33,0.21,0.21,0.4,52.89,54.89,54.97,52.15,0.996,0.997,0.997,0.996,/tmpdir/crf_16.mpd,/videos/BigBuckBunny-2160.avi
5287,0.98905,2.52681,0.99843,51.41625,0.99968,0.90127,0.99027,0.99539,0.99728,99.47303,0.39,0.22,0.22,0.47,52.25,54.67,54.61,51.42,0.996,0.997,0.997,0.995,/tmpdir/crf_16.mpd,/videos/BigBuckBunny-2160.avi
5288,0.99353,2.29605,0.99879,52.70576,0.99976,0.9188,0.99528,0.99795,0.99888,100.0,0.3,0.2,0.19,0.35,53.4,55.2,55.29,52.71,0.997,0.997,0.997,0.996,/tmpdir/crf_16.mpd,/videos/BigBuckBunny-2160.avi
5289,0.9894,1.22745,0.99843,51.10306,0.99968,0.89637,0.99111,0.99599,0.99765,98.91147,0.41,0.23,0.24,0.5,51.95,54.42,54.42,51.1,0.996,0.997,0.997,0.995,/tmpdir/crf_16.mpd,/videos/BigBuckBunny-2160.avi
5290,0.99038,1.20196,0.99855,51.48102,0.9997,0.90278,0.99287,0.99671,0.99802,99.13675,0.38,0.22,0.22,0.46,52.31,54.7,54.72,51.48,0.996,0.997,0.997,0.996,/tmpdir/crf_16.mpd,/videos/BigBuckBunny-2160.avi
5291,0.98997,0.75336,0.99862,51.77958,0.99971,0.90775,0.99293,0.99666,0.99799,98.86058,0.36,0.22,0.21,0.43,52.58,54.79,54.85,51.78,0.996,0.997,0.997,0.996,/tmpdir/crf_16.mpd,/videos/BigBuckBunny-2160.avi
5292,0.9941,0.75336,0.99885,52.86331,0.99976,0.92127,0.99609,0.99831,0.99907,99.75625,0.29,0.2,0.19,0.34,53.52,55.14,55.29,52.86,0.997,0.997,0.997,0.996,/tmpdir/crf_16.mpd,/videos/BigBuckBunny-2160.avi
5293,0.9966,0.43848,0.99909,54.71347,0.99978,0.94565,0.99791,0.99909,0.99951,100.0,0.19,0.14,0.13,0.22,55.32,56.77,56.98,54.71,0.998,0.998,0.998,0.998,/tmpdir/crf_16.mpd,/videos/BigBuckBunny-2160.avi
5294,0.99185,0.43848,0.99887,53.08558,0.99974,0.92811,0.99507,0.99766,0.99866,99.18989,0.27,0.17,0.16,0.32,53.85,55.95,56.01,53.09,0.997,0.998,0.998,0.997,/tmpdir/crf_16.mpd,/videos/BigBuckBunny-2160.avi
5295,0.99162,0.42501,0.99884,52.96133,0.99973,0.92601,0.99485,0.99757,0.9986,99.12772,0.28,0.17,0.17,0.33,53.73,55.82,55.91,52.96,0.997,0.998,0.998,0.997,/tmpdir/crf_16.mpd,/videos/BigBuckBunny-2160.avi
5296,0.99133,0.42501,0.9988,52.71761,0.99972,0.92285,0.99438,0.99732,0.99843,99.04796,0.29,0.18,0.18,0.35,53.49,55.65,55.62,52.72,0.997,0.998,0.998,0.997,/tmpdir/crf_16.mpd,/videos/BigBuckBunny-2160.avi
5297,0.99472,0.38071,0.99891,53.26718,0.99976,0.92846,0.99632,0.99832,0.99905,99.71777,0.26,0.16,0.16,0.31,54.01,55.98,56.09,53.27,0.997,0.998,0.998,0.997,/tmpdir/crf_16.mpd,/videos/BigBuckBunny-2160.avi
5298,0.99226,0.38071,0.99877,52.56909,0.99971,0.92074,0.99415,0.99718,0.99833,99.17455,0.3,0.19,0.18,0.36,53.34,55.45,55.47,52.57,0.997,0.997,0.997,0.997,/tmpdir/crf_16.mpd,/videos/BigBuckBunny-2160.avi
5299,0.99199,0.34233,0.99878,52.58957,0.99972,0.92073,0.99424,0.9972,0.99832,99.10888,0.3,0.18,0.18,0.36,53.36,55.49,55.5,52.59,0.997,0.997,0.997,0.997,/tmpdir/crf_16.mpd,/videos/BigBuckBunny-2160.avi
5300,0.99095,0.34233,0.99876,52.48962,0.99972,0.91939,0.99413,0.99719,0.99836,98.92127,0.31,0.19,0.19,0.37,53.25,55.36,55.38,52.49,0.997,0.997,0.997,0.996,/tmpdir/crf_16.mpd,/videos/BigBuckBunny-2160.avi
5301,0.99404,0.60525,0.99883,52.84574,0.99975,0.9225,0.99543,0.99786,0.99876,99.64765,0.28,0.18,0.18,0.34,53.58,55.53,55.65,52.85,0.997,0.997,0.997,0.996,/tmpdir/crf_16.mpd,/videos/BigBuckBunny-2160.avi
5302,0.99161,1.25734,0.99871,52.26013,0.99971,0.91542,0.99368,0.99694,0.99819,99.43947,0.32,0.2,0.2,0.39,53.01,55.08,55.08,52.26,0.997,0.997,0.997,0.996,/tmpdir/crf_16.mpd,/videos/BigBuckBunny-2160.avi
5303,0.99415,2.89863,0.99874,52.5321,0.99974,0.91707,0.99483,0.99758,0.99858,100.0,0.31,0.19,0.2,0.36,53.26,55.31,55.2,52.53,0.997,0.997,0.997,0.996,/tmpdir/crf_16.mpd,/videos/BigBuckBunny-2160.avi
5304,0.99073,5.96069,0.99863,51.80987,0.99974,0.90686,0.99257,0.9964,0.99787,100.0,0.36,0.22,0.22,0.43,52.57,54.7,54.61,51.81,0.996,0.997,0.997,0.996,/tmpdir/crf_16.mpd,/videos/BigBuckBunny-2160.avi
5305,0.9902,5.56359,0.99859,51.18642,0.99974,0.89984,0.9912,0.99571,0.99751,100.0,0.41,0.25,0.26,0.49,51.95,54.13,53.99,51.19,0.996,0.997,0.997,0.995,/tmpdir/crf_16.mpd,/videos/BigBuckBunny-2160.avi
5306,0.9928,5.56359,0.99872,51.68743,0.99978,0.90614,0.99339,0.99693,0.99829,100.0,0.37,0.23,0.24,0.44,52.41,54.45,54.25,51.69,0.996,0.997,0.997,0.996,/tmpdir/crf_16.mpd,/videos/BigBuckBunny-2160.avi
5307,0.98938,4.26432,0.99852,50.9307,0.99972,0.89602,0.99101,0.99574,0.99759,100.0,0.45,0.27,0.3,0.52,51.64,53.75,53.39,50.93,0.996,0.996,0.996,0.995,/tmpdir/crf_16.mpd,/videos/BigBuckBunny-2160.avi
5308,0.99025,3.64622,0.99852,50.8812,0.99971,0.89525,0.99127,0.99585,0.99762,100.0,0.45,0.28,0.3,0.53,51.6,53.67,53.38,50.88,0.995,0.996,0.996,0.995,/tmpdir/crf_16.mpd,/videos/BigBuckBunny-2160.avi
5309,0.98924,1.95139,0.99844,50.53452,0.99969,0.8903,0.99081,0.99575,0.99758,99.21229,0.48,0.28,0.3,0.57,51.31,53.6,53.35,50.53,0.995,0.996,0.996,0.995,/tmpdir/crf_16.mpd,/videos/BigBuckBunny-2160.avi
5310,0.99245,1.95139,0.99871,51.51954,0.99976,0.90375,0.99441,0.99754,0.99867,99.94159,0.39,0.26,0.27,0.46,52.19,54.04,53.86,51.52,0.996,0.996,0.996,0.996,/tmpdir/crf_16.mpd,/videos/BigBuckBunny-2160.avi
5311,0.98886,1.26914,0.99845,50.59568,0.9997,0.89043,0.99094,0.99577,0.99757,98.80606,0.48,0.29,0.31,0.57,51.35,53.56,53.27,50.6,0.995,0.996,0.996,0.995,/tmpdir/crf_16.mpd,/videos/BigBuckBunny-2160.avi
5312,0.98985,1.26914,0.9985,50.70515,0.99971,0.89223,0.99178,0.99609,0.99773,99.00648,0.46,0.28,0.3,0.55,51.46,53.67,53.41,50.71,0.995,0.996,0.996,0.995,/tmpdir/crf_16.mpd,/videos/BigBuckBunny-2160.avi
5313,0.98893,1.07803,0.99847,50.55891,0.9997,0.88947,0.99115,0.99581,0.99754,98.72255,0.48,0.28,0.3,0.57,51.34,53.66,53.39,50.56,0.995,0.996,0.996,0.995,/tmpdir/crf_16.mpd,/videos/BigBuckBunny-2160.avi
5314,0.99251,1.07803,0.9987,51.34577,0.99976,0.90091,0.99475,0.99771,0.99876,99.52636,0.41,0.26,0.27,0.48,52.03,53.95,53.76,51.35,0.996,0.996,0.996,0.995,/tmpdir/crf_16.mpd,/videos/BigBuckBunny-2160.avi
5315,0.98877,1.1557,0.99847,50.58947,0.9997,0.88935,0.99122,0.99583,0.99754,98.7323,0.48,0.29,0.31,0.57,51.34,53.55,53.26,50.59,0.995,0.996,0.996,0.995,/tmpdir/crf_16.mpd,/videos/BigBuckBunny-2160.avi
5316,0.98959,1.1557,0.99852,50.69005,0.9997,0.89132,0.99178,0.99605,0.99761,98.8926,0.47,0.28,0.3,0.55,51.44,53.62,53.39,50.69,0.995,0.996,0.996,0.995,/tmpdir/crf_16.mpd,/videos/BigBuckBunny-2160.avi
5317,0.98974,1.17093,0.99849,50.64695,0.9997,0.89106,0.99165,0.99606,0.99772,98.93449,0.47,0.28,0.3,0.56,51.4,53.6,53.38,50.65,0.995,0.996,0.996,0.995,/tmpdir/crf_16.mpd,/videos/BigBuckBunny-2160.avi
5318,0.99308,1.17093,0.99869,51.28303,0.99977,0.9003,0.99489,0.9978,0.9988,99.67496,0.41,0.27,0.28,0.48,51.97,53.89,53.71,51.28,0.996,0.996,0.996,0.995,/tmpdir/crf_16.mpd,/videos/BigBuckBunny-2160.avi
5319,0.98898,1.01277,0.99849,50.63153,0.9997,0.89031,0.99135,0.99584,0.99756,98.70359,0.47,0.29,0.31,0.56,51.38,53.54,53.28,50.63,0.995,0.996,0.996,0.995,/tmpdir/crf_16.mpd,/videos/BigBuckBunny-2160.avi
5320,0.98978,1.01277,0.99852,50.69061,0.99971,0.89105,0.99196,0.99619,0.99778,98.87134,0.47,0.28,0.3,0.55,51.44,53.59,53.37,50.69,0.995,0.996,0.996,0.995,/tmpdir/crf_16.mpd,/videos/BigBuckBunny-2160.avi
5321,0.989,0.74359,0.9985,50.60623,0.99971,0.88951,0.9919,0.9962,0.9978,98.60308,0.47,0.28,0.3,0.57,51.37,53.6,53.38,50.61,0.995,0.996,0.996,0.995,/tmpdir/crf_16.mpd,/videos/BigBuckBunny-2160.avi
5322,0.9927,0.74359,0.99867,51.14521,0.99976,0.89733,0.99467,0.99769,0.99874,99.38597,0.42,0.27,0.28,0.5,51.85,53.83,53.68,51.15,0.996,0.996,0.996,0.995,/tmpdir/crf_16.mpd,/videos/BigBuckBunny-2160.avi
5323,0.98846,0.56912,0.99847,50.47025,0.9997,0.8869,0.99149,0.99602,0.99767,98.40153,0.49,0.29,0.31,0.58,51.25,53.53,53.27,50.47,0.995,0.996,0.996,0.995,/tmpdir/crf_16.mpd,/videos/BigBuckBunny-2160.avi
5324,0.98811,0.56912,0.99848,50.44804,0.99971,0.88656,0.99179,0.99615,0.99774,98.3478,0.49,0.29,0.3,0.59,51.23,53.54,53.32,50.45,0.995,0.996,0.996,0.995,/tmpdir/crf_16.mpd,/videos/BigBuckBunny-2160.avi
5325,0.98795,0.59248,0.99845,50.39431,0.9997,0.88562,0.99146,0.99605,0.9977,98.32265,0.49,0.29,0.31,0.59,51.19,53.54,53.28,50.39,0.995,0.996,0.996,0.995,/tmpdir/crf_16.mpd,/videos/BigBuckBunny-2160.avi
5326,0.992,0.59248,0.9986,50.91549,0.99975,0.89376,0.99418,0.9975,0.99863,99.16704,0.44,0.27,0.29,0.53,51.65,53.75,53.56,50.92,0.995,0.996,0.996,0.995,/tmpdir/crf_16.mpd,/videos/BigBuckBunny-2160.avi
5327,0.98909,0.70657,0.99845,50.50603,0.9997,0.88833,0.99132,0.99592,0.99763,98.57879,0.49,0.29,0.31,0.58,51.25,53.46,53.16,50.51,0.995,0.996,0.996,0.995,/tmpdir/crf_16.mpd,/videos/BigBuckBunny-2160.avi
5328,0.99047,0.70657,0.99848,50.62232,0.99971,0.88995,0.99165,0.99598,0.99759,98.82619,0.48,0.29,0.31,0.56,51.35,53.45,53.19,50.62,0.995,0.996,0.996,0.995,/tmpdir/crf_16.mpd,/videos/BigBuckBunny-2160.avi
5329,0.98967,0.81589,0.99842,50.47465,0.99969,0.88752,0.99113,0.99587,0.99762,98.72783,0.49,0.3,0.32,0.58,51.21,53.38,53.07,50.47,0.995,0.996,0.996,0.995,/tmpdir/crf_16.mpd,/videos/BigBuckBunny-2160.avi
5330,0.99221,0.81589,0.9985,50.67213,0.99973,0.89141,0.99313,0.99698,0.99834,99.26954,0.47,0.28,0.29,0.56,51.44,53.64,53.45,50.67,0.995,0.996,0.996,0.995,/tmpdir/crf_16.mpd,/videos/BigBuckBunny-2160.avi
5331,0.98988,1.24057,0.99826,50.09325,0.99966,0.88471,0.98944,0.99486,0.99691,98.8882,0.53,0.3,0.32,0.64,50.92,53.41,53.15,50.09,0.995,0.996,0.996,0.994,/tmpdir/crf_16.mpd,/videos/BigBuckBunny-2160.avi
5332,0.98892,4.64735,0.99835,50.65285,0.99971,0.88698,0.99017,0.99541,0.99735,100.0,0.47,0.28,0.29,0.56,51.43,53.67,53.48,50.65,0.995,0.996,0.996,0.994,/tmpdir/crf_16.mpd,/videos/BigBuckBunny-2160.avi
5333,0.9884,6.21168,0.99834,50.63661,0.9997,0.88773,0.98989,0.99527,0.99729,100.0,0.47,0.29,0.3,0.56,51.38,53.55,53.32,50.64,0.995,0.996,0.996,0.994,/tmpdir/crf_16.mpd,/videos/BigBuckBunny-2160.avi
5334,0.99158,6.21168,0.99858,51.33784,0.99974,0.9,0.99314,0.9969,0.99828,100.0,0.4,0.25,0.26,0.48,52.06,54.1,53.96,51.34,0.996,0.997,0.997,0.995,/tmpdir/crf_16.mpd,/videos/BigBuckBunny-2160.avi
5335,0.99131,7.07389,0.99859,51.06488,0.99975,0.8956,0.99356,0.99721,0.99848,100.0,0.43,0.28,0.28,0.51,51.78,53.72,53.66,51.06,0.995,0.996,0.996,0.995,/tmpdir/crf_16.mpd,/videos/BigBuckBunny-2160.avi
5336,0.99133,7.07389,0.99861,50.76747,0.99978,0.89059,0.99362,0.99727,0.99851,100.0,0.46,0.29,0.3,0.54,51.49,53.45,53.43,50.77,0.995,0.996,0.996,0.995,/tmpdir/crf_16.mpd,/videos/BigBuckBunny-2160.avi
5337,0.98932,2.37434,0.99831,49.65514,0.99971,0.87466,0.98999,0.9954,0.99735,99.37733,0.59,0.36,0.37,0.7,50.41,52.52,52.44,49.66,0.994,0.995,0.995,0.994,/tmpdir/crf_16.mpd,/videos/BigBuckBunny-2160.avi
5338,0.99071,2.37434,0.99844,50.07451,0.99974,0.88192,0.99115,0.99589,0.99764,99.67487,0.54,0.35,0.35,0.64,50.78,52.71,52.67,50.07,0.995,0.996,0.995,0.994,/tmpdir/crf_16.mpd,/videos/BigBuckBunny-2160.avi
5339,0.98944,2.16793,0.99842,49.98114,0.99973,0.88147,0.99055,0.99565,0.99754,99.32838,0.55,0.35,0.36,0.65,50.7,52.68,52.59,49.98,0.995,0.996,0.995,0.994,/tmpdir/crf_16.mpd,/videos/BigBuckBunny-2160.avi
5340,0.99308,2.16793,0.99869,50.85469,0.99979,0.89478,0.9943,0.99756,0.99868,100.0,0.46,0.31,0.31,0.53,51.5,53.22,53.16,50.85,0.995,0.996,0.996,0.995,/tmpdir/crf_16.mpd,/videos/BigBuckBunny-2160.avi
5341,0.9902,1.23735,0.99841,49.78568,0.99971,0.87902,0.99062,0.9957,0.99755,98.99389,0.58,0.37,0.37,0.68,50.51,52.49,52.43,49.79,0.995,0.996,0.995,0.994,/tmpdir/crf_16.mpd,/videos/BigBuckBunny-2160.avi
5342,0.99171,1.23735,0.99848,50.02437,0.99973,0.88245,0.99162,0.99612,0.99776,99.29676,0.55,0.35,0.35,0.65,50.75,52.73,52.65,50.02,0.995,0.996,0.995,0.994,/tmpdir/crf_16.mpd,/videos/BigBuckBunny-2160.avi
5343,0.9905,1.26999,0.99843,49.93407,0.99972,0.8803,0.99079,0.99573,0.99755,99.06638,0.56,0.35,0.36,0.66,50.66,52.67,52.58,49.93,0.995,0.996,0.995,0.994,/tmpdir/crf_16.mpd,/videos/BigBuckBunny-2160.avi
5344,0.99423,1.26999,0.99864,50.65694,0.99979,0.89162,0.99411,0.99747,0.99862,99.87974,0.48,0.31,0.32,0.56,51.34,53.21,53.06,50.66,0.995,0.996,0.996,0.995,/tmpdir/crf_16.mpd,/videos/BigBuckBunny-2160.avi
5345,0.99084,1.28394,0.9984,49.89423,0.99971,0.88006,0.99059,0.99563,0.99751,99.12829,0.56,0.36,0.36,0.67,50.61,52.58,52.52,49.89,0.995,0.996,0.995,0.994,/tmpdir/crf_16.mpd,/videos/BigBuckBunny-2160.avi
5346,0.99244,1.28394,0.99844,49.96834,0.99973,0.88211,0.99134,0.99598,0.9977,99.43867,0.55,0.35,0.36,0.66,50.69,52.69,52.62,49.97,0.995,0.996,0.995,0.994,/tmpdir/crf_16.mpd,/videos/BigBuckBunny-2160.avi
5347,0.99223,4.54689,0.99853,50.46202,0.99974,0.88932,0.99094,0.99578,0.99765,100.0,0.5,0.34,0.34,0.58,51.11,52.8,52.77,50.46,0.995,0.996,0.996,0.995,/tmpdir/crf_16.mpd,/videos/BigBuckBunny-2160.avi
5348,0.99496,4.8516,0.99864,51.0072,0.99979,0.89567,0.99278,0.99675,0.99824,100.0,0.45,0.3,0.31,0.52,51.64,53.34,53.24,51.01,0.995,0.996,0.996,0.995,/tmpdir/crf_16.mpd,/videos/BigBuckBunny-2160.avi
5349,0.9919,4.8516,0.99853,50.52315,0.99974,0.89079,0.99083,0.99568,0.99757,100.0,0.5,0.34,0.34,0.58,51.16,52.82,52.78,50.52,0.995,0.996,0.996,0.995,/tmpdir/crf_16.mpd,/videos/BigBuckBunny-2160.avi
5350,0.99245,5.99172,0.99855,50.55535,0.99974,0.89121,0.99102,0.99572,0.99758,100.0,0.49,0.33,0.33,0.57,51.21,52.93,52.91,50.56,0.995,0.996,0.996,0.995,/tmpdir/crf_16.mpd,/videos/BigBuckBunny-2160.avi
5351,0.99135,4.23468,0.99845,50.18619,0.99972,0.88393,0.99011,0.9953,0.99732,100.0,0.53,0.35,0.35,0.62,50.87,52.72,52.65,50.19,0.995,0.996,0.995,0.995,/tmpdir/crf_16.mpd,/videos/BigBuckBunny-2160.avi
5352,0.99471,4.23468,0.99864,50.9435,0.99978,0.89493,0.99307,0.99687,0.99829,100.0,0.45,0.3,0.31,0.52,51.59,53.34,53.19,50.94,0.995,0.996,0.996,0.995,/tmpdir/crf_16.mpd,/videos/BigBuckBunny-2160.avi
5353,0.99197,3.53374,0.99848,50.42374,0.99971,0.88959,0.9902,0.99543,0.99742,100.0,0.51,0.35,0.34,0.59,51.07,52.73,52.76,50.42,0.995,0.996,0.996,0.995,/tmpdir/crf_16.mpd,/videos/BigBuckBunny-2160.avi
5354,0.99268,3.49346,0.99855,50.55693,0.99974,0.89187,0.99145,0.99599,0.99772,100.0,0.49,0.34,0.34,0.57,51.2,52.85,52.86,50.56,0.995,0.996,0.996,0.995,/tmpdir/crf_16.mpd,/videos/BigBuckBunny-2160.avi
5355,0.99191,1.369,0.99848,50.20226,0.99972,0.88588,0.9907,0.99567,0.99759,99.381,0.53,0.34,0.33,0.62,50.92,52.84,52.89,50.2,0.995,0.996,0.996,0.995,/tmpdir/crf_16.mpd,/videos/BigBuckBunny-2160.avi
5356,0.9955,1.26644,0.99876,51.22629,0.9998,0.90072,0.99485,0.9978,0.99886,100.0,0.42,0.29,0.29,0.49,51.85,53.48,53.45,51.23,0.996,0.996,0.996,0.995,/tmpdir/crf_16.mpd,/videos/BigBuckBunny-2160.avi
5357,0.99179,0.57358,0.9985,50.24799,0.99972,0.88644,0.99102,0.9958,0.99762,98.98432,0.52,0.34,0.34,0.61,50.95,52.79,52.82,50.25,0.995,0.996,0.996,0.995,/tmpdir/crf_16.mpd,/videos/BigBuckBunny-2160.avi
5358,0.99221,0.57358,0.99856,50.4114,0.99975,0.88895,0.99208,0.9963,0.99785,99.09634,0.51,0.34,0.33,0.59,51.09,52.87,52.89,50.41,0.995,0.996,0.996,0.995,/tmpdir/crf_16.mpd,/videos/BigBuckBunny-2160.avi
5359,0.99187,0.59104,0.99849,50.14647,0.99973,0.88433,0.99117,0.99584,0.99757,98.9971,0.53,0.33,0.34,0.63,50.88,52.89,52.85,50.15,0.995,0.996,0.996,0.995,/tmpdir/crf_16.mpd,/videos/BigBuckBunny-2160.avi
5360,0.99484,0.59104,0.99868,50.84075,0.99979,0.89467,0.99441,0.99759,0.99871,99.68068,0.46,0.3,0.31,0.54,51.52,53.35,53.24,50.84,0.995,0.996,0.996,0.995,/tmpdir/crf_16.mpd,/videos/BigBuckBunny-2160.avi
5361,0.99167,0.4648,0.99846,50.06008,0.99972,0.88311,0.99122,0.99592,0.99769,98.90839,0.54,0.35,0.35,0.64,50.77,52.71,52.67,50.06,0.995,0.996,0.995,0.994,/tmpdir/crf_16.mpd,/videos/BigBuckBunny-2160.avi
5362,0.99273,0.4648,0.99851,50.18601,0.99974,0.88526,0.99182,0.99618,0.99779,99.1184,0.53,0.35,0.35,0.62,50.88,52.74,52.71,50.19,0.995,0.996,0.996,0.995,/tmpdir/crf_16.mpd,/videos/BigBuckBunny-2160.avi
5363,0.9922,2.24055,0.99843,50.06941,0.99973,0.88259,0.99052,0.99562,0.99754,99.85688,0.54,0.35,0.35,0.64,50.79,52.75,52.7,50.07,0.995,0.996,0.996,0.994,/tmpdir/crf_16.mpd,/videos/BigBuckBunny-2160.avi
5364,0.99505,2.65991,0.99863,50.9312,0.99978,0.89545,0.99347,0.99715,0.99847,100.0,0.45,0.3,0.31,0.52,51.58,53.37,53.21,50.93,0.995,0.996,0.996,0.995,/tmpdir/crf_16.mpd,/videos/BigBuckBunny-2160.avi
5365,0.99229,2.9252,0.99848,50.46956,0.99971,0.89065,0.99112,0.9958,0.9976,100.0,0.5,0.32,0.33,0.58,51.16,53.04,52.98,50.47,0.995,0.996,0.996,0.995,/tmpdir/crf_16.mpd,/videos/BigBuckBunny-2160.avi
5366,0.99346,2.17686,0.99856,50.62371,0.99974,0.89244,0.99222,0.99634,0.9979,100.0,0.48,0.31,0.33,0.56,51.3,53.15,53.01,50.62,0.995,0.996,0.996,0.995,/tmpdir/crf_16.mpd,/videos/BigBuckBunny-2160.avi
5367,0.99133,1.29039,0.99847,50.1613,0.99972,0.88509,0.99128,0.99597,0.99769,99.25364,0.53,0.32,0.33,0.63,50.92,53.08,52.89,50.16,0.995,0.996,0.996,0.995,/tmpdir/crf_16.mpd,/videos/BigBuckBunny-2160.avi
5368,0.99532,1.29039,0.99876,51.254,0.9998,0.90108,0.99481,0.99773,0.99876,100.0,0.42,0.28,0.29,0.49,51.9,53.66,53.5,51.25,0.996,0.996,0.996,0.995,/tmpdir/crf_16.mpd,/videos/BigBuckBunny-2160.avi
5369,0.99193,0.63927,0.99854,50.37361,0.99973,0.88907,0.99178,0.99619,0.99783,99.07185,0.51,0.32,0.33,0.6,51.08,53.05,52.92,50.37,0.995,0.996,0.996,0.995,/tmpdir/crf_16.mpd,/videos/BigBuckBunny-2160.avi
5370,0.99276,0.60678,0.99859,50.5346,0.99975,0.89125,0.99257,0.99653,0.99798,99.23049,0.49,0.32,0.33,0.57,51.22,53.11,52.99,50.53,0.995,0.996,0.996,0.995,/tmpdir/crf_16.mpd,/videos/BigBuckBunny-2160.avi
5371,0.99185,0.28893,0.99854,50.32097,0.99974,0.88722,0.99204,0.99633,0.99788,98.89537,0.51,0.32,0.33,0.6,51.06,53.14,53.0,50.32,0.995,0.996,0.996,0.995,/tmpdir/crf_16.mpd,/videos/BigBuckBunny-2160.avi
5372,0.99505,0.28893,0.99869,50.89572,0.99979,0.89588,0.99454,0.99763,0.9987,99.58115,0.45,0.29,0.3,0.53,51.59,53.57,53.34,50.9,0.995,0.996,0.996,0.995,/tmpdir/crf_16.mpd,/videos/BigBuckBunny-2160.avi
5373,0.99249,0.49958,0.99852,50.34057,0.99973,0.88827,0.99192,0.99627,0.99789,99.11025,0.51,0.32,0.33,0.6,51.06,53.08,52.95,50.34,0.995,0.996,0.996,0.995,/tmpdir/crf_16.mpd,/videos/BigBuckBunny-2160.avi
5374,0.9924,1.98822,0.9986,50.69697,0.99975,0.89431,0.99242,0.99644,0.99794,99.84504,0.48,0.32,0.32,0.55,51.35,53.12,53.03,50.7,0.995,0.996,0.996,0.995,/tmpdir/crf_16.mpd,/videos/BigBuckBunny-2160.avi
5375,0.99047,2.70833,0.9985,50.30086,0.99973,0.88708,0.99125,0.99594,0.99763,99.81998,0.51,0.32,0.33,0.61,51.02,53.03,52.88,50.3,0.995,0.996,0.996,0.995,/tmpdir/crf_16.mpd,/videos/BigBuckBunny-2160.avi
5376,0.99474,2.70833,0.99872,51.24585,0.99979,0.90118,0.99394,0.99721,0.99843,100.0,0.42,0.29,0.29,0.49,51.88,53.57,53.44,51.25,0.996,0.996,0.996,0.995,/tmpdir/crf_16.mpd,/videos/BigBuckBunny-2160.avi
5377,0.99152,2.89772,0.99844,50.07513,0.99973,0.88287,0.9909,0.99579,0.9976,100.0,0.54,0.34,0.35,0.64,50.79,52.77,52.68,50.08,0.995,0.996,0.995,0.994,/tmpdir/crf_16.mpd,/videos/BigBuckBunny-2160.avi
5378,0.99228,2.89772,0.99856,50.36642,0.99975,0.88891,0.99212,0.99642,0.99799,100.0,0.51,0.35,0.35,0.6,51.02,52.75,52.67,50.37,0.995,0.996,0.995,0.995,/tmpdir/crf_16.mpd,/videos/BigBuckBunny-2160.avi
5379,0.99147,1.20634,0.99848,50.10496,0.99973,0.88454,0.99137,0.996,0.99768,99.23424,0.54,0.34,0.35,0.63,50.83,52.84,52.71,50.1,0.995,0.996,0.995,0.995,/tmpdir/crf_16.mpd,/videos/BigBuckBunny-2160.avi
5380,0.99501,1.18987,0.99875,51.16863,0.9998,0.89996,0.99482,0.99777,0.99882,100.0,0.43,0.3,0.31,0.5,51.78,53.41,53.28,51.17,0.996,0.996,0.996,0.995,/tmpdir/crf_16.mpd,/videos/BigBuckBunny-2160.avi
5381,0.99171,0.60393,0.9985,50.17754,0.99972,0.8857,0.9916,0.99608,0.99773,98.99628,0.53,0.34,0.35,0.62,50.87,52.8,52.66,50.18,0.995,0.996,0.995,0.995,/tmpdir/crf_16.mpd,/videos/BigBuckBunny-2160.avi
5382,0.99307,0.53362,0.99858,50.40853,0.99974,0.88978,0.99248,0.99647,0.99794,99.24277,0.51,0.34,0.34,0.59,51.08,52.87,52.78,50.41,0.995,0.996,0.995,0.995,/tmpdir/crf_16.mpd,/videos/BigBuckBunny-2160.avi
5383,0.99151,0.29004,0.99854,50.31326,0.99973,0.88751,0.99196,0.99627,0.99785,98.83244,0.51,0.33,0.34,0.6,51.02,52.93,52.85,50.31,0.995,0.996,0.996,0.995,/tmpdir/crf_16.mpd,/videos/BigBuckBunny-2160.avi
5384,0.99539,0.29004,0.99876,51.16114,0.9998,0.89981,0.99498,0.99783,0.99884,99.66961,0.43,0.3,0.3,0.5,51.78,53.43,53.31,51.16,0.996,0.996,0.996,0.995,/tmpdir/crf_16.mpd,/videos/BigBuckBunny-2160.avi
5385,0.99164,0.23757,0.99855,50.35997,0.99973,0.88824,0.99201,0.99623,0.99779,98.82781,0.51,0.34,0.35,0.6,51.03,52.87,52.73,50.36,0.995,0.996,0.995,0.995,/tmpdir/crf_16.mpd,/videos/BigBuckBunny-2160.avi
5386,0.99285,0.23757,0.99858,50.44074,0.99974,0.89007,0.99248,0.99643,0.9979,99.06123,0.51,0.34,0.35,0.59,51.1,52.86,52.74,50.44,0.995,0.996,0.995,0.995,/tmpdir/crf_16.mpd,/videos/BigBuckBunny-2160.avi
5387,0.99182,0.22081,0.99854,50.3109,0.99973,0.88723,0.99201,0.99627,0.99783,98.8537,0.52,0.33,0.34,0.61,51.0,52.9,52.78,50.31,0.995,0.996,0.995,0.995,/tmpdir/crf_16.mpd,/videos/BigBuckBunny-2160.avi
5388,0.9948,0.22081,0.99871,50.91833,0.99979,0.89584,0.9946,0.99765,0.99869,99.50496,0.45,0.3,0.32,0.53,51.56,53.29,53.15,50.92,0.995,0.996,0.996,0.995,/tmpdir/crf_16.mpd,/videos/BigBuckBunny-2160.avi
5389,0.99135,0.20866,0.99852,50.24102,0.99972,0.8862,0.99201,0.99633,0.99792,98.76853,0.53,0.35,0.36,0.62,50.91,52.75,52.6,50.24,0.995,0.996,0.995,0.995,/tmpdir/crf_16.mpd,/videos/BigBuckBunny-2160.avi
5390,0.99298,0.20866,0.99856,50.35383,0.99974,0.88828,0.99246,0.99652,0.99798,99.07303,0.52,0.35,0.36,0.6,51.0,52.73,52.61,50.35,0.995,0.996,0.995,0.995,/tmpdir/crf_16.mpd,/videos/BigBuckBunny-2160.avi
5391,0.99127,0.20091,0.99851,50.16948,0.99973,0.88457,0.9918,0.99625,0.99787,98.74053,0.53,0.35,0.36,0.63,50.86,52.74,52.61,50.17,0.995,0.996,0.995,0.995,/tmpdir/crf_16.mpd,/videos/BigBuckBunny-2160.avi
5392,0.99411,0.20091,0.99863,50.58071,0.99978,0.89005,0.99373,0.99724,0.99846,99.3283,0.49,0.32,0.33,0.57,51.24,53.06,52.9,50.58,0.995,0.996,0.995,0.995,/tmpdir/crf_16.mpd,/videos/BigBuckBunny-2160.avi
5393,0.99071,0.1907,0.99847,50.01901,0.99971,0.88186,0.99147,0.99611,0.99778,98.61966,0.55,0.36,0.37,0.65,50.7,52.6,52.44,50.02,0.995,0.996,0.995,0.994,/tmpdir/crf_16.mpd,/videos/BigBuckBunny-2160.avi
5394,0.99191,0.1907,0.99849,50.06916,0.99973,0.88277,0.9917,0.99619,0.9978,98.83752,0.55,0.37,0.38,0.64,50.72,52.47,52.36,50.07,0.995,0.996,0.995,0.994,/tmpdir/crf_16.mpd,/videos/BigBuckBunny-2160.avi
5395,0.99063,0.17794,0.99843,49.86617,0.99971,0.8788,0.99104,0.99591,0.99766,98.57649,0.57,0.37,0.38,0.67,50.55,52.44,52.28,49.87,0.995,0.996,0.995,0.994,/tmpdir/crf_16.mpd,/videos/BigBuckBunny-2160.avi
5396,0.99248,0.17794,0.99847,49.93931,0.99974,0.87897,0.99171,0.99627,0.9979,98.92997,0.56,0.35,0.37,0.66,50.65,52.63,52.46,49.94,0.995,0.996,0.995,0.994,/tmpdir/crf_16.mpd,/videos/BigBuckBunny-2160.avi
5397,0.98958,0.16883,0.99835,49.5229,0.9997,0.87233,0.99015,0.99556,0.99746,98.34279,0.62,0.39,0.4,0.73,50.24,52.23,52.09,49.52,0.994,0.995,0.995,0.994,/tmpdir/crf_16.mpd,/videos/BigBuckBunny-2160.avi
5398,0.98985,0.16883,0.99827,49.19936,0.9997,0.86699,0.98912,0.99483,0.99694,98.32104,0.66,0.4,0.41,0.78,49.96,52.11,52.01,49.2,0.994,0.995,0.995,0.994,/tmpdir/crf_16.mpd,/videos/BigBuckBunny-2160.avi
5399,0.99532,0.28589,0.99859,54.3149,0.99952,0.92506,0.99777,0.99908,0.99948,99.82064,0.2,0.11,0.1,0.24,55.2,57.63,58.0,54.31,0.997,0.998,0.998,0.997,/tmpdir/crf_16.mpd,/videos/BigBuckBunny-2160.avi
5400,0.99329,0.28589,0.99836,53.20528,0.99947,0.90953,0.99627,0.99837,0.99902,99.35475,0.24,0.12,0.11,0.31,54.25,57.47,57.81,53.21,0.997,0.998,0.998,0.996,/tmpdir/crf_16.mpd,/videos/BigBuckBunny-2160.avi
5401,0.995,0.379,0.99856,54.12106,0.99951,0.92189,0.99762,0.99904,0.99947,99.79273,0.2,0.12,0.11,0.25,55.02,57.5,57.9,54.12,0.997,0.998,0.998,0.997,/tmpdir/crf_16.mpd,/videos/BigBuckBunny-2160.avi
5402,0.99131,0.73604,0.99815,52.51192,0.99939,0.89949,0.99467,0.99767,0.99866,99.13709,0.28,0.13,0.11,0.36,53.61,57.09,57.54,52.51,0.996,0.998,0.998,0.996,/tmpdir/crf_16.mpd,/videos/BigBuckBunny-2160.avi
5403,0.99093,1.77976,0.99798,51.89733,0.9994,0.88302,0.99424,0.99764,0.99865,99.52899,0.32,0.14,0.12,0.42,53.03,56.75,57.18,51.9,0.996,0.998,0.998,0.995,/tmpdir/crf_16.mpd,/videos/BigBuckBunny-2160.avi
5404,0.98865,1.77976,0.99793,51.99657,0.99935,0.88881,0.99232,0.99668,0.99799,99.07009,0.32,0.14,0.13,0.41,53.1,56.66,57.1,52.0,0.996,0.998,0.998,0.995,/tmpdir/crf_16.mpd,/videos/BigBuckBunny-2160.avi
5405,0.99276,3.29777,0.9982,52.77868,0.99946,0.90509,0.99494,0.99788,0.99882,100.0,0.27,0.13,0.12,0.34,53.83,57.04,57.49,52.78,0.996,0.998,0.998,0.996,/tmpdir/crf_16.mpd,/videos/BigBuckBunny-2160.avi
5406,0.99095,3.32897,0.99797,52.1815,0.99937,0.89787,0.99273,0.9968,0.99808,100.0,0.31,0.14,0.12,0.39,53.26,56.59,57.16,52.18,0.996,0.998,0.998,0.995,/tmpdir/crf_16.mpd,/videos/BigBuckBunny-2160.avi
5407,0.99156,1.24412,0.99791,51.72114,0.99938,0.88152,0.99378,0.99735,0.99838,99.34604,0.34,0.14,0.13,0.44,52.86,56.62,57.12,51.72,0.996,0.998,0.998,0.995,/tmpdir/crf_16.mpd,/videos/BigBuckBunny-2160.avi
5408,0.9901,0.66947,0.99802,52.03737,0.99938,0.88593,0.99408,0.99743,0.99844,98.8284,0.31,0.14,0.12,0.41,53.15,56.72,57.18,52.04,0.996,0.998,0.998,0.995,/tmpdir/crf_16.mpd,/videos/BigBuckBunny-2160.avi
5409,0.99326,0.23949,0.99833,52.93842,0.99948,0.90084,0.99652,0.9986,0.9992,99.31718,0.26,0.13,0.12,0.33,53.95,56.99,57.39,52.94,0.997,0.998,0.998,0.996,/tmpdir/crf_16.mpd,/videos/BigBuckBunny-2160.avi
5410,0.99048,0.23949,0.99812,52.32496,0.99941,0.89107,0.99519,0.998,0.99885,98.75396,0.3,0.13,0.12,0.38,53.41,56.84,57.26,52.32,0.996,0.998,0.998,0.995,/tmpdir/crf_16.mpd,/videos/BigBuckBunny-2160.avi
5411,0.99013,0.20271,0.99813,52.29299,0.99942,0.89063,0.99514,0.99798,0.99887,98.67338,0.3,0.13,0.12,0.38,53.38,56.85,57.27,52.29,0.996,0.998,0.998,0.995,/tmpdir/crf_16.mpd,/videos/BigBuckBunny-2160.avi
5412,0.98953,0.20271,0.99806,52.18172,0.99939,0.88931,0.99485,0.99792,0.99881,98.55841,0.31,0.14,0.12,0.39,53.28,56.78,57.21,52.18,0.996,0.998,0.998,0.995,/tmpdir/crf_16.mpd,/videos/BigBuckBunny-2160.avi
5413,0.98945,0.23094,0.99805,51.98325,0.9994,0.8856,0.99444,0.99759,0.99855,98.51719,0.32,0.13,0.12,0.41,53.12,56.84,57.28,51.98,0.996,0.998,0.998,0.995,/tmpdir/crf_16.mpd,/videos/BigBuckBunny-2160.avi
5414,0.99802,0.02039,0.99889,55.3011,0.99955,0.95939,0.99873,0.99944,0.9997,100.0,0.16,0.12,0.11,0.19,55.96,57.5,57.84,55.3,0.998,0.999,0.998,0.998,/tmpdir/crf_16.mpd,/videos/BigBuckBunny-2160.avi
5415,0.99754,0.0185,0.99883,54.76476,0.99954,0.95509,0.99851,0.99934,0.99964,100.0,0.18,0.12,0.11,0.22,55.5,57.35,57.69,54.76,0.998,0.998,0.998,0.998,/tmpdir/crf_16.mpd,/videos/BigBuckBunny-2160.avi
5416,0.99734,0.0185,0.99881,54.57966,0.99954,0.9536,0.9984,0.99928,0.99961,100.0,0.19,0.12,0.11,0.23,55.35,57.32,57.66,54.58,0.998,0.998,0.998,0.998,/tmpdir/crf_16.mpd,/videos/BigBuckBunny-2160.avi
5417,0.99734,0.02153,0.99879,54.39881,0.99953,0.95209,0.99837,0.99928,0.99962,100.0,0.2,0.12,0.11,0.24,55.2,57.29,57.62,54.4,0.998,0.998,0.998,0.998,/tmpdir/crf_16.mpd,/videos/BigBuckBunny-2160.avi
5418,0.99769,0.02153,0.99879,54.40215,0.99954,0.95204,0.99839,0.99929,0.99963,100.0,0.2,0.12,0.11,0.24,55.2,57.28,57.61,54.4,0.998,0.998,0.998,0.998,/tmpdir/crf_16.mpd,/videos/BigBuckBunny-2160.avi
5419,0.99714,0.02283,0.99875,54.19528,0.99952,0.95054,0.9982,0.99916,0.99953,100.0,0.2,0.12,0.11,0.25,55.02,57.23,57.57,54.2,0.998,0.998,0.998,0.998,/tmpdir/crf_16.mpd,/videos/BigBuckBunny-2160.avi
5420,0.99709,0.02283,0.99875,54.18271,0.99953,0.95045,0.9982,0.99917,0.99953,100.0,0.21,0.12,0.11,0.25,55.01,57.22,57.56,54.18,0.998,0.998,0.998,0.998,/tmpdir/crf_16.mpd,/videos/BigBuckBunny-2160.avi
5421,0.99709,0.02376,0.99875,54.15785,0.99952,0.95027,0.99824,0.99922,0.99957,100.0,0.21,0.12,0.11,0.25,54.99,57.2,57.55,54.16,0.998,0.998,0.998,0.998,/tmpdir/crf_16.mpd,/videos/BigBuckBunny-2160.avi
5422,0.99765,0.02376,0.99877,54.29659,0.99953,0.95128,0.99833,0.99924,0.99958,100.0,0.2,0.12,0.11,0.24,55.1,57.21,57.57,54.3,0.998,0.998,0.998,0.998,/tmpdir/crf_16.mpd,/videos/BigBuckBunny-2160.avi
5423,0.99691,0.02448,0.99874,54.10193,0.99952,0.94982,0.99815,0.99915,0.99952,100.0,0.21,0.13,0.12,0.25,54.94,57.16,57.51,54.1,0.998,0.998,0.998,0.998,/tmpdir/crf_16.mpd,/videos/BigBuckBunny-2160.avi
5424,0.99706,0.02448,0.99875,54.10895,0.99952,0.94986,0.99812,0.99913,0.99951,100.0,0.21,0.13,0.12,0.25,54.94,57.15,57.51,54.11,0.998,0.998,0.998,0.998,/tmpdir/crf_16.mpd,/videos/BigBuckBunny-2160.avi
5425,0.9969,0.02509,0.99874,54.09155,0.99952,0.94969,0.99812,0.99913,0.99951,100.0,0.21,0.13,0.12,0.25,54.93,57.14,57.5,54.09,0.998,0.998,0.998,0.998,/tmpdir/crf_16.mpd,/videos/BigBuckBunny-2160.avi
5426,0.99759,0.02509,0.99876,54.2387,0.99953,0.95078,0.99827,0.99921,0.99956,100.0,0.2,0.13,0.12,0.25,55.05,57.16,57.52,54.24,0.998,0.998,0.998,0.998,/tmpdir/crf_16.mpd,/videos/BigBuckBunny-2160.avi
5427,0.99694,0.02883,0.99873,54.0444,0.99952,0.9493,0.9981,0.99913,0.99951,100.0,0.21,0.13,0.12,0.26,54.88,57.1,57.45,54.04,0.998,0.998,0.998,0.998,/tmpdir/crf_16.mpd,/videos/BigBuckBunny-2160.avi
5428,0.9971,0.02883,0.99874,54.03681,0.99952,0.94924,0.99803,0.99907,0.99946,100.0,0.21,0.13,0.12,0.26,54.87,57.09,57.44,54.04,0.998,0.998,0.998,0.998,/tmpdir/crf_16.mpd,/videos/BigBuckBunny-2160.avi
5429,0.99697,0.02863,0.99873,54.0149,0.99952,0.94906,0.99804,0.99909,0.99949,100.0,0.21,0.13,0.12,0.26,54.85,57.08,57.44,54.01,0.998,0.998,0.998,0.998,/tmpdir/crf_16.mpd,/videos/BigBuckBunny-2160.avi
5430,0.99759,0.02863,0.99875,54.16536,0.99953,0.95012,0.99821,0.99918,0.99954,100.0,0.21,0.13,0.12,0.25,54.97,57.09,57.45,54.17,0.998,0.998,0.998,0.998,/tmpdir/crf_16.mpd,/videos/BigBuckBunny-2160.avi
5431,0.99681,0.02774,0.99872,53.92358,0.99952,0.94837,0.99794,0.999,0.99941,100.0,0.22,0.13,0.12,0.26,54.77,57.03,57.38,53.92,0.998,0.998,0.998,0.998,/tmpdir/crf_16.mpd,/videos/BigBuckBunny-2160.avi
5432,0.99695,0.02774,0.99873,53.96034,0.99952,0.94861,0.99806,0.9991,0.99951,100.0,0.22,0.13,0.12,0.26,54.8,57.04,57.38,53.96,0.998,0.998,0.998,0.998,/tmpdir/crf_16.mpd,/videos/BigBuckBunny-2160.avi
5433,0.99694,0.02469,0.99872,53.93779,0.99952,0.94831,0.99803,0.99908,0.99948,100.0,0.22,0.13,0.12,0.26,54.78,57.02,57.37,53.94,0.998,0.998,0.998,0.998,/tmpdir/crf_16.mpd,/videos/BigBuckBunny-2160.avi
5434,0.99745,0.02469,0.99875,54.08649,0.99953,0.94946,0.99818,0.99917,0.99953,100.0,0.21,0.13,0.12,0.25,54.9,57.04,57.39,54.09,0.998,0.998,0.998,0.998,/tmpdir/crf_16.mpd,/videos/BigBuckBunny-2160.avi
5435,0.99693,0.02764,0.99871,53.85544,0.99951,0.94767,0.99796,0.99903,0.99943,100.0,0.22,0.13,0.12,0.27,54.7,56.98,57.34,53.86,0.998,0.998,0.998,0.998,/tmpdir/crf_16.mpd,/videos/BigBuckBunny-2160.avi
5436,0.99718,0.02764,0.99872,53.88109,0.99952,0.94784,0.99802,0.99908,0.99949,100.0,0.22,0.13,0.12,0.27,54.72,56.98,57.34,53.88,0.998,0.998,0.998,0.998,/tmpdir/crf_16.mpd,/videos/BigBuckBunny-2160.avi
5437,0.99696,0.0231,0.99871,53.85688,0.99952,0.94761,0.99802,0.99909,0.99948,100.0,0.22,0.13,0.12,0.27,54.7,56.96,57.34,53.86,0.998,0.998,0.998,0.998,/tmpdir/crf_16.mpd,/videos/BigBuckBunny-2160.avi
5438,0.99737,0.0231,0.99873,53.99002,0.99953,0.9486,0.99815,0.99916,0.99953,100.0,0.21,0.13,0.12,0.26,54.81,56.98,57.35,53.99,0.998,0.998,0.998,0.998,/tmpdir/crf_16.mpd,/videos/BigBuckBunny-2160.avi
5439,0.99681,0.02618,0.9987,53.76975,0.99951,0.947,0.99794,0.99903,0.99944,100.0,0.22,0.13,0.12,0.27,54.63,56.94,57.3,53.77,0.998,0.998,0.998,0.997,/tmpdir/crf_16.mpd,/videos/BigBuckBunny-2160.avi
5440,0.99687,0.02618,0.99871,53.79701,0.99952,0.94706,0.99795,0.99905,0.99946,100.0,0.22,0.13,0.12,0.27,54.65,56.94,57.3,53.8,0.998,0.998,0.998,0.997,/tmpdir/crf_16.mpd,/videos/BigBuckBunny-2160.avi
5441,0.99715,0.03265,0.99869,53.73517,0.99951,0.9469,0.99785,0.99898,0.9994,100.0,0.23,0.13,0.12,0.28,54.59,56.91,57.28,53.74,0.998,0.998,0.998,0.997,/tmpdir/crf_16.mpd,/videos/BigBuckBunny-2160.avi
5442,0.99762,0.04163,0.99872,53.97932,0.99952,0.94938,0.99816,0.99917,0.99954,100.0,0.22,0.13,0.12,0.26,54.8,56.94,57.33,53.98,0.998,0.998,0.998,0.998,/tmpdir/crf_16.mpd,/videos/BigBuckBunny-2160.avi
5443,0.99722,0.09512,0.99868,53.83488,0.9995,0.94925,0.9976,0.99882,0.99929,100.0,0.22,0.14,0.12,0.27,54.66,56.79,57.22,53.83,0.998,0.998,0.998,0.998,/tmpdir/crf_16.mpd,/videos/BigBuckBunny-2160.avi
5444,0.99734,0.16871,0.99867,53.80959,0.9995,0.95053,0.99755,0.99877,0.99925,100.0,0.22,0.14,0.12,0.27,54.64,56.81,57.23,53.81,0.998,0.998,0.998,0.998,/tmpdir/crf_16.mpd,/videos/BigBuckBunny-2160.avi
5445,0.99687,0.26392,0.99864,53.63001,0.99948,0.94867,0.9974,0.9987,0.9992,100.0,0.23,0.14,0.13,0.28,54.47,56.7,57.13,53.63,0.998,0.998,0.998,0.997,/tmpdir/crf_16.mpd,/videos/BigBuckBunny-2160.avi
5446,0.99764,0.2203,0.99873,54.03999,0.99953,0.9526,0.99818,0.99916,0.99952,100.0,0.21,0.14,0.12,0.26,54.83,56.82,57.22,54.04,0.998,0.998,0.998,0.998,/tmpdir/crf_16.mpd,/videos/BigBuckBunny-2160.avi
5447,0.99729,0.07202,0.99863,53.58968,0.99948,0.94841,0.9975,0.99875,0.99923,100.0,0.23,0.14,0.13,0.28,54.43,56.66,57.07,53.59,0.998,0.998,0.998,0.997,/tmpdir/crf_16.mpd,/videos/BigBuckBunny-2160.avi
5448,0.99702,0.05531,0.99865,53.49472,0.9995,0.94561,0.99769,0.99891,0.99936,100.0,0.24,0.14,0.13,0.29,54.36,56.68,57.09,53.49,0.998,0.998,0.998,0.997,/tmpdir/crf_16.mpd,/videos/BigBuckBunny-2160.avi
5449,0.99691,0.0377,0.99866,53.47632,0.99951,0.94334,0.99774,0.99895,0.99938,100.0,0.24,0.14,0.13,0.29,54.34,56.68,57.1,53.48,0.998,0.998,0.998,0.997,/tmpdir/crf_16.mpd,/videos/BigBuckBunny-2160.avi
5450,0.99738,0.0377,0.99872,53.78939,0.99953,0.94598,0.99813,0.99917,0.99953,100.0,0.23,0.14,0.13,0.27,54.61,56.72,57.14,53.79,0.998,0.998,0.998,0.997,/tmpdir/crf_16.mpd,/videos/BigBuckBunny-2160.avi
5451,0.99684,0.03779,0.99867,53.53333,0.99951,0.94395,0.99782,0.99899,0.99942,100.0,0.24,0.14,0.13,0.29,54.39,56.67,57.1,53.53,0.998,0.998,0.998,0.997,/tmpdir/crf_16.mpd,/videos/BigBuckBunny-2160.avi
5452,0.99704,0.03551,0.99868,53.51949,0.99952,0.94345,0.99781,0.99898,0.99942,100.0,0.24,0.14,0.13,0.29,54.38,56.69,57.11,53.52,0.998,0.998,0.998,0.997,/tmpdir/crf_16.mpd,/videos/BigBuckBunny-2160.avi
5453,0.9971,0.02594,0.99868,53.52575,0.99952,0.94363,0.9979,0.99905,0.99947,100.0,0.24,0.14,0.13,0.29,54.39,56.68,57.1,53.53,0.998,0.998,0.998,0.997,/tmpdir/crf_16.mpd,/videos/BigBuckBunny-2160.avi
5454,0.99732,0.0214,0.99871,53.70413,0.99953,0.94506,0.99808,0.99914,0.99953,100.0,0.23,0.14,0.13,0.28,54.53,56.7,57.13,53.7,0.998,0.998,0.998,0.997,/tmpdir/crf_16.mpd,/videos/BigBuckBunny-2160.avi
5455,0.99708,0.01278,0.99869,53.5821,0.99953,0.94379,0.99796,0.99908,0.99948,100.0,0.23,0.14,0.13,0.29,54.43,56.7,57.12,53.58,0.998,0.998,0.998,0.997,/tmpdir/crf_16.mpd,/videos/BigBuckBunny-2160.avi
5456,0.99706,0.01278,0.99869,53.5699,0.99953,0.94377,0.99793,0.99906,0.99949,100.0,0.23,0.14,0.13,0.29,54.43,56.7,57.12,53.57,0.998,0.998,0.998,0.997,/tmpdir/crf_16.mpd,/videos/BigBuckBunny-2160.avi
5457,0.99704,0.01609,0.99869,53.56899,0.99953,0.94377,0.99797,0.9991,0.99951,100.0,0.23,0.14,0.13,0.29,54.42,56.7,57.12,53.57,0.998,0.998,0.998,0.997,/tmpdir/crf_16.mpd,/videos/BigBuckBunny-2160.avi
5458,0.99727,0.01609,0.9987,53.59984,0.99953,0.94404,0.99799,0.9991,0.9995,100.0,0.23,0.14,0.13,0.28,54.45,56.7,57.12,53.6,0.998,0.998,0.998,0.997,/tmpdir/crf_16.mpd,/videos/BigBuckBunny-2160.avi
5459,0.99722,0.09697,0.99864,53.61266,0.99948,0.94846,0.99751,0.99875,0.99922,100.0,0.23,0.14,0.13,0.28,54.44,56.6,57.0,53.61,0.998,0.998,0.998,0.997,/tmpdir/crf_16.mpd,/videos/BigBuckBunny-2160.avi
5460,0.99728,0.17735,0.99866,53.62494,0.9995,0.94938,0.99746,0.99875,0.99924,100.0,0.23,0.14,0.13,0.28,54.46,56.64,57.04,53.62,0.998,0.998,0.998,0.997,/tmpdir/crf_16.mpd,/videos/BigBuckBunny-2160.avi
5461,0.99699,0.2336,0.99864,53.5737,0.99948,0.94824,0.99735,0.99871,0.99924,100.0,0.24,0.14,0.13,0.29,54.4,56.53,57.02,53.57,0.998,0.998,0.998,0.997,/tmpdir/crf_16.mpd,/videos/BigBuckBunny-2160.avi
5462,0.99768,0.2336,0.99871,53.91768,0.99953,0.95121,0.99804,0.99909,0.99949,100.0,0.22,0.14,0.12,0.26,54.72,56.75,57.21,53.92,0.998,0.998,0.998,0.998,/tmpdir/crf_16.mpd,/videos/BigBuckBunny-2160.avi
5463,0.99723,0.07825,0.99863,53.5632,0.99949,0.94742,0.99739,0.99873,0.99924,100.0,0.24,0.14,0.13,0.29,54.4,56.57,57.09,53.56,0.998,0.998,0.998,0.997,/tmpdir/crf_16.mpd,/videos/BigBuckBunny-2160.avi
5464,0.99683,0.04704,0.99865,53.50636,0.9995,0.94619,0.9975,0.99879,0.99928,100.0,0.24,0.14,0.13,0.29,54.36,56.61,57.1,53.51,0.998,0.998,0.998,0.997,/tmpdir/crf_16.mpd,/videos/BigBuckBunny-2160.avi
5465,0.99693,0.03056,0.99866,53.42778,0.99952,0.94241,0.99767,0.99892,0.99937,100.0,0.24,0.14,0.13,0.3,54.3,56.6,57.1,53.43,0.998,0.998,0.998,0.997,/tmpdir/crf_16.mpd,/videos/BigBuckBunny-2160.avi
5466,0.99712,0.03056,0.99869,53.59733,0.99952,0.94382,0.99787,0.99902,0.99944,100.0,0.23,0.14,0.13,0.28,54.44,56.64,57.14,53.6,0.998,0.998,0.998,0.997,/tmpdir/crf_16.mpd,/videos/BigBuckBunny-2160.avi
5467,0.99687,0.02233,0.99866,53.36461,0.99952,0.9413,0.9977,0.99892,0.99937,100.0,0.24,0.14,0.13,0.3,54.25,56.6,57.1,53.36,0.997,0.998,0.998,0.997,/tmpdir/crf_16.mpd,/videos/BigBuckBunny-2160.avi
5468,0.99679,0.02233,0.99866,53.37197,0.99952,0.9416,0.99761,0.99885,0.99933,100.0,0.24,0.14,0.13,0.3,54.25,56.61,57.11,53.37,0.998,0.998,0.998,0.997,/tmpdir/crf_16.mpd,/videos/BigBuckBunny-2160.avi
5469,0.99689,0.02844,0.99865,53.36939,0.99951,0.94157,0.99772,0.99895,0.9994,100.0,0.24,0.14,0.13,0.3,54.25,56.61,57.11,53.37,0.998,0.998,0.998,0.997,/tmpdir/crf_16.mpd,/videos/BigBuckBunny-2160.avi
5470,0.99708,0.02844,0.99867,53.43906,0.99952,0.94184,0.99779,0.99899,0.99943,100.0,0.24,0.14,0.13,0.29,54.31,56.62,57.13,53.44,0.998,0.998,0.998,0.997,/tmpdir/crf_16.mpd,/videos/BigBuckBunny-2160.avi
5471,0.99665,0.02701,0.99864,53.32082,0.99951,0.9413,0.99765,0.99892,0.99939,99.98778,0.25,0.14,0.13,0.3,54.21,56.59,57.1,53.32,0.997,0.998,0.998,0.997,/tmpdir/crf_16.mpd,/videos/BigBuckBunny-2160.avi
5472,0.99662,0.02701,0.99864,53.31166,0.99951,0.94131,0.99761,0.99889,0.99937,99.98104,0.25,0.14,0.13,0.3,54.2,56.58,57.1,53.31,0.997,0.998,0.998,0.997,/tmpdir/crf_16.mpd,/videos/BigBuckBunny-2160.avi
5473,0.99666,0.02604,0.99863,53.24927,0.99951,0.94047,0.99759,0.99889,0.99937,99.98499,0.25,0.14,0.13,0.31,54.15,56.57,57.08,53.25,0.997,0.998,0.998,0.997,/tmpdir/crf_16.mpd,/videos/BigBuckBunny-2160.avi
5474,0.99689,0.02604,0.99865,53.3037,0.99952,0.94097,0.99761,0.99889,0.99936,100.0,0.25,0.14,0.13,0.3,54.19,56.57,57.09,53.3,0.997,0.998,0.998,0.997,/tmpdir/crf_16.mpd,/videos/BigBuckBunny-2160.avi
5475,0.99654,0.02875,0.99863,53.23917,0.99951,0.94033,0.99756,0.99888,0.99937,99.96279,0.25,0.14,0.13,0.31,54.14,56.55,57.06,53.24,0.997,0.998,0.998,0.997,/tmpdir/crf_16.mpd,/videos/BigBuckBunny-2160.avi
5476,0.99636,0.02875,0.99861,53.13717,0.9995,0.93964,0.99746,0.99881,0.9993,99.923,0.26,0.14,0.13,0.32,54.05,56.52,57.04,53.14,0.997,0.998,0.998,0.997,/tmpdir/crf_16.mpd,/videos/BigBuckBunny-2160.avi
5477,0.99639,0.03521,0.9986,53.02797,0.9995,0.93897,0.9973,0.9987,0.99923,99.91971,0.26,0.14,0.13,0.32,53.96,56.52,57.04,53.03,0.997,0.998,0.998,0.997,/tmpdir/crf_16.mpd,/videos/BigBuckBunny-2160.avi
5478,0.99814,0.24201,0.99948,51.09404,0.99987,0.94188,0.99804,0.99914,0.99953,100.0,0.45,0.36,0.31,0.51,51.62,52.62,53.22,51.09,0.998,0.997,0.996,0.998,/tmpdir/crf_16.mpd,/videos/BigBuckBunny-2160.avi
5479,0.9973,0.18805,0.99931,48.91219,0.99984,0.91504,0.99632,0.99837,0.9991,100.0,0.7,0.49,0.34,0.84,49.71,51.21,52.79,48.91,0.997,0.996,0.995,0.997,/tmpdir/crf_16.mpd,/videos/BigBuckBunny-2160.avi
5480,0.99723,0.18805,0.99928,48.6242,0.99984,0.91071,0.9962,0.99836,0.99911,100.0,0.75,0.56,0.35,0.89,49.4,50.67,52.68,48.62,0.997,0.995,0.995,0.997,/tmpdir/crf_16.mpd,/videos/BigBuckBunny-2160.avi
5481,0.99678,0.18948,0.99917,47.66572,0.99982,0.89633,0.99506,0.99787,0.99888,99.86246,0.92,0.69,0.37,1.11,48.5,49.75,52.47,47.67,0.996,0.995,0.995,0.997,/tmpdir/crf_16.mpd,/videos/BigBuckBunny-2160.avi
5482,0.99638,0.18948,0.99907,46.92381,0.9998,0.88455,0.994,0.99744,0.99865,99.72698,1.08,0.8,0.38,1.32,47.81,49.11,52.29,46.92,0.996,0.994,0.995,0.996,/tmpdir/crf_16.mpd,/videos/BigBuckBunny-2160.avi
5483,0.99641,0.1859,0.99906,46.86125,0.9998,0.88304,0.99416,0.99754,0.99871,99.73444,1.11,0.89,0.4,1.34,47.68,48.64,52.06,46.86,0.995,0.993,0.994,0.996,/tmpdir/crf_16.mpd,/videos/BigBuckBunny-2160.avi
5484,0.99585,0.1859,0.99891,45.96847,0.99977,0.86812,0.99236,0.99674,0.9983,99.54004,1.33,1.01,0.42,1.65,46.88,48.1,51.88,45.97,0.995,0.992,0.994,0.996,/tmpdir/crf_16.mpd,/videos/BigBuckBunny-2160.avi
5485,0.99625,0.18847,0.99902,46.57447,0.9998,0.87782,0.9939,0.99747,0.99869,99.68767,1.2,1.02,0.44,1.43,47.35,48.07,51.65,46.57,0.995,0.992,0.994,0.996,/tmpdir/crf_16.mpd,/videos/BigBuckBunny-2160.avi
5486,0.99545,0.18847,0.99879,45.3839,0.99975,0.85769,0.99107,0.99616,0.99797,99.40395,1.52,1.15,0.46,1.88,46.3,47.52,51.5,45.38,0.994,0.991,0.993,0.995,/tmpdir/crf_16.mpd,/videos/BigBuckBunny-2160.avi
5487,0.99643,0.1876,0.99907,46.83484,0.99981,0.88188,0.99445,0.99768,0.99878,99.74237,1.15,1.01,0.48,1.35,47.54,48.09,51.33,46.83,0.995,0.992,0.993,0.996,/tmpdir/crf_16.mpd,/videos/BigBuckBunny-2160.avi
5488,0.99542,0.1876,0.99878,45.31974,0.99974,0.85684,0.99069,0.99596,0.99782,99.38138,1.55,1.14,0.49,1.91,46.24,47.55,51.19,45.32,0.994,0.991,0.993,0.995,/tmpdir/crf_16.mpd,/videos/BigBuckBunny-2160.avi
5489,0.99605,0.18901,0.99898,46.33803,0.9998,0.87323,0.99364,0.99736,0.99864,99.63268,1.28,1.15,0.51,1.51,47.04,47.53,51.02,46.34,0.994,0.991,0.993,0.996,/tmpdir/crf_16.mpd,/videos/BigBuckBunny-2160.avi
5490,0.99522,0.18901,0.99874,45.14759,0.99974,0.85281,0.9907,0.99603,0.99793,99.34503,1.63,1.27,0.53,1.99,46.02,47.08,50.9,45.15,0.994,0.99,0.992,0.995,/tmpdir/crf_16.mpd,/videos/BigBuckBunny-2160.avi
5491,0.99604,0.19117,0.999,46.40295,0.9998,0.87428,0.99386,0.99748,0.99875,99.64612,1.28,1.18,0.54,1.49,47.06,47.42,50.77,46.4,0.994,0.991,0.992,0.996,/tmpdir/crf_16.mpd,/videos/BigBuckBunny-2160.avi
5492,0.99513,0.19117,0.99874,45.14946,0.99974,0.85287,0.99066,0.99603,0.99797,99.33329,1.64,1.3,0.56,1.99,46.0,46.98,50.65,45.15,0.994,0.99,0.992,0.995,/tmpdir/crf_16.mpd,/videos/BigBuckBunny-2160.avi
5493,0.99597,0.18888,0.99897,46.27616,0.9998,0.87189,0.99372,0.99743,0.99871,99.62105,1.32,1.22,0.57,1.53,46.92,47.27,50.55,46.28,0.994,0.99,0.992,0.996,/tmpdir/crf_16.mpd,/videos/BigBuckBunny-2160.avi
5494,0.99511,0.18888,0.99872,45.0765,0.99974,0.85123,0.99061,0.99604,0.99796,99.3245,1.67,1.35,0.59,2.02,45.91,46.84,50.44,45.08,0.993,0.989,0.992,0.995,/tmpdir/crf_16.mpd,/videos/BigBuckBunny-2160.avi
5495,0.99581,0.18904,0.99893,46.02803,0.99979,0.86736,0.99325,0.99723,0.99859,99.56618,1.4,1.3,0.6,1.62,46.67,47.0,50.34,46.03,0.994,0.99,0.991,0.996,/tmpdir/crf_16.mpd,/videos/BigBuckBunny-2160.avi
5496,0.99509,0.18904,0.99871,45.04228,0.99974,0.85003,0.9907,0.99607,0.99799,99.31903,1.7,1.41,0.61,2.04,45.84,46.62,50.24,45.04,0.993,0.989,0.991,0.995,/tmpdir/crf_16.mpd,/videos/BigBuckBunny-2160.avi
5497,0.99579,0.18968,0.99892,46.00437,0.99979,0.86686,0.99329,0.99723,0.99858,99.56034,1.41,1.32,0.63,1.63,46.63,46.93,50.16,46.0,0.994,0.989,0.991,0.995,/tmpdir/crf_16.mpd,/videos/BigBuckBunny-2160.avi
5498,0.99496,0.18968,0.99868,44.93087,0.99973,0.84799,0.99037,0.99587,0.9978,99.2744,1.74,1.44,0.64,2.09,45.73,46.56,50.08,44.93,0.993,0.988,0.991,0.995,/tmpdir/crf_16.mpd,/videos/BigBuckBunny-2160.avi
5499,0.99589,0.1893,0.99895,46.12489,0.9998,0.869,0.99358,0.99737,0.99866,99.59345,1.38,1.3,0.64,1.59,46.73,46.99,50.06,46.12,0.994,0.989,0.991,0.996,/tmpdir/crf_16.mpd,/videos/BigBuckBunny-2160.avi
5500,0.99504,0.1893,0.9987,44.97198,0.99974,0.84886,0.99047,0.99595,0.99788,99.29665,1.73,1.42,0.65,2.07,45.76,46.61,49.98,44.97,0.993,0.989,0.991,0.995,/tmpdir/crf_16.mpd,/videos/BigBuckBunny-2160.avi
5501,0.99587,0.18729,0.99895,46.12217,0.9998,0.86893,0.99358,0.99737,0.99868,99.59022,1.39,1.31,0.66,1.59,46.71,46.95,49.96,46.12,0.994,0.989,0.991,0.996,/tmpdir/crf_16.mpd,/videos/BigBuckBunny-2160.avi
5502,0.99507,0.18729,0.99871,45.00449,0.99974,0.84935,0.99056,0.99594,0.99787,99.30202,1.72,1.43,0.67,2.05,45.78,46.58,49.88,45.0,0.993,0.989,0.99,0.995,/tmpdir/crf_16.mpd,/videos/BigBuckBunny-2160.avi
5503,0.99571,0.18842,0.9989,45.89976,0.99979,0.86491,0.99314,0.99718,0.99855,99.5373,1.46,1.37,0.67,1.67,46.5,46.76,49.84,45.9,0.993,0.989,0.99,0.995,/tmpdir/crf_16.mpd,/videos/BigBuckBunny-2160.avi
5504,0.99498,0.18842,0.99867,44.89863,0.99973,0.84704,0.99043,0.99594,0.99786,99.2814,1.77,1.49,0.69,2.1,45.66,46.41,49.77,44.9,0.993,0.988,0.99,0.995,/tmpdir/crf_16.mpd,/videos/BigBuckBunny-2160.avi
5505,0.99563,0.1894,0.99886,45.69566,0.99978,0.86126,0.99279,0.99703,0.99848,99.50411,1.52,1.43,0.69,1.75,46.31,46.58,49.73,45.7,0.993,0.988,0.99,0.995,/tmpdir/crf_16.mpd,/videos/BigBuckBunny-2160.avi
5506,0.99488,0.1894,0.99863,44.73684,0.99973,0.84398,0.99,0.99573,0.9978,99.24507,1.83,1.55,0.7,2.18,45.5,46.24,49.66,44.74,0.992,0.988,0.99,0.994,/tmpdir/crf_16.mpd,/videos/BigBuckBunny-2160.avi
5507,0.99557,0.19217,0.99884,45.62608,0.99978,0.86016,0.99264,0.99698,0.99847,99.49144,1.55,1.46,0.71,1.78,46.23,46.5,49.63,45.63,0.993,0.988,0.99,0.995,/tmpdir/crf_16.mpd,/videos/BigBuckBunny-2160.avi
5508,0.99481,0.19217,0.99861,44.67161,0.99972,0.84286,0.98992,0.99571,0.99775,99.22852,1.86,1.57,0.72,2.22,45.44,46.18,49.57,44.67,0.992,0.987,0.99,0.994,/tmpdir/crf_16.mpd,/videos/BigBuckBunny-2160.avi
5509,0.99659,0.32249,0.99913,47.75226,0.99983,0.89211,0.99565,0.99811,0.99901,99.89374,0.95,0.76,0.58,1.09,48.35,49.33,50.51,47.75,0.995,0.993,0.992,0.996,/tmpdir/crf_16.mpd,/videos/BigBuckBunny-2160.avi
5510,0.99561,0.41525,0.99888,46.22172,0.99977,0.86574,0.99231,0.99651,0.9981,99.57924,1.28,0.85,0.6,1.55,47.07,48.83,50.36,46.22,0.994,0.993,0.992,0.995,/tmpdir/crf_16.mpd,/videos/BigBuckBunny-2160.avi
5511,0.99591,1.04879,0.99895,46.74327,0.9998,0.87379,0.99408,0.99745,0.99867,100.0,1.17,0.91,0.6,1.38,47.45,48.53,50.37,46.74,0.994,0.992,0.992,0.996,/tmpdir/crf_16.mpd,/videos/BigBuckBunny-2160.avi
5512,0.9952,1.10532,0.99874,45.71241,0.99975,0.85475,0.99148,0.99622,0.99797,99.79533,1.43,1.01,0.6,1.75,46.57,48.08,50.32,45.71,0.994,0.992,0.992,0.995,/tmpdir/crf_16.mpd,/videos/BigBuckBunny-2160.avi
5513,0.99544,1.23134,0.99883,46.22494,0.99978,0.8635,0.99304,0.99699,0.99843,99.972,1.31,1.05,0.61,1.55,46.96,47.92,50.29,46.22,0.994,0.991,0.992,0.995,/tmpdir/crf_16.mpd,/videos/BigBuckBunny-2160.avi
5514,0.99451,1.23134,0.99859,45.31122,0.99971,0.84815,0.98981,0.99529,0.99733,99.65134,1.57,1.16,0.63,1.91,46.16,47.48,50.17,45.31,0.993,0.991,0.991,0.994,/tmpdir/crf_16.mpd,/videos/BigBuckBunny-2160.avi
5515,0.99396,1.62529,0.9984,44.59829,0.99966,0.83368,0.98763,0.99426,0.99676,99.6545,1.84,1.35,0.65,2.26,45.49,46.84,50.02,44.6,0.992,0.989,0.991,0.994,/tmpdir/crf_16.mpd,/videos/BigBuckBunny-2160.avi
5516,0.99405,1.62529,0.99843,44.65837,0.9997,0.83235,0.98897,0.99516,0.99742,99.73547,1.83,1.43,0.65,2.22,45.51,46.59,50.02,44.66,0.992,0.989,0.991,0.993,/tmpdir/crf_16.mpd,/videos/BigBuckBunny-2160.avi
5517,0.99392,1.42678,0.99835,44.39239,0.99969,0.82682,0.98851,0.99501,0.9973,99.58917,1.94,1.51,0.67,2.37,45.25,46.34,49.88,44.39,0.992,0.988,0.991,0.993,/tmpdir/crf_16.mpd,/videos/BigBuckBunny-2160.avi
5518,0.99373,1.42678,0.99826,44.16998,0.99968,0.82226,0.98777,0.99469,0.99718,99.52985,2.04,1.57,0.68,2.49,45.04,46.16,49.79,44.17,0.991,0.987,0.991,0.993,/tmpdir/crf_16.mpd,/videos/BigBuckBunny-2160.avi
5519,0.99439,2.01474,0.9985,44.92894,0.99973,0.83779,0.99026,0.99582,0.99783,100.0,1.75,1.43,0.69,2.09,45.71,46.56,49.74,44.93,0.992,0.988,0.99,0.994,/tmpdir/crf_16.mpd,/videos/BigBuckBunny-2160.avi
5520,0.99368,2.01474,0.99826,44.17805,0.99967,0.82286,0.98743,0.99444,0.99698,99.8047,2.03,1.56,0.71,2.48,45.05,46.2,49.61,44.18,0.991,0.988,0.99,0.993,/tmpdir/crf_16.mpd,/videos/BigBuckBunny-2160.avi
5521,0.99433,2.31672,0.99847,44.87237,0.99973,0.83636,0.99011,0.99572,0.99769,100.0,1.78,1.5,0.73,2.12,45.62,46.37,49.5,44.87,0.992,0.988,0.99,0.993,/tmpdir/crf_16.mpd,/videos/BigBuckBunny-2160.avi
5522,0.99356,2.31672,0.99823,44.23608,0.99965,0.82592,0.98723,0.99423,0.99677,99.92662,2.03,1.64,0.76,2.45,45.05,45.98,49.33,44.24,0.991,0.987,0.99,0.993,/tmpdir/crf_16.mpd,/videos/BigBuckBunny-2160.avi
5523,0.99352,2.14089,0.99821,44.05545,0.99967,0.81943,0.98728,0.99444,0.99701,99.83781,2.12,1.72,0.75,2.56,44.88,45.78,49.39,44.06,0.991,0.986,0.99,0.992,/tmpdir/crf_16.mpd,/videos/BigBuckBunny-2160.avi
5524,0.99384,2.14089,0.99828,44.36087,0.99969,0.82473,0.98838,0.99496,0.99731,99.9373,1.99,1.65,0.76,2.38,45.14,45.95,49.34,44.36,0.991,0.987,0.99,0.993,/tmpdir/crf_16.mpd,/videos/BigBuckBunny-2160.avi
5525,0.9932,2.65494,0.99817,44.08413,0.99963,0.82041,0.9863,0.99374,0.99655,100.0,2.11,1.69,0.79,2.54,44.9,45.85,49.18,44.08,0.991,0.987,0.989,0.992,/tmpdir/crf_16.mpd,/videos/BigBuckBunny-2160.avi
5526,0.99368,2.65494,0.99828,44.37277,0.9997,0.82428,0.98841,0.99496,0.99734,100.0,2.0,1.69,0.78,2.38,45.13,45.85,49.2,44.37,0.991,0.986,0.989,0.993,/tmpdir/crf_16.mpd,/videos/BigBuckBunny-2160.avi
5527,0.99382,2.87375,0.99828,44.32725,0.99969,0.82259,0.98825,0.99493,0.9973,100.0,2.02,1.71,0.8,2.4,45.08,45.79,49.11,44.33,0.991,0.986,0.989,0.993,/tmpdir/crf_16.mpd,/videos/BigBuckBunny-2160.avi
5528,0.99278,2.87375,0.99814,43.95317,0.99963,0.81787,0.98602,0.9936,0.99645,100.0,2.17,1.75,0.82,2.62,44.76,45.71,48.99,43.95,0.991,0.986,0.989,0.992,/tmpdir/crf_16.mpd,/videos/BigBuckBunny-2160.avi
5529,0.99226,3.57089,0.9981,43.76517,0.99961,0.81409,0.98515,0.99299,0.99597,100.0,2.26,1.78,0.85,2.73,44.59,45.62,48.85,43.77,0.99,0.986,0.988,0.992,/tmpdir/crf_16.mpd,/videos/BigBuckBunny-2160.avi
5530,0.99226,3.68946,0.99804,43.64373,0.99957,0.81231,0.98377,0.99196,0.99515,100.0,2.32,1.84,0.87,2.81,44.47,45.48,48.75,43.64,0.99,0.985,0.988,0.992,/tmpdir/crf_16.mpd,/videos/BigBuckBunny-2160.avi
5531,0.99338,4.07416,0.99832,44.31464,0.99971,0.82163,0.98853,0.995,0.9973,100.0,2.05,1.81,0.86,2.41,45.01,45.55,48.78,44.31,0.991,0.985,0.988,0.993,/tmpdir/crf_16.mpd,/videos/BigBuckBunny-2160.avi
5532,0.99246,4.07416,0.99807,43.69833,0.99963,0.81005,0.98511,0.99319,0.99617,100.0,2.32,1.94,0.88,2.77,44.48,45.25,48.7,43.7,0.99,0.985,0.988,0.992,/tmpdir/crf_16.mpd,/videos/BigBuckBunny-2160.avi
5533,0.9919,4.52626,0.99791,43.25577,0.99959,0.79933,0.98374,0.99255,0.99582,100.0,2.55,2.09,0.91,3.07,44.07,44.93,48.55,43.26,0.989,0.983,0.987,0.991,/tmpdir/crf_16.mpd,/videos/BigBuckBunny-2160.avi
5534,0.99158,4.52626,0.99772,42.87435,0.99955,0.78898,0.98166,0.99161,0.9953,100.0,2.76,2.25,0.92,3.35,43.71,44.61,48.48,42.87,0.989,0.982,0.987,0.991,/tmpdir/crf_16.mpd,/videos/BigBuckBunny-2160.avi
5535,0.99167,4.20015,0.99765,42.58792,0.99958,0.78147,0.98161,0.99195,0.99566,100.0,2.94,2.4,0.92,3.58,43.44,44.32,48.47,42.59,0.988,0.981,0.987,0.99,/tmpdir/crf_16.mpd,/videos/BigBuckBunny-2160.avi
5536,0.99111,4.20015,0.99744,41.98752,0.99952,0.76967,0.9791,0.99077,0.99499,100.0,3.32,2.51,0.93,4.11,42.92,44.13,48.42,41.99,0.987,0.98,0.987,0.989,/tmpdir/crf_16.mpd,/videos/BigBuckBunny-2160.avi
5537,0.98978,0.04005,0.99864,52.12332,0.99967,0.91277,0.99234,0.99649,0.99809,98.51407,0.37,0.33,0.28,0.4,52.48,52.95,53.65,52.12,0.996,0.995,0.996,0.996,/tmpdir/crf_16.mpd,/videos/BigBuckBunny-2160.avi
5538,0.98957,0.04005,0.99862,52.04684,0.99966,0.91205,0.99201,0.9963,0.99794,98.45934,0.37,0.33,0.28,0.41,52.42,52.95,53.65,52.05,0.996,0.995,0.996,0.996,/tmpdir/crf_16.mpd,/videos/BigBuckBunny-2160.avi
5539,0.98848,3.73845,0.9985,51.63113,0.99962,0.90779,0.99092,0.99578,0.99761,100.0,0.4,0.34,0.28,0.45,52.1,52.86,53.6,51.63,0.995,0.995,0.996,0.995,/tmpdir/crf_16.mpd,/videos/BigBuckBunny-2160.avi
5540,0.9899,11.38029,0.99858,51.46897,0.99972,0.90522,0.99099,0.99573,0.9975,100.0,0.4,0.31,0.26,0.46,52.06,53.21,53.94,51.47,0.995,0.996,0.996,0.995,/tmpdir/crf_16.mpd,/videos/BigBuckBunny-2160.avi
5541,0.99034,14.22382,0.9986,52.15187,0.99969,0.9229,0.99347,0.99688,0.99812,100.0,0.34,0.25,0.2,0.4,52.84,54.23,55.13,52.15,0.996,0.997,0.997,0.995,/tmpdir/crf_16.mpd,/videos/BigBuckBunny-2160.avi
5542,0.99068,21.54138,0.99857,51.89774,0.99969,0.91507,0.99382,0.99708,0.99828,100.0,0.35,0.23,0.19,0.42,52.68,54.47,55.29,51.9,0.996,0.997,0.997,0.995,/tmpdir/crf_16.mpd,/videos/BigBuckBunny-2160.avi
5543,0.99182,8.27022,0.99855,51.72977,0.99964,0.91453,0.99397,0.99726,0.99843,100.0,0.37,0.25,0.21,0.44,52.47,54.1,54.86,51.73,0.996,0.996,0.997,0.995,/tmpdir/crf_16.mpd,/videos/BigBuckBunny-2160.avi
5544,0.99035,8.27022,0.99826,50.78455,0.9996,0.89171,0.99213,0.99643,0.99795,100.0,0.45,0.3,0.25,0.54,51.58,53.4,54.23,50.78,0.995,0.996,0.997,0.994,/tmpdir/crf_16.mpd,/videos/BigBuckBunny-2160.avi
5545,0.98899,7.65866,0.99819,50.489,0.99958,0.88945,0.99107,0.99583,0.99753,100.0,0.48,0.31,0.26,0.58,51.29,53.17,54.0,50.49,0.994,0.996,0.996,0.994,/tmpdir/crf_16.mpd,/videos/BigBuckBunny-2160.avi
5546,0.99085,7.65866,0.99849,51.33589,0.99966,0.90439,0.99312,0.99686,0.99819,100.0,0.4,0.27,0.23,0.48,52.08,53.74,54.53,51.34,0.995,0.996,0.997,0.995,/tmpdir/crf_16.mpd,/videos/BigBuckBunny-2160.avi
5547,0.99031,7.05408,0.99833,50.82165,0.99961,0.90135,0.99181,0.99609,0.99767,100.0,0.45,0.31,0.26,0.54,51.57,53.22,54.01,50.82,0.995,0.996,0.996,0.994,/tmpdir/crf_16.mpd,/videos/BigBuckBunny-2160.avi
5548,0.99186,7.05408,0.99841,51.02519,0.99964,0.90249,0.9924,0.99646,0.99798,100.0,0.43,0.3,0.25,0.51,51.76,53.37,54.19,51.03,0.995,0.996,0.997,0.994,/tmpdir/crf_16.mpd,/videos/BigBuckBunny-2160.avi
5549,0.99059,3.93503,0.99821,50.40585,0.99962,0.88819,0.99159,0.9962,0.99785,100.0,0.49,0.32,0.26,0.59,51.23,53.14,54.02,50.41,0.994,0.996,0.996,0.993,/tmpdir/crf_16.mpd,/videos/BigBuckBunny-2160.avi
5550,0.99198,3.93503,0.9985,50.98911,0.99971,0.8924,0.99363,0.99737,0.9986,100.0,0.43,0.29,0.24,0.52,51.76,53.47,54.32,50.99,0.995,0.996,0.997,0.994,/tmpdir/crf_16.mpd,/videos/BigBuckBunny-2160.avi
5551,0.98714,2.28279,0.99785,49.02115,0.99959,0.85475,0.99058,0.99599,0.99775,98.94001,0.65,0.36,0.28,0.81,50.01,52.62,53.65,49.02,0.993,0.995,0.996,0.991,/tmpdir/crf_16.mpd,/videos/BigBuckBunny-2160.avi
5552,0.9903,2.28279,0.99823,49.76798,0.99967,0.86988,0.99211,0.99656,0.99805,99.56904,0.56,0.34,0.27,0.69,50.65,52.79,53.77,49.77,0.994,0.995,0.996,0.993,/tmpdir/crf_16.mpd,/videos/BigBuckBunny-2160.avi
5553,0.9891,1.82742,0.99801,49.40842,0.99962,0.86466,0.99094,0.99622,0.99793,99.09598,0.6,0.34,0.27,0.75,50.35,52.78,53.77,49.41,0.993,0.995,0.996,0.992,/tmpdir/crf_16.mpd,/videos/BigBuckBunny-2160.avi
5554,0.99232,1.82742,0.99835,50.16767,0.9997,0.87835,0.99321,0.9972,0.99847,99.76214,0.51,0.32,0.26,0.63,51.03,53.1,54.04,50.17,0.994,0.995,0.996,0.993,/tmpdir/crf_16.mpd,/videos/BigBuckBunny-2160.avi
5555,0.99058,1.80915,0.99798,49.3482,0.99962,0.86099,0.99135,0.99645,0.99805,99.35328,0.61,0.34,0.27,0.76,50.31,52.81,53.77,49.35,0.993,0.995,0.996,0.992,/tmpdir/crf_16.mpd,/videos/BigBuckBunny-2160.avi
5556,0.99212,1.80915,0.99825,49.96997,0.99968,0.87394,0.99268,0.99692,0.99827,99.68518,0.54,0.33,0.27,0.65,50.84,52.96,53.87,49.97,0.994,0.995,0.996,0.993,/tmpdir/crf_16.mpd,/videos/BigBuckBunny-2160.avi
5557,0.9913,2.24793,0.99807,49.77553,0.99961,0.87219,0.9913,0.99635,0.99796,99.7239,0.56,0.33,0.27,0.68,50.68,52.93,53.84,49.78,0.994,0.995,0.996,0.993,/tmpdir/crf_16.mpd,/videos/BigBuckBunny-2160.avi
5558,0.99296,2.24793,0.99834,50.38246,0.99969,0.88346,0.99323,0.99725,0.99852,100.0,0.49,0.31,0.26,0.6,51.22,53.23,54.06,50.38,0.994,0.996,0.996,0.993,/tmpdir/crf_16.mpd,/videos/BigBuckBunny-2160.avi
5559,0.99144,2.94171,0.99811,49.95977,0.99961,0.87933,0.9914,0.9963,0.99791,100.0,0.54,0.33,0.27,0.66,50.83,52.98,53.82,49.96,0.994,0.996,0.996,0.993,/tmpdir/crf_16.mpd,/videos/BigBuckBunny-2160.avi
5560,0.9925,2.94171,0.99828,50.2906,0.99966,0.88631,0.99254,0.99677,0.99818,100.0,0.5,0.32,0.26,0.61,51.12,53.11,53.93,50.29,0.994,0.996,0.996,0.993,/tmpdir/crf_16.mpd,/videos/BigBuckBunny-2160.avi
5561,0.99171,3.36029,0.99815,50.0878,0.99962,0.88337,0.99143,0.9963,0.9979,100.0,0.52,0.32,0.27,0.64,50.94,53.02,53.89,50.09,0.994,0.996,0.996,0.993,/tmpdir/crf_16.mpd,/videos/BigBuckBunny-2160.avi
5562,0.99303,3.36029,0.99836,50.56833,0.99968,0.88978,0.99256,0.99682,0.99822,100.0,0.47,0.3,0.25,0.57,51.39,53.35,54.14,50.57,0.995,0.996,0.996,0.994,/tmpdir/crf_16.mpd,/videos/BigBuckBunny-2160.avi
5563,0.99294,4.84084,0.99822,50.27547,0.99964,0.88781,0.99203,0.99652,0.998,100.0,0.5,0.31,0.26,0.61,51.12,53.17,53.94,50.28,0.994,0.996,0.996,0.993,/tmpdir/crf_16.mpd,/videos/BigBuckBunny-2160.avi
5564,0.99354,5.02445,0.9984,50.89329,0.99964,0.90204,0.99234,0.9964,0.99787,100.0,0.44,0.3,0.25,0.53,51.66,53.43,54.12,50.89,0.995,0.996,0.997,0.994,/tmpdir/crf_16.mpd,/videos/BigBuckBunny-2160.avi
5565,0.9943,10.19451,0.99855,51.59252,0.99963,0.91195,0.99307,0.99668,0.99798,100.0,0.38,0.26,0.22,0.45,52.32,53.95,54.64,51.59,0.996,0.996,0.997,0.995,/tmpdir/crf_16.mpd,/videos/BigBuckBunny-2160.avi
5566,0.99398,10.19451,0.99848,51.42245,0.99962,0.90745,0.99293,0.99668,0.99803,100.0,0.39,0.26,0.23,0.47,52.17,53.91,54.57,51.42,0.995,0.996,0.997,0.995,/tmpdir/crf_16.mpd,/videos/BigBuckBunny-2160.avi
5567,0.99275,6.91388,0.99818,50.51719,0.99957,0.88661,0.99128,0.99607,0.99771,100.0,0.48,0.31,0.25,0.58,51.34,53.29,54.12,50.52,0.994,0.996,0.997,0.994,/tmpdir/crf_16.mpd,/videos/BigBuckBunny-2160.avi
5568,0.99327,6.91388,0.99826,50.85998,0.99959,0.88999,0.99181,0.99625,0.99779,100.0,0.44,0.28,0.24,0.53,51.67,53.59,54.39,50.86,0.995,0.996,0.997,0.994,/tmpdir/crf_16.mpd,/videos/BigBuckBunny-2160.avi
5569,0.99338,6.74465,0.99837,51.0825,0.99963,0.89556,0.99273,0.99683,0.99824,100.0,0.42,0.27,0.22,0.51,51.9,53.87,54.66,51.08,0.995,0.996,0.997,0.994,/tmpdir/crf_16.mpd,/videos/BigBuckBunny-2160.avi
5570,0.99202,4.78729,0.99811,50.21139,0.99959,0.87573,0.99146,0.99632,0.99793,100.0,0.51,0.31,0.25,0.62,51.09,53.19,54.19,50.21,0.994,0.996,0.997,0.993,/tmpdir/crf_16.mpd,/videos/BigBuckBunny-2160.avi
5571,0.99132,2.95456,0.99803,49.78875,0.9996,0.85944,0.99226,0.99686,0.99826,100.0,0.55,0.33,0.25,0.68,50.71,52.92,54.15,49.79,0.993,0.995,0.997,0.992,/tmpdir/crf_16.mpd,/videos/BigBuckBunny-2160.avi
5572,0.98999,2.71696,0.99771,49.00311,0.99954,0.84358,0.99071,0.99612,0.99777,99.65465,0.65,0.35,0.26,0.82,50.02,52.73,53.94,49.0,0.993,0.995,0.996,0.991,/tmpdir/crf_16.mpd,/videos/BigBuckBunny-2160.avi
5573,0.99278,2.21776,0.99828,50.54028,0.99964,0.87476,0.99373,0.99756,0.99867,100.0,0.47,0.3,0.23,0.57,51.4,53.36,54.52,50.54,0.994,0.996,0.997,0.993,/tmpdir/crf_16.mpd,/videos/BigBuckBunny-2160.avi
5574,0.99111,2.21776,0.99798,49.82138,0.99957,0.86633,0.99163,0.99646,0.9979,99.65973,0.55,0.32,0.25,0.68,50.76,53.07,54.21,49.82,0.994,0.996,0.997,0.992,/tmpdir/crf_16.mpd,/videos/BigBuckBunny-2160.avi
5575,0.99185,1.32758,0.99808,49.89036,0.99959,0.86832,0.99254,0.99684,0.99818,99.37605,0.54,0.32,0.24,0.67,50.83,53.11,54.32,49.89,0.994,0.996,0.997,0.993,/tmpdir/crf_16.mpd,/videos/BigBuckBunny-2160.avi
5576,0.99057,0.9737,0.99789,49.43424,0.99954,0.85573,0.99189,0.99664,0.99805,98.92954,0.59,0.32,0.24,0.74,50.44,53.01,54.3,49.43,0.993,0.995,0.997,0.992,/tmpdir/crf_16.mpd,/videos/BigBuckBunny-2160.avi
5577,0.99374,0.7418,0.99851,50.82947,0.99968,0.88481,0.99541,0.99821,0.99903,99.56568,0.45,0.3,0.23,0.54,51.63,53.36,54.5,50.83,0.995,0.996,0.997,0.994,/tmpdir/crf_16.mpd,/videos/BigBuckBunny-2160.avi
5578,0.99088,0.7418,0.99796,49.62605,0.99952,0.86359,0.99252,0.99698,0.99833,98.92014,0.57,0.32,0.24,0.71,50.61,53.08,54.36,49.63,0.994,0.995,0.997,0.992,/tmpdir/crf_16.mpd,/videos/BigBuckBunny-2160.avi
5579,0.99134,0.67121,0.99812,49.88143,0.99958,0.86685,0.99321,0.99714,0.99832,98.97895,0.54,0.32,0.24,0.67,50.82,53.09,54.34,49.88,0.994,0.996,0.997,0.993,/tmpdir/crf_16.mpd,/videos/BigBuckBunny-2160.avi
5580,0.99106,0.57056,0.99805,49.75129,0.99955,0.86451,0.99277,0.99701,0.99827,98.86929,0.55,0.33,0.24,0.69,50.7,53.01,54.27,49.75,0.994,0.995,0.997,0.993,/tmpdir/crf_16.mpd,/videos/BigBuckBunny-2160.avi
5581,0.99326,0.24833,0.99853,50.77071,0.99968,0.88498,0.99551,0.99819,0.99899,99.24666,0.45,0.3,0.23,0.54,51.57,53.29,54.47,50.77,0.995,0.996,0.997,0.994,/tmpdir/crf_16.mpd,/videos/BigBuckBunny-2160.avi
5582,0.99134,0.24833,0.99811,49.83538,0.99954,0.86869,0.9933,0.99728,0.9985,98.80004,0.54,0.32,0.24,0.68,50.78,53.1,54.36,49.84,0.994,0.995,0.997,0.993,/tmpdir/crf_16.mpd,/videos/BigBuckBunny-2160.avi
5583,0.99184,0.38133,0.99816,49.93517,0.99956,0.87195,0.99332,0.99726,0.99845,98.95599,0.53,0.32,0.24,0.66,50.86,53.05,54.31,49.94,0.994,0.995,0.997,0.993,/tmpdir/crf_16.mpd,/videos/BigBuckBunny-2160.avi
5584,0.99173,0.26667,0.99812,49.83166,0.99953,0.87201,0.9934,0.99729,0.9985,98.88812,0.54,0.32,0.24,0.68,50.77,53.04,54.3,49.83,0.994,0.995,0.997,0.993,/tmpdir/crf_16.mpd,/videos/BigBuckBunny-2160.avi
5585,0.99205,0.14906,0.99843,50.16208,0.99967,0.87238,0.99516,0.99808,0.99894,98.94179,0.51,0.32,0.24,0.63,51.05,53.09,54.32,50.16,0.994,0.995,0.996,0.993,/tmpdir/crf_16.mpd,/videos/BigBuckBunny-2160.avi
5586,0.99007,0.14906,0.99814,49.25835,0.9996,0.85329,0.99357,0.9974,0.99853,98.49294,0.61,0.33,0.25,0.77,50.28,52.97,54.23,49.26,0.993,0.995,0.996,0.992,/tmpdir/crf_16.mpd,/videos/BigBuckBunny-2160.avi
5587,0.99059,0.28013,0.99813,49.35253,0.9996,0.85734,0.99346,0.99734,0.99849,98.65221,0.6,0.33,0.25,0.75,50.36,52.98,54.22,49.35,0.993,0.995,0.996,0.992,/tmpdir/crf_16.mpd,/videos/BigBuckBunny-2160.avi
5588,0.99078,0.39755,0.99804,49.4677,0.99954,0.86311,0.9928,0.997,0.99828,98.73319,0.59,0.33,0.24,0.74,50.46,53.0,54.24,49.47,0.994,0.995,0.996,0.992,/tmpdir/crf_16.mpd,/videos/BigBuckBunny-2160.avi
5589,0.9929,1.42695,0.99824,50.26498,0.99962,0.87935,0.99408,0.99758,0.99863,99.69031,0.5,0.31,0.23,0.61,51.16,53.26,54.43,50.26,0.994,0.996,0.997,0.993,/tmpdir/crf_16.mpd,/videos/BigBuckBunny-2160.avi
5590,0.99145,1.564,0.99794,49.71945,0.99953,0.86646,0.99151,0.99647,0.99799,99.39387,0.56,0.33,0.25,0.69,50.66,52.95,54.19,49.72,0.994,0.995,0.997,0.992,/tmpdir/crf_16.mpd,/videos/BigBuckBunny-2160.avi
5591,0.99204,0.85169,0.99807,49.81106,0.9996,0.86824,0.99303,0.99713,0.99835,99.19551,0.55,0.32,0.24,0.68,50.76,53.09,54.33,49.81,0.994,0.996,0.997,0.993,/tmpdir/crf_16.mpd,/videos/BigBuckBunny-2160.avi
5592,0.99054,0.76249,0.99784,49.31345,0.99952,0.8556,0.99199,0.99669,0.9981,98.82499,0.6,0.32,0.24,0.76,50.33,53.01,54.26,49.31,0.993,0.995,0.997,0.992,/tmpdir/crf_16.mpd,/videos/BigBuckBunny-2160.avi
5593,0.99341,0.67984,0.99844,50.60782,0.99967,0.88172,0.99518,0.99813,0.99901,99.46614,0.47,0.3,0.23,0.57,51.44,53.29,54.45,50.61,0.994,0.996,0.997,0.994,/tmpdir/crf_16.mpd,/videos/BigBuckBunny-2160.avi
5594,0.99045,0.67984,0.99797,49.56571,0.99956,0.86408,0.99248,0.9969,0.99822,98.80548,0.57,0.32,0.24,0.72,50.56,53.13,54.35,49.57,0.994,0.996,0.997,0.992,/tmpdir/crf_16.mpd,/videos/BigBuckBunny-2160.avi
5595,0.99143,0.34362,0.99813,49.84942,0.99957,0.86899,0.99333,0.99718,0.9984,98.8522,0.54,0.32,0.24,0.67,50.79,53.11,54.31,49.85,0.994,0.995,0.997,0.993,/tmpdir/crf_16.mpd,/videos/BigBuckBunny-2160.avi
5596,0.99095,0.34362,0.99804,49.60217,0.99954,0.86314,0.9928,0.99698,0.99831,98.73962,0.57,0.32,0.24,0.71,50.57,53.04,54.25,49.6,0.994,0.995,0.997,0.992,/tmpdir/crf_16.mpd,/videos/BigBuckBunny-2160.avi
5597,0.99316,0.40166,0.9985,50.69612,0.99968,0.88497,0.99512,0.99796,0.99884,99.28432,0.46,0.31,0.24,0.55,51.5,53.24,54.39,50.7,0.995,0.996,0.997,0.994,/tmpdir/crf_16.mpd,/videos/BigBuckBunny-2160.avi
5598,0.9911,0.40166,0.99813,49.88715,0.99954,0.86962,0.99284,0.99689,0.99821,98.80287,0.54,0.32,0.24,0.67,50.81,53.04,54.25,49.89,0.994,0.995,0.997,0.993,/tmpdir/crf_16.mpd,/videos/BigBuckBunny-2160.avi
5599,0.99127,0.28282,0.99815,49.88269,0.99957,0.86952,0.99298,0.99694,0.99818,98.77604,0.54,0.32,0.24,0.67,50.81,53.07,54.29,49.88,0.994,0.995,0.997,0.993,/tmpdir/crf_16.mpd,/videos/BigBuckBunny-2160.avi
5600,0.99081,0.28282,0.99806,49.73088,0.99953,0.86631,0.99255,0.99681,0.99813,98.67857,0.56,0.33,0.25,0.69,50.68,53.0,54.24,49.73,0.994,0.995,0.996,0.993,/tmpdir/crf_16.mpd,/videos/BigBuckBunny-2160.avi
5601,0.9925,0.34447,0.99832,50.23236,0.99965,0.8757,0.99465,0.99782,0.99877,99.1047,0.5,0.32,0.24,0.62,51.11,53.14,54.32,50.23,0.994,0.995,0.997,0.993,/tmpdir/crf_16.mpd,/videos/BigBuckBunny-2160.avi
5602,0.99074,0.34447,0.99805,49.69651,0.99954,0.86536,0.99259,0.99683,0.99815,98.693,0.56,0.33,0.25,0.7,50.64,52.96,54.19,49.7,0.994,0.995,0.996,0.993,/tmpdir/crf_16.mpd,/videos/BigBuckBunny-2160.avi
5603,0.99091,0.49947,0.99806,49.69486,0.99956,0.86486,0.99285,0.99697,0.99828,98.80775,0.56,0.33,0.25,0.7,50.64,52.95,54.18,49.69,0.994,0.995,0.996,0.993,/tmpdir/crf_16.mpd,/videos/BigBuckBunny-2160.avi
5604,0.99018,0.54293,0.99787,49.32791,0.99951,0.85807,0.9917,0.99649,0.99797,98.64878,0.6,0.34,0.25,0.76,50.32,52.85,54.1,49.33,0.993,0.995,0.996,0.992,/tmpdir/crf_16.mpd,/videos/BigBuckBunny-2160.avi
5605,0.9912,1.58244,0.99801,49.59555,0.99959,0.8633,0.99301,0.99712,0.99837,99.39469,0.57,0.33,0.25,0.71,50.56,52.99,54.18,49.6,0.993,0.995,0.996,0.992,/tmpdir/crf_16.mpd,/videos/BigBuckBunny-2160.avi
5606,0.9896,2.07103,0.99772,49.00011,0.99952,0.84628,0.99042,0.99595,0.99765,99.24175,0.65,0.35,0.26,0.82,50.02,52.7,53.91,49.0,0.993,0.995,0.996,0.991,/tmpdir/crf_16.mpd,/videos/BigBuckBunny-2160.avi
5607,0.99101,2.28576,0.99801,49.61003,0.9996,0.86081,0.99169,0.99643,0.99794,99.66468,0.57,0.34,0.26,0.71,50.54,52.83,53.99,49.61,0.993,0.995,0.996,0.992,/tmpdir/crf_16.mpd,/videos/BigBuckBunny-2160.avi
5608,0.99295,3.23357,0.99811,50.25537,0.99958,0.87486,0.99129,0.99609,0.99774,100.0,0.5,0.31,0.24,0.61,51.14,53.26,54.34,50.26,0.994,0.996,0.997,0.993,/tmpdir/crf_16.mpd,/videos/BigBuckBunny-2160.avi
5609,0.99262,3.922,0.99827,50.71219,0.99962,0.88626,0.99227,0.99669,0.99814,100.0,0.46,0.29,0.23,0.55,51.55,53.46,54.49,50.71,0.995,0.996,0.997,0.994,/tmpdir/crf_16.mpd,/videos/BigBuckBunny-2160.avi
5610,0.99293,3.922,0.9983,50.8983,0.9996,0.89541,0.99229,0.99648,0.99793,100.0,0.44,0.29,0.23,0.53,51.71,53.56,54.52,50.9,0.995,0.996,0.997,0.994,/tmpdir/crf_16.mpd,/videos/BigBuckBunny-2160.avi
5611,0.99387,6.02568,0.99849,51.54413,0.99963,0.90622,0.99306,0.99687,0.99818,100.0,0.38,0.26,0.22,0.46,52.3,54.02,54.8,51.54,0.995,0.996,0.997,0.995,/tmpdir/crf_16.mpd,/videos/BigBuckBunny-2160.avi
5612,0.99328,5.92256,0.99843,51.23991,0.99963,0.90121,0.99296,0.99679,0.99812,100.0,0.41,0.27,0.22,0.49,52.03,53.84,54.69,51.24,0.995,0.996,0.997,0.994,/tmpdir/crf_16.mpd,/videos/BigBuckBunny-2160.avi
5613,0.99292,4.8295,0.99829,50.77352,0.99961,0.89199,0.99189,0.99619,0.9977,100.0,0.45,0.29,0.24,0.54,51.59,53.51,54.38,50.77,0.995,0.996,0.997,0.994,/tmpdir/crf_16.mpd,/videos/BigBuckBunny-2160.avi
5614,0.99231,4.8295,0.99819,50.45511,0.9996,0.88544,0.9913,0.99604,0.99769,100.0,0.48,0.31,0.25,0.59,51.3,53.27,54.23,50.46,0.994,0.996,0.997,0.994,/tmpdir/crf_16.mpd,/videos/BigBuckBunny-2160.avi
5615,0.99319,5.31712,0.99835,50.91715,0.99963,0.89147,0.99243,0.99663,0.99808,100.0,0.44,0.29,0.23,0.53,51.73,53.55,54.56,50.92,0.995,0.996,0.997,0.994,/tmpdir/crf_16.mpd,/videos/BigBuckBunny-2160.avi
5616,0.99311,2.9958,0.9983,50.56985,0.99965,0.87938,0.99289,0.99696,0.99827,100.0,0.47,0.31,0.24,0.57,51.4,53.28,54.38,50.57,0.994,0.996,0.997,0.994,/tmpdir/crf_16.mpd,/videos/BigBuckBunny-2160.avi
5617,0.99547,2.12801,0.9988,51.8596,0.99972,0.90728,0.99637,0.99853,0.99924,100.0,0.36,0.27,0.21,0.42,52.56,53.9,55.0,51.86,0.996,0.996,0.997,0.995,/tmpdir/crf_16.mpd,/videos/BigBuckBunny-2160.avi
5618,0.99266,2.12801,0.99799,49.73143,0.99954,0.86769,0.99129,0.99613,0.99769,99.86806,0.55,0.31,0.23,0.69,50.71,53.2,54.43,49.73,0.994,0.996,0.997,0.993,/tmpdir/crf_16.mpd,/videos/BigBuckBunny-2160.avi
5619,0.99196,1.23471,0.99797,49.49887,0.99959,0.86237,0.9923,0.99674,0.99815,99.32859,0.58,0.32,0.24,0.73,50.49,53.05,54.27,49.5,0.993,0.996,0.997,0.992,/tmpdir/crf_16.mpd,/videos/BigBuckBunny-2160.avi
5620,0.99149,1.23471,0.99782,49.27752,0.99954,0.85452,0.99119,0.99626,0.99788,99.19551,0.61,0.33,0.25,0.77,50.29,52.95,54.17,49.28,0.993,0.995,0.997,0.992,/tmpdir/crf_16.mpd,/videos/BigBuckBunny-2160.avi
5621,0.99341,0.68305,0.99828,50.07472,0.99966,0.87208,0.99393,0.9975,0.99864,99.3981,0.52,0.31,0.24,0.64,50.99,53.19,54.31,50.07,0.994,0.996,0.997,0.993,/tmpdir/crf_16.mpd,/videos/BigBuckBunny-2160.avi
5622,0.99119,0.68305,0.99783,49.26656,0.99953,0.85494,0.99116,0.9962,0.99781,98.86787,0.61,0.32,0.25,0.77,50.29,53.03,54.19,49.27,0.993,0.995,0.997,0.992,/tmpdir/crf_16.mpd,/videos/BigBuckBunny-2160.avi
5623,0.99107,0.41699,0.99775,49.09937,0.99953,0.85073,0.99067,0.99605,0.99774,98.69939,0.63,0.34,0.25,0.8,50.13,52.88,54.07,49.1,0.993,0.995,0.996,0.991,/tmpdir/crf_16.mpd,/videos/BigBuckBunny-2160.avi
5624,0.99001,0.41699,0.99776,48.78948,0.99957,0.84408,0.99101,0.99621,0.99785,98.50719,0.67,0.33,0.25,0.86,49.86,52.9,54.07,48.79,0.993,0.995,0.996,0.991,/tmpdir/crf_16.mpd,/videos/BigBuckBunny-2160.avi
5625,0.99754,0.01337,0.99965,53.40303,0.99995,0.95943,0.99849,0.99927,0.99956,100.0,0.26,0.19,0.18,0.3,53.97,55.28,55.5,53.4,0.998,0.997,0.997,0.998,/tmpdir/crf_16.mpd,/videos/BigBuckBunny-2160.avi
5626,0.99711,0.01337,0.99962,53.07264,0.99995,0.95759,0.99826,0.99915,0.99949,100.0,0.28,0.2,0.19,0.32,53.7,55.21,55.4,53.07,0.998,0.997,0.997,0.998,/tmpdir/crf_16.mpd,/videos/BigBuckBunny-2160.avi
5627,0.99676,0.02882,0.99961,52.91307,0.99995,0.95665,0.99818,0.99911,0.99946,100.0,0.29,0.2,0.19,0.33,53.56,55.14,55.34,52.91,0.998,0.997,0.997,0.998,/tmpdir/crf_16.mpd,/videos/BigBuckBunny-2160.avi
5628,0.99639,0.02882,0.9996,52.78081,0.99995,0.95596,0.99809,0.99907,0.99944,100.0,0.29,0.2,0.19,0.34,53.44,55.07,55.29,52.78,0.998,0.997,0.997,0.998,/tmpdir/crf_16.mpd,/videos/BigBuckBunny-2160.avi
5629,0.997,0.03989,0.99961,52.8963,0.99995,0.95637,0.99825,0.99915,0.99949,100.0,0.29,0.2,0.19,0.33,53.53,55.09,55.28,52.9,0.998,0.997,0.997,0.998,/tmpdir/crf_16.mpd,/videos/BigBuckBunny-2160.avi
5630,0.99626,0.03989,0.99959,52.63659,0.99994,0.95518,0.99792,0.99897,0.99937,99.98012,0.3,0.21,0.2,0.35,53.31,54.98,55.16,52.64,0.998,0.997,0.997,0.998,/tmpdir/crf_16.mpd,/videos/BigBuckBunny-2160.avi
5631,0.99639,0.0552,0.99959,52.62242,0.99994,0.95494,0.998,0.99903,0.99942,100.0,0.31,0.21,0.2,0.36,53.29,54.96,55.1,52.62,0.998,0.997,0.997,0.998,/tmpdir/crf_16.mpd,/videos/BigBuckBunny-2160.avi
5632,0.9962,0.0552,0.99958,52.49679,0.99994,0.95437,0.99781,0.99893,0.99936,99.97018,0.31,0.21,0.2,0.37,53.17,54.89,55.02,52.5,0.998,0.997,0.997,0.998,/tmpdir/crf_16.mpd,/videos/BigBuckBunny-2160.avi
5633,0.99692,0.09126,0.99959,52.70656,0.99995,0.95516,0.99812,0.99909,0.99945,100.0,0.3,0.21,0.2,0.35,53.35,54.95,55.1,52.71,0.998,0.997,0.997,0.998,/tmpdir/crf_16.mpd,/videos/BigBuckBunny-2160.avi
5634,0.99617,0.09126,0.99957,52.44611,0.99994,0.95395,0.9978,0.9989,0.99932,99.97607,0.32,0.21,0.21,0.37,53.12,54.84,54.97,52.45,0.998,0.997,0.997,0.998,/tmpdir/crf_16.mpd,/videos/BigBuckBunny-2160.avi
5635,0.99608,0.19156,0.99957,52.38242,0.99994,0.95347,0.99784,0.99894,0.99936,100.0,0.32,0.22,0.21,0.38,53.06,54.79,54.92,52.38,0.998,0.997,0.997,0.998,/tmpdir/crf_16.mpd,/videos/BigBuckBunny-2160.avi
5636,0.99575,0.19156,0.99954,52.16828,0.99994,0.95233,0.99766,0.99887,0.99933,99.93926,0.34,0.22,0.22,0.39,52.87,54.69,54.8,52.17,0.997,0.997,0.997,0.998,/tmpdir/crf_16.mpd,/videos/BigBuckBunny-2160.avi
5637,0.99651,0.3086,0.99957,52.48671,0.99994,0.95364,0.99799,0.99903,0.99942,100.0,0.32,0.22,0.21,0.37,53.14,54.76,54.9,52.49,0.998,0.997,0.997,0.998,/tmpdir/crf_16.mpd,/videos/BigBuckBunny-2160.avi
5638,0.99549,0.32234,0.99954,52.10767,0.99994,0.9517,0.9976,0.99882,0.99929,99.94691,0.34,0.23,0.22,0.4,52.8,54.55,54.69,52.11,0.997,0.997,0.997,0.998,/tmpdir/crf_16.mpd,/videos/BigBuckBunny-2160.avi
5639,0.99552,0.32633,0.99956,52.22218,0.99994,0.95211,0.99773,0.99888,0.99932,99.95924,0.33,0.23,0.22,0.39,52.89,54.57,54.69,52.22,0.997,0.997,0.997,0.998,/tmpdir/crf_16.mpd,/videos/BigBuckBunny-2160.avi
5640,0.99548,0.25402,0.99955,52.15947,0.99994,0.95191,0.99763,0.99884,0.9993,99.91604,0.34,0.23,0.22,0.4,52.85,54.61,54.73,52.16,0.997,0.997,0.997,0.998,/tmpdir/crf_16.mpd,/videos/BigBuckBunny-2160.avi
5641,0.99682,0.13859,0.9996,52.75431,0.99994,0.95502,0.99819,0.99912,0.99946,100.0,0.3,0.21,0.21,0.34,53.36,54.85,54.98,52.75,0.998,0.997,0.997,0.998,/tmpdir/crf_16.mpd,/videos/BigBuckBunny-2160.avi
5642,0.99578,0.13338,0.99957,52.31832,0.99994,0.95289,0.99774,0.9989,0.99933,99.92314,0.33,0.22,0.22,0.38,52.98,54.66,54.75,52.32,0.998,0.997,0.997,0.998,/tmpdir/crf_16.mpd,/videos/BigBuckBunny-2160.avi
5643,0.99608,0.0967,0.99957,52.33678,0.99994,0.95286,0.99783,0.99893,0.99934,99.96023,0.33,0.22,0.22,0.38,53.0,54.72,54.78,52.34,0.998,0.997,0.997,0.998,/tmpdir/crf_16.mpd,/videos/BigBuckBunny-2160.avi
5644,0.99574,0.0967,0.99957,52.28235,0.99994,0.95267,0.99778,0.99892,0.99933,99.89963,0.33,0.22,0.22,0.38,52.94,54.66,54.69,52.28,0.998,0.997,0.997,0.998,/tmpdir/crf_16.mpd,/videos/BigBuckBunny-2160.avi
5645,0.99691,0.06768,0.9996,52.76067,0.99994,0.95501,0.99823,0.99914,0.99947,100.0,0.3,0.21,0.21,0.34,53.36,54.84,54.94,52.76,0.998,0.997,0.997,0.998,/tmpdir/crf_16.mpd,/videos/BigBuckBunny-2160.avi
5646,0.99562,0.06768,0.99958,52.36938,0.99994,0.95307,0.99783,0.99893,0.99934,99.86684,0.32,0.22,0.22,0.38,53.03,54.74,54.76,52.37,0.998,0.997,0.997,0.998,/tmpdir/crf_16.mpd,/videos/BigBuckBunny-2160.avi
5647,0.99592,0.03254,0.99958,52.43826,0.99994,0.95331,0.99791,0.99896,0.99936,99.90768,0.32,0.22,0.21,0.37,53.09,54.78,54.82,52.44,0.998,0.997,0.997,0.998,/tmpdir/crf_16.mpd,/videos/BigBuckBunny-2160.avi
5648,0.9959,0.03254,0.99958,52.4094,0.99994,0.95318,0.99789,0.99895,0.99935,99.90405,0.32,0.22,0.21,0.37,53.07,54.78,54.83,52.41,0.998,0.997,0.997,0.998,/tmpdir/crf_16.mpd,/videos/BigBuckBunny-2160.avi
5649,0.99687,0.02682,0.9996,52.74556,0.99994,0.95485,0.9982,0.99912,0.99946,100.0,0.3,0.21,0.21,0.35,53.35,54.85,54.95,52.75,0.998,0.997,0.997,0.998,/tmpdir/crf_16.mpd,/videos/BigBuckBunny-2160.avi
5650,0.99616,0.02682,0.99958,52.49152,0.99994,0.95359,0.99792,0.99896,0.99935,99.94839,0.32,0.22,0.21,0.37,53.14,54.79,54.86,52.49,0.998,0.997,0.997,0.998,/tmpdir/crf_16.mpd,/videos/BigBuckBunny-2160.avi
5651,0.99625,0.02893,0.99958,52.49038,0.99994,0.95353,0.99793,0.99897,0.99937,99.96737,0.32,0.22,0.21,0.37,53.13,54.78,54.84,52.49,0.998,0.997,0.997,0.998,/tmpdir/crf_16.mpd,/videos/BigBuckBunny-2160.avi
5652,0.99608,0.02893,0.99958,52.42558,0.99994,0.95323,0.99782,0.99891,0.99932,99.93003,0.32,0.22,0.22,0.37,53.08,54.76,54.8,52.43,0.998,0.997,0.997,0.998,/tmpdir/crf_16.mpd,/videos/BigBuckBunny-2160.avi
5653,0.99697,0.05238,0.9996,52.73982,0.99994,0.95485,0.99818,0.99911,0.99946,100.0,0.3,0.21,0.21,0.35,53.34,54.83,54.92,52.74,0.998,0.997,0.997,0.998,/tmpdir/crf_16.mpd,/videos/BigBuckBunny-2160.avi
5654,0.99574,0.03914,0.99957,52.40181,0.99994,0.95305,0.99779,0.99889,0.9993,99.87166,0.32,0.22,0.22,0.37,53.05,54.74,54.77,52.4,0.998,0.997,0.997,0.998,/tmpdir/crf_16.mpd,/videos/BigBuckBunny-2160.avi
5655,0.99611,0.03498,0.99958,52.37828,0.99994,0.95288,0.99786,0.99894,0.99934,99.93835,0.32,0.22,0.22,0.38,53.03,54.72,54.76,52.38,0.998,0.997,0.997,0.998,/tmpdir/crf_16.mpd,/videos/BigBuckBunny-2160.avi
5656,0.99566,0.03498,0.99957,52.32972,0.99994,0.95273,0.99775,0.99887,0.99929,99.85286,0.33,0.22,0.22,0.38,52.99,54.71,54.73,52.33,0.998,0.997,0.997,0.998,/tmpdir/crf_16.mpd,/videos/BigBuckBunny-2160.avi
5657,0.99675,0.05846,0.9996,52.68278,0.99994,0.95455,0.99813,0.99909,0.99944,100.0,0.31,0.22,0.21,0.35,53.29,54.78,54.86,52.68,0.998,0.997,0.997,0.998,/tmpdir/crf_16.mpd,/videos/BigBuckBunny-2160.avi
5658,0.99562,0.05846,0.99957,52.37243,0.99994,0.95295,0.99776,0.99887,0.99929,99.85794,0.32,0.22,0.22,0.38,53.02,54.68,54.69,52.37,0.998,0.997,0.997,0.998,/tmpdir/crf_16.mpd,/videos/BigBuckBunny-2160.avi
5659,0.99593,0.03997,0.99957,52.34701,0.99994,0.95272,0.99777,0.99887,0.99929,99.90457,0.33,0.22,0.22,0.38,52.99,54.65,54.66,52.35,0.998,0.997,0.997,0.998,/tmpdir/crf_16.mpd,/videos/BigBuckBunny-2160.avi
5660,0.99535,0.03997,0.99957,52.24584,0.99994,0.95227,0.99771,0.99886,0.99929,99.79712,0.33,0.23,0.23,0.39,52.9,54.6,54.59,52.25,0.998,0.997,0.997,0.998,/tmpdir/crf_16.mpd,/videos/BigBuckBunny-2160.avi
5661,0.99678,0.10852,0.99959,52.58855,0.99994,0.95407,0.99804,0.99904,0.99941,100.0,0.31,0.22,0.22,0.36,53.19,54.68,54.75,52.59,0.998,0.997,0.997,0.998,/tmpdir/crf_16.mpd,/videos/BigBuckBunny-2160.avi
5662,0.99526,0.17078,0.99956,52.19245,0.99994,0.95193,0.99762,0.9988,0.99925,99.83502,0.34,0.23,0.23,0.39,52.83,54.47,54.47,52.19,0.997,0.997,0.997,0.998,/tmpdir/crf_16.mpd,/videos/BigBuckBunny-2160.avi
5663,0.99578,0.12619,0.99956,52.1647,0.99994,0.95155,0.99771,0.99886,0.99929,99.91023,0.34,0.23,0.23,0.4,52.8,54.45,54.45,52.16,0.997,0.997,0.997,0.998,/tmpdir/crf_16.mpd,/videos/BigBuckBunny-2160.avi
5664,0.99533,0.12619,0.99954,51.99243,0.99994,0.9508,0.99751,0.99877,0.99924,99.82218,0.35,0.24,0.24,0.41,52.64,54.36,54.31,51.99,0.997,0.997,0.997,0.998,/tmpdir/crf_16.mpd,/videos/BigBuckBunny-2160.avi
5665,0.99647,0.49368,0.99957,52.34654,0.99994,0.95243,0.99794,0.999,0.99941,100.0,0.33,0.23,0.23,0.38,52.95,54.45,54.49,52.35,0.997,0.997,0.997,0.998,/tmpdir/crf_16.mpd,/videos/BigBuckBunny-2160.avi
5666,0.99525,0.5083,0.99953,51.85406,0.99994,0.94952,0.99741,0.99872,0.99923,99.97397,0.37,0.25,0.25,0.42,52.5,54.2,54.16,51.85,0.997,0.997,0.997,0.998,/tmpdir/crf_16.mpd,/videos/BigBuckBunny-2160.avi
5667,0.99541,0.61054,0.99951,51.73498,0.99993,0.94806,0.99732,0.99865,0.99915,100.0,0.38,0.26,0.26,0.44,52.37,54.02,53.98,51.73,0.997,0.997,0.997,0.998,/tmpdir/crf_16.mpd,/videos/BigBuckBunny-2160.avi
5668,0.9952,0.44511,0.9995,51.62959,0.99993,0.9473,0.99721,0.99859,0.99913,99.91557,0.38,0.26,0.26,0.45,52.29,53.99,54.01,51.63,0.997,0.997,0.997,0.997,/tmpdir/crf_16.mpd,/videos/BigBuckBunny-2160.avi
5669,0.99638,0.23544,0.99958,52.33558,0.99994,0.95191,0.99795,0.99899,0.99939,100.0,0.33,0.24,0.23,0.38,52.93,54.33,54.51,52.34,0.997,0.997,0.997,0.998,/tmpdir/crf_16.mpd,/videos/BigBuckBunny-2160.avi
5670,0.99523,0.23544,0.99954,51.92788,0.99994,0.94967,0.99744,0.99871,0.99921,99.84407,0.36,0.25,0.25,0.42,52.56,54.14,54.22,51.93,0.997,0.997,0.997,0.998,/tmpdir/crf_16.mpd,/videos/BigBuckBunny-2160.avi
5671,0.99553,0.12636,0.99952,51.84351,0.99993,0.94852,0.99751,0.99876,0.99924,99.84749,0.37,0.25,0.25,0.43,52.47,54.1,54.1,51.84,0.997,0.997,0.997,0.998,/tmpdir/crf_16.mpd,/videos/BigBuckBunny-2160.avi
5672,0.9948,0.12636,0.99951,51.66661,0.99993,0.94765,0.99735,0.99867,0.99917,99.70682,0.38,0.26,0.26,0.44,52.31,53.99,53.98,51.67,0.997,0.997,0.997,0.998,/tmpdir/crf_16.mpd,/videos/BigBuckBunny-2160.avi
5673,0.99618,0.26582,0.99954,52.09137,0.99993,0.94969,0.99778,0.9989,0.99933,100.0,0.35,0.25,0.24,0.4,52.7,54.21,54.31,52.09,0.997,0.997,0.997,0.998,/tmpdir/crf_16.mpd,/videos/BigBuckBunny-2160.avi
5674,0.99507,0.24328,0.99953,51.86993,0.99993,0.94924,0.99745,0.99872,0.9992,99.81875,0.37,0.25,0.25,0.42,52.5,54.1,54.18,51.87,0.997,0.997,0.997,0.998,/tmpdir/crf_16.mpd,/videos/BigBuckBunny-2160.avi
5675,0.9955,0.24328,0.99952,51.79653,0.99993,0.94805,0.99741,0.99867,0.99915,99.88493,0.37,0.26,0.25,0.43,52.43,54.05,54.11,51.8,0.997,0.997,0.997,0.998,/tmpdir/crf_16.mpd,/videos/BigBuckBunny-2160.avi
5676,0.99519,0.13033,0.99951,51.73065,0.99993,0.94782,0.99735,0.99865,0.99915,99.77827,0.38,0.25,0.25,0.44,52.39,54.09,54.1,51.73,0.997,0.997,0.997,0.998,/tmpdir/crf_16.mpd,/videos/BigBuckBunny-2160.avi
5677,0.99618,0.13033,0.99954,51.97564,0.99993,0.94902,0.99773,0.99888,0.99932,99.97605,0.36,0.25,0.25,0.41,52.59,54.13,54.2,51.98,0.997,0.997,0.997,0.998,/tmpdir/crf_16.mpd,/videos/BigBuckBunny-2160.avi
5678,0.99495,0.23097,0.99951,51.66109,0.99993,0.9473,0.99731,0.99864,0.99916,99.77759,0.38,0.26,0.26,0.44,52.31,53.98,53.98,51.66,0.997,0.997,0.997,0.998,/tmpdir/crf_16.mpd,/videos/BigBuckBunny-2160.avi
5679,0.9951,0.18913,0.99953,51.76493,0.99994,0.94852,0.99742,0.9987,0.99921,99.7957,0.37,0.26,0.25,0.43,52.4,54.01,54.08,51.76,0.997,0.997,0.997,0.998,/tmpdir/crf_16.mpd,/videos/BigBuckBunny-2160.avi
5680,0.99492,0.18913,0.99953,51.74495,0.99993,0.94852,0.99738,0.99869,0.99921,99.76343,0.38,0.26,0.26,0.44,52.38,53.98,54.06,51.74,0.997,0.997,0.997,0.998,/tmpdir/crf_16.mpd,/videos/BigBuckBunny-2160.avi
5681,0.99591,0.10195,0.99952,51.78052,0.99993,0.94785,0.99759,0.99883,0.99931,99.90935,0.37,0.25,0.25,0.43,52.42,54.07,54.1,51.78,0.997,0.997,0.997,0.998,/tmpdir/crf_16.mpd,/videos/BigBuckBunny-2160.avi
5682,0.99475,0.10195,0.9995,51.52663,0.99993,0.94653,0.9973,0.99866,0.99917,99.68315,0.39,0.26,0.26,0.46,52.18,53.9,53.9,51.53,0.997,0.997,0.996,0.997,/tmpdir/crf_16.mpd,/videos/BigBuckBunny-2160.avi
5683,0.9951,0.26432,0.99949,51.50667,0.99993,0.94627,0.99719,0.99858,0.99913,99.81244,0.39,0.26,0.26,0.46,52.17,53.9,53.91,51.51,0.997,0.997,0.996,0.997,/tmpdir/crf_16.mpd,/videos/BigBuckBunny-2160.avi
5684,0.99461,0.22286,0.9995,51.49709,0.99993,0.94701,0.99712,0.99853,0.99907,99.70414,0.4,0.27,0.27,0.46,52.15,53.85,53.88,51.5,0.997,0.997,0.997,0.997,/tmpdir/crf_16.mpd,/videos/BigBuckBunny-2160.avi
5685,0.99456,0.22286,0.99948,51.29061,0.99993,0.9452,0.99693,0.99842,0.999,99.6806,0.41,0.27,0.27,0.48,51.99,53.86,53.85,51.29,0.997,0.997,0.996,0.997,/tmpdir/crf_16.mpd,/videos/BigBuckBunny-2160.avi
5686,0.99502,0.31382,0.99895,52.91946,0.99974,0.92432,0.99735,0.99891,0.99943,99.76835,0.28,0.21,0.17,0.33,53.61,55.0,55.95,52.92,0.997,0.997,0.998,0.996,/tmpdir/crf_16.mpd,/videos/BigBuckBunny-2160.avi
5687,0.99133,0.31382,0.99841,50.92945,0.9996,0.8948,0.99317,0.99688,0.99815,98.87231,0.42,0.25,0.18,0.52,51.87,54.1,55.52,50.93,0.996,0.996,0.997,0.995,/tmpdir/crf_16.mpd,/videos/BigBuckBunny-2160.avi
5688,0.99115,0.49027,0.99837,50.81034,0.9996,0.89177,0.99268,0.99667,0.99804,98.90029,0.43,0.25,0.19,0.54,51.77,54.07,55.45,50.81,0.995,0.996,0.997,0.995,/tmpdir/crf_16.mpd,/videos/BigBuckBunny-2160.avi
5689,0.98989,0.87856,0.99816,50.25943,0.99955,0.8818,0.99139,0.99621,0.99785,98.80642,0.49,0.27,0.2,0.61,51.26,53.77,55.18,50.26,0.995,0.996,0.997,0.994,/tmpdir/crf_16.mpd,/videos/BigBuckBunny-2160.avi
5690,0.99114,0.87856,0.99825,50.27386,0.99963,0.88161,0.99316,0.99705,0.9983,99.08103,0.48,0.26,0.19,0.61,51.29,53.99,55.24,50.27,0.995,0.996,0.997,0.994,/tmpdir/crf_16.mpd,/videos/BigBuckBunny-2160.avi
5691,0.98951,1.77144,0.99798,49.96386,0.99951,0.87492,0.98947,0.99512,0.99712,99.08246,0.52,0.3,0.22,0.66,50.94,53.42,54.69,49.96,0.994,0.996,0.997,0.993,/tmpdir/crf_16.mpd,/videos/BigBuckBunny-2160.avi
5692,0.99056,1.98254,0.99816,50.0952,0.99963,0.87478,0.99249,0.99681,0.9982,99.49162,0.51,0.3,0.22,0.64,51.05,53.39,54.72,50.1,0.994,0.996,0.997,0.993,/tmpdir/crf_16.mpd,/videos/BigBuckBunny-2160.avi
5693,0.98669,2.08327,0.99764,48.81965,0.99953,0.84706,0.98884,0.99521,0.99725,98.68811,0.66,0.33,0.24,0.85,49.91,52.9,54.32,48.82,0.993,0.995,0.997,0.992,/tmpdir/crf_16.mpd,/videos/BigBuckBunny-2160.avi
5694,0.99118,2.75347,0.99816,50.76379,0.99963,0.88305,0.99104,0.99616,0.99796,99.98644,0.44,0.26,0.2,0.55,51.7,54.06,55.15,50.76,0.995,0.996,0.997,0.994,/tmpdir/crf_16.mpd,/videos/BigBuckBunny-2160.avi
5695,0.99254,7.60153,0.99822,51.30981,0.99962,0.89433,0.99087,0.99579,0.99758,100.0,0.4,0.25,0.2,0.48,52.16,54.19,55.09,51.31,0.995,0.997,0.997,0.994,/tmpdir/crf_16.mpd,/videos/BigBuckBunny-2160.avi
5696,0.99236,7.60153,0.99829,51.50692,0.99964,0.89456,0.99133,0.9962,0.99794,100.0,0.38,0.24,0.19,0.46,52.35,54.28,55.36,51.51,0.995,0.997,0.997,0.995,/tmpdir/crf_16.mpd,/videos/BigBuckBunny-2160.avi
5697,0.99209,8.28122,0.99834,51.64793,0.99961,0.89965,0.99141,0.99613,0.99783,100.0,0.37,0.25,0.2,0.44,52.43,54.14,55.18,51.65,0.996,0.997,0.997,0.995,/tmpdir/crf_16.mpd,/videos/BigBuckBunny-2160.avi
5698,0.99372,8.28122,0.99843,52.04761,0.99962,0.90563,0.99222,0.9965,0.99801,100.0,0.34,0.23,0.18,0.41,52.85,54.58,55.66,52.05,0.996,0.997,0.998,0.995,/tmpdir/crf_16.mpd,/videos/BigBuckBunny-2160.avi
5699,0.9932,6.25399,0.99849,51.99478,0.99964,0.90835,0.99313,0.99691,0.99827,100.0,0.34,0.24,0.18,0.41,52.77,54.39,55.48,51.99,0.996,0.997,0.997,0.995,/tmpdir/crf_16.mpd,/videos/BigBuckBunny-2160.avi
5700,0.99152,2.73536,0.99793,50.095,0.99955,0.87664,0.9908,0.99605,0.99781,100.0,0.51,0.29,0.23,0.64,51.05,53.5,54.51,50.1,0.994,0.996,0.997,0.993,/tmpdir/crf_16.mpd,/videos/BigBuckBunny-2160.avi
5701,0.99277,2.1506,0.99819,50.70466,0.99961,0.88443,0.99304,0.99708,0.99836,100.0,0.45,0.28,0.22,0.55,51.58,53.7,54.67,50.7,0.995,0.996,0.997,0.994,/tmpdir/crf_16.mpd,/videos/BigBuckBunny-2160.avi
5702,0.9909,2.1506,0.99794,50.18883,0.99952,0.87776,0.99085,0.99611,0.99773,99.59469,0.5,0.28,0.23,0.62,51.14,53.58,54.58,50.19,0.994,0.996,0.997,0.993,/tmpdir/crf_16.mpd,/videos/BigBuckBunny-2160.avi
5703,0.99443,1.79838,0.99855,51.86211,0.99967,0.90663,0.99502,0.99797,0.99893,100.0,0.35,0.23,0.19,0.42,52.65,54.45,55.28,51.86,0.996,0.997,0.997,0.995,/tmpdir/crf_16.mpd,/videos/BigBuckBunny-2160.avi
5704,0.99074,1.65606,0.99802,50.37091,0.99954,0.88065,0.9905,0.99593,0.99769,99.31692,0.48,0.28,0.22,0.6,51.3,53.63,54.64,50.37,0.995,0.996,0.997,0.994,/tmpdir/crf_16.mpd,/videos/BigBuckBunny-2160.avi
5705,0.99149,0.78087,0.99809,50.17789,0.99959,0.87524,0.99313,0.99711,0.99835,99.08309,0.5,0.28,0.22,0.62,51.14,53.63,54.71,50.18,0.994,0.996,0.997,0.993,/tmpdir/crf_16.mpd,/videos/BigBuckBunny-2160.avi
5706,0.99063,0.78087,0.99802,50.16188,0.99955,0.87571,0.99185,0.99647,0.99796,98.88811,0.5,0.29,0.22,0.63,51.12,53.55,54.7,50.16,0.994,0.996,0.997,0.993,/tmpdir/crf_16.mpd,/videos/BigBuckBunny-2160.avi
5707,0.99395,0.73291,0.99854,51.47337,0.99968,0.89867,0.99567,0.99826,0.99906,99.64514,0.39,0.26,0.21,0.46,52.27,54.06,54.96,51.47,0.995,0.996,0.997,0.995,/tmpdir/crf_16.mpd,/videos/BigBuckBunny-2160.avi
5708,0.99136,0.73291,0.99815,50.52418,0.99956,0.88272,0.99244,0.99673,0.99817,99.03431,0.47,0.28,0.22,0.58,51.43,53.61,54.75,50.52,0.995,0.996,0.997,0.994,/tmpdir/crf_16.mpd,/videos/BigBuckBunny-2160.avi
5709,0.99156,0.38547,0.99818,50.53362,0.99958,0.88249,0.99276,0.99683,0.99821,98.91078,0.47,0.28,0.22,0.58,51.45,53.66,54.79,50.53,0.995,0.996,0.997,0.994,/tmpdir/crf_16.mpd,/videos/BigBuckBunny-2160.avi
5710,0.99137,0.38547,0.99815,50.50914,0.99956,0.88284,0.99264,0.99688,0.99827,98.88308,0.47,0.29,0.22,0.58,51.41,53.57,54.72,50.51,0.995,0.996,0.997,0.994,/tmpdir/crf_16.mpd,/videos/BigBuckBunny-2160.avi
5711,0.99388,0.4913,0.99843,51.09788,0.99966,0.89312,0.99549,0.99813,0.99896,99.49124,0.42,0.26,0.21,0.51,51.94,53.92,54.87,51.1,0.995,0.996,0.997,0.994,/tmpdir/crf_16.mpd,/videos/BigBuckBunny-2160.avi
5712,0.99141,0.4913,0.99821,50.62277,0.99956,0.88546,0.99288,0.99695,0.99824,98.94797,0.46,0.29,0.22,0.56,51.49,53.49,54.69,50.62,0.995,0.996,0.997,0.994,/tmpdir/crf_16.mpd,/videos/BigBuckBunny-2160.avi
5713,0.99182,0.57235,0.99821,50.63336,0.99957,0.88567,0.99308,0.99698,0.99828,99.06293,0.46,0.28,0.22,0.56,51.52,53.64,54.69,50.63,0.995,0.996,0.997,0.994,/tmpdir/crf_16.mpd,/videos/BigBuckBunny-2160.avi
5714,0.99148,0.57235,0.99815,50.49682,0.99955,0.88353,0.99266,0.99684,0.99818,98.98623,0.47,0.29,0.23,0.58,51.38,53.48,54.58,50.5,0.995,0.996,0.997,0.994,/tmpdir/crf_16.mpd,/videos/BigBuckBunny-2160.avi
5715,0.99357,0.57738,0.99836,50.87938,0.99965,0.89056,0.99545,0.99817,0.99902,99.47437,0.44,0.27,0.22,0.53,51.74,53.79,54.75,50.88,0.995,0.996,0.997,0.994,/tmpdir/crf_16.mpd,/videos/BigBuckBunny-2160.avi
5716,0.99171,0.57738,0.99815,50.48706,0.99955,0.88332,0.99274,0.99683,0.99819,99.03001,0.47,0.3,0.23,0.58,51.37,53.43,54.56,50.49,0.995,0.996,0.997,0.994,/tmpdir/crf_16.mpd,/videos/BigBuckBunny-2160.avi
5717,0.99199,0.54581,0.99817,50.5185,0.99957,0.88302,0.99293,0.9969,0.99821,99.06665,0.47,0.29,0.23,0.58,51.4,53.51,54.57,50.52,0.995,0.996,0.997,0.994,/tmpdir/crf_16.mpd,/videos/BigBuckBunny-2160.avi
5718,0.99132,0.54581,0.99808,50.31334,0.99955,0.87967,0.99229,0.99667,0.99808,98.92306,0.49,0.3,0.23,0.6,51.21,53.36,54.45,50.31,0.995,0.996,0.997,0.994,/tmpdir/crf_16.mpd,/videos/BigBuckBunny-2160.avi
5719,0.9929,0.64574,0.9982,50.44551,0.99962,0.88255,0.99443,0.99769,0.99869,99.32828,0.48,0.28,0.23,0.59,51.35,53.6,54.59,50.45,0.995,0.996,0.997,0.994,/tmpdir/crf_16.mpd,/videos/BigBuckBunny-2160.avi
5720,0.99098,0.64574,0.99793,49.96027,0.99951,0.87284,0.99141,0.99623,0.99777,98.85761,0.53,0.3,0.24,0.66,50.91,53.34,54.41,49.96,0.994,0.996,0.997,0.993,/tmpdir/crf_16.mpd,/videos/BigBuckBunny-2160.avi
5721,0.9916,2.43839,0.99813,50.47313,0.9996,0.88259,0.99233,0.99668,0.99811,99.91883,0.47,0.29,0.23,0.58,51.37,53.58,54.55,50.47,0.995,0.996,0.997,0.994,/tmpdir/crf_16.mpd,/videos/BigBuckBunny-2160.avi
5722,0.99041,2.66025,0.99783,49.79445,0.99956,0.86626,0.99134,0.99639,0.99798,99.76787,0.54,0.3,0.24,0.68,50.77,53.37,54.37,49.79,0.994,0.996,0.997,0.993,/tmpdir/crf_16.mpd,/videos/BigBuckBunny-2160.avi
5723,0.9924,3.54644,0.99828,51.07114,0.99962,0.89441,0.99297,0.99694,0.9983,100.0,0.42,0.27,0.21,0.51,51.91,53.84,54.89,51.07,0.995,0.996,0.997,0.994,/tmpdir/crf_16.mpd,/videos/BigBuckBunny-2160.avi
5724,0.99062,3.54644,0.99794,49.88775,0.99959,0.86526,0.99216,0.99695,0.99842,100.0,0.54,0.32,0.24,0.67,50.83,53.08,54.38,49.89,0.994,0.996,0.997,0.993,/tmpdir/crf_16.mpd,/videos/BigBuckBunny-2160.avi
5725,0.99515,4.10046,0.99885,53.23552,0.99971,0.92844,0.99651,0.99854,0.99922,100.0,0.26,0.18,0.15,0.31,53.95,55.48,56.28,53.24,0.997,0.997,0.998,0.996,/tmpdir/crf_16.mpd,/videos/BigBuckBunny-2160.avi
5726,0.99219,4.31764,0.99824,51.17332,0.99959,0.89845,0.99167,0.99624,0.99783,100.0,0.4,0.24,0.19,0.5,52.08,54.35,55.24,51.17,0.995,0.997,0.997,0.995,/tmpdir/crf_16.mpd,/videos/BigBuckBunny-2160.avi
5727,0.99257,2.16887,0.99822,51.00062,0.99959,0.89517,0.99226,0.9966,0.99809,99.9837,0.42,0.24,0.19,0.52,51.94,54.41,55.24,51.0,0.995,0.997,0.997,0.994,/tmpdir/crf_16.mpd,/videos/BigBuckBunny-2160.avi
5728,0.9921,1.60268,0.99805,50.54516,0.99955,0.88313,0.99187,0.99645,0.9979,99.56612,0.45,0.23,0.2,0.57,51.56,54.43,55.19,50.55,0.995,0.997,0.997,0.994,/tmpdir/crf_16.mpd,/videos/BigBuckBunny-2160.avi
5729,0.99548,1.1666,0.99871,52.49302,0.9997,0.91653,0.99646,0.99852,0.99919,100.0,0.31,0.2,0.17,0.37,53.28,55.19,55.79,52.49,0.996,0.997,0.998,0.996,/tmpdir/crf_16.mpd,/videos/BigBuckBunny-2160.avi
5730,0.99292,1.00715,0.99825,51.13712,0.99956,0.89725,0.99304,0.99685,0.99819,99.49164,0.4,0.22,0.19,0.5,52.09,54.67,55.38,51.14,0.995,0.997,0.997,0.995,/tmpdir/crf_16.mpd,/videos/BigBuckBunny-2160.avi
5731,0.99316,0.25697,0.9983,51.06208,0.9996,0.89561,0.99385,0.99723,0.99834,99.19489,0.41,0.22,0.18,0.51,52.04,54.74,55.46,51.06,0.995,0.997,0.997,0.994,/tmpdir/crf_16.mpd,/videos/BigBuckBunny-2160.avi
5732,0.9915,0.25697,0.99828,50.87499,0.99959,0.89037,0.99407,0.99741,0.99846,98.89737,0.42,0.22,0.19,0.53,51.87,54.69,55.43,50.87,0.995,0.997,0.997,0.994,/tmpdir/crf_16.mpd,/videos/BigBuckBunny-2160.avi
5733,0.99492,0.25513,0.99866,52.04869,0.9997,0.90854,0.99669,0.99863,0.99923,99.64862,0.33,0.2,0.18,0.41,52.89,55.02,55.61,52.05,0.996,0.997,0.997,0.995,/tmpdir/crf_16.mpd,/videos/BigBuckBunny-2160.avi
5734,0.99293,0.25513,0.99844,51.37253,0.99962,0.89952,0.99508,0.99786,0.99881,99.21417,0.38,0.21,0.18,0.47,52.31,54.81,55.5,51.37,0.996,0.997,0.997,0.995,/tmpdir/crf_16.mpd,/videos/BigBuckBunny-2160.avi
5735,0.99322,0.14423,0.99846,51.22476,0.99964,0.89515,0.99511,0.99779,0.99866,99.19033,0.39,0.22,0.18,0.49,52.18,54.79,55.48,51.22,0.995,0.997,0.997,0.995,/tmpdir/crf_16.mpd,/videos/BigBuckBunny-2160.avi
5736,0.99285,0.14423,0.99848,51.28326,0.99965,0.8957,0.99533,0.99798,0.99883,99.14237,0.39,0.22,0.18,0.48,52.23,54.78,55.46,51.28,0.995,0.997,0.997,0.995,/tmpdir/crf_16.mpd,/videos/BigBuckBunny-2160.avi
5737,0.99457,0.10592,0.99864,51.82817,0.99969,0.90395,0.99669,0.99863,0.99925,99.50412,0.35,0.21,0.18,0.43,52.69,54.88,55.53,51.83,0.996,0.997,0.997,0.995,/tmpdir/crf_16.mpd,/videos/BigBuckBunny-2160.avi
5738,0.99313,0.10592,0.99853,51.432,0.99965,0.8985,0.99561,0.99806,0.9989,99.19016,0.38,0.22,0.18,0.47,52.35,54.78,55.46,51.43,0.996,0.997,0.997,0.995,/tmpdir/crf_16.mpd,/videos/BigBuckBunny-2160.avi
5739,0.99337,0.0931,0.99852,51.38553,0.99965,0.89777,0.99559,0.99806,0.99889,99.22369,0.38,0.22,0.18,0.47,52.31,54.78,55.46,51.39,0.996,0.997,0.997,0.995,/tmpdir/crf_16.mpd,/videos/BigBuckBunny-2160.avi
5740,0.99299,0.0931,0.9985,51.30829,0.99965,0.89646,0.99566,0.99816,0.99901,99.16289,0.39,0.22,0.19,0.48,52.24,54.75,55.45,51.31,0.995,0.997,0.997,0.995,/tmpdir/crf_16.mpd,/videos/BigBuckBunny-2160.avi
5741,0.9941,0.08381,0.99858,51.57972,0.99968,0.9003,0.99652,0.99857,0.99923,99.39609,0.37,0.21,0.18,0.45,52.48,54.84,55.5,51.58,0.996,0.997,0.997,0.995,/tmpdir/crf_16.mpd,/videos/BigBuckBunny-2160.avi
5742,0.99309,0.08381,0.9985,51.29853,0.99965,0.8961,0.99582,0.99824,0.99905,99.18032,0.39,0.22,0.19,0.48,52.23,54.75,55.44,51.3,0.995,0.997,0.997,0.995,/tmpdir/crf_16.mpd,/videos/BigBuckBunny-2160.avi
5743,0.99309,0.08267,0.99847,51.17694,0.99964,0.89425,0.99556,0.99809,0.99894,99.16336,0.4,0.22,0.19,0.5,52.13,54.74,55.42,51.18,0.995,0.997,0.997,0.995,/tmpdir/crf_16.mpd,/videos/BigBuckBunny-2160.avi
5744,0.99289,0.08267,0.99844,51.08772,0.99963,0.89216,0.99558,0.99814,0.99898,99.12481,0.41,0.22,0.19,0.51,52.05,54.71,55.4,51.09,0.995,0.997,0.997,0.994,/tmpdir/crf_16.mpd,/videos/BigBuckBunny-2160.avi
5745,0.99358,0.08223,0.9985,51.24116,0.99967,0.89439,0.99611,0.99841,0.99915,99.27321,0.39,0.22,0.19,0.49,52.19,54.76,55.44,51.24,0.995,0.997,0.997,0.994,/tmpdir/crf_16.mpd,/videos/BigBuckBunny-2160.avi
5746,0.99267,0.08223,0.99841,51.00726,0.99963,0.89043,0.99544,0.99808,0.99897,99.07821,0.41,0.22,0.19,0.52,51.98,54.68,55.39,51.01,0.995,0.997,0.997,0.994,/tmpdir/crf_16.mpd,/videos/BigBuckBunny-2160.avi
5747,0.9926,0.1173,0.99838,50.9453,0.99962,0.8902,0.99501,0.9978,0.99873,99.05567,0.42,0.22,0.19,0.52,51.93,54.66,55.37,50.95,0.995,0.997,0.997,0.994,/tmpdir/crf_16.mpd,/videos/BigBuckBunny-2160.avi
5748,0.99352,0.11818,0.99834,50.96812,0.99959,0.89364,0.99445,0.99755,0.99858,99.21416,0.42,0.22,0.19,0.52,51.95,54.65,55.37,50.97,0.995,0.997,0.997,0.994,/tmpdir/crf_16.mpd,/videos/BigBuckBunny-2160.avi
5749,0.9945,0.53913,0.99837,51.19051,0.99963,0.90522,0.99524,0.99797,0.99889,99.65337,0.4,0.22,0.19,0.49,52.15,54.75,55.44,51.19,0.995,0.997,0.997,0.994,/tmpdir/crf_16.mpd,/videos/BigBuckBunny-2160.avi
5750,0.99232,0.88531,0.99818,50.88085,0.99953,0.89371,0.99235,0.99651,0.99791,99.28663,0.43,0.24,0.2,0.53,51.81,54.25,55.05,50.88,0.995,0.997,0.997,0.994,/tmpdir/crf_16.mpd,/videos/BigBuckBunny-2160.avi
5751,0.99283,1.42469,0.99821,50.90543,0.99957,0.89239,0.99301,0.9969,0.99818,99.66337,0.43,0.24,0.2,0.53,51.83,54.29,55.04,50.91,0.995,0.997,0.997,0.994,/tmpdir/crf_16.mpd,/videos/BigBuckBunny-2160.avi
5752,0.99206,1.42469,0.99808,50.66702,0.99952,0.88727,0.99186,0.99641,0.99789,99.48047,0.45,0.25,0.21,0.56,51.61,54.11,54.93,50.67,0.995,0.997,0.997,0.994,/tmpdir/crf_16.mpd,/videos/BigBuckBunny-2160.avi
5753,0.99369,1.45694,0.99842,51.39605,0.99966,0.90014,0.99513,0.99796,0.99887,99.9296,0.38,0.22,0.19,0.47,52.3,54.67,55.35,51.4,0.995,0.997,0.997,0.995,/tmpdir/crf_16.mpd,/videos/BigBuckBunny-2160.avi
5754,0.99185,1.45694,0.9981,50.74192,0.99953,0.88739,0.99194,0.9964,0.99783,99.45444,0.44,0.25,0.21,0.55,51.68,54.18,54.97,50.74,0.995,0.997,0.997,0.994,/tmpdir/crf_16.mpd,/videos/BigBuckBunny-2160.avi
5755,0.99221,1.13813,0.99818,50.856,0.99957,0.88858,0.99286,0.99686,0.99813,99.39949,0.43,0.24,0.2,0.53,51.8,54.31,55.08,50.86,0.995,0.997,0.997,0.994,/tmpdir/crf_16.mpd,/videos/BigBuckBunny-2160.avi
5756,0.99145,1.13813,0.99812,50.76272,0.99954,0.88816,0.99226,0.99658,0.99802,99.24749,0.44,0.25,0.2,0.55,51.71,54.2,55.04,50.76,0.995,0.997,0.997,0.994,/tmpdir/crf_16.mpd,/videos/BigBuckBunny-2160.avi
5757,0.99403,0.94849,0.99853,51.69016,0.99968,0.90455,0.99601,0.99839,0.99914,99.78824,0.36,0.22,0.19,0.44,52.55,54.71,55.39,51.69,0.996,0.997,0.997,0.995,/tmpdir/crf_16.mpd,/videos/BigBuckBunny-2160.avi
5758,0.99144,0.94849,0.99819,50.87644,0.99955,0.8907,0.99273,0.99671,0.99806,99.16842,0.43,0.24,0.2,0.53,51.81,54.26,55.08,50.88,0.995,0.997,0.997,0.994,/tmpdir/crf_16.mpd,/videos/BigBuckBunny-2160.avi
5759,0.99199,0.81751,0.99826,50.99039,0.99958,0.89244,0.99327,0.99693,0.99812,99.21844,0.42,0.24,0.2,0.52,51.92,54.36,55.12,50.99,0.995,0.997,0.997,0.994,/tmpdir/crf_16.mpd,/videos/BigBuckBunny-2160.avi
5760,0.99112,0.81751,0.99821,50.88744,0.99957,0.89147,0.99282,0.99679,0.99814,99.05833,0.43,0.24,0.2,0.53,51.82,54.29,55.09,50.89,0.995,0.997,0.997,0.994,/tmpdir/crf_16.mpd,/videos/BigBuckBunny-2160.avi
5761,0.99414,0.70169,0.99854,51.69118,0.99968,0.90571,0.99639,0.99852,0.9992,99.70262,0.36,0.22,0.19,0.44,52.53,54.65,55.31,51.69,0.996,0.997,0.997,0.995,/tmpdir/crf_16.mpd,/videos/BigBuckBunny-2160.avi
5762,0.99132,0.70169,0.99827,51.04734,0.99957,0.8953,0.99337,0.99699,0.99821,99.06109,0.41,0.24,0.2,0.51,51.96,54.35,55.12,51.05,0.995,0.997,0.997,0.994,/tmpdir/crf_16.mpd,/videos/BigBuckBunny-2160.avi
5763,0.99226,0.59776,0.99832,51.15488,0.99959,0.89706,0.99387,0.99721,0.99834,99.19804,0.4,0.24,0.2,0.5,52.06,54.41,55.14,51.15,0.995,0.997,0.997,0.994,/tmpdir/crf_16.mpd,/videos/BigBuckBunny-2160.avi
5764,0.99182,0.59776,0.99829,51.07654,0.99958,0.89597,0.99357,0.99715,0.99833,99.11428,0.41,0.24,0.2,0.51,51.99,54.34,55.13,51.08,0.995,0.997,0.997,0.994,/tmpdir/crf_16.mpd,/videos/BigBuckBunny-2160.avi
5765,0.99438,0.46591,0.99855,51.73972,0.99968,0.9072,0.99657,0.99862,0.99923,99.6442,0.36,0.22,0.19,0.44,52.57,54.63,55.28,51.74,0.996,0.997,0.997,0.995,/tmpdir/crf_16.mpd,/videos/BigBuckBunny-2160.avi
5766,0.9918,0.46591,0.99834,51.21421,0.99959,0.89861,0.99397,0.99731,0.99844,99.06895,0.4,0.24,0.2,0.49,52.1,54.38,55.11,51.21,0.995,0.997,0.997,0.995,/tmpdir/crf_16.mpd,/videos/BigBuckBunny-2160.avi
5767,0.99204,0.39877,0.99838,51.31688,0.99961,0.90022,0.99431,0.9974,0.99847,99.09033,0.39,0.23,0.2,0.48,52.2,54.45,55.18,51.32,0.995,0.997,0.997,0.995,/tmpdir/crf_16.mpd,/videos/BigBuckBunny-2160.avi
5768,0.99188,0.39877,0.99834,51.21546,0.99959,0.8987,0.99412,0.99741,0.99852,99.06161,0.4,0.24,0.2,0.49,52.1,54.39,55.11,51.22,0.995,0.997,0.997,0.995,/tmpdir/crf_16.mpd,/videos/BigBuckBunny-2160.avi
5769,0.99439,0.37195,0.99856,51.78812,0.99968,0.90819,0.99658,0.99859,0.99922,99.60546,0.36,0.22,0.19,0.43,52.61,54.65,55.28,51.79,0.996,0.997,0.997,0.995,/tmpdir/crf_16.mpd,/videos/BigBuckBunny-2160.avi
5770,0.99205,0.37195,0.99837,51.29991,0.99959,0.90016,0.99419,0.99739,0.99846,99.07813,0.39,0.24,0.2,0.48,52.17,54.37,55.13,51.3,0.995,0.997,0.997,0.995,/tmpdir/crf_16.mpd,/videos/BigBuckBunny-2160.avi
5771,0.99242,0.34527,0.99841,51.37118,0.99961,0.9012,0.99449,0.99751,0.99855,99.14487,0.39,0.23,0.2,0.47,52.24,54.43,55.17,51.37,0.995,0.997,0.997,0.995,/tmpdir/crf_16.mpd,/videos/BigBuckBunny-2160.avi
5772,0.99218,0.34527,0.99835,51.26493,0.9996,0.89971,0.99413,0.9973,0.9984,99.08076,0.4,0.24,0.2,0.49,52.15,54.38,55.14,51.26,0.995,0.997,0.997,0.995,/tmpdir/crf_16.mpd,/videos/BigBuckBunny-2160.avi
5773,0.99431,0.31856,0.99857,51.83684,0.99968,0.90904,0.99665,0.99862,0.99924,99.57076,0.35,0.22,0.19,0.43,52.65,54.65,55.29,51.84,0.996,0.997,0.997,0.995,/tmpdir/crf_16.mpd,/videos/BigBuckBunny-2160.avi
5774,0.99228,0.31856,0.99841,51.38392,0.99961,0.90205,0.99456,0.99763,0.99868,99.12213,0.39,0.24,0.2,0.47,52.24,54.39,55.12,51.38,0.995,0.997,0.997,0.995,/tmpdir/crf_16.mpd,/videos/BigBuckBunny-2160.avi
5775,0.99237,0.29586,0.99842,51.42697,0.99961,0.90246,0.99445,0.99746,0.99849,99.11183,0.38,0.23,0.2,0.47,52.29,54.49,55.18,51.43,0.996,0.997,0.997,0.995,/tmpdir/crf_16.mpd,/videos/BigBuckBunny-2160.avi
5776,0.99213,0.29586,0.99837,51.32161,0.99959,0.90081,0.99444,0.99753,0.99854,99.0686,0.39,0.24,0.2,0.48,52.19,54.38,55.12,51.32,0.995,0.997,0.997,0.995,/tmpdir/crf_16.mpd,/videos/BigBuckBunny-2160.avi
5777,0.99438,0.26631,0.99858,51.86719,0.99968,0.90983,0.99667,0.99865,0.99924,99.56297,0.35,0.22,0.19,0.42,52.68,54.68,55.29,51.87,0.996,0.997,0.997,0.995,/tmpdir/crf_16.mpd,/videos/BigBuckBunny-2160.avi
5778,0.99219,0.26631,0.99841,51.38685,0.99961,0.90201,0.99463,0.99761,0.99859,99.07503,0.39,0.24,0.2,0.47,52.25,54.41,55.16,51.39,0.995,0.997,0.997,0.995,/tmpdir/crf_16.mpd,/videos/BigBuckBunny-2160.avi
5779,0.99241,0.248,0.99843,51.41601,0.99962,0.90274,0.9947,0.99763,0.99863,99.11076,0.38,0.23,0.2,0.47,52.29,54.52,55.21,51.42,0.996,0.997,0.997,0.995,/tmpdir/crf_16.mpd,/videos/BigBuckBunny-2160.avi
5780,0.99185,0.248,0.99838,51.32658,0.9996,0.901,0.99461,0.99761,0.99859,99.00253,0.39,0.24,0.2,0.48,52.2,54.41,55.13,51.33,0.995,0.997,0.997,0.995,/tmpdir/crf_16.mpd,/videos/BigBuckBunny-2160.avi
5781,0.99421,0.22317,0.99856,51.81167,0.99968,0.90873,0.99648,0.9985,0.99913,99.49832,0.35,0.22,0.19,0.43,52.63,54.67,55.29,51.81,0.996,0.997,0.997,0.995,/tmpdir/crf_16.mpd,/videos/BigBuckBunny-2160.avi
5782,0.9925,0.22317,0.99839,51.37205,0.99959,0.90195,0.99462,0.99757,0.99855,99.10587,0.39,0.24,0.2,0.47,52.23,54.39,55.13,51.37,0.995,0.997,0.997,0.995,/tmpdir/crf_16.mpd,/videos/BigBuckBunny-2160.avi
5783,0.99269,0.20481,0.99841,51.38355,0.99961,0.90258,0.99458,0.99752,0.99848,99.12843,0.39,0.23,0.2,0.47,52.26,54.51,55.18,51.38,0.995,0.997,0.997,0.995,/tmpdir/crf_16.mpd,/videos/BigBuckBunny-2160.avi
5784,0.99246,0.20481,0.99838,51.29604,0.9996,0.90073,0.9945,0.99751,0.99852,99.08289,0.39,0.24,0.2,0.48,52.17,54.39,55.14,51.3,0.995,0.997,0.997,0.995,/tmpdir/crf_16.mpd,/videos/BigBuckBunny-2160.avi
5785,0.99388,0.18616,0.99854,51.71237,0.99967,0.90694,0.99622,0.9984,0.99909,99.41027,0.36,0.22,0.19,0.44,52.55,54.64,55.27,51.71,0.996,0.997,0.997,0.995,/tmpdir/crf_16.mpd,/videos/BigBuckBunny-2160.avi
5786,0.99224,0.18616,0.99839,51.34181,0.9996,0.90133,0.99469,0.99768,0.99865,99.05086,0.39,0.23,0.2,0.48,52.21,54.43,55.13,51.34,0.995,0.997,0.997,0.995,/tmpdir/crf_16.mpd,/videos/BigBuckBunny-2160.avi
5787,0.99254,0.16758,0.9984,51.3251,0.99962,0.90091,0.99449,0.9975,0.99851,99.08011,0.39,0.23,0.2,0.48,52.2,54.44,55.14,51.33,0.995,0.997,0.997,0.995,/tmpdir/crf_16.mpd,/videos/BigBuckBunny-2160.avi
5788,0.99207,0.16758,0.99834,51.18546,0.99959,0.89892,0.99442,0.99753,0.99857,98.9954,0.4,0.24,0.2,0.49,52.08,54.41,55.11,51.19,0.995,0.997,0.997,0.995,/tmpdir/crf_16.mpd,/videos/BigBuckBunny-2160.avi
5789,0.99332,0.15723,0.99845,51.44478,0.99965,0.90254,0.99577,0.99821,0.999,99.2726,0.38,0.23,0.2,0.47,52.32,54.56,55.2,51.44,0.995,0.997,0.997,0.995,/tmpdir/crf_16.mpd,/videos/BigBuckBunny-2160.avi
5790,0.99132,0.15723,0.9983,50.99282,0.99959,0.89507,0.99375,0.99716,0.99832,98.81851,0.42,0.24,0.2,0.52,51.92,54.36,55.09,50.99,0.995,0.997,0.997,0.994,/tmpdir/crf_16.mpd,/videos/BigBuckBunny-2160.avi
5791,0.99201,0.45167,0.99831,51.06524,0.9996,0.89579,0.99369,0.99713,0.99829,99.07597,0.41,0.24,0.2,0.51,51.97,54.33,55.04,51.07,0.995,0.997,0.997,0.994,/tmpdir/crf_16.mpd,/videos/BigBuckBunny-2160.avi
5792,0.99068,0.56485,0.9982,50.7955,0.99956,0.89118,0.99294,0.99682,0.99812,98.85984,0.44,0.25,0.21,0.54,51.73,54.2,54.94,50.8,0.995,0.997,0.997,0.994,/tmpdir/crf_16.mpd,/videos/BigBuckBunny-2160.avi
5793,0.99253,0.63416,0.99834,51.09265,0.99964,0.89628,0.99534,0.99809,0.99897,99.32715,0.41,0.24,0.2,0.51,52.0,54.41,55.08,51.09,0.995,0.997,0.997,0.994,/tmpdir/crf_16.mpd,/videos/BigBuckBunny-2160.avi
5794,0.99103,0.70708,0.99812,50.63621,0.99955,0.88803,0.99263,0.9967,0.99807,98.97258,0.45,0.25,0.21,0.56,51.6,54.21,54.94,50.64,0.995,0.997,0.997,0.994,/tmpdir/crf_16.mpd,/videos/BigBuckBunny-2160.avi
5795,0.99208,1.41516,0.9982,50.8434,0.99959,0.88983,0.99321,0.99703,0.99826,99.52764,0.43,0.24,0.21,0.54,51.78,54.27,54.99,50.84,0.995,0.997,0.997,0.994,/tmpdir/crf_16.mpd,/videos/BigBuckBunny-2160.avi
5796,0.99128,1.41516,0.99809,50.63621,0.99954,0.88613,0.99211,0.99657,0.99804,99.34896,0.45,0.25,0.21,0.56,51.59,54.15,54.87,50.64,0.995,0.997,0.997,0.994,/tmpdir/crf_16.mpd,/videos/BigBuckBunny-2160.avi
5797,0.9934,1.62083,0.99845,51.4994,0.99966,0.90078,0.99517,0.99799,0.9989,99.96357,0.38,0.22,0.19,0.46,52.37,54.63,55.26,51.5,0.995,0.997,0.997,0.995,/tmpdir/crf_16.mpd,/videos/BigBuckBunny-2160.avi
5798,0.99162,1.62083,0.99812,50.69162,0.99954,0.88707,0.99207,0.99651,0.99797,99.50736,0.45,0.25,0.21,0.55,51.64,54.21,54.89,50.69,0.995,0.997,0.997,0.994,/tmpdir/crf_16.mpd,/videos/BigBuckBunny-2160.avi
5799,0.99243,1.15002,0.99822,50.85453,0.99959,0.88887,0.99315,0.99699,0.99825,99.45681,0.43,0.24,0.21,0.53,51.8,54.37,55.01,50.85,0.995,0.997,0.997,0.994,/tmpdir/crf_16.mpd,/videos/BigBuckBunny-2160.avi
5800,0.99117,1.05829,0.9982,50.84179,0.99956,0.89013,0.99246,0.99659,0.99799,99.16293,0.43,0.24,0.2,0.54,51.79,54.34,55.05,50.84,0.995,0.997,0.997,0.994,/tmpdir/crf_16.mpd,/videos/BigBuckBunny-2160.avi
5801,0.99501,0.55932,0.99865,52.05316,0.9997,0.91001,0.99656,0.99858,0.99922,99.80826,0.34,0.21,0.19,0.41,52.86,54.88,55.44,52.05,0.996,0.997,0.997,0.995,/tmpdir/crf_16.mpd,/videos/BigBuckBunny-2160.avi
5802,0.99241,0.55932,0.99832,51.17121,0.99959,0.89657,0.99381,0.99727,0.99841,99.21158,0.4,0.23,0.2,0.5,52.09,54.52,55.22,51.17,0.995,0.997,0.997,0.995,/tmpdir/crf_16.mpd,/videos/BigBuckBunny-2160.avi
5803,0.99268,0.50416,0.99836,51.28115,0.9996,0.89792,0.99389,0.99719,0.99829,99.22719,0.39,0.23,0.2,0.48,52.18,54.53,55.23,51.28,0.995,0.997,0.997,0.995,/tmpdir/crf_16.mpd,/videos/BigBuckBunny-2160.avi
5804,0.99203,0.50416,0.99831,51.16378,0.99958,0.89661,0.99386,0.99728,0.99841,99.11956,0.4,0.23,0.2,0.5,52.07,54.42,55.16,51.16,0.995,0.997,0.997,0.994,/tmpdir/crf_16.mpd,/videos/BigBuckBunny-2160.avi
5805,0.99501,0.44344,0.99858,51.85422,0.99968,0.90732,0.99657,0.99862,0.99924,99.74806,0.35,0.22,0.19,0.42,52.68,54.75,55.35,51.85,0.996,0.997,0.997,0.995,/tmpdir/crf_16.mpd,/videos/BigBuckBunny-2160.avi
5806,0.99229,0.44344,0.99835,51.27531,0.99959,0.89832,0.99412,0.99742,0.99846,99.14936,0.4,0.23,0.2,0.48,52.16,54.45,55.17,51.28,0.995,0.997,0.997,0.995,/tmpdir/crf_16.mpd,/videos/BigBuckBunny-2160.avi
5807,0.99285,0.3686,0.9984,51.37768,0.99961,0.89961,0.99439,0.99748,0.99851,99.22335,0.39,0.23,0.2,0.47,52.26,54.54,55.21,51.38,0.995,0.997,0.997,0.995,/tmpdir/crf_16.mpd,/videos/BigBuckBunny-2160.avi
5808,0.99231,0.3686,0.99835,51.26852,0.99959,0.89849,0.99425,0.99745,0.99854,99.12456,0.4,0.23,0.2,0.49,52.16,54.47,55.15,51.27,0.995,0.997,0.997,0.995,/tmpdir/crf_16.mpd,/videos/BigBuckBunny-2160.avi
5809,0.99523,0.29669,0.99861,51.9542,0.99969,0.90905,0.99672,0.9987,0.99929,99.72887,0.34,0.22,0.19,0.41,52.76,54.75,55.34,51.95,0.996,0.997,0.997,0.995,/tmpdir/crf_16.mpd,/videos/BigBuckBunny-2160.avi
5810,0.993,0.29669,0.9984,51.40126,0.9996,0.90061,0.99461,0.9976,0.99858,99.22681,0.39,0.23,0.2,0.47,52.27,54.51,55.17,51.4,0.995,0.997,0.997,0.995,/tmpdir/crf_16.mpd,/videos/BigBuckBunny-2160.avi
5811,0.99302,0.23501,0.99841,51.28014,0.99962,0.89769,0.99462,0.99763,0.99861,99.19648,0.39,0.23,0.2,0.48,52.18,54.55,55.2,51.28,0.995,0.997,0.997,0.995,/tmpdir/crf_16.mpd,/videos/BigBuckBunny-2160.avi
5812,0.99237,0.23501,0.99837,51.13267,0.9996,0.89551,0.99451,0.9976,0.99862,99.07428,0.41,0.23,0.2,0.5,52.05,54.46,55.16,51.13,0.995,0.997,0.997,0.994,/tmpdir/crf_16.mpd,/videos/BigBuckBunny-2160.avi
5813,0.99527,0.19677,0.99859,51.89247,0.99968,0.90755,0.99662,0.99863,0.99924,99.68123,0.35,0.22,0.19,0.42,52.71,54.74,55.33,51.89,0.996,0.997,0.997,0.995,/tmpdir/crf_16.mpd,/videos/BigBuckBunny-2160.avi
5814,0.99304,0.19677,0.99842,51.40108,0.9996,0.90038,0.99481,0.9977,0.99861,99.19208,0.38,0.23,0.2,0.47,52.28,54.55,55.2,51.4,0.996,0.997,0.997,0.995,/tmpdir/crf_16.mpd,/videos/BigBuckBunny-2160.avi
5815,0.99282,0.18126,0.99845,51.415,0.99962,0.90025,0.99468,0.9976,0.99852,99.13691,0.38,0.23,0.19,0.47,52.3,54.57,55.24,51.41,0.996,0.997,0.997,0.995,/tmpdir/crf_16.mpd,/videos/BigBuckBunny-2160.avi
5816,0.99273,0.18126,0.99841,51.34711,0.99961,0.89929,0.99477,0.99775,0.99871,99.13524,0.39,0.23,0.2,0.48,52.23,54.53,55.21,51.35,0.995,0.997,0.997,0.995,/tmpdir/crf_16.mpd,/videos/BigBuckBunny-2160.avi
5817,0.99518,0.1807,0.9986,51.91957,0.99969,0.90797,0.99655,0.99857,0.9992,99.6549,0.35,0.22,0.19,0.42,52.73,54.73,55.33,51.92,0.996,0.997,0.997,0.995,/tmpdir/crf_16.mpd,/videos/BigBuckBunny-2160.avi
5818,0.99291,0.1807,0.99844,51.40571,0.99961,0.9002,0.99488,0.99775,0.9987,99.1689,0.38,0.23,0.2,0.47,52.28,54.53,55.2,51.41,0.996,0.997,0.997,0.995,/tmpdir/crf_16.mpd,/videos/BigBuckBunny-2160.avi
5819,0.99334,0.19057,0.99846,51.45739,0.99963,0.90073,0.99473,0.99764,0.99861,99.24197,0.38,0.23,0.2,0.46,52.33,54.54,55.23,51.46,0.996,0.997,0.997,0.995,/tmpdir/crf_16.mpd,/videos/BigBuckBunny-2160.avi
5820,0.9928,0.19057,0.9984,51.33565,0.9996,0.89922,0.9946,0.99764,0.99862,99.14232,0.39,0.23,0.2,0.48,52.22,54.48,55.18,51.34,0.995,0.997,0.997,0.995,/tmpdir/crf_16.mpd,/videos/BigBuckBunny-2160.avi
5821,0.99521,0.18855,0.99859,51.89506,0.99968,0.90783,0.99646,0.99853,0.99916,99.65959,0.35,0.22,0.19,0.42,52.71,54.72,55.35,51.9,0.996,0.997,0.997,0.995,/tmpdir/crf_16.mpd,/videos/BigBuckBunny-2160.avi
5822,0.9926,0.18855,0.99842,51.38878,0.99961,0.89992,0.99469,0.99771,0.9987,99.1154,0.39,0.23,0.2,0.47,52.26,54.49,55.19,51.39,0.996,0.997,0.997,0.995,/tmpdir/crf_16.mpd,/videos/BigBuckBunny-2160.avi
5823,0.99312,0.19835,0.99843,51.41508,0.99961,0.90034,0.9947,0.99763,0.99858,99.20377,0.38,0.23,0.2,0.47,52.29,54.52,55.22,51.42,0.996,0.997,0.997,0.995,/tmpdir/crf_16.mpd,/videos/BigBuckBunny-2160.avi
5824,0.9926,0.19835,0.99839,51.32409,0.9996,0.89893,0.99464,0.9977,0.99867,99.11527,0.39,0.23,0.2,0.48,52.21,54.45,55.18,51.32,0.995,0.997,0.997,0.995,/tmpdir/crf_16.mpd,/videos/BigBuckBunny-2160.avi
5825,0.99488,0.20929,0.99857,51.8437,0.99968,0.90709,0.99643,0.99853,0.99915,99.60609,0.35,0.22,0.19,0.43,52.67,54.72,55.33,51.84,0.996,0.997,0.997,0.995,/tmpdir/crf_16.mpd,/videos/BigBuckBunny-2160.avi
5826,0.99286,0.20929,0.99839,51.34019,0.9996,0.89921,0.99458,0.99759,0.99856,99.15645,0.39,0.23,0.2,0.48,52.22,54.46,55.16,51.34,0.995,0.997,0.997,0.995,/tmpdir/crf_16.mpd,/videos/BigBuckBunny-2160.avi
5827,0.99277,0.22708,0.99841,51.37609,0.99962,0.89921,0.99451,0.99752,0.99853,99.1444,0.39,0.23,0.2,0.47,52.25,54.47,55.2,51.38,0.995,0.997,0.997,0.995,/tmpdir/crf_16.mpd,/videos/BigBuckBunny-2160.avi
5828,0.99267,0.22708,0.99835,51.24293,0.99959,0.897,0.99429,0.99747,0.99853,99.11857,0.4,0.24,0.2,0.49,52.13,54.41,55.13,51.24,0.995,0.997,0.997,0.995,/tmpdir/crf_16.mpd,/videos/BigBuckBunny-2160.avi
5829,0.99465,0.24747,0.99853,51.71508,0.99967,0.90413,0.99615,0.99841,0.99912,99.56881,0.36,0.22,0.19,0.44,52.55,54.66,55.3,51.72,0.996,0.997,0.997,0.995,/tmpdir/crf_16.mpd,/videos/BigBuckBunny-2160.avi
5830,0.99297,0.24747,0.99841,51.38299,0.99962,0.89818,0.99458,0.99758,0.99859,99.19276,0.39,0.23,0.2,0.47,52.26,54.54,55.21,51.38,0.995,0.997,0.997,0.995,/tmpdir/crf_16.mpd,/videos/BigBuckBunny-2160.avi
5831,0.99249,0.25547,0.99836,51.26415,0.9996,0.89689,0.99438,0.99751,0.99854,99.10067,0.4,0.24,0.2,0.49,52.15,54.4,55.12,51.26,0.995,0.997,0.997,0.995,/tmpdir/crf_16.mpd,/videos/BigBuckBunny-2160.avi
5832,0.99425,0.25547,0.99851,51.66446,0.99967,0.90308,0.99602,0.99832,0.99903,99.48881,0.37,0.22,0.19,0.44,52.51,54.61,55.26,51.66,0.996,0.997,0.997,0.995,/tmpdir/crf_16.mpd,/videos/BigBuckBunny-2160.avi
5833,0.99659,0.24102,0.99905,54.28227,0.99974,0.94161,0.99825,0.99929,0.9996,100.0,0.21,0.14,0.13,0.24,54.99,56.71,57.12,54.28,0.997,0.998,0.998,0.997,/tmpdir/crf_16.mpd,/videos/BigBuckBunny-2160.avi
5834,0.99392,0.24102,0.99865,52.37036,0.99964,0.9179,0.99564,0.99805,0.99886,99.45523,0.3,0.17,0.15,0.38,53.3,55.81,56.47,52.37,0.996,0.998,0.998,0.996,/tmpdir/crf_16.mpd,/videos/BigBuckBunny-2160.avi
5835,0.99356,0.20671,0.99861,52.20113,0.99963,0.91482,0.99529,0.99791,0.99876,99.35468,0.32,0.17,0.15,0.39,53.15,55.73,56.37,52.2,0.996,0.998,0.998,0.996,/tmpdir/crf_16.mpd,/videos/BigBuckBunny-2160.avi
5836,0.9933,0.20671,0.99855,51.99335,0.99962,0.91151,0.995,0.99779,0.99868,99.28721,0.33,0.18,0.15,0.41,52.95,55.56,56.24,51.99,0.996,0.997,0.998,0.995,/tmpdir/crf_16.mpd,/videos/BigBuckBunny-2160.avi
5837,0.9948,0.15658,0.99869,52.3727,0.99968,0.91626,0.99656,0.99855,0.99915,99.5999,0.31,0.17,0.15,0.38,53.29,55.72,56.35,52.37,0.996,0.998,0.998,0.996,/tmpdir/crf_16.mpd,/videos/BigBuckBunny-2160.avi
5838,0.99298,0.15658,0.99852,51.77864,0.99962,0.90829,0.99505,0.99783,0.99873,99.20194,0.35,0.19,0.16,0.43,52.75,55.4,56.11,51.78,0.996,0.997,0.998,0.995,/tmpdir/crf_16.mpd,/videos/BigBuckBunny-2160.avi
5839,0.99222,0.11861,0.99847,51.3532,0.99963,0.89806,0.9947,0.99761,0.99859,98.99989,0.38,0.19,0.16,0.48,52.37,55.27,56.06,51.35,0.996,0.997,0.998,0.995,/tmpdir/crf_16.mpd,/videos/BigBuckBunny-2160.avi
5840,0.99093,0.11861,0.99839,50.93711,0.99962,0.88674,0.99458,0.99765,0.99861,98.73859,0.41,0.2,0.16,0.52,52.01,55.17,56.0,50.94,0.995,0.997,0.998,0.994,/tmpdir/crf_16.mpd,/videos/BigBuckBunny-2160.avi
5841,0.99338,0.12936,0.9986,51.74879,0.99968,0.90266,0.99616,0.99842,0.99912,99.28476,0.35,0.19,0.16,0.43,52.72,55.39,56.1,51.75,0.996,0.997,0.998,0.995,/tmpdir/crf_16.mpd,/videos/BigBuckBunny-2160.avi
5842,0.99307,0.12936,0.99844,51.3822,0.99961,0.90113,0.99479,0.99773,0.99867,99.17409,0.38,0.2,0.16,0.47,52.38,55.17,55.96,51.38,0.996,0.997,0.998,0.995,/tmpdir/crf_16.mpd,/videos/BigBuckBunny-2160.avi
5843,0.99313,0.21999,0.99846,51.51657,0.99961,0.90475,0.9943,0.99739,0.99841,99.21166,0.37,0.2,0.17,0.46,52.49,55.14,55.94,51.52,0.996,0.997,0.998,0.995,/tmpdir/crf_16.mpd,/videos/BigBuckBunny-2160.avi
5844,0.9926,0.29797,0.9984,51.49427,0.99959,0.90442,0.99395,0.99725,0.99831,99.14237,0.37,0.21,0.17,0.46,52.45,54.99,55.8,51.49,0.996,0.997,0.998,0.995,/tmpdir/crf_16.mpd,/videos/BigBuckBunny-2160.avi
5845,0.99409,0.5798,0.99856,51.87515,0.99967,0.91036,0.99601,0.99832,0.99906,99.63613,0.34,0.19,0.17,0.42,52.8,55.24,55.94,51.88,0.996,0.997,0.998,0.995,/tmpdir/crf_16.mpd,/videos/BigBuckBunny-2160.avi
5846,0.99216,0.5798,0.99835,51.30161,0.99958,0.90032,0.99339,0.99701,0.99822,99.16865,0.39,0.21,0.18,0.48,52.26,54.81,55.62,51.3,0.996,0.997,0.997,0.995,/tmpdir/crf_16.mpd,/videos/BigBuckBunny-2160.avi
5847,0.99254,0.46796,0.99838,51.37254,0.9996,0.90082,0.99416,0.99739,0.99843,99.21018,0.38,0.21,0.18,0.47,52.32,54.89,55.64,51.37,0.996,0.997,0.997,0.995,/tmpdir/crf_16.mpd,/videos/BigBuckBunny-2160.avi
5848,0.99229,0.46796,0.99833,51.2635,0.99958,0.89913,0.99373,0.99717,0.99829,99.14491,0.39,0.22,0.18,0.49,52.21,54.71,55.56,51.26,0.996,0.997,0.997,0.995,/tmpdir/crf_16.mpd,/videos/BigBuckBunny-2160.avi
5849,0.99441,0.23216,0.99858,51.94529,0.99967,0.91038,0.99654,0.99858,0.9992,99.54908,0.34,0.2,0.17,0.42,52.82,55.06,55.77,51.95,0.996,0.997,0.997,0.995,/tmpdir/crf_16.mpd,/videos/BigBuckBunny-2160.avi
5850,0.99263,0.23216,0.99834,51.25826,0.99958,0.8994,0.99429,0.99756,0.9986,99.12753,0.39,0.22,0.18,0.49,52.21,54.79,55.57,51.26,0.996,0.997,0.997,0.995,/tmpdir/crf_16.mpd,/videos/BigBuckBunny-2160.avi
5851,0.9929,0.29796,0.99837,51.26878,0.99961,0.89923,0.99445,0.99752,0.99853,99.20075,0.39,0.21,0.18,0.49,52.22,54.82,55.55,51.27,0.996,0.997,0.997,0.995,/tmpdir/crf_16.mpd,/videos/BigBuckBunny-2160.avi
5852,0.99246,0.33282,0.99832,51.16952,0.99959,0.89754,0.99407,0.99742,0.99848,99.12727,0.4,0.22,0.19,0.5,52.12,54.7,55.43,51.17,0.995,0.997,0.997,0.995,/tmpdir/crf_16.mpd,/videos/BigBuckBunny-2160.avi
5853,0.9941,0.6082,0.99848,51.60168,0.99966,0.9041,0.99586,0.99832,0.99906,99.63275,0.36,0.21,0.18,0.45,52.52,54.95,55.66,51.6,0.996,0.997,0.997,0.995,/tmpdir/crf_16.mpd,/videos/BigBuckBunny-2160.avi
5854,0.99195,0.6082,0.99827,51.05446,0.99957,0.89474,0.99349,0.99718,0.99833,99.13923,0.41,0.23,0.19,0.51,52.02,54.61,55.4,51.05,0.995,0.997,0.997,0.994,/tmpdir/crf_16.mpd,/videos/BigBuckBunny-2160.avi
5855,0.99229,0.71629,0.99833,51.18452,0.99959,0.89576,0.99375,0.99723,0.99838,99.25912,0.4,0.22,0.19,0.5,52.13,54.67,55.41,51.18,0.995,0.997,0.997,0.995,/tmpdir/crf_16.mpd,/videos/BigBuckBunny-2160.avi
5856,0.99183,0.71629,0.99822,50.95922,0.99956,0.89215,0.9932,0.99705,0.9983,99.15604,0.42,0.23,0.19,0.52,51.91,54.48,55.27,50.96,0.995,0.997,0.997,0.994,/tmpdir/crf_16.mpd,/videos/BigBuckBunny-2160.avi
5857,0.99445,0.66294,0.9985,51.63367,0.99967,0.90318,0.99594,0.99836,0.99909,99.71924,0.36,0.21,0.18,0.45,52.53,54.84,55.54,51.63,0.996,0.997,0.997,0.995,/tmpdir/crf_16.mpd,/videos/BigBuckBunny-2160.avi
5858,0.99174,0.66294,0.99822,50.9486,0.99956,0.89163,0.99342,0.99722,0.99844,99.12768,0.42,0.23,0.19,0.52,51.9,54.47,55.26,50.95,0.995,0.997,0.997,0.994,/tmpdir/crf_16.mpd,/videos/BigBuckBunny-2160.avi
5859,0.9919,0.695,0.9983,51.10564,0.9996,0.89298,0.99365,0.99725,0.99842,99.17466,0.41,0.23,0.19,0.5,52.04,54.51,55.26,51.11,0.995,0.997,0.997,0.994,/tmpdir/crf_16.mpd,/videos/BigBuckBunny-2160.avi
5860,0.99097,0.695,0.99819,50.87018,0.99956,0.88978,0.99309,0.99704,0.99827,98.98484,0.43,0.24,0.2,0.53,51.82,54.35,55.14,50.87,0.995,0.997,0.997,0.994,/tmpdir/crf_16.mpd,/videos/BigBuckBunny-2160.avi
5861,0.99432,0.7667,0.99849,51.53182,0.99967,0.90063,0.99587,0.99831,0.99905,99.73337,0.37,0.22,0.19,0.46,52.41,54.68,55.36,51.53,0.995,0.997,0.997,0.995,/tmpdir/crf_16.mpd,/videos/BigBuckBunny-2160.avi
5862,0.99166,0.7667,0.99818,50.84558,0.99955,0.88897,0.9931,0.99702,0.99824,99.13587,0.43,0.24,0.2,0.54,51.79,54.27,55.08,50.85,0.995,0.997,0.997,0.994,/tmpdir/crf_16.mpd,/videos/BigBuckBunny-2160.avi
5863,0.99263,0.78649,0.99828,51.02987,0.99959,0.89068,0.99346,0.99709,0.99826,99.32559,0.42,0.24,0.2,0.51,51.95,54.37,55.08,51.03,0.995,0.997,0.997,0.994,/tmpdir/crf_16.mpd,/videos/BigBuckBunny-2160.avi
5864,0.9917,0.78649,0.99818,50.82476,0.99955,0.88845,0.993,0.99701,0.99827,99.15168,0.43,0.25,0.21,0.54,51.76,54.21,55.01,50.82,0.995,0.997,0.997,0.994,/tmpdir/crf_16.mpd,/videos/BigBuckBunny-2160.avi
5865,0.99457,0.74178,0.99854,51.64331,0.99968,0.90222,0.99613,0.99847,0.99917,99.78354,0.37,0.23,0.19,0.45,52.48,54.58,55.23,51.64,0.996,0.997,0.997,0.995,/tmpdir/crf_16.mpd,/videos/BigBuckBunny-2160.avi
5866,0.99179,0.74178,0.99822,50.91419,0.99955,0.8895,0.99306,0.99698,0.99827,99.14901,0.43,0.25,0.21,0.53,51.83,54.21,54.99,50.91,0.995,0.997,0.997,0.994,/tmpdir/crf_16.mpd,/videos/BigBuckBunny-2160.avi
5867,0.9922,0.63673,0.9983,51.07251,0.99959,0.89145,0.99343,0.9971,0.99829,99.18351,0.41,0.24,0.2,0.51,51.98,54.33,55.04,51.07,0.995,0.997,0.997,0.994,/tmpdir/crf_16.mpd,/videos/BigBuckBunny-2160.avi
5868,0.99227,0.63673,0.99824,50.93219,0.99956,0.89004,0.99327,0.99709,0.9983,99.19108,0.43,0.25,0.21,0.52,51.84,54.21,54.97,50.93,0.995,0.997,0.997,0.994,/tmpdir/crf_16.mpd,/videos/BigBuckBunny-2160.avi
5869,0.99485,0.49578,0.99858,51.75724,0.99969,0.90414,0.99636,0.99855,0.9992,99.72862,0.36,0.23,0.2,0.43,52.57,54.6,55.19,51.76,0.996,0.997,0.997,0.995,/tmpdir/crf_16.mpd,/videos/BigBuckBunny-2160.avi
5870,0.9928,0.49578,0.9983,51.1062,0.99957,0.89324,0.994,0.99743,0.9985,99.25246,0.41,0.24,0.21,0.5,52.0,54.28,55.0,51.11,0.995,0.997,0.997,0.994,/tmpdir/crf_16.mpd,/videos/BigBuckBunny-2160.avi
5871,0.99311,0.43008,0.99834,51.17983,0.99959,0.89406,0.99395,0.99736,0.99848,99.2745,0.4,0.24,0.2,0.5,52.06,54.34,55.05,51.18,0.995,0.997,0.997,0.994,/tmpdir/crf_16.mpd,/videos/BigBuckBunny-2160.avi
5872,0.99265,0.43008,0.99828,51.05967,0.99958,0.89208,0.9938,0.99738,0.99852,99.19099,0.41,0.24,0.21,0.51,51.95,54.26,54.98,51.06,0.995,0.997,0.997,0.994,/tmpdir/crf_16.mpd,/videos/BigBuckBunny-2160.avi
5873,0.99464,0.39678,0.99855,51.69163,0.99968,0.90299,0.99637,0.99858,0.99921,99.64217,0.36,0.23,0.2,0.44,52.52,54.58,55.16,51.69,0.996,0.997,0.997,0.995,/tmpdir/crf_16.mpd,/videos/BigBuckBunny-2160.avi
5874,0.99245,0.39678,0.99832,51.14726,0.99958,0.89359,0.99397,0.99743,0.99855,99.14693,0.41,0.24,0.21,0.5,52.02,54.26,54.98,51.15,0.995,0.997,0.997,0.994,/tmpdir/crf_16.mpd,/videos/BigBuckBunny-2160.avi
5875,0.99275,0.36139,0.99834,51.1826,0.9996,0.89392,0.99404,0.99743,0.99852,99.18409,0.4,0.24,0.2,0.5,52.07,54.36,55.03,51.18,0.995,0.997,0.997,0.994,/tmpdir/crf_16.mpd,/videos/BigBuckBunny-2160.avi
5876,0.99286,0.36139,0.99831,51.11411,0.99958,0.89306,0.99413,0.99758,0.99865,99.21261,0.41,0.24,0.21,0.5,52.0,54.27,54.95,51.11,0.995,0.997,0.997,0.994,/tmpdir/crf_16.mpd,/videos/BigBuckBunny-2160.avi
5877,0.99472,0.31849,0.99855,51.68159,0.99968,0.90236,0.99642,0.99862,0.99927,99.6236,0.37,0.23,0.2,0.44,52.5,54.56,55.12,51.68,0.996,0.997,0.997,0.995,/tmpdir/crf_16.mpd,/videos/BigBuckBunny-2160.avi
5878,0.99285,0.31849,0.99834,51.17415,0.99959,0.89387,0.99435,0.99759,0.99863,99.19374,0.41,0.25,0.21,0.5,52.04,54.24,54.96,51.17,0.995,0.997,0.997,0.994,/tmpdir/crf_16.mpd,/videos/BigBuckBunny-2160.avi
5879,0.99278,0.2773,0.99836,51.23698,0.9996,0.89462,0.99418,0.99745,0.99851,99.15185,0.4,0.24,0.21,0.49,52.11,54.33,55.01,51.24,0.995,0.997,0.997,0.995,/tmpdir/crf_16.mpd,/videos/BigBuckBunny-2160.avi
5880,0.99261,0.2773,0.99833,51.12213,0.99959,0.89296,0.99409,0.99741,0.99847,99.11206,0.41,0.24,0.21,0.5,52.0,54.27,54.96,51.12,0.995,0.997,0.997,0.994,/tmpdir/crf_16.mpd,/videos/BigBuckBunny-2160.avi
5881,0.99433,0.22844,0.99855,51.64148,0.99968,0.90122,0.99633,0.99857,0.99924,99.50527,0.37,0.23,0.2,0.45,52.46,54.55,55.09,51.64,0.995,0.997,0.997,0.995,/tmpdir/crf_16.mpd,/videos/BigBuckBunny-2160.avi
5882,0.99255,0.22844,0.99835,51.15416,0.99959,0.89396,0.99441,0.99761,0.99864,99.09982,0.41,0.24,0.21,0.5,52.03,54.3,54.97,51.15,0.995,0.997,0.997,0.994,/tmpdir/crf_16.mpd,/videos/BigBuckBunny-2160.avi
5883,0.99281,0.17775,0.99835,51.01421,0.9996,0.89075,0.99444,0.99764,0.99866,99.11379,0.42,0.24,0.21,0.51,51.92,54.31,54.98,51.01,0.995,0.997,0.997,0.994,/tmpdir/crf_16.mpd,/videos/BigBuckBunny-2160.avi
5884,0.99208,0.17775,0.99831,50.89618,0.99959,0.88832,0.99426,0.99758,0.99864,98.9736,0.43,0.24,0.21,0.53,51.82,54.28,54.97,50.9,0.995,0.997,0.997,0.994,/tmpdir/crf_16.mpd,/videos/BigBuckBunny-2160.avi
5885,0.9938,0.14109,0.99848,51.28972,0.99967,0.89338,0.99598,0.99841,0.99913,99.33554,0.4,0.24,0.2,0.48,52.16,54.41,55.03,51.29,0.995,0.997,0.997,0.994,/tmpdir/crf_16.mpd,/videos/BigBuckBunny-2160.avi
5886,0.99058,0.14109,0.99827,50.56161,0.99961,0.87921,0.99422,0.99758,0.99862,98.66288,0.46,0.25,0.21,0.57,51.54,54.22,54.95,50.56,0.995,0.997,0.997,0.994,/tmpdir/crf_16.mpd,/videos/BigBuckBunny-2160.avi
5887,0.99234,0.15762,0.99827,50.68713,0.9996,0.88144,0.99425,0.99761,0.99867,98.99223,0.45,0.24,0.21,0.56,51.64,54.24,54.98,50.69,0.995,0.997,0.997,0.994,/tmpdir/crf_16.mpd,/videos/BigBuckBunny-2160.avi
5888,0.99263,0.15762,0.99829,50.9376,0.99958,0.89111,0.99426,0.99756,0.99861,99.06903,0.42,0.24,0.21,0.52,51.86,54.26,55.0,50.94,0.995,0.997,0.997,0.994,/tmpdir/crf_16.mpd,/videos/BigBuckBunny-2160.avi
5889,0.99375,0.18785,0.9984,51.26413,0.99964,0.89668,0.99529,0.99803,0.99891,99.33258,0.4,0.23,0.2,0.49,52.15,54.43,55.09,51.26,0.995,0.997,0.997,0.994,/tmpdir/crf_16.mpd,/videos/BigBuckBunny-2160.avi
5890,0.99246,0.18785,0.99826,50.96183,0.99957,0.89092,0.99408,0.99752,0.99861,99.05115,0.42,0.25,0.21,0.52,51.87,54.21,54.95,50.96,0.995,0.997,0.997,0.994,/tmpdir/crf_16.mpd,/videos/BigBuckBunny-2160.avi
5891,0.99243,0.29896,0.99826,50.88754,0.99959,0.88947,0.99381,0.99734,0.9985,99.07983,0.43,0.25,0.21,0.53,51.8,54.19,54.93,50.89,0.995,0.997,0.997,0.994,/tmpdir/crf_16.mpd,/videos/BigBuckBunny-2160.avi
5892,0.99243,0.72137,0.99811,50.67578,0.99954,0.88662,0.99191,0.99646,0.99798,99.21048,0.45,0.26,0.21,0.56,51.6,54.02,54.82,50.68,0.995,0.996,0.997,0.994,/tmpdir/crf_16.mpd,/videos/BigBuckBunny-2160.avi
5893,0.99306,2.38415,0.99829,51.10866,0.99963,0.89504,0.99343,0.99729,0.99855,100.0,0.41,0.24,0.2,0.5,52.01,54.33,55.08,51.11,0.995,0.997,0.997,0.994,/tmpdir/crf_16.mpd,/videos/BigBuckBunny-2160.avi
5894,0.99068,2.43773,0.998,50.42139,0.99951,0.88251,0.99082,0.996,0.99766,99.70724,0.48,0.27,0.22,0.59,51.35,53.76,54.65,50.42,0.995,0.996,0.997,0.994,/tmpdir/crf_16.mpd,/videos/BigBuckBunny-2160.avi
5895,0.99133,2.50025,0.99811,50.31095,0.99961,0.87406,0.99259,0.99695,0.9983,99.90248,0.49,0.29,0.23,0.61,51.23,53.51,54.53,50.31,0.994,0.996,0.997,0.993,/tmpdir/crf_16.mpd,/videos/BigBuckBunny-2160.avi
5896,0.99051,2.50025,0.99793,50.13617,0.99954,0.87785,0.9907,0.996,0.99774,99.70386,0.51,0.3,0.23,0.63,51.07,53.42,54.52,50.14,0.994,0.996,0.997,0.993,/tmpdir/crf_16.mpd,/videos/BigBuckBunny-2160.avi
5897,0.99597,10.61081,0.99864,53.1424,0.99962,0.93282,0.99447,0.99727,0.99831,100.0,0.27,0.17,0.16,0.32,53.89,55.75,56.17,53.14,0.997,0.998,0.998,0.996,/tmpdir/crf_16.mpd,/videos/BigBuckBunny-2160.avi
5898,0.99613,12.39015,0.99866,53.14732,0.99962,0.93269,0.99472,0.99744,0.99843,100.0,0.27,0.19,0.17,0.32,53.82,55.4,55.82,53.15,0.997,0.997,0.998,0.996,/tmpdir/crf_16.mpd,/videos/BigBuckBunny-2160.avi
5899,0.99571,14.63827,0.99861,52.67265,0.99965,0.92157,0.99407,0.99725,0.9984,100.0,0.3,0.21,0.19,0.35,53.34,54.93,55.24,52.67,0.996,0.997,0.997,0.996,/tmpdir/crf_16.mpd,/videos/BigBuckBunny-2160.avi
5900,0.99539,14.63827,0.99868,52.26285,0.99973,0.91689,0.9935,0.99701,0.99836,100.0,0.33,0.23,0.21,0.39,52.92,54.44,54.81,52.26,0.996,0.997,0.997,0.996,/tmpdir/crf_16.mpd,/videos/BigBuckBunny-2160.avi
5901,0.99546,12.7301,0.9987,52.17271,0.99975,0.91597,0.99349,0.99709,0.99845,100.0,0.34,0.25,0.22,0.39,52.8,54.2,54.63,52.17,0.996,0.997,0.997,0.996,/tmpdir/crf_16.mpd,/videos/BigBuckBunny-2160.avi
5902,0.99568,9.74739,0.99863,52.13654,0.99971,0.91661,0.99379,0.99723,0.9985,100.0,0.35,0.25,0.23,0.4,52.74,54.09,54.48,52.14,0.996,0.997,0.997,0.996,/tmpdir/crf_16.mpd,/videos/BigBuckBunny-2160.avi
5903,0.99585,4.64463,0.99861,52.24301,0.99967,0.91917,0.99432,0.99748,0.99864,100.0,0.34,0.26,0.23,0.39,52.8,53.94,54.47,52.24,0.996,0.996,0.997,0.996,/tmpdir/crf_16.mpd,/videos/BigBuckBunny-2160.avi
5904,0.99586,4.64463,0.99862,52.22899,0.99967,0.9177,0.99411,0.99737,0.99856,100.0,0.34,0.27,0.24,0.39,52.77,53.82,54.4,52.23,0.996,0.996,0.997,0.996,/tmpdir/crf_16.mpd,/videos/BigBuckBunny-2160.avi
5905,0.99599,2.26569,0.99871,52.52203,0.99969,0.92135,0.99463,0.99757,0.99866,100.0,0.33,0.27,0.24,0.36,53.0,53.9,54.39,52.52,0.996,0.996,0.997,0.996,/tmpdir/crf_16.mpd,/videos/BigBuckBunny-2160.avi
5906,0.99607,2.26569,0.99871,52.47876,0.99969,0.92088,0.99483,0.99772,0.9988,100.0,0.33,0.27,0.24,0.37,52.95,53.84,54.33,52.48,0.996,0.996,0.997,0.996,/tmpdir/crf_16.mpd,/videos/BigBuckBunny-2160.avi
5907,0.99601,0.51455,0.99869,52.42938,0.99968,0.91978,0.99446,0.9975,0.99866,99.92862,0.33,0.28,0.24,0.37,52.88,53.68,54.28,52.43,0.996,0.996,0.997,0.996,/tmpdir/crf_16.mpd,/videos/BigBuckBunny-2160.avi
5908,0.99605,0.04701,0.9987,52.45099,0.99968,0.92046,0.99457,0.99757,0.99871,99.72929,0.33,0.28,0.24,0.37,52.91,53.72,54.32,52.45,0.996,0.996,0.997,0.996,/tmpdir/crf_16.mpd,/videos/BigBuckBunny-2160.avi
5909,0.99598,0.03126,0.99869,52.42954,0.99968,0.9199,0.99447,0.99751,0.99865,99.70184,0.33,0.28,0.24,0.37,52.89,53.71,54.33,52.43,0.996,0.996,0.997,0.996,/tmpdir/crf_16.mpd,/videos/BigBuckBunny-2160.avi
5910,0.996,0.03126,0.99869,52.37679,0.99969,0.91928,0.99459,0.99761,0.99873,99.71091,0.34,0.27,0.24,0.38,52.86,53.74,54.32,52.38,0.996,0.996,0.997,0.996,/tmpdir/crf_16.mpd,/videos/BigBuckBunny-2160.avi
5911,0.99587,0.02958,0.99868,52.39127,0.99968,0.91954,0.99442,0.99752,0.99865,99.68051,0.34,0.28,0.24,0.37,52.86,53.7,54.31,52.39,0.996,0.996,0.997,0.996,/tmpdir/crf_16.mpd,/videos/BigBuckBunny-2160.avi
5912,0.99584,0.02958,0.99868,52.35373,0.99968,0.91929,0.99432,0.99745,0.99861,99.66988,0.34,0.28,0.24,0.38,52.83,53.69,54.29,52.35,0.996,0.996,0.997,0.996,/tmpdir/crf_16.mpd,/videos/BigBuckBunny-2160.avi
5913,0.99578,0.02535,0.99867,52.31368,0.99967,0.91856,0.99416,0.99737,0.99856,99.65007,0.34,0.28,0.24,0.38,52.8,53.68,54.28,52.31,0.996,0.996,0.997,0.996,/tmpdir/crf_16.mpd,/videos/BigBuckBunny-2160.avi
5914,0.99577,0.02535,0.99865,52.24024,0.99968,0.91764,0.9941,0.99735,0.99856,99.64425,0.35,0.28,0.24,0.39,52.75,53.7,54.27,52.24,0.996,0.996,0.997,0.996,/tmpdir/crf_16.mpd,/videos/BigBuckBunny-2160.avi
5915,0.9958,0.04113,0.99864,52.18371,0.99967,0.91729,0.99385,0.9972,0.99846,99.64449,0.35,0.28,0.24,0.39,52.7,53.7,54.27,52.18,0.996,0.996,0.997,0.996,/tmpdir/crf_16.mpd,/videos/BigBuckBunny-2160.avi
5916,0.99758,1.44161,0.99907,48.93354,0.9997,0.914,0.99633,0.99842,0.99916,100.0,0.74,0.58,0.53,0.83,49.44,50.47,50.86,48.93,0.995,0.994,0.993,0.996,/tmpdir/crf_16.mpd,/videos/BigBuckBunny-2160.avi
5917,0.99631,1.31801,0.9988,47.56897,0.9996,0.8949,0.99226,0.99631,0.99794,100.0,0.97,0.69,0.59,1.14,48.25,49.72,50.43,47.57,0.995,0.993,0.993,0.995,/tmpdir/crf_16.mpd,/videos/BigBuckBunny-2160.avi
5918,0.9947,1.31801,0.9987,46.58068,0.99957,0.87861,0.99018,0.99543,0.99757,99.82266,1.18,0.77,0.62,1.43,47.4,49.29,50.24,46.58,0.994,0.993,0.993,0.995,/tmpdir/crf_16.mpd,/videos/BigBuckBunny-2160.avi
5919,0.99318,1.47502,0.99856,45.91413,0.99955,0.86701,0.98947,0.99521,0.99748,99.58841,1.37,0.89,0.68,1.67,46.76,48.62,49.84,45.91,0.994,0.992,0.992,0.994,/tmpdir/crf_16.mpd,/videos/BigBuckBunny-2160.avi
5920,0.99548,1.47502,0.9987,46.7586,0.99962,0.87606,0.99288,0.99687,0.99834,100.0,1.17,0.87,0.67,1.37,47.45,48.75,49.86,46.76,0.994,0.992,0.992,0.995,/tmpdir/crf_16.mpd,/videos/BigBuckBunny-2160.avi
5921,0.98956,2.146,0.99825,44.35761,0.99949,0.83543,0.98532,0.99327,0.9965,99.1024,1.97,1.38,0.87,2.38,45.2,46.73,48.71,44.36,0.992,0.988,0.99,0.993,/tmpdir/crf_16.mpd,/videos/BigBuckBunny-2160.avi
5922,0.99026,2.146,0.99824,44.25344,0.99949,0.83173,0.98506,0.99299,0.99615,99.18936,2.03,1.46,0.93,2.44,45.06,46.47,48.43,44.25,0.991,0.988,0.989,0.993,/tmpdir/crf_16.mpd,/videos/BigBuckBunny-2160.avi
5923,0.98871,2.40452,0.99812,43.97603,0.99946,0.82582,0.98323,0.99198,0.99552,98.97169,2.17,1.57,1.02,2.6,44.77,46.17,48.05,43.98,0.991,0.987,0.989,0.992,/tmpdir/crf_16.mpd,/videos/BigBuckBunny-2160.avi
5924,0.99472,2.40452,0.9985,46.01178,0.99959,0.85988,0.99106,0.99593,0.99775,100.0,1.42,1.13,0.88,1.63,46.6,47.59,48.68,46.01,0.992,0.99,0.99,0.994,/tmpdir/crf_16.mpd,/videos/BigBuckBunny-2160.avi
5925,0.98865,3.00696,0.99804,43.70981,0.99944,0.82026,0.98191,0.99127,0.99513,99.23067,2.36,1.91,1.18,2.77,44.4,45.31,47.4,43.71,0.99,0.984,0.987,0.992,/tmpdir/crf_16.mpd,/videos/BigBuckBunny-2160.avi
5926,0.99036,3.00696,0.99814,44.12219,0.99947,0.82595,0.98394,0.99235,0.9957,99.60887,2.19,1.87,1.19,2.52,44.73,45.42,47.38,44.12,0.99,0.985,0.987,0.992,/tmpdir/crf_16.mpd,/videos/BigBuckBunny-2160.avi
5927,0.98801,2.97455,0.99798,43.56214,0.99945,0.81462,0.98176,0.99137,0.9952,99.09979,2.43,1.94,1.21,2.86,44.27,45.25,47.29,43.56,0.99,0.984,0.987,0.992,/tmpdir/crf_16.mpd,/videos/BigBuckBunny-2160.avi
5928,0.99413,2.97455,0.99842,45.72894,0.99958,0.85288,0.99039,0.99563,0.99757,100.0,1.53,1.25,0.98,1.74,46.28,47.15,48.23,45.73,0.992,0.989,0.989,0.993,/tmpdir/crf_16.mpd,/videos/BigBuckBunny-2160.avi
5929,0.98846,3.65663,0.99791,43.40587,0.99942,0.81083,0.98057,0.99066,0.99486,99.51048,2.58,2.23,1.36,2.97,44.02,44.64,46.8,43.41,0.989,0.982,0.986,0.991,/tmpdir/crf_16.mpd,/videos/BigBuckBunny-2160.avi
5930,0.99008,3.65663,0.99803,43.87098,0.99947,0.81878,0.98296,0.9919,0.99549,99.88098,2.34,2.02,1.34,2.67,44.44,45.09,46.86,43.87,0.989,0.984,0.986,0.992,/tmpdir/crf_16.mpd,/videos/BigBuckBunny-2160.avi
5931,0.98822,3.64073,0.99784,43.31194,0.99942,0.80725,0.98002,0.99046,0.99467,99.43742,2.61,2.16,1.36,3.03,43.97,44.8,46.8,43.31,0.989,0.982,0.985,0.991,/tmpdir/crf_16.mpd,/videos/BigBuckBunny-2160.avi
5932,0.99381,3.64073,0.99829,45.31566,0.99956,0.84307,0.98942,0.99524,0.99736,100.0,1.69,1.39,1.09,1.91,45.85,46.69,47.74,45.32,0.991,0.987,0.988,0.993,/tmpdir/crf_16.mpd,/videos/BigBuckBunny-2160.avi
5933,0.98824,4.30581,0.99778,43.10241,0.99941,0.80267,0.97917,0.99004,0.9945,99.79426,2.79,2.46,1.54,3.18,43.68,44.23,46.27,43.1,0.988,0.98,0.984,0.991,/tmpdir/crf_16.mpd,/videos/BigBuckBunny-2160.avi
5934,0.98924,4.30581,0.99793,43.65013,0.99945,0.81254,0.98208,0.99154,0.99537,100.0,2.48,2.17,1.47,2.81,44.19,44.77,46.46,43.65,0.989,0.982,0.984,0.992,/tmpdir/crf_16.mpd,/videos/BigBuckBunny-2160.avi
5935,0.98797,3.87264,0.99775,43.02654,0.99943,0.79954,0.97936,0.99034,0.9948,99.52121,2.8,2.34,1.51,3.24,43.66,44.44,46.35,43.03,0.988,0.981,0.984,0.991,/tmpdir/crf_16.mpd,/videos/BigBuckBunny-2160.avi
5936,0.99345,3.87264,0.99819,44.98344,0.99955,0.83456,0.98862,0.99491,0.99722,100.0,1.84,1.53,1.23,2.06,45.49,46.28,47.22,44.98,0.99,0.986,0.986,0.992,/tmpdir/crf_16.mpd,/videos/BigBuckBunny-2160.avi
5937,0.98827,4.04453,0.9977,42.92364,0.99942,0.79624,0.9787,0.98996,0.99446,99.63914,2.91,2.55,1.64,3.32,43.49,44.07,45.98,42.92,0.987,0.979,0.983,0.991,/tmpdir/crf_16.mpd,/videos/BigBuckBunny-2160.avi
5938,0.98903,4.04453,0.99787,43.55804,0.99946,0.80866,0.9823,0.99173,0.99549,99.89591,2.57,2.33,1.6,2.87,44.04,44.45,46.1,43.56,0.988,0.981,0.983,0.991,/tmpdir/crf_16.mpd,/videos/BigBuckBunny-2160.avi
5939,0.98769,3.76093,0.99763,42.72343,0.99941,0.79079,0.9782,0.98977,0.99447,99.36425,3.02,2.57,1.68,3.47,43.32,44.03,45.87,42.72,0.987,0.979,0.982,0.99,/tmpdir/crf_16.mpd,/videos/BigBuckBunny-2160.avi
5940,0.99255,3.76093,0.99806,44.40781,0.99953,0.82192,0.98708,0.99424,0.99684,100.0,2.1,1.76,1.41,2.36,44.91,45.67,46.65,44.41,0.989,0.984,0.984,0.992,/tmpdir/crf_16.mpd,/videos/BigBuckBunny-2160.avi
5941,0.9961,3.53103,0.99882,47.16638,0.99965,0.88275,0.9942,0.99746,0.99864,100.0,1.11,0.87,0.79,1.25,47.68,48.71,49.14,47.17,0.994,0.992,0.991,0.995,/tmpdir/crf_16.mpd,/videos/BigBuckBunny-2160.avi
5942,0.98799,3.53103,0.99792,43.01171,0.99946,0.80574,0.98049,0.99089,0.99503,99.36792,2.66,1.8,1.16,3.25,43.88,45.59,47.48,43.01,0.99,0.985,0.988,0.991,/tmpdir/crf_16.mpd,/videos/BigBuckBunny-2160.avi
5943,0.98892,3.00057,0.99798,43.56566,0.99947,0.81315,0.98273,0.99197,0.99562,99.31585,2.42,1.86,1.2,2.86,44.3,45.43,47.35,43.57,0.99,0.985,0.987,0.991,/tmpdir/crf_16.mpd,/videos/BigBuckBunny-2160.avi
5944,0.98815,3.00057,0.99779,42.94909,0.99943,0.79994,0.97906,0.99021,0.99464,99.05319,2.78,2.18,1.3,3.3,43.69,44.74,46.98,42.95,0.989,0.982,0.986,0.991,/tmpdir/crf_16.mpd,/videos/BigBuckBunny-2160.avi
5945,0.99171,2.92584,0.99802,44.01287,0.99951,0.81544,0.98525,0.99332,0.99634,99.85462,2.15,1.49,1.08,2.58,44.81,46.41,47.79,44.01,0.99,0.987,0.988,0.991,/tmpdir/crf_16.mpd,/videos/BigBuckBunny-2160.avi
5946,0.98722,2.92584,0.99766,42.67628,0.99941,0.79079,0.97808,0.98972,0.99431,98.80294,2.98,2.4,1.42,3.51,43.39,44.33,46.62,42.68,0.988,0.98,0.985,0.99,/tmpdir/crf_16.mpd,/videos/BigBuckBunny-2160.avi
5947,0.98806,2.83603,0.99769,42.95633,0.99943,0.79396,0.97929,0.99038,0.9947,98.94927,2.81,2.29,1.41,3.29,43.64,44.53,46.65,42.96,0.988,0.981,0.985,0.99,/tmpdir/crf_16.mpd,/videos/BigBuckBunny-2160.avi
5948,0.98698,2.83603,0.99751,42.4099,0.99939,0.78194,0.97645,0.98902,0.99404,98.66696,3.2,2.72,1.55,3.73,43.08,43.79,46.24,42.41,0.987,0.978,0.984,0.99,/tmpdir/crf_16.mpd,/videos/BigBuckBunny-2160.avi
5949,0.98916,2.45355,0.9976,42.97063,0.99944,0.78938,0.98012,0.99087,0.99492,98.95732,2.75,2.05,1.33,3.28,43.74,45.01,46.88,42.97,0.988,0.983,0.985,0.99,/tmpdir/crf_16.mpd,/videos/BigBuckBunny-2160.avi
5950,0.98755,2.45355,0.99733,42.41655,0.99937,0.77535,0.97596,0.98872,0.99364,98.51929,3.15,2.46,1.51,3.73,43.15,44.22,46.35,42.42,0.986,0.979,0.984,0.989,/tmpdir/crf_16.mpd,/videos/BigBuckBunny-2160.avi
5951,0.99672,4.89598,0.99898,48.61779,0.99992,0.89534,0.99454,0.99766,0.99877,100.0,0.79,0.6,0.55,0.89,49.16,50.34,50.71,48.62,0.994,0.994,0.993,0.994,/tmpdir/crf_16.mpd,/videos/BigBuckBunny-2160.avi
5952,0.99367,4.89598,0.99867,47.26711,0.99982,0.87514,0.98842,0.99448,0.99687,100.0,1.05,0.77,0.65,1.22,47.92,49.26,50.02,47.27,0.993,0.993,0.993,0.994,/tmpdir/crf_16.mpd,/videos/BigBuckBunny-2160.avi
5953,0.99225,3.41813,0.99851,46.9844,0.99979,0.86668,0.98666,0.99351,0.99632,100.0,1.15,0.94,0.73,1.3,47.54,48.41,49.49,46.98,0.993,0.992,0.992,0.993,/tmpdir/crf_16.mpd,/videos/BigBuckBunny-2160.avi
5954,0.99155,3.41813,0.99842,46.79377,0.99976,0.86318,0.98529,0.99293,0.99606,100.0,1.2,1.02,0.77,1.36,47.32,48.05,49.28,46.79,0.993,0.992,0.992,0.993,/tmpdir/crf_16.mpd,/videos/BigBuckBunny-2160.avi
5955,0.99596,3.93752,0.99865,47.78129,0.99984,0.87807,0.99155,0.99621,0.99792,100.0,0.95,0.75,0.63,1.08,48.34,49.4,50.13,47.78,0.993,0.993,0.993,0.994,/tmpdir/crf_16.mpd,/videos/BigBuckBunny-2160.avi
5956,0.9914,3.93752,0.99835,46.73297,0.99974,0.86149,0.98525,0.99279,0.99589,100.0,1.22,1.01,0.77,1.38,47.28,48.08,49.24,46.73,0.992,0.992,0.992,0.993,/tmpdir/crf_16.mpd,/videos/BigBuckBunny-2160.avi
5957,0.99191,3.88439,0.99837,46.92757,0.99976,0.86261,0.98621,0.99333,0.99622,100.0,1.19,1.07,0.8,1.32,47.37,47.84,49.09,46.93,0.992,0.991,0.991,0.993,/tmpdir/crf_16.mpd,/videos/BigBuckBunny-2160.avi
5958,0.99101,3.79117,0.99822,46.44985,0.99973,0.85432,0.98441,0.99244,0.99574,100.0,1.31,1.16,0.84,1.47,46.94,47.5,48.9,46.45,0.992,0.991,0.991,0.992,/tmpdir/crf_16.mpd,/videos/BigBuckBunny-2160.avi
5959,0.99628,3.06756,0.99841,47.18525,0.99984,0.86464,0.99189,0.9966,0.99816,100.0,1.07,0.79,0.66,1.24,47.83,49.13,49.91,47.19,0.992,0.993,0.992,0.992,/tmpdir/crf_16.mpd,/videos/BigBuckBunny-2160.avi
5960,0.9898,3.06756,0.99811,46.21485,0.99971,0.84723,0.98322,0.99175,0.99527,99.53554,1.35,1.06,0.8,1.55,46.84,47.87,49.11,46.21,0.992,0.991,0.991,0.992,/tmpdir/crf_16.mpd,/videos/BigBuckBunny-2160.avi
5961,0.99002,5.73634,0.99822,46.63202,0.99972,0.85347,0.9844,0.99224,0.99539,100.0,1.25,1.04,0.8,1.41,47.17,47.95,49.12,46.63,0.992,0.991,0.991,0.992,/tmpdir/crf_16.mpd,/videos/BigBuckBunny-2160.avi
5962,0.98926,5.73634,0.9981,46.34637,0.9997,0.84747,0.98263,0.99139,0.99499,100.0,1.33,1.11,0.83,1.51,46.9,47.67,48.95,46.35,0.992,0.991,0.991,0.992,/tmpdir/crf_16.mpd,/videos/BigBuckBunny-2160.avi
5963,0.99602,4.32775,0.99824,46.86294,0.99981,0.85393,0.99075,0.99615,0.9979,100.0,1.13,0.78,0.66,1.34,47.59,49.2,49.92,46.86,0.992,0.993,0.993,0.992,/tmpdir/crf_16.mpd,/videos/BigBuckBunny-2160.avi
5964,0.98967,4.32775,0.99801,46.35795,0.99971,0.84445,0.98311,0.99174,0.99519,100.0,1.29,0.94,0.75,1.5,47.04,48.38,49.36,46.36,0.992,0.992,0.992,0.992,/tmpdir/crf_16.mpd,/videos/BigBuckBunny-2160.avi
5965,0.99611,7.17594,0.99803,46.73717,0.99978,0.84821,0.98989,0.99595,0.99782,100.0,1.15,0.77,0.64,1.38,47.51,49.28,50.04,46.74,0.992,0.993,0.993,0.991,/tmpdir/crf_16.mpd,/videos/BigBuckBunny-2160.avi
5966,0.98989,7.74545,0.99791,46.53872,0.99971,0.84145,0.98261,0.99154,0.99507,100.0,1.22,0.86,0.67,1.44,47.28,48.78,49.85,46.54,0.992,0.992,0.992,0.991,/tmpdir/crf_16.mpd,/videos/BigBuckBunny-2160.avi
5967,0.9889,6.76155,0.99776,46.57621,0.99966,0.83999,0.98077,0.99054,0.99447,100.0,1.21,0.87,0.68,1.43,47.29,48.72,49.78,46.58,0.991,0.992,0.992,0.991,/tmpdir/crf_16.mpd,/videos/BigBuckBunny-2160.avi
5968,0.99572,6.76155,0.99799,47.12637,0.99977,0.84974,0.99017,0.99605,0.99787,100.0,1.05,0.68,0.57,1.26,47.93,49.81,50.57,47.13,0.992,0.993,0.993,0.991,/tmpdir/crf_16.mpd,/videos/BigBuckBunny-2160.avi
5969,0.98838,5.28764,0.99764,46.72309,0.99963,0.83803,0.97998,0.98992,0.99392,100.0,1.15,0.74,0.6,1.38,47.54,49.43,50.35,46.72,0.991,0.993,0.993,0.99,/tmpdir/crf_16.mpd,/videos/BigBuckBunny-2160.avi
5970,0.99471,5.28764,0.99773,47.00172,0.99972,0.84291,0.98956,0.99605,0.99791,100.0,1.06,0.65,0.54,1.3,47.87,50.01,50.84,47.0,0.991,0.994,0.994,0.99,/tmpdir/crf_16.mpd,/videos/BigBuckBunny-2160.avi
5971,0.99532,10.39751,0.99774,47.21985,0.99971,0.84971,0.98917,0.9959,0.99788,100.0,1.02,0.64,0.53,1.23,48.06,50.07,50.9,47.22,0.992,0.994,0.994,0.99,/tmpdir/crf_16.mpd,/videos/BigBuckBunny-2160.avi
5972,0.99527,10.39751,0.99781,47.40157,0.99972,0.8545,0.98916,0.99591,0.99789,100.0,0.98,0.64,0.53,1.18,48.21,50.09,50.89,47.4,0.992,0.994,0.994,0.991,/tmpdir/crf_16.mpd,/videos/BigBuckBunny-2160.avi
5973,0.99533,6.69905,0.9981,48.11836,0.99978,0.86681,0.99059,0.99644,0.9982,100.0,0.85,0.58,0.51,1.0,48.83,50.47,51.05,48.12,0.992,0.994,0.994,0.992,/tmpdir/crf_16.mpd,/videos/BigBuckBunny-2160.avi
5974,0.99477,6.69905,0.99782,47.79193,0.99976,0.85534,0.9893,0.99611,0.99808,100.0,0.91,0.59,0.51,1.08,48.56,50.4,51.02,47.79,0.992,0.994,0.994,0.991,/tmpdir/crf_16.mpd,/videos/BigBuckBunny-2160.avi
5975,0.99527,8.32991,0.99806,48.37178,0.99977,0.86661,0.99115,0.99699,0.99863,100.0,0.79,0.52,0.46,0.95,49.13,50.98,51.49,48.37,0.992,0.994,0.994,0.992,/tmpdir/crf_16.mpd,/videos/BigBuckBunny-2160.avi
5976,0.99504,8.32991,0.99812,48.65608,0.99976,0.87194,0.99125,0.99695,0.99857,100.0,0.75,0.49,0.44,0.89,49.4,51.2,51.73,48.66,0.993,0.994,0.994,0.992,/tmpdir/crf_16.mpd,/videos/BigBuckBunny-2160.avi
5977,0.98782,6.84073,0.99789,48.38274,0.99963,0.86289,0.98089,0.98963,0.9934,100.0,0.79,0.51,0.43,0.94,49.17,51.04,51.76,48.38,0.993,0.995,0.995,0.992,/tmpdir/crf_16.mpd,/videos/BigBuckBunny-2160.avi
5978,0.98992,6.84073,0.99786,48.32489,0.99967,0.85641,0.9838,0.99195,0.99516,100.0,0.79,0.48,0.41,0.96,49.18,51.34,52.03,48.32,0.992,0.995,0.995,0.991,/tmpdir/crf_16.mpd,/videos/BigBuckBunny-2160.avi
5979,0.98891,4.15872,0.99769,48.08321,0.99961,0.85179,0.98419,0.99195,0.99508,99.98123,0.82,0.47,0.4,1.01,49.0,51.43,52.1,48.08,0.992,0.995,0.995,0.991,/tmpdir/crf_16.mpd,/videos/BigBuckBunny-2160.avi
5980,0.9936,4.15872,0.99824,48.9269,0.99981,0.86237,0.9927,0.99733,0.99872,100.0,0.68,0.41,0.35,0.83,49.8,52.04,52.66,48.93,0.993,0.995,0.995,0.992,/tmpdir/crf_16.mpd,/videos/BigBuckBunny-2160.avi
5981,0.9876,2.86435,0.99755,47.75531,0.9996,0.84095,0.98432,0.99202,0.9951,99.02093,0.87,0.47,0.4,1.09,48.73,51.38,52.14,47.76,0.991,0.995,0.995,0.99,/tmpdir/crf_16.mpd,/videos/BigBuckBunny-2160.avi
5982,0.98916,2.86435,0.99769,47.97406,0.99966,0.84449,0.98704,0.99377,0.99628,99.42717,0.83,0.45,0.38,1.04,48.94,51.59,52.32,47.97,0.992,0.995,0.995,0.99,/tmpdir/crf_16.mpd,/videos/BigBuckBunny-2160.avi
5983,0.98691,2.2023,0.99741,47.55404,0.99956,0.83356,0.98423,0.9919,0.99497,98.52295,0.91,0.47,0.4,1.14,48.56,51.4,52.16,47.55,0.991,0.995,0.995,0.989,/tmpdir/crf_16.mpd,/videos/BigBuckBunny-2160.avi
5984,0.99218,2.2023,0.99784,48.24374,0.99975,0.84237,0.99119,0.99655,0.99822,99.81083,0.78,0.41,0.35,0.97,49.23,52.01,52.67,48.24,0.992,0.995,0.995,0.99,/tmpdir/crf_16.mpd,/videos/BigBuckBunny-2160.avi
5985,0.98695,1.69176,0.99736,47.48861,0.99956,0.82637,0.98402,0.99171,0.99481,98.23505,0.92,0.47,0.39,1.16,48.51,51.37,52.22,47.49,0.991,0.995,0.995,0.989,/tmpdir/crf_16.mpd,/videos/BigBuckBunny-2160.avi
5986,0.98866,1.69176,0.99758,47.80703,0.99966,0.8337,0.98676,0.99338,0.99596,98.67187,0.86,0.45,0.38,1.08,48.81,51.64,52.37,47.81,0.991,0.995,0.995,0.989,/tmpdir/crf_16.mpd,/videos/BigBuckBunny-2160.avi
5987,0.98731,1.61849,0.99738,47.54456,0.99956,0.82778,0.98423,0.99181,0.99488,98.27208,0.9,0.46,0.39,1.14,48.56,51.47,52.24,47.54,0.991,0.995,0.995,0.989,/tmpdir/crf_16.mpd,/videos/BigBuckBunny-2160.avi
5988,0.99145,1.61849,0.99785,48.30704,0.99976,0.84363,0.9907,0.99609,0.99787,99.34915,0.76,0.4,0.35,0.96,49.3,52.15,52.74,48.31,0.992,0.995,0.995,0.99,/tmpdir/crf_16.mpd,/videos/BigBuckBunny-2160.avi
5989,0.98807,2.848,0.9975,47.88637,0.99959,0.83651,0.98435,0.99189,0.99495,99.07343,0.85,0.46,0.38,1.06,48.86,51.54,52.28,47.89,0.991,0.995,0.995,0.989,/tmpdir/crf_16.mpd,/videos/BigBuckBunny-2160.avi
5990,0.98983,3.43507,0.99791,48.60165,0.99969,0.85834,0.98647,0.99307,0.99571,99.82493,0.73,0.43,0.37,0.9,49.49,51.78,52.47,48.6,0.992,0.995,0.995,0.991,/tmpdir/crf_16.mpd,/videos/BigBuckBunny-2160.avi
5991,0.98941,5.11037,0.99797,48.87339,0.99963,0.86872,0.9848,0.99194,0.99492,100.0,0.7,0.44,0.38,0.84,49.68,51.68,52.28,48.87,0.993,0.995,0.995,0.992,/tmpdir/crf_16.mpd,/videos/BigBuckBunny-2160.avi
5992,0.99381,5.11037,0.99837,49.71632,0.99978,0.88187,0.9907,0.99575,0.99759,100.0,0.58,0.36,0.33,0.69,50.5,52.52,52.91,49.72,0.994,0.996,0.996,0.993,/tmpdir/crf_16.mpd,/videos/BigBuckBunny-2160.avi
5993,0.98938,5.06571,0.99808,49.09651,0.99968,0.87384,0.98507,0.99195,0.99493,100.0,0.67,0.44,0.39,0.8,49.86,51.66,52.25,49.1,0.993,0.995,0.995,0.992,/tmpdir/crf_16.mpd,/videos/BigBuckBunny-2160.avi
5994,0.99068,5.06571,0.99834,49.53389,0.99973,0.88647,0.98758,0.99328,0.99571,100.0,0.61,0.42,0.37,0.72,50.26,51.94,52.48,49.53,0.994,0.995,0.995,0.993,/tmpdir/crf_16.mpd,/videos/BigBuckBunny-2160.avi
5995,0.99029,2.35932,0.99797,48.69516,0.99965,0.86955,0.98606,0.99252,0.99523,99.31164,0.72,0.45,0.38,0.88,49.53,51.64,52.28,48.7,0.993,0.995,0.995,0.992,/tmpdir/crf_16.mpd,/videos/BigBuckBunny-2160.avi
5996,0.99447,2.25113,0.99848,49.64861,0.99984,0.87978,0.99259,0.99665,0.99808,100.0,0.59,0.37,0.34,0.71,50.44,52.43,52.87,49.65,0.994,0.996,0.996,0.993,/tmpdir/crf_16.mpd,/videos/BigBuckBunny-2160.avi
5997,0.98942,1.29393,0.99795,48.41913,0.99968,0.85825,0.98686,0.99293,0.99546,98.61575,0.76,0.45,0.39,0.94,49.31,51.62,52.25,48.42,0.992,0.995,0.995,0.991,/tmpdir/crf_16.mpd,/videos/BigBuckBunny-2160.avi
5998,0.99026,1.29393,0.9981,48.67334,0.99973,0.86301,0.9887,0.99403,0.99619,98.85328,0.72,0.42,0.37,0.88,49.55,51.88,52.44,48.67,0.993,0.995,0.995,0.991,/tmpdir/crf_16.mpd,/videos/BigBuckBunny-2160.avi
5999,0.9901,1.32863,0.99808,48.63885,0.99971,0.86263,0.98728,0.99315,0.99568,98.7835,0.73,0.44,0.38,0.89,49.5,51.71,52.31,48.64,0.993,0.995,0.995,0.991,/tmpdir/crf_16.mpd,/videos/BigBuckBunny-2160.avi
6000,0.99406,1.32863,0.99841,49.38757,0.99984,0.87455,0.99288,0.99679,0.99817,99.78234,0.62,0.37,0.34,0.75,50.22,52.39,52.82,49.39,0.993,0.995,0.995,0.992,/tmpdir/crf_16.mpd,/videos/BigBuckBunny-2160.avi
6001,0.98942,1.07665,0.99814,48.74258,0.99971,0.86458,0.98781,0.99346,0.99585,98.56366,0.71,0.44,0.38,0.87,49.59,51.74,52.36,48.74,0.993,0.995,0.995,0.992,/tmpdir/crf_16.mpd,/videos/BigBuckBunny-2160.avi
6002,0.99073,1.07665,0.99822,48.92288,0.99975,0.86767,0.98905,0.99411,0.99617,98.84307,0.68,0.41,0.36,0.83,49.77,51.96,52.55,48.92,0.993,0.995,0.995,0.992,/tmpdir/crf_16.mpd,/videos/BigBuckBunny-2160.avi
6003,0.98995,0.99232,0.99813,48.73876,0.99972,0.86536,0.98799,0.99354,0.99593,98.62593,0.71,0.43,0.37,0.87,49.6,51.83,52.45,48.74,0.993,0.995,0.995,0.991,/tmpdir/crf_16.mpd,/videos/BigBuckBunny-2160.avi
6004,0.99407,0.99232,0.99844,49.44691,0.99985,0.87666,0.99329,0.99699,0.9983,99.63901,0.61,0.37,0.33,0.74,50.29,52.49,52.92,49.45,0.993,0.996,0.996,0.992,/tmpdir/crf_16.mpd,/videos/BigBuckBunny-2160.avi
6005,0.99048,0.95933,0.99816,48.83244,0.99971,0.8666,0.98848,0.99384,0.9961,98.72642,0.7,0.42,0.37,0.85,49.69,51.88,52.46,48.83,0.993,0.995,0.995,0.992,/tmpdir/crf_16.mpd,/videos/BigBuckBunny-2160.avi
6006,0.99123,0.95933,0.99826,49.01819,0.99975,0.87006,0.98966,0.99449,0.99646,98.91097,0.67,0.41,0.36,0.82,49.87,52.06,52.61,49.02,0.993,0.995,0.995,0.992,/tmpdir/crf_16.mpd,/videos/BigBuckBunny-2160.avi
6007,0.99033,0.93555,0.99815,48.79096,0.99971,0.86622,0.98828,0.99368,0.99602,98.67779,0.7,0.42,0.37,0.86,49.66,51.92,52.48,48.79,0.993,0.995,0.995,0.991,/tmpdir/crf_16.mpd,/videos/BigBuckBunny-2160.avi
6008,0.99405,0.93555,0.99841,49.3764,0.99984,0.8752,0.99315,0.99688,0.9982,99.59548,0.62,0.37,0.33,0.75,50.23,52.49,52.93,49.38,0.993,0.996,0.996,0.992,/tmpdir/crf_16.mpd,/videos/BigBuckBunny-2160.avi
6009,0.99006,0.93821,0.99814,48.77323,0.99971,0.86528,0.98821,0.99364,0.99594,98.62178,0.71,0.43,0.37,0.86,49.63,51.84,52.43,48.77,0.993,0.995,0.995,0.991,/tmpdir/crf_16.mpd,/videos/BigBuckBunny-2160.avi
6010,0.99054,0.93821,0.99821,48.90509,0.99975,0.86761,0.98936,0.99433,0.99639,98.76308,0.69,0.41,0.36,0.84,49.77,52.04,52.59,48.91,0.993,0.995,0.995,0.992,/tmpdir/crf_16.mpd,/videos/BigBuckBunny-2160.avi
6011,0.98987,0.98569,0.99806,48.66052,0.9997,0.86288,0.9879,0.99351,0.99591,98.59978,0.72,0.42,0.37,0.89,49.54,51.87,52.44,48.66,0.993,0.995,0.995,0.991,/tmpdir/crf_16.mpd,/videos/BigBuckBunny-2160.avi
6012,0.99321,0.98569,0.9982,48.95391,0.9998,0.86649,0.99221,0.99643,0.99796,99.41857,0.67,0.38,0.34,0.83,49.87,52.39,52.85,48.95,0.993,0.995,0.995,0.991,/tmpdir/crf_16.mpd,/videos/BigBuckBunny-2160.avi
6013,0.99016,1.55652,0.99796,48.51214,0.99969,0.85922,0.98737,0.99325,0.99569,98.90345,0.75,0.44,0.38,0.92,49.4,51.74,52.37,48.51,0.992,0.995,0.995,0.991,/tmpdir/crf_16.mpd,/videos/BigBuckBunny-2160.avi
6014,0.99063,2.04857,0.99808,48.77146,0.99974,0.86587,0.98853,0.994,0.99622,99.30742,0.71,0.42,0.37,0.86,49.64,51.9,52.5,48.77,0.993,0.995,0.995,0.991,/tmpdir/crf_16.mpd,/videos/BigBuckBunny-2160.avi
6015,0.9898,3.17007,0.99802,48.75002,0.99971,0.86844,0.98645,0.9928,0.99543,99.67134,0.72,0.45,0.39,0.87,49.58,51.63,52.27,48.75,0.993,0.995,0.995,0.992,/tmpdir/crf_16.mpd,/videos/BigBuckBunny-2160.avi
6016,0.99323,3.17007,0.99838,49.51147,0.99982,0.88093,0.991,0.99583,0.99757,100.0,0.6,0.38,0.34,0.73,50.32,52.35,52.83,49.51,0.994,0.996,0.996,0.993,/tmpdir/crf_16.mpd,/videos/BigBuckBunny-2160.avi
6017,0.99041,5.3059,0.99822,49.2325,0.99974,0.87863,0.98689,0.993,0.99556,100.0,0.65,0.41,0.36,0.78,50.02,51.95,52.54,49.23,0.993,0.995,0.995,0.992,/tmpdir/crf_16.mpd,/videos/BigBuckBunny-2160.avi
6018,0.98982,5.3059,0.99823,49.16279,0.99973,0.88006,0.9859,0.99251,0.9953,100.0,0.66,0.44,0.39,0.79,49.91,51.67,52.24,49.16,0.993,0.995,0.995,0.993,/tmpdir/crf_16.mpd,/videos/BigBuckBunny-2160.avi
6019,0.99301,8.89643,0.99859,50.10148,0.9998,0.89617,0.99044,0.99533,0.99719,100.0,0.54,0.36,0.33,0.64,50.81,52.52,52.94,50.1,0.994,0.996,0.996,0.994,/tmpdir/crf_16.mpd,/videos/BigBuckBunny-2160.avi
6020,0.98962,9.77145,0.99846,49.73066,0.99972,0.89425,0.98597,0.99225,0.99508,100.0,0.59,0.42,0.37,0.69,50.41,51.94,52.47,49.73,0.994,0.996,0.996,0.994,/tmpdir/crf_16.mpd,/videos/BigBuckBunny-2160.avi
6021,0.99055,7.26317,0.99848,49.82794,0.99975,0.89427,0.98762,0.99333,0.99584,100.0,0.58,0.4,0.35,0.68,50.52,52.11,52.64,49.83,0.994,0.996,0.996,0.994,/tmpdir/crf_16.mpd,/videos/BigBuckBunny-2160.avi
6022,0.98859,5.68395,0.99816,48.95931,0.99971,0.87536,0.98562,0.99238,0.99524,100.0,0.69,0.43,0.37,0.83,49.77,51.75,52.42,48.96,0.993,0.995,0.995,0.992,/tmpdir/crf_16.mpd,/videos/BigBuckBunny-2160.avi
6023,0.99271,3.3429,0.99841,49.35604,0.99983,0.87484,0.99187,0.99635,0.99793,100.0,0.62,0.38,0.33,0.75,50.2,52.32,52.99,49.36,0.993,0.995,0.996,0.992,/tmpdir/crf_16.mpd,/videos/BigBuckBunny-2160.avi
6024,0.98756,3.3429,0.99777,48.0745,0.99965,0.85054,0.98539,0.99243,0.9953,99.31363,0.82,0.46,0.38,1.01,49.02,51.52,52.34,48.07,0.992,0.995,0.995,0.99,/tmpdir/crf_16.mpd,/videos/BigBuckBunny-2160.avi
6025,0.98939,2.20516,0.99795,48.21843,0.99973,0.85139,0.98753,0.9936,0.99605,99.11467,0.79,0.45,0.38,0.98,49.14,51.56,52.36,48.22,0.992,0.995,0.995,0.99,/tmpdir/crf_16.mpd,/videos/BigBuckBunny-2160.avi
6026,0.98768,2.20516,0.99774,47.8835,0.99965,0.84426,0.98567,0.99262,0.99544,98.73063,0.85,0.46,0.38,1.06,48.85,51.48,52.31,47.88,0.992,0.995,0.995,0.99,/tmpdir/crf_16.mpd,/videos/BigBuckBunny-2160.avi
6027,0.99315,1.65944,0.9983,48.96185,0.99983,0.86484,0.99199,0.99638,0.99792,99.73237,0.67,0.4,0.34,0.83,49.85,52.16,52.83,48.96,0.993,0.995,0.996,0.992,/tmpdir/crf_16.mpd,/videos/BigBuckBunny-2160.avi
6028,0.98838,1.65944,0.99779,47.98644,0.99965,0.84694,0.98602,0.99272,0.99543,98.58207,0.83,0.45,0.38,1.03,48.96,51.6,52.38,47.99,0.992,0.995,0.995,0.99,/tmpdir/crf_16.mpd,/videos/BigBuckBunny-2160.avi
6029,0.98981,1.42368,0.99798,48.26688,0.99972,0.85198,0.98767,0.99369,0.99608,98.79594,0.78,0.45,0.38,0.97,49.19,51.62,52.38,48.27,0.992,0.995,0.995,0.991,/tmpdir/crf_16.mpd,/videos/BigBuckBunny-2160.avi
6030,0.98876,1.42368,0.99782,48.02545,0.99965,0.84769,0.98606,0.99279,0.99556,98.54075,0.82,0.46,0.38,1.02,48.97,51.48,52.29,48.03,0.992,0.995,0.995,0.99,/tmpdir/crf_16.mpd,/videos/BigBuckBunny-2160.avi
6031,0.99333,1.20606,0.99834,48.95882,0.99984,0.86548,0.99211,0.99646,0.99802,99.54954,0.67,0.4,0.34,0.83,49.84,52.1,52.8,48.96,0.993,0.995,0.995,0.992,/tmpdir/crf_16.mpd,/videos/BigBuckBunny-2160.avi
6032,0.9884,1.20606,0.99789,48.11506,0.99967,0.849,0.98644,0.9929,0.99558,98.37622,0.81,0.45,0.37,1.0,49.07,51.6,52.41,48.12,0.992,0.995,0.995,0.99,/tmpdir/crf_16.mpd,/videos/BigBuckBunny-2160.avi
6033,0.98972,1.0407,0.99796,48.17913,0.99972,0.84951,0.98781,0.99375,0.9961,98.58655,0.8,0.45,0.37,0.99,49.12,51.62,52.41,48.18,0.992,0.995,0.995,0.99,/tmpdir/crf_16.mpd,/videos/BigBuckBunny-2160.avi
6034,0.98884,1.0407,0.99788,48.06012,0.99967,0.84782,0.98638,0.9929,0.9956,98.37081,0.82,0.46,0.38,1.02,49.01,51.55,52.34,48.06,0.992,0.995,0.995,0.99,/tmpdir/crf_16.mpd,/videos/BigBuckBunny-2160.avi
6035,0.99253,1.06075,0.99824,48.68683,0.99983,0.85917,0.9919,0.9964,0.99801,99.31797,0.71,0.41,0.35,0.88,49.61,52.04,52.75,48.69,0.992,0.995,0.995,0.991,/tmpdir/crf_16.mpd,/videos/BigBuckBunny-2160.avi
6036,0.98832,1.06075,0.99793,48.07478,0.99969,0.84786,0.98679,0.99313,0.9957,98.30285,0.81,0.46,0.37,1.01,49.03,51.55,52.4,48.07,0.992,0.995,0.995,0.99,/tmpdir/crf_16.mpd,/videos/BigBuckBunny-2160.avi
6037,0.9893,1.0713,0.99799,48.1991,0.99971,0.84972,0.98792,0.99381,0.99616,98.53385,0.79,0.45,0.37,0.98,49.14,51.6,52.41,48.2,0.992,0.995,0.995,0.991,/tmpdir/crf_16.mpd,/videos/BigBuckBunny-2160.avi
6038,0.98856,1.0713,0.99791,48.09121,0.99967,0.84879,0.98667,0.99309,0.99568,98.34927,0.81,0.46,0.38,1.01,49.03,51.49,52.33,48.09,0.992,0.995,0.995,0.99,/tmpdir/crf_16.mpd,/videos/BigBuckBunny-2160.avi
6039,0.99302,1.02132,0.99823,48.69228,0.99983,0.85974,0.99188,0.99634,0.99792,99.38002,0.71,0.41,0.34,0.88,49.61,52.06,52.76,48.69,0.992,0.995,0.995,0.991,/tmpdir/crf_16.mpd,/videos/BigBuckBunny-2160.avi
6040,0.98902,1.02132,0.99792,48.12403,0.99968,0.84912,0.98711,0.99332,0.99578,98.42076,0.81,0.46,0.38,1.0,49.07,51.55,52.38,48.12,0.992,0.995,0.995,0.99,/tmpdir/crf_16.mpd,/videos/BigBuckBunny-2160.avi
6041,0.9896,0.88,0.99798,48.23639,0.99972,0.85008,0.98825,0.99402,0.99624,98.50532,0.79,0.45,0.38,0.98,49.17,51.62,52.38,48.24,0.992,0.995,0.995,0.99,/tmpdir/crf_16.mpd,/videos/BigBuckBunny-2160.avi
6042,0.98855,0.88,0.99786,48.02177,0.99968,0.84546,0.98693,0.99333,0.99586,98.26516,0.82,0.46,0.38,1.03,48.97,51.51,52.3,48.02,0.992,0.995,0.995,0.99,/tmpdir/crf_16.mpd,/videos/BigBuckBunny-2160.avi
6043,0.9919,1.14872,0.99804,48.27961,0.9998,0.85017,0.99097,0.99591,0.99762,99.18911,0.77,0.42,0.35,0.97,49.25,51.93,52.66,48.28,0.992,0.995,0.995,0.99,/tmpdir/crf_16.mpd,/videos/BigBuckBunny-2160.avi
6044,0.98888,1.94334,0.99782,47.972,0.99969,0.84476,0.98668,0.9932,0.9958,98.84685,0.83,0.45,0.37,1.04,48.94,51.57,52.39,47.97,0.992,0.995,0.995,0.99,/tmpdir/crf_16.mpd,/videos/BigBuckBunny-2160.avi
6045,0.9898,6.039,0.99786,48.06921,0.99971,0.84642,0.98735,0.99365,0.99613,100.0,0.81,0.45,0.37,1.01,49.03,51.63,52.46,48.07,0.992,0.995,0.995,0.99,/tmpdir/crf_16.mpd,/videos/BigBuckBunny-2160.avi
6046,0.98985,6.63496,0.99803,48.61914,0.99971,0.86312,0.98633,0.99302,0.99577,100.0,0.73,0.44,0.37,0.89,49.5,51.71,52.51,48.62,0.993,0.995,0.995,0.991,/tmpdir/crf_16.mpd,/videos/BigBuckBunny-2160.avi
6047,0.99121,5.03109,0.99836,49.39894,0.99981,0.87416,0.99054,0.9955,0.99739,100.0,0.61,0.37,0.33,0.75,50.25,52.45,52.94,49.4,0.993,0.996,0.996,0.992,/tmpdir/crf_16.mpd,/videos/BigBuckBunny-2160.avi
6048,0.98992,5.03109,0.9981,48.83919,0.99977,0.86102,0.99014,0.99544,0.99739,100.0,0.69,0.38,0.34,0.85,49.77,52.29,52.86,48.84,0.993,0.995,0.996,0.991,/tmpdir/crf_16.mpd,/videos/BigBuckBunny-2160.avi
6049,0.99447,2.24917,0.99903,51.03558,0.99992,0.90831,0.99609,0.99829,0.99903,100.0,0.43,0.27,0.24,0.51,51.83,53.84,54.33,51.04,0.995,0.997,0.997,0.994,/tmpdir/crf_16.mpd,/videos/BigBuckBunny-2160.avi
6050,0.98864,2.24917,0.99823,48.85979,0.99973,0.86954,0.98956,0.99474,0.99681,99.12544,0.67,0.36,0.3,0.85,49.85,52.62,53.33,48.86,0.993,0.996,0.996,0.992,/tmpdir/crf_16.mpd,/videos/BigBuckBunny-2160.avi
6051,0.99014,2.47657,0.99821,48.88004,0.99976,0.86803,0.99018,0.99509,0.99706,99.53174,0.67,0.37,0.31,0.84,49.85,52.49,53.25,48.88,0.993,0.996,0.996,0.991,/tmpdir/crf_16.mpd,/videos/BigBuckBunny-2160.avi
6052,0.9884,2.47657,0.998,48.51141,0.99969,0.86063,0.98886,0.99449,0.99674,99.1705,0.73,0.39,0.32,0.92,49.5,52.27,53.05,48.51,0.993,0.996,0.996,0.991,/tmpdir/crf_16.mpd,/videos/BigBuckBunny-2160.avi
6053,0.99158,1.65772,0.9983,49.05126,0.99982,0.86919,0.99227,0.99652,0.99802,99.47357,0.65,0.35,0.3,0.81,50.03,52.73,53.43,49.05,0.993,0.996,0.996,0.991,/tmpdir/crf_16.mpd,/videos/BigBuckBunny-2160.avi
6054,0.98829,1.65772,0.99789,48.25189,0.9997,0.85489,0.98852,0.99438,0.99671,98.71125,0.77,0.39,0.32,0.97,49.28,52.19,53.04,48.25,0.992,0.996,0.996,0.99,/tmpdir/crf_16.mpd,/videos/BigBuckBunny-2160.avi
6055,0.98998,3.76044,0.99828,49.23044,0.99976,0.87907,0.98899,0.99452,0.99675,100.0,0.63,0.37,0.31,0.78,50.12,52.41,53.17,49.23,0.993,0.996,0.996,0.992,/tmpdir/crf_16.mpd,/videos/BigBuckBunny-2160.avi
6056,0.98904,4.92761,0.9983,49.31321,0.99974,0.88319,0.9882,0.99403,0.99647,100.0,0.63,0.39,0.32,0.76,50.17,52.25,53.07,49.31,0.994,0.996,0.996,0.993,/tmpdir/crf_16.mpd,/videos/BigBuckBunny-2160.avi
6057,0.99218,6.69301,0.99863,50.281,0.99981,0.89712,0.9915,0.99596,0.99767,100.0,0.51,0.32,0.28,0.61,51.08,53.02,53.66,50.28,0.995,0.996,0.996,0.994,/tmpdir/crf_16.mpd,/videos/BigBuckBunny-2160.avi
6058,0.99117,6.69301,0.99853,50.19617,0.99977,0.90011,0.98923,0.99437,0.99653,100.0,0.52,0.34,0.3,0.62,50.97,52.81,53.4,50.2,0.995,0.996,0.996,0.994,/tmpdir/crf_16.mpd,/videos/BigBuckBunny-2160.avi
6059,0.99064,8.84179,0.99848,50.11286,0.99975,0.89857,0.98874,0.99424,0.99662,100.0,0.53,0.35,0.31,0.63,50.87,52.68,53.2,50.11,0.994,0.996,0.996,0.994,/tmpdir/crf_16.mpd,/videos/BigBuckBunny-2160.avi
6060,0.99224,8.84179,0.99871,50.69221,0.99982,0.90512,0.9912,0.99562,0.99742,100.0,0.47,0.31,0.29,0.55,51.41,53.15,53.52,50.69,0.995,0.996,0.996,0.994,/tmpdir/crf_16.mpd,/videos/BigBuckBunny-2160.avi
6061,0.99038,9.80263,0.9986,50.33911,0.99977,0.90035,0.98905,0.99422,0.99642,100.0,0.51,0.34,0.31,0.6,51.06,52.81,53.2,50.34,0.995,0.996,0.996,0.994,/tmpdir/crf_16.mpd,/videos/BigBuckBunny-2160.avi
6062,0.99081,10.98025,0.9986,50.28763,0.99976,0.90157,0.98872,0.99409,0.99637,100.0,0.52,0.36,0.33,0.61,50.97,52.56,52.98,50.29,0.995,0.996,0.996,0.994,/tmpdir/crf_16.mpd,/videos/BigBuckBunny-2160.avi
6063,0.99293,9.72518,0.99874,50.48195,0.99984,0.9009,0.99137,0.99584,0.99758,100.0,0.5,0.35,0.32,0.58,51.15,52.7,53.12,50.48,0.995,0.996,0.996,0.994,/tmpdir/crf_16.mpd,/videos/BigBuckBunny-2160.avi
6064,0.98999,9.30802,0.99838,49.51543,0.99977,0.88617,0.9883,0.99412,0.99654,100.0,0.61,0.4,0.35,0.73,50.27,52.06,52.68,49.52,0.994,0.995,0.996,0.993,/tmpdir/crf_16.mpd,/videos/BigBuckBunny-2160.avi
6065,0.99064,9.30802,0.99851,49.84242,0.99979,0.89429,0.98913,0.99445,0.99666,100.0,0.57,0.4,0.35,0.67,50.55,52.14,52.73,49.84,0.994,0.996,0.996,0.994,/tmpdir/crf_16.mpd,/videos/BigBuckBunny-2160.avi
6066,0.99145,9.57295,0.99851,49.86141,0.99977,0.89644,0.98864,0.99411,0.99644,100.0,0.57,0.4,0.35,0.67,50.55,52.08,52.69,49.86,0.994,0.996,0.996,0.994,/tmpdir/crf_16.mpd,/videos/BigBuckBunny-2160.avi
6067,0.99237,7.26773,0.99877,50.72874,0.99984,0.90686,0.99211,0.99619,0.99776,100.0,0.47,0.33,0.3,0.55,51.4,52.94,53.42,50.73,0.995,0.996,0.996,0.994,/tmpdir/crf_16.mpd,/videos/BigBuckBunny-2160.avi
6068,0.99083,7.12473,0.9985,50.03453,0.99976,0.89985,0.9899,0.99486,0.99689,100.0,0.55,0.37,0.32,0.65,50.76,52.41,53.04,50.03,0.994,0.996,0.996,0.994,/tmpdir/crf_16.mpd,/videos/BigBuckBunny-2160.avi
6069,0.99112,5.37424,0.99849,49.92549,0.99978,0.89724,0.99019,0.99501,0.99698,100.0,0.56,0.37,0.32,0.66,50.68,52.5,53.03,49.93,0.994,0.996,0.996,0.993,/tmpdir/crf_16.mpd,/videos/BigBuckBunny-2160.avi
6070,0.9903,5.01597,0.99828,49.4039,0.99973,0.8882,0.98963,0.99479,0.99683,100.0,0.62,0.38,0.33,0.75,50.24,52.35,52.95,49.4,0.994,0.996,0.996,0.993,/tmpdir/crf_16.mpd,/videos/BigBuckBunny-2160.avi
6071,0.99303,2.80483,0.99863,50.1126,0.99986,0.89114,0.99321,0.99686,0.9982,100.0,0.53,0.33,0.3,0.63,50.91,52.91,53.4,50.11,0.994,0.996,0.996,0.993,/tmpdir/crf_16.mpd,/videos/BigBuckBunny-2160.avi
6072,0.99049,2.80483,0.99812,48.81805,0.99972,0.8656,0.98983,0.99493,0.99696,99.74905,0.69,0.38,0.33,0.85,49.76,52.31,52.95,48.82,0.993,0.996,0.996,0.991,/tmpdir/crf_16.mpd,/videos/BigBuckBunny-2160.avi
6073,0.99158,2.03068,0.99823,48.95013,0.99976,0.86992,0.99072,0.99536,0.99722,99.58063,0.67,0.38,0.33,0.83,49.87,52.38,52.96,48.95,0.993,0.996,0.996,0.992,/tmpdir/crf_16.mpd,/videos/BigBuckBunny-2160.avi
6074,0.9902,1.41263,0.99823,48.94683,0.99974,0.8697,0.99026,0.99515,0.99709,99.00999,0.67,0.38,0.33,0.83,49.87,52.35,52.98,48.95,0.993,0.996,0.996,0.992,/tmpdir/crf_16.mpd,/videos/BigBuckBunny-2160.avi
6075,0.99332,1.1253,0.99858,49.72216,0.99986,0.88257,0.99342,0.997,0.99829,99.58733,0.57,0.35,0.31,0.69,50.56,52.72,53.24,49.72,0.994,0.996,0.996,0.993,/tmpdir/crf_16.mpd,/videos/BigBuckBunny-2160.avi
6076,0.99086,1.1253,0.99827,48.97145,0.99975,0.8703,0.99044,0.99523,0.99715,98.99283,0.67,0.38,0.33,0.82,49.88,52.32,52.95,48.97,0.993,0.996,0.996,0.992,/tmpdir/crf_16.mpd,/videos/BigBuckBunny-2160.avi
6077,0.99106,1.25532,0.99834,49.10347,0.99977,0.87223,0.99102,0.99551,0.99727,99.11152,0.65,0.38,0.33,0.8,49.99,52.34,52.96,49.1,0.993,0.996,0.996,0.992,/tmpdir/crf_16.mpd,/videos/BigBuckBunny-2160.avi
6078,0.99037,1.25532,0.99823,48.87908,0.99974,0.86795,0.99022,0.99514,0.99705,98.95524,0.68,0.39,0.33,0.84,49.8,52.23,52.92,48.88,0.993,0.996,0.996,0.992,/tmpdir/crf_16.mpd,/videos/BigBuckBunny-2160.avi
6079,0.99336,1.25412,0.99846,49.44337,0.99984,0.87683,0.99329,0.99697,0.9983,99.64121,0.6,0.36,0.31,0.74,50.32,52.6,53.17,49.44,0.993,0.996,0.996,0.992,/tmpdir/crf_16.mpd,/videos/BigBuckBunny-2160.avi
6080,0.99051,1.25412,0.9982,48.79811,0.99973,0.86564,0.99016,0.99508,0.99703,98.96994,0.69,0.39,0.33,0.86,49.73,52.21,52.89,48.8,0.993,0.996,0.996,0.991,/tmpdir/crf_16.mpd,/videos/BigBuckBunny-2160.avi
6081,0.99181,1.22266,0.99831,49.00285,0.99977,0.86966,0.991,0.99549,0.99722,99.21815,0.67,0.39,0.33,0.82,49.9,52.25,52.89,49.0,0.993,0.996,0.996,0.992,/tmpdir/crf_16.mpd,/videos/BigBuckBunny-2160.avi
6082,0.99131,1.22266,0.99821,48.82187,0.99974,0.86631,0.99026,0.99518,0.99708,99.10367,0.69,0.4,0.34,0.85,49.74,52.14,52.85,48.82,0.993,0.995,0.996,0.992,/tmpdir/crf_16.mpd,/videos/BigBuckBunny-2160.avi
6083,0.99318,1.38262,0.99847,49.39701,0.99985,0.87732,0.99333,0.99699,0.9983,99.6743,0.61,0.37,0.32,0.75,50.26,52.49,53.09,49.4,0.993,0.996,0.996,0.992,/tmpdir/crf_16.mpd,/videos/BigBuckBunny-2160.avi
6084,0.99064,1.38262,0.99822,48.85082,0.99973,0.86797,0.99037,0.99517,0.99707,99.06747,0.69,0.4,0.34,0.85,49.76,52.16,52.85,48.85,0.993,0.996,0.996,0.992,/tmpdir/crf_16.mpd,/videos/BigBuckBunny-2160.avi
6085,0.99176,1.45692,0.99831,49.01927,0.99977,0.87079,0.99125,0.9957,0.9974,99.34591,0.66,0.39,0.33,0.81,49.91,52.26,52.89,49.02,0.993,0.996,0.996,0.992,/tmpdir/crf_16.mpd,/videos/BigBuckBunny-2160.avi
6086,0.99061,1.45692,0.99821,48.85402,0.99973,0.86781,0.99051,0.99532,0.99719,99.10986,0.69,0.39,0.34,0.85,49.77,52.2,52.87,48.85,0.993,0.996,0.996,0.992,/tmpdir/crf_16.mpd,/videos/BigBuckBunny-2160.avi
6087,0.9935,1.01211,0.99844,49.35335,0.99984,0.87583,0.99342,0.99698,0.99825,99.54124,0.62,0.36,0.32,0.75,50.24,52.61,53.12,49.35,0.993,0.996,0.996,0.992,/tmpdir/crf_16.mpd,/videos/BigBuckBunny-2160.avi
6088,0.99079,1.01211,0.9982,48.84195,0.99975,0.86741,0.99095,0.99554,0.99729,98.93448,0.68,0.38,0.33,0.85,49.78,52.32,52.95,48.84,0.993,0.996,0.996,0.991,/tmpdir/crf_16.mpd,/videos/BigBuckBunny-2160.avi
6089,0.99178,1.04252,0.99821,48.84597,0.99977,0.86767,0.99137,0.9957,0.99735,99.1351,0.68,0.38,0.33,0.85,49.78,52.34,52.95,48.85,0.993,0.996,0.996,0.991,/tmpdir/crf_16.mpd,/videos/BigBuckBunny-2160.avi
6090,0.99122,1.18664,0.99807,48.64511,0.99971,0.86615,0.99023,0.99518,0.99709,99.06942,0.71,0.39,0.33,0.89,49.6,52.24,52.88,48.65,0.993,0.995,0.996,0.991,/tmpdir/crf_16.mpd,/videos/BigBuckBunny-2160.avi
6091,0.99274,3.70048,0.99838,49.49104,0.99982,0.88089,0.99224,0.99646,0.99796,100.0,0.6,0.36,0.31,0.73,50.35,52.58,53.16,49.49,0.993,0.996,0.996,0.992,/tmpdir/crf_16.mpd,/videos/BigBuckBunny-2160.avi
6092,0.99076,3.71107,0.9982,49.17515,0.99975,0.87754,0.9902,0.9952,0.99714,100.0,0.64,0.39,0.33,0.79,50.04,52.25,52.93,49.18,0.993,0.996,0.996,0.992,/tmpdir/crf_16.mpd,/videos/BigBuckBunny-2160.avi
6093,0.99171,3.66846,0.99833,49.3689,0.99979,0.88013,0.99084,0.99548,0.99726,100.0,0.62,0.38,0.33,0.75,50.21,52.35,52.93,49.37,0.993,0.996,0.996,0.992,/tmpdir/crf_16.mpd,/videos/BigBuckBunny-2160.avi
6094,0.99122,3.66846,0.99832,49.4646,0.99976,0.88711,0.98989,0.99502,0.99699,100.0,0.61,0.38,0.33,0.74,50.28,52.34,52.92,49.46,0.994,0.996,0.996,0.993,/tmpdir/crf_16.mpd,/videos/BigBuckBunny-2160.avi
6095,0.9926,4.95318,0.99864,50.19209,0.99985,0.89593,0.99239,0.99653,0.99804,100.0,0.52,0.34,0.3,0.62,50.96,52.84,53.32,50.19,0.994,0.996,0.996,0.994,/tmpdir/crf_16.mpd,/videos/BigBuckBunny-2160.avi
6096,0.99126,4.95318,0.99833,49.4429,0.99977,0.88532,0.99003,0.99517,0.99709,100.0,0.61,0.37,0.33,0.74,50.28,52.43,53.0,49.44,0.994,0.996,0.996,0.993,/tmpdir/crf_16.mpd,/videos/BigBuckBunny-2160.avi
6097,0.9923,2.71534,0.99825,49.07731,0.99978,0.87177,0.99096,0.99565,0.99743,100.0,0.65,0.37,0.32,0.8,49.99,52.44,53.06,49.08,0.993,0.996,0.996,0.992,/tmpdir/crf_16.mpd,/videos/BigBuckBunny-2160.avi
6098,0.99051,2.71534,0.99816,48.82838,0.99975,0.86496,0.99032,0.99535,0.99723,99.73328,0.68,0.37,0.32,0.85,49.78,52.41,53.03,48.83,0.993,0.996,0.996,0.991,/tmpdir/crf_16.mpd,/videos/BigBuckBunny-2160.avi
6099,0.9938,1.58637,0.99869,50.00708,0.99988,0.88681,0.99408,0.99735,0.99851,99.93423,0.54,0.34,0.3,0.65,50.82,52.87,53.42,50.01,0.994,0.996,0.996,0.993,/tmpdir/crf_16.mpd,/videos/BigBuckBunny-2160.avi
6100,0.99014,1.40997,0.99832,49.04248,0.99976,0.87046,0.99137,0.99575,0.99738,99.03548,0.65,0.36,0.31,0.81,49.98,52.55,53.2,49.04,0.993,0.996,0.996,0.992,/tmpdir/crf_16.mpd,/videos/BigBuckBunny-2160.avi
6101,0.99129,0.9208,0.99837,49.14942,0.99979,0.87186,0.99193,0.99603,0.99759,99.02503,0.64,0.36,0.31,0.79,50.08,52.62,53.22,49.15,0.993,0.996,0.996,0.992,/tmpdir/crf_16.mpd,/videos/BigBuckBunny-2160.avi
6102,0.99039,0.9208,0.9983,49.05979,0.99976,0.87065,0.99176,0.99603,0.99761,98.86346,0.65,0.36,0.31,0.81,50.0,52.56,53.21,49.06,0.993,0.996,0.996,0.992,/tmpdir/crf_16.mpd,/videos/BigBuckBunny-2160.avi
6103,0.99371,0.76386,0.99857,49.70902,0.99986,0.88222,0.99427,0.99744,0.99856,99.51085,0.57,0.34,0.3,0.7,50.57,52.82,53.35,49.71,0.994,0.996,0.996,0.992,/tmpdir/crf_16.mpd,/videos/BigBuckBunny-2160.avi
6104,0.99113,0.76386,0.99834,49.1636,0.99977,0.87188,0.99207,0.99615,0.99767,98.93,0.64,0.36,0.31,0.79,50.09,52.61,53.25,49.16,0.993,0.996,0.996,0.992,/tmpdir/crf_16.mpd,/videos/BigBuckBunny-2160.avi
6105,0.99168,0.60044,0.99839,49.23176,0.9998,0.87307,0.99238,0.99628,0.99771,98.95849,0.63,0.35,0.31,0.78,50.16,52.66,53.28,49.23,0.993,0.996,0.996,0.992,/tmpdir/crf_16.mpd,/videos/BigBuckBunny-2160.avi
6106,0.99148,0.60044,0.99836,49.18168,0.99978,0.8725,0.99216,0.9962,0.99772,98.91862,0.63,0.36,0.31,0.79,50.11,52.58,53.26,49.18,0.993,0.996,0.996,0.992,/tmpdir/crf_16.mpd,/videos/BigBuckBunny-2160.avi
6107,0.99397,0.48056,0.99863,49.77836,0.99987,0.88382,0.99422,0.99737,0.9985,99.42062,0.56,0.34,0.3,0.68,50.63,52.81,53.37,49.78,0.994,0.996,0.996,0.993,/tmpdir/crf_16.mpd,/videos/BigBuckBunny-2160.avi
6108,0.99086,0.48056,0.9984,49.26088,0.99978,0.87418,0.99216,0.99614,0.99764,98.75012,0.62,0.36,0.31,0.77,50.18,52.61,53.27,49.26,0.993,0.996,0.996,0.992,/tmpdir/crf_16.mpd,/videos/BigBuckBunny-2160.avi
6109,0.99208,0.41943,0.99845,49.33385,0.9998,0.8755,0.99242,0.99628,0.99774,98.95254,0.61,0.35,0.31,0.76,50.24,52.66,53.28,49.33,0.993,0.996,0.996,0.992,/tmpdir/crf_16.mpd,/videos/BigBuckBunny-2160.avi
6110,0.99096,0.41943,0.99838,49.20899,0.99978,0.87365,0.99218,0.99616,0.99765,98.73925,0.63,0.36,0.31,0.78,50.13,52.6,53.26,49.21,0.993,0.996,0.996,0.992,/tmpdir/crf_16.mpd,/videos/BigBuckBunny-2160.avi
6111,0.9939,0.37394,0.99858,49.65238,0.99986,0.88157,0.994,0.99725,0.9984,99.34218,0.58,0.34,0.3,0.7,50.52,52.77,53.34,49.65,0.994,0.996,0.996,0.992,/tmpdir/crf_16.mpd,/videos/BigBuckBunny-2160.avi
6112,0.99095,0.37394,0.99838,49.1735,0.99978,0.87304,0.99204,0.99608,0.99762,98.70923,0.64,0.36,0.31,0.79,50.1,52.57,53.24,49.17,0.993,0.996,0.996,0.992,/tmpdir/crf_16.mpd,/videos/BigBuckBunny-2160.avi
6113,0.99198,0.34978,0.99841,49.23297,0.9998,0.87387,0.9923,0.99624,0.99775,98.89615,0.63,0.36,0.31,0.78,50.15,52.6,53.24,49.23,0.993,0.996,0.996,0.992,/tmpdir/crf_16.mpd,/videos/BigBuckBunny-2160.avi
6114,0.9908,0.34978,0.99834,49.13157,0.99977,0.8722,0.99192,0.99606,0.99762,98.66852,0.64,0.36,0.31,0.79,50.06,52.54,53.2,49.13,0.993,0.996,0.996,0.992,/tmpdir/crf_16.mpd,/videos/BigBuckBunny-2160.avi
6115,0.99339,0.44729,0.9985,49.46545,0.99985,0.87797,0.9935,0.99701,0.99828,99.26258,0.6,0.35,0.31,0.74,50.36,52.72,53.28,49.47,0.993,0.996,0.996,0.992,/tmpdir/crf_16.mpd,/videos/BigBuckBunny-2160.avi
6116,0.99073,0.44729,0.99832,49.06846,0.99977,0.87067,0.9915,0.99578,0.99742,98.67708,0.65,0.37,0.31,0.81,50.0,52.49,53.18,49.07,0.993,0.996,0.996,0.992,/tmpdir/crf_16.mpd,/videos/BigBuckBunny-2160.avi
6117,0.99122,0.58557,0.99836,49.13282,0.99979,0.87123,0.99174,0.99596,0.99756,98.84579,0.64,0.36,0.32,0.79,50.05,52.51,53.14,49.13,0.993,0.996,0.996,0.992,/tmpdir/crf_16.mpd,/videos/BigBuckBunny-2160.avi
6118,0.99056,0.58557,0.99827,48.97062,0.99976,0.86865,0.99105,0.99558,0.99729,98.69244,0.66,0.37,0.32,0.82,49.9,52.42,53.09,48.97,0.993,0.996,0.996,0.992,/tmpdir/crf_16.mpd,/videos/BigBuckBunny-2160.avi
6119,0.99285,0.61557,0.99842,49.25753,0.99984,0.87359,0.99274,0.99662,0.99802,99.20435,0.63,0.36,0.32,0.77,50.16,52.57,53.14,49.26,0.993,0.996,0.996,0.992,/tmpdir/crf_16.mpd,/videos/BigBuckBunny-2160.avi
6120,0.99043,0.61557,0.99822,48.85057,0.99975,0.86589,0.99066,0.99537,0.99715,98.66232,0.68,0.38,0.33,0.85,49.79,52.35,52.99,48.85,0.993,0.995,0.996,0.991,/tmpdir/crf_16.mpd,/videos/BigBuckBunny-2160.avi
6121,0.99094,0.48492,0.99824,48.86138,0.99978,0.86522,0.9907,0.99542,0.99719,98.69191,0.68,0.38,0.33,0.85,49.8,52.34,52.95,48.86,0.993,0.995,0.996,0.991,/tmpdir/crf_16.mpd,/videos/BigBuckBunny-2160.avi
6122,0.98948,0.48492,0.99813,48.65026,0.99975,0.86129,0.99006,0.99513,0.99699,98.40242,0.71,0.39,0.33,0.89,49.6,52.22,52.89,48.65,0.993,0.995,0.996,0.991,/tmpdir/crf_16.mpd,/videos/BigBuckBunny-2160.avi
6123,0.991,0.3405,0.99813,48.57557,0.99979,0.85916,0.9904,0.99539,0.99721,98.61978,0.72,0.38,0.33,0.9,49.55,52.28,52.9,48.58,0.992,0.995,0.996,0.991,/tmpdir/crf_16.mpd,/videos/BigBuckBunny-2160.avi
6124,0.98933,0.3405,0.99794,48.21219,0.99974,0.85194,0.98873,0.99448,0.99657,98.23762,0.78,0.39,0.34,0.98,49.24,52.24,52.86,48.21,0.992,0.995,0.996,0.99,/tmpdir/crf_16.mpd,/videos/BigBuckBunny-2160.avi
6125,0.99841,0.04953,0.99954,55.79024,0.99995,0.95677,0.99802,0.9991,0.99948,100.0,0.15,0.13,0.11,0.17,56.24,56.95,57.71,55.79,0.998,0.998,0.998,0.998,/tmpdir/crf_16.mpd,/videos/BigBuckBunny-2160.avi
6126,0.99816,0.04953,0.9995,55.61527,0.99993,0.95636,0.99786,0.999,0.99942,100.0,0.16,0.14,0.12,0.18,56.0,56.55,57.27,55.62,0.998,0.998,0.998,0.998,/tmpdir/crf_16.mpd,/videos/BigBuckBunny-2160.avi
6127,0.99777,0.06473,0.99946,55.36787,0.99991,0.95537,0.9976,0.99883,0.9993,100.0,0.17,0.15,0.13,0.19,55.74,56.27,56.97,55.37,0.998,0.998,0.998,0.997,/tmpdir/crf_16.mpd,/videos/BigBuckBunny-2160.avi
6128,0.99761,0.06473,0.99944,55.30168,0.99991,0.95486,0.9975,0.99877,0.99926,100.0,0.18,0.16,0.13,0.19,55.66,56.13,56.88,55.3,0.998,0.998,0.998,0.997,/tmpdir/crf_16.mpd,/videos/BigBuckBunny-2160.avi
6129,0.99751,0.06226,0.99943,55.2251,0.99991,0.95404,0.99739,0.99871,0.99922,100.0,0.18,0.16,0.13,0.2,55.61,56.11,56.94,55.23,0.997,0.998,0.998,0.997,/tmpdir/crf_16.mpd,/videos/BigBuckBunny-2160.avi
6130,0.99762,0.06226,0.99942,55.21743,0.99991,0.95438,0.99736,0.9987,0.99922,100.0,0.18,0.17,0.14,0.2,55.56,55.94,56.78,55.22,0.997,0.998,0.998,0.997,/tmpdir/crf_16.mpd,/videos/BigBuckBunny-2160.avi
6131,0.99764,0.06441,0.99941,55.13127,0.9999,0.95397,0.9972,0.99859,0.99915,100.0,0.18,0.17,0.14,0.2,55.46,55.82,56.67,55.13,0.997,0.998,0.998,0.997,/tmpdir/crf_16.mpd,/videos/BigBuckBunny-2160.avi
6132,0.99748,0.06441,0.99941,55.118,0.9999,0.95374,0.99719,0.9986,0.99915,100.0,0.19,0.17,0.14,0.2,55.45,55.8,56.66,55.12,0.997,0.997,0.998,0.997,/tmpdir/crf_16.mpd,/videos/BigBuckBunny-2160.avi
6133,0.99723,0.07033,0.9994,55.09752,0.99991,0.9532,0.9972,0.99864,0.9992,100.0,0.18,0.17,0.14,0.2,55.47,55.91,56.8,55.1,0.997,0.998,0.998,0.997,/tmpdir/crf_16.mpd,/videos/BigBuckBunny-2160.avi
6134,0.99711,0.07033,0.9994,55.09464,0.9999,0.95348,0.99716,0.9986,0.99917,100.0,0.19,0.17,0.14,0.2,55.42,55.73,56.6,55.09,0.997,0.997,0.998,0.997,/tmpdir/crf_16.mpd,/videos/BigBuckBunny-2160.avi
6135,0.99703,0.0734,0.99938,55.00373,0.99989,0.95316,0.99703,0.99851,0.99909,100.0,0.19,0.18,0.14,0.21,55.33,55.63,56.52,55.0,0.997,0.997,0.998,0.997,/tmpdir/crf_16.mpd,/videos/BigBuckBunny-2160.avi
6136,0.99694,0.0734,0.99938,54.98449,0.99989,0.95295,0.99703,0.99851,0.99908,100.0,0.19,0.18,0.15,0.21,55.3,55.59,56.49,54.98,0.997,0.997,0.998,0.997,/tmpdir/crf_16.mpd,/videos/BigBuckBunny-2160.avi
6137,0.9956,1.49876,0.99913,53.71291,0.99985,0.93665,0.99445,0.99719,0.99828,100.0,0.25,0.2,0.16,0.28,54.23,55.04,55.99,53.71,0.997,0.997,0.998,0.996,/tmpdir/crf_16.mpd,/videos/BigBuckBunny-2160.avi
6138,0.99567,12.81667,0.99883,52.44989,0.9998,0.91543,0.99225,0.99622,0.99779,100.0,0.31,0.22,0.18,0.37,53.18,54.75,55.63,52.45,0.996,0.997,0.997,0.995,/tmpdir/crf_16.mpd,/videos/BigBuckBunny-2160.avi
6139,0.99168,15.2888,0.99871,51.92335,0.99977,0.90731,0.99182,0.99626,0.99787,100.0,0.34,0.2,0.18,0.42,52.79,55.04,55.64,51.92,0.996,0.997,0.997,0.995,/tmpdir/crf_16.mpd,/videos/BigBuckBunny-2160.avi
6140,0.98994,15.2888,0.99867,51.63409,0.99977,0.89172,0.99073,0.99598,0.99778,100.0,0.36,0.2,0.18,0.45,52.56,55.08,55.64,51.63,0.996,0.997,0.997,0.995,/tmpdir/crf_16.mpd,/videos/BigBuckBunny-2160.avi
6141,0.98668,7.56132,0.99841,50.78354,0.9997,0.87195,0.98896,0.99526,0.99733,100.0,0.43,0.23,0.19,0.54,51.79,54.57,55.44,50.78,0.995,0.997,0.997,0.994,/tmpdir/crf_16.mpd,/videos/BigBuckBunny-2160.avi
6142,0.98801,4.33339,0.99842,50.64781,0.99971,0.87608,0.98876,0.99491,0.99706,100.0,0.44,0.22,0.18,0.56,51.69,54.63,55.52,50.65,0.995,0.997,0.997,0.994,/tmpdir/crf_16.mpd,/videos/BigBuckBunny-2160.avi
6143,0.98876,2.23746,0.99833,50.50334,0.99962,0.87165,0.98718,0.99444,0.9968,99.13929,0.45,0.22,0.18,0.58,51.56,54.66,55.52,50.5,0.995,0.997,0.997,0.994,/tmpdir/crf_16.mpd,/videos/BigBuckBunny-2160.avi
6144,0.9937,0.42841,0.99903,52.31088,0.99987,0.90717,0.99524,0.99803,0.99891,99.46894,0.32,0.2,0.17,0.38,53.13,55.04,55.92,52.31,0.996,0.997,0.998,0.995,/tmpdir/crf_16.mpd,/videos/BigBuckBunny-2160.avi
6145,0.98952,0.42841,0.99872,51.34183,0.99974,0.89097,0.99253,0.99681,0.99821,98.59428,0.39,0.22,0.18,0.48,52.28,54.7,55.57,51.34,0.996,0.997,0.997,0.995,/tmpdir/crf_16.mpd,/videos/BigBuckBunny-2160.avi
6146,0.9896,0.61313,0.99874,51.3388,0.99975,0.89042,0.99253,0.99684,0.99822,98.69462,0.38,0.22,0.18,0.48,52.29,54.76,55.66,51.34,0.996,0.997,0.997,0.995,/tmpdir/crf_16.mpd,/videos/BigBuckBunny-2160.avi
6147,0.98874,0.89695,0.99862,51.04669,0.99971,0.88408,0.99173,0.99659,0.9981,98.64493,0.41,0.22,0.18,0.51,52.02,54.65,55.53,51.05,0.995,0.997,0.997,0.994,/tmpdir/crf_16.mpd,/videos/BigBuckBunny-2160.avi
6148,0.99093,0.89695,0.99873,51.30378,0.99979,0.88808,0.99345,0.99726,0.99842,99.08402,0.39,0.21,0.18,0.48,52.27,54.83,55.7,51.3,0.995,0.997,0.997,0.994,/tmpdir/crf_16.mpd,/videos/BigBuckBunny-2160.avi
6149,0.98846,0.97431,0.99853,50.81681,0.99968,0.87891,0.99102,0.99623,0.99782,98.59015,0.43,0.23,0.19,0.54,51.81,54.51,55.46,50.82,0.995,0.997,0.997,0.994,/tmpdir/crf_16.mpd,/videos/BigBuckBunny-2160.avi
6150,0.98773,0.97431,0.99853,50.78077,0.99969,0.87766,0.99124,0.99624,0.99786,98.45987,0.43,0.23,0.18,0.54,51.79,54.52,55.48,50.78,0.995,0.997,0.997,0.994,/tmpdir/crf_16.mpd,/videos/BigBuckBunny-2160.avi
6151,0.98725,1.00754,0.99844,50.54803,0.99967,0.87238,0.99076,0.99611,0.99784,98.37082,0.45,0.23,0.19,0.57,51.58,54.44,55.43,50.55,0.995,0.997,0.997,0.994,/tmpdir/crf_16.mpd,/videos/BigBuckBunny-2160.avi
6152,0.98894,1.00754,0.99852,50.68784,0.99975,0.87443,0.99216,0.99667,0.99803,98.70343,0.44,0.22,0.18,0.56,51.72,54.64,55.58,50.69,0.995,0.997,0.997,0.994,/tmpdir/crf_16.mpd,/videos/BigBuckBunny-2160.avi
6153,0.9859,0.38878,0.99833,50.2525,0.99965,0.86662,0.99039,0.99607,0.99784,97.81838,0.48,0.24,0.19,0.61,51.32,54.41,55.34,50.25,0.995,0.997,0.997,0.993,/tmpdir/crf_16.mpd,/videos/BigBuckBunny-2160.avi
6154,0.98482,0.38878,0.99823,49.97668,0.99965,0.86019,0.9898,0.99576,0.99759,97.58604,0.51,0.23,0.19,0.65,51.09,54.47,55.41,49.98,0.994,0.997,0.997,0.993,/tmpdir/crf_16.mpd,/videos/BigBuckBunny-2160.avi
6155,0.99303,3.99286,0.99906,52.37965,0.99989,0.91575,0.99572,0.9981,0.9989,100.0,0.31,0.18,0.17,0.38,53.24,55.6,55.93,52.38,0.996,0.997,0.998,0.995,/tmpdir/crf_16.mpd,/videos/BigBuckBunny-2160.avi
6156,0.99149,3.99286,0.99863,51.52343,0.99975,0.90955,0.99196,0.99627,0.99781,100.0,0.37,0.19,0.17,0.46,52.51,55.4,55.79,51.52,0.995,0.997,0.998,0.995,/tmpdir/crf_16.mpd,/videos/BigBuckBunny-2160.avi
6157,0.99351,6.3609,0.99925,53.79984,0.9999,0.93982,0.99625,0.99827,0.99899,100.0,0.23,0.14,0.13,0.27,54.59,56.65,56.93,53.8,0.997,0.998,0.998,0.996,/tmpdir/crf_16.mpd,/videos/BigBuckBunny-2160.avi
6158,0.98775,6.3609,0.99871,51.8912,0.99974,0.91647,0.99179,0.9961,0.99764,100.0,0.34,0.18,0.17,0.42,52.84,55.57,55.9,51.89,0.996,0.997,0.998,0.995,/tmpdir/crf_16.mpd,/videos/BigBuckBunny-2160.avi
6159,0.98929,4.80408,0.99879,52.1503,0.99978,0.91811,0.99239,0.99648,0.99795,100.0,0.32,0.18,0.17,0.4,53.05,55.61,55.86,52.15,0.996,0.997,0.998,0.995,/tmpdir/crf_16.mpd,/videos/BigBuckBunny-2160.avi
6160,0.98835,4.80408,0.99864,51.68826,0.99973,0.91037,0.99082,0.99571,0.99747,100.0,0.35,0.19,0.18,0.44,52.63,55.36,55.69,51.69,0.996,0.997,0.997,0.995,/tmpdir/crf_16.mpd,/videos/BigBuckBunny-2160.avi
6161,0.99038,5.73878,0.99881,52.19498,0.9998,0.91371,0.99215,0.99636,0.99785,100.0,0.32,0.18,0.16,0.39,53.11,55.69,56.05,52.19,0.996,0.997,0.998,0.995,/tmpdir/crf_16.mpd,/videos/BigBuckBunny-2160.avi
6162,0.98743,5.73878,0.9986,51.56034,0.99974,0.90595,0.99,0.99529,0.99714,100.0,0.37,0.2,0.18,0.45,52.49,55.11,55.57,51.56,0.996,0.997,0.997,0.995,/tmpdir/crf_16.mpd,/videos/BigBuckBunny-2160.avi
6163,0.98896,6.47624,0.99865,51.67296,0.99977,0.90501,0.99073,0.99556,0.99729,100.0,0.36,0.2,0.19,0.44,52.56,55.02,55.35,51.67,0.995,0.997,0.997,0.995,/tmpdir/crf_16.mpd,/videos/BigBuckBunny-2160.avi
6164,0.98709,6.47624,0.99854,51.35274,0.99971,0.90348,0.98935,0.99478,0.99676,100.0,0.39,0.22,0.2,0.48,52.26,54.79,55.12,51.35,0.995,0.997,0.997,0.994,/tmpdir/crf_16.mpd,/videos/BigBuckBunny-2160.avi
6165,0.99047,6.45992,0.99884,52.19688,0.99981,0.91598,0.99191,0.99605,0.99763,100.0,0.32,0.19,0.18,0.39,53.03,55.25,55.54,52.2,0.996,0.997,0.997,0.995,/tmpdir/crf_16.mpd,/videos/BigBuckBunny-2160.avi
6166,0.98672,6.45992,0.99861,51.50586,0.99973,0.9079,0.98984,0.995,0.99691,100.0,0.38,0.22,0.2,0.46,52.38,54.78,55.1,51.51,0.995,0.997,0.997,0.995,/tmpdir/crf_16.mpd,/videos/BigBuckBunny-2160.avi
6167,0.98834,6.54049,0.9987,51.709,0.99977,0.90985,0.99102,0.99564,0.99734,100.0,0.36,0.22,0.2,0.44,52.54,54.77,55.09,51.71,0.996,0.997,0.997,0.995,/tmpdir/crf_16.mpd,/videos/BigBuckBunny-2160.avi
6168,0.98637,6.54049,0.99859,51.34682,0.99973,0.90398,0.98937,0.99482,0.99685,100.0,0.39,0.22,0.21,0.48,52.22,54.63,54.9,51.35,0.995,0.997,0.997,0.995,/tmpdir/crf_16.mpd,/videos/BigBuckBunny-2160.avi
6169,0.98985,5.80837,0.99882,52.03841,0.99981,0.91256,0.99183,0.99607,0.99763,100.0,0.34,0.21,0.2,0.41,52.84,54.97,55.21,52.04,0.996,0.997,0.997,0.995,/tmpdir/crf_16.mpd,/videos/BigBuckBunny-2160.avi
6170,0.98715,5.80837,0.99858,51.30885,0.99974,0.9031,0.98916,0.99477,0.99684,100.0,0.4,0.23,0.22,0.48,52.16,54.49,54.75,51.31,0.995,0.997,0.997,0.995,/tmpdir/crf_16.mpd,/videos/BigBuckBunny-2160.avi
6171,0.9885,5.31262,0.99862,51.37456,0.99977,0.90316,0.9902,0.99535,0.99718,100.0,0.39,0.23,0.22,0.47,52.2,54.43,54.7,51.37,0.995,0.997,0.997,0.995,/tmpdir/crf_16.mpd,/videos/BigBuckBunny-2160.avi
6172,0.98683,5.31262,0.99849,51.03537,0.99972,0.89721,0.98857,0.99461,0.99678,100.0,0.42,0.24,0.23,0.51,51.9,54.31,54.59,51.04,0.995,0.997,0.997,0.994,/tmpdir/crf_16.mpd,/videos/BigBuckBunny-2160.avi
6173,0.99034,4.48036,0.99869,51.58781,0.99981,0.90187,0.99149,0.99618,0.99783,100.0,0.37,0.23,0.21,0.45,52.4,54.56,54.82,51.59,0.995,0.997,0.997,0.995,/tmpdir/crf_16.mpd,/videos/BigBuckBunny-2160.avi
6174,0.98769,4.48036,0.99836,50.74246,0.9997,0.89007,0.98865,0.99475,0.99687,100.0,0.45,0.25,0.23,0.55,51.65,54.21,54.47,50.74,0.995,0.997,0.997,0.994,/tmpdir/crf_16.mpd,/videos/BigBuckBunny-2160.avi
6175,0.98792,3.80435,0.99843,50.81586,0.99975,0.88845,0.9897,0.99529,0.9972,99.91265,0.44,0.26,0.24,0.54,51.68,54.06,54.31,50.82,0.995,0.996,0.997,0.994,/tmpdir/crf_16.mpd,/videos/BigBuckBunny-2160.avi
6176,0.98567,3.80435,0.99825,50.4525,0.99969,0.88125,0.98807,0.99457,0.99681,99.45433,0.48,0.26,0.25,0.59,51.36,53.92,54.2,50.45,0.994,0.996,0.997,0.993,/tmpdir/crf_16.mpd,/videos/BigBuckBunny-2160.avi
6177,0.98947,3.71143,0.99854,51.02056,0.99979,0.88941,0.99077,0.99589,0.99768,100.0,0.42,0.25,0.24,0.51,51.86,54.11,54.42,51.02,0.995,0.996,0.997,0.994,/tmpdir/crf_16.mpd,/videos/BigBuckBunny-2160.avi
6178,0.98788,3.71143,0.99823,50.37723,0.9997,0.88067,0.98872,0.99488,0.997,99.81214,0.48,0.27,0.25,0.6,51.29,53.88,54.19,50.38,0.994,0.996,0.996,0.993,/tmpdir/crf_16.mpd,/videos/BigBuckBunny-2160.avi
6179,0.9877,6.15793,0.99852,51.20153,0.99972,0.9017,0.9891,0.99474,0.99683,100.0,0.41,0.25,0.24,0.49,52.0,54.15,54.33,51.2,0.995,0.997,0.997,0.994,/tmpdir/crf_16.mpd,/videos/BigBuckBunny-2160.avi
6180,0.98636,16.73446,0.99877,52.19088,0.99977,0.91508,0.99042,0.99517,0.99701,100.0,0.34,0.23,0.21,0.39,52.88,54.57,54.82,52.19,0.996,0.997,0.997,0.995,/tmpdir/crf_16.mpd,/videos/BigBuckBunny-2160.avi
6181,0.98739,13.81137,0.99864,51.62595,0.99978,0.90313,0.98964,0.99496,0.99704,100.0,0.38,0.26,0.24,0.45,52.32,54.04,54.33,51.63,0.995,0.996,0.997,0.995,/tmpdir/crf_16.mpd,/videos/BigBuckBunny-2160.avi
6182,0.98971,13.3642,0.99873,51.76929,0.99981,0.90697,0.99073,0.99554,0.99738,100.0,0.37,0.26,0.24,0.43,52.42,53.97,54.27,51.77,0.995,0.996,0.996,0.995,/tmpdir/crf_16.mpd,/videos/BigBuckBunny-2160.avi
6183,0.98821,7.17287,0.99872,51.79349,0.99978,0.90913,0.9902,0.99523,0.9972,100.0,0.38,0.28,0.26,0.43,52.37,53.66,53.97,51.79,0.995,0.996,0.996,0.995,/tmpdir/crf_16.mpd,/videos/BigBuckBunny-2160.avi
6184,0.9897,6.01792,0.99872,51.76331,0.99979,0.90685,0.9904,0.99536,0.99726,100.0,0.38,0.28,0.26,0.43,52.34,53.64,53.98,51.76,0.995,0.996,0.996,0.995,/tmpdir/crf_16.mpd,/videos/BigBuckBunny-2160.avi
6185,0.98715,5.15069,0.99849,51.11173,0.99974,0.8928,0.98823,0.99448,0.99682,100.0,0.43,0.3,0.27,0.5,51.78,53.32,53.75,51.11,0.995,0.996,0.996,0.994,/tmpdir/crf_16.mpd,/videos/BigBuckBunny-2160.avi
6186,0.98995,5.15069,0.99862,51.33897,0.9998,0.89428,0.98978,0.99519,0.99724,100.0,0.41,0.29,0.26,0.48,51.99,53.47,53.92,51.34,0.995,0.996,0.996,0.994,/tmpdir/crf_16.mpd,/videos/BigBuckBunny-2160.avi
6187,0.98832,5.46674,0.99835,50.48341,0.99974,0.87946,0.9883,0.99447,0.99672,100.0,0.49,0.32,0.29,0.58,51.24,53.1,53.57,50.48,0.994,0.996,0.996,0.993,/tmpdir/crf_16.mpd,/videos/BigBuckBunny-2160.avi
6188,0.99004,5.46674,0.99849,50.77221,0.99977,0.88448,0.98958,0.99507,0.99704,100.0,0.46,0.31,0.28,0.54,51.49,53.2,53.64,50.77,0.994,0.996,0.996,0.994,/tmpdir/crf_16.mpd,/videos/BigBuckBunny-2160.avi
6189,0.98967,5.29131,0.99825,50.27202,0.99972,0.87411,0.98807,0.99445,0.99675,100.0,0.51,0.32,0.29,0.61,51.07,53.07,53.52,50.27,0.994,0.996,0.996,0.993,/tmpdir/crf_16.mpd,/videos/BigBuckBunny-2160.avi
6190,0.99247,5.29131,0.99851,50.83323,0.99979,0.88365,0.98973,0.99516,0.99716,100.0,0.46,0.31,0.28,0.54,51.55,53.24,53.71,50.83,0.994,0.996,0.996,0.994,/tmpdir/crf_16.mpd,/videos/BigBuckBunny-2160.avi
6191,0.98984,5.5083,0.99822,50.27737,0.99969,0.8799,0.98782,0.99427,0.99656,100.0,0.51,0.32,0.29,0.61,51.06,53.02,53.44,50.28,0.994,0.996,0.996,0.993,/tmpdir/crf_16.mpd,/videos/BigBuckBunny-2160.avi
6192,0.99308,5.5083,0.99832,50.39841,0.99973,0.88099,0.98879,0.99466,0.9968,100.0,0.5,0.32,0.29,0.59,51.16,53.05,53.47,50.4,0.994,0.996,0.996,0.993,/tmpdir/crf_16.mpd,/videos/BigBuckBunny-2160.avi
6193,0.99113,4.3419,0.99813,49.9437,0.99967,0.87032,0.98693,0.99396,0.99647,100.0,0.55,0.33,0.3,0.66,50.76,52.91,53.29,49.94,0.994,0.995,0.996,0.993,/tmpdir/crf_16.mpd,/videos/BigBuckBunny-2160.avi
6194,0.99221,4.3419,0.99823,50.15463,0.99972,0.873,0.98721,0.99394,0.99645,100.0,0.52,0.33,0.3,0.63,50.95,52.94,53.38,50.15,0.994,0.995,0.996,0.993,/tmpdir/crf_16.mpd,/videos/BigBuckBunny-2160.avi
6195,0.99825,0.14828,0.99949,52.5211,0.99996,0.94535,0.99793,0.99908,0.99953,100.0,0.32,0.24,0.22,0.36,53.07,54.26,54.63,52.52,0.997,0.997,0.997,0.997,/tmpdir/crf_16.mpd,/videos/BigBuckBunny-2160.avi
6196,0.9976,0.14828,0.99932,51.5733,0.99991,0.93858,0.99683,0.99848,0.99913,100.0,0.39,0.28,0.24,0.45,52.23,53.59,54.3,51.57,0.997,0.997,0.997,0.996,/tmpdir/crf_16.mpd,/videos/BigBuckBunny-2160.avi
6197,0.99764,0.38171,0.9992,51.15126,0.99988,0.9345,0.99635,0.99824,0.99902,100.0,0.42,0.3,0.25,0.5,51.85,53.42,54.08,51.15,0.996,0.997,0.997,0.996,/tmpdir/crf_16.mpd,/videos/BigBuckBunny-2160.avi
6198,0.99746,0.38171,0.99914,50.92175,0.99986,0.9325,0.99578,0.99795,0.99881,100.0,0.45,0.32,0.26,0.53,51.62,53.08,53.92,50.92,0.996,0.997,0.997,0.996,/tmpdir/crf_16.mpd,/videos/BigBuckBunny-2160.avi
6199,0.99771,1.32188,0.99913,51.01619,0.99988,0.93342,0.99618,0.99822,0.99899,100.0,0.44,0.31,0.26,0.51,51.71,53.26,53.9,51.02,0.996,0.997,0.997,0.996,/tmpdir/crf_16.mpd,/videos/BigBuckBunny-2160.avi
6200,0.99706,1.4037,0.99906,50.77547,0.99984,0.93085,0.99505,0.99755,0.99856,100.0,0.47,0.34,0.29,0.54,51.44,52.84,53.55,50.78,0.996,0.997,0.996,0.996,/tmpdir/crf_16.mpd,/videos/BigBuckBunny-2160.avi
6201,0.99743,1.60728,0.99909,50.85221,0.99986,0.93088,0.99547,0.99782,0.99873,100.0,0.46,0.34,0.29,0.53,51.49,52.87,53.47,50.85,0.996,0.997,0.996,0.996,/tmpdir/crf_16.mpd,/videos/BigBuckBunny-2160.avi
6202,0.99714,1.60728,0.99903,50.71735,0.99984,0.92936,0.99495,0.99755,0.99859,100.0,0.48,0.35,0.3,0.55,51.36,52.67,53.37,50.72,0.996,0.996,0.996,0.995,/tmpdir/crf_16.mpd,/videos/BigBuckBunny-2160.avi
6203,0.99765,1.41141,0.99912,51.02801,0.99989,0.93084,0.99586,0.99808,0.99896,100.0,0.44,0.33,0.29,0.51,51.65,52.97,53.53,51.03,0.996,0.997,0.996,0.996,/tmpdir/crf_16.mpd,/videos/BigBuckBunny-2160.avi
6204,0.99705,1.41141,0.99901,50.55101,0.99984,0.92741,0.99487,0.99751,0.99856,100.0,0.49,0.36,0.31,0.57,51.21,52.6,53.26,50.55,0.996,0.996,0.996,0.995,/tmpdir/crf_16.mpd,/videos/BigBuckBunny-2160.avi
6205,0.99709,1.7473,0.99905,50.61127,0.99986,0.92796,0.99518,0.99767,0.99865,100.0,0.49,0.36,0.31,0.56,51.24,52.57,53.19,50.61,0.996,0.996,0.996,0.995,/tmpdir/crf_16.mpd,/videos/BigBuckBunny-2160.avi
6206,0.99684,1.7473,0.99901,50.46279,0.99984,0.92642,0.99472,0.99741,0.99846,100.0,0.5,0.37,0.32,0.58,51.1,52.4,53.13,50.46,0.996,0.996,0.996,0.995,/tmpdir/crf_16.mpd,/videos/BigBuckBunny-2160.avi
6207,0.99712,1.09396,0.9991,50.77871,0.99989,0.92769,0.99566,0.99797,0.99889,100.0,0.47,0.35,0.31,0.54,51.39,52.69,53.25,50.78,0.996,0.996,0.996,0.995,/tmpdir/crf_16.mpd,/videos/BigBuckBunny-2160.avi
6208,0.99657,1.09396,0.99893,50.05025,0.99984,0.92029,0.99457,0.99737,0.99849,100.0,0.55,0.39,0.33,0.64,50.75,52.27,53.01,50.05,0.995,0.996,0.996,0.995,/tmpdir/crf_16.mpd,/videos/BigBuckBunny-2160.avi
6209,0.99708,1.631,0.99902,50.56021,0.99985,0.92725,0.99501,0.99759,0.99861,100.0,0.49,0.37,0.32,0.57,51.19,52.5,53.13,50.56,0.996,0.996,0.996,0.995,/tmpdir/crf_16.mpd,/videos/BigBuckBunny-2160.avi
6210,0.99683,2.17799,0.99901,50.62402,0.99985,0.92809,0.99474,0.99737,0.99842,100.0,0.49,0.37,0.31,0.56,51.24,52.48,53.16,50.62,0.996,0.996,0.996,0.995,/tmpdir/crf_16.mpd,/videos/BigBuckBunny-2160.avi
6211,0.99723,2.81341,0.9991,51.01023,0.99988,0.93119,0.99524,0.99762,0.9986,100.0,0.45,0.33,0.29,0.52,51.62,52.89,53.45,51.01,0.996,0.996,0.996,0.996,/tmpdir/crf_16.mpd,/videos/BigBuckBunny-2160.avi
6212,0.99672,2.81341,0.99906,50.8266,0.99986,0.92993,0.99481,0.99738,0.99844,100.0,0.47,0.35,0.3,0.54,51.43,52.7,53.29,50.83,0.996,0.996,0.996,0.996,/tmpdir/crf_16.mpd,/videos/BigBuckBunny-2160.avi
6213,0.99706,2.89283,0.99903,50.75848,0.99985,0.92903,0.9945,0.99715,0.99823,100.0,0.47,0.36,0.3,0.55,51.37,52.63,53.29,50.76,0.996,0.996,0.996,0.995,/tmpdir/crf_16.mpd,/videos/BigBuckBunny-2160.avi
6214,0.99766,2.89283,0.99912,51.14317,0.99988,0.9318,0.9953,0.99763,0.99859,100.0,0.44,0.33,0.29,0.5,51.73,52.99,53.5,51.14,0.996,0.996,0.996,0.996,/tmpdir/crf_16.mpd,/videos/BigBuckBunny-2160.avi
6215,0.99701,1.96498,0.99901,50.62042,0.99984,0.92745,0.99453,0.99723,0.99834,100.0,0.49,0.35,0.3,0.56,51.27,52.65,53.31,50.62,0.996,0.996,0.996,0.995,/tmpdir/crf_16.mpd,/videos/BigBuckBunny-2160.avi
6216,0.99693,1.17331,0.99901,50.54768,0.99985,0.92623,0.9948,0.9974,0.99842,100.0,0.49,0.35,0.3,0.57,51.22,52.66,53.36,50.55,0.996,0.996,0.996,0.995,/tmpdir/crf_16.mpd,/videos/BigBuckBunny-2160.avi
6217,0.9964,0.5575,0.99896,50.37857,0.99984,0.9236,0.99458,0.99724,0.99829,99.99909,0.51,0.35,0.3,0.6,51.09,52.69,53.34,50.38,0.995,0.996,0.996,0.995,/tmpdir/crf_16.mpd,/videos/BigBuckBunny-2160.avi
6218,0.9974,0.5575,0.99912,51.0821,0.99989,0.9295,0.996,0.99805,0.99884,100.0,0.44,0.32,0.29,0.51,51.7,53.06,53.52,51.08,0.996,0.996,0.996,0.995,/tmpdir/crf_16.mpd,/videos/BigBuckBunny-2160.avi
6219,0.99654,0.37906,0.99899,50.46483,0.99984,0.92434,0.99491,0.9975,0.99849,99.96496,0.5,0.35,0.3,0.58,51.15,52.68,53.32,50.46,0.995,0.996,0.996,0.995,/tmpdir/crf_16.mpd,/videos/BigBuckBunny-2160.avi
6220,0.99705,0.37906,0.99902,50.62284,0.99985,0.92621,0.99524,0.99763,0.99855,100.0,0.48,0.34,0.3,0.56,51.3,52.79,53.37,50.62,0.996,0.996,0.996,0.995,/tmpdir/crf_16.mpd,/videos/BigBuckBunny-2160.avi
6221,0.99671,0.28037,0.999,50.54581,0.99985,0.92485,0.99515,0.99761,0.99856,99.95977,0.49,0.34,0.3,0.57,51.23,52.78,53.35,50.55,0.996,0.996,0.996,0.995,/tmpdir/crf_16.mpd,/videos/BigBuckBunny-2160.avi
6222,0.9973,0.28037,0.99906,50.78552,0.99988,0.92675,0.99582,0.998,0.99884,100.0,0.47,0.33,0.3,0.54,51.44,52.89,53.43,50.79,0.996,0.996,0.996,0.995,/tmpdir/crf_16.mpd,/videos/BigBuckBunny-2160.avi
6223,0.99672,0.14526,0.99897,50.37697,0.99985,0.92251,0.99513,0.99758,0.99852,99.88806,0.5,0.34,0.3,0.6,51.1,52.79,53.34,50.38,0.995,0.996,0.996,0.995,/tmpdir/crf_16.mpd,/videos/BigBuckBunny-2160.avi
6224,0.99667,0.14526,0.99899,50.34274,0.99985,0.92213,0.9952,0.99761,0.99852,99.87787,0.51,0.34,0.3,0.6,51.07,52.78,53.32,50.34,0.995,0.996,0.996,0.995,/tmpdir/crf_16.mpd,/videos/BigBuckBunny-2160.avi
6225,0.99688,0.21306,0.99896,50.37351,0.99984,0.92267,0.99499,0.99753,0.99848,99.94373,0.51,0.36,0.3,0.6,51.06,52.51,53.3,50.37,0.995,0.996,0.996,0.995,/tmpdir/crf_16.mpd,/videos/BigBuckBunny-2160.avi
6226,0.99692,0.31415,0.99898,50.46022,0.99986,0.92355,0.99525,0.99772,0.99866,100.0,0.5,0.35,0.3,0.58,51.16,52.72,53.35,50.46,0.995,0.996,0.996,0.995,/tmpdir/crf_16.mpd,/videos/BigBuckBunny-2160.avi
6227,0.99622,0.7508,0.99891,50.2443,0.99983,0.92164,0.9943,0.99716,0.99829,100.0,0.52,0.37,0.31,0.61,50.94,52.42,53.2,50.24,0.995,0.996,0.996,0.995,/tmpdir/crf_16.mpd,/videos/BigBuckBunny-2160.avi
6228,0.99655,0.95553,0.99894,50.3216,0.99984,0.9227,0.99458,0.99733,0.99839,100.0,0.52,0.37,0.31,0.6,51.0,52.47,53.17,50.32,0.995,0.996,0.996,0.995,/tmpdir/crf_16.mpd,/videos/BigBuckBunny-2160.avi
6229,0.99641,1.67466,0.9989,50.21877,0.99982,0.92215,0.99407,0.99707,0.99824,100.0,0.53,0.38,0.32,0.62,50.89,52.3,53.04,50.22,0.995,0.996,0.996,0.995,/tmpdir/crf_16.mpd,/videos/BigBuckBunny-2160.avi
6230,0.99673,1.68007,0.99897,50.49145,0.99985,0.92475,0.99452,0.99731,0.99844,100.0,0.5,0.36,0.31,0.58,51.14,52.54,53.17,50.49,0.995,0.996,0.996,0.995,/tmpdir/crf_16.mpd,/videos/BigBuckBunny-2160.avi
6231,0.99611,2.44607,0.99891,50.22898,0.99981,0.92387,0.99355,0.99668,0.99795,100.0,0.53,0.4,0.34,0.62,50.85,52.16,52.79,50.23,0.995,0.996,0.996,0.995,/tmpdir/crf_16.mpd,/videos/BigBuckBunny-2160.avi
6232,0.99621,2.44607,0.99896,50.23316,0.99982,0.92447,0.99394,0.99695,0.99817,100.0,0.53,0.39,0.34,0.62,50.86,52.18,52.75,50.23,0.995,0.996,0.996,0.995,/tmpdir/crf_16.mpd,/videos/BigBuckBunny-2160.avi
6233,0.99568,2.21741,0.99889,49.86168,0.99979,0.9213,0.99316,0.99653,0.9979,100.0,0.58,0.42,0.37,0.67,50.5,51.87,52.47,49.86,0.995,0.996,0.996,0.995,/tmpdir/crf_16.mpd,/videos/BigBuckBunny-2160.avi
6234,0.99546,2.21741,0.99886,49.73076,0.99979,0.91921,0.99296,0.99646,0.9979,100.0,0.59,0.42,0.37,0.69,50.4,51.87,52.45,49.73,0.995,0.996,0.996,0.995,/tmpdir/crf_16.mpd,/videos/BigBuckBunny-2160.avi
6235,0.99696,0.09489,0.99959,55.76962,0.99996,0.95966,0.99827,0.99927,0.9996,100.0,0.15,0.11,0.11,0.17,56.35,57.74,57.91,55.77,0.998,0.998,0.998,0.998,/tmpdir/crf_16.mpd,/videos/BigBuckBunny-2160.avi
6236,0.99555,0.09489,0.99956,55.3438,0.99995,0.95732,0.9973,0.99863,0.99916,99.8629,0.17,0.12,0.11,0.19,55.94,57.37,57.57,55.34,0.998,0.998,0.998,0.998,/tmpdir/crf_16.mpd,/videos/BigBuckBunny-2160.avi
6237,0.99502,0.14384,0.99951,55.03604,0.99994,0.95528,0.99704,0.9985,0.9991,99.77433,0.18,0.13,0.12,0.2,55.65,57.1,57.32,55.04,0.998,0.998,0.998,0.997,/tmpdir/crf_16.mpd,/videos/BigBuckBunny-2160.avi
6238,0.99419,0.55413,0.99945,54.71938,0.99992,0.95272,0.99658,0.99826,0.99892,99.78476,0.19,0.14,0.13,0.22,55.34,56.8,57.05,54.72,0.998,0.998,0.998,0.997,/tmpdir/crf_16.mpd,/videos/BigBuckBunny-2160.avi
6239,0.99591,2.02599,0.9994,54.43522,0.99992,0.94916,0.99674,0.99852,0.99916,100.0,0.2,0.14,0.14,0.23,55.07,56.59,56.82,54.44,0.997,0.998,0.998,0.997,/tmpdir/crf_16.mpd,/videos/BigBuckBunny-2160.avi
6240,0.99427,1.47067,0.99932,53.96382,0.99988,0.94784,0.99566,0.99779,0.99862,100.0,0.23,0.16,0.16,0.26,54.57,56.02,56.21,53.96,0.997,0.998,0.998,0.997,/tmpdir/crf_16.mpd,/videos/BigBuckBunny-2160.avi
6241,0.99561,0.59992,0.99937,54.19292,0.9999,0.95134,0.99616,0.99796,0.99871,100.0,0.21,0.15,0.14,0.25,54.83,56.33,56.62,54.19,0.997,0.998,0.998,0.997,/tmpdir/crf_16.mpd,/videos/BigBuckBunny-2160.avi
6242,0.99492,0.56964,0.99935,54.13746,0.99988,0.95041,0.99611,0.99798,0.99875,99.8924,0.22,0.15,0.14,0.25,54.78,56.31,56.56,54.14,0.997,0.998,0.998,0.997,/tmpdir/crf_16.mpd,/videos/BigBuckBunny-2160.avi
6243,0.99577,0.29215,0.99938,54.30235,0.99992,0.95082,0.99697,0.99855,0.99913,99.96036,0.21,0.15,0.14,0.24,54.92,56.42,56.61,54.3,0.997,0.998,0.998,0.997,/tmpdir/crf_16.mpd,/videos/BigBuckBunny-2160.avi
6244,0.99426,0.29215,0.99932,53.99005,0.99987,0.94864,0.99621,0.99808,0.99881,99.64888,0.22,0.16,0.15,0.26,54.62,56.11,56.37,53.99,0.997,0.998,0.998,0.997,/tmpdir/crf_16.mpd,/videos/BigBuckBunny-2160.avi
6245,0.99523,0.39888,0.99933,53.94111,0.99988,0.94831,0.99606,0.99797,0.99872,99.86006,0.23,0.16,0.15,0.26,54.58,56.08,56.35,53.94,0.997,0.998,0.998,0.997,/tmpdir/crf_16.mpd,/videos/BigBuckBunny-2160.avi
6246,0.99521,0.39888,0.99929,53.86926,0.99986,0.94726,0.99594,0.99792,0.99867,99.84646,0.23,0.16,0.15,0.27,54.51,56.03,56.31,53.87,0.997,0.998,0.998,0.997,/tmpdir/crf_16.mpd,/videos/BigBuckBunny-2160.avi
6247,0.9953,0.33454,0.99932,54.05091,0.9999,0.94884,0.99668,0.99843,0.99907,99.88024,0.22,0.16,0.15,0.26,54.68,56.22,56.4,54.05,0.997,0.998,0.998,0.997,/tmpdir/crf_16.mpd,/videos/BigBuckBunny-2160.avi
6248,0.9948,0.33454,0.99929,53.89318,0.99986,0.94749,0.99607,0.99806,0.99881,99.75988,0.23,0.16,0.15,0.27,54.52,55.99,56.29,53.89,0.997,0.998,0.998,0.997,/tmpdir/crf_16.mpd,/videos/BigBuckBunny-2160.avi
6249,0.99521,0.306,0.99932,54.00807,0.99988,0.94866,0.99618,0.99808,0.9988,99.82413,0.22,0.16,0.15,0.26,54.61,56.02,56.3,54.01,0.997,0.998,0.998,0.997,/tmpdir/crf_16.mpd,/videos/BigBuckBunny-2160.avi
6250,0.9943,0.22964,0.99928,53.93362,0.99986,0.94716,0.99598,0.998,0.99876,99.61706,0.23,0.16,0.15,0.26,54.55,56.02,56.26,53.93,0.997,0.998,0.998,0.997,/tmpdir/crf_16.mpd,/videos/BigBuckBunny-2160.avi
6251,0.9952,0.22964,0.99932,54.15301,0.9999,0.94876,0.99666,0.99842,0.99907,99.81616,0.22,0.16,0.15,0.25,54.76,56.2,56.39,54.15,0.997,0.998,0.998,0.997,/tmpdir/crf_16.mpd,/videos/BigBuckBunny-2160.avi
6252,0.99464,0.20627,0.99928,53.91769,0.99986,0.94703,0.996,0.99803,0.99881,99.6687,0.23,0.17,0.16,0.26,54.53,55.96,56.21,53.92,0.997,0.998,0.998,0.997,/tmpdir/crf_16.mpd,/videos/BigBuckBunny-2160.avi
6253,0.99475,0.20627,0.9993,53.9225,0.99988,0.94745,0.99598,0.99797,0.99876,99.68651,0.23,0.17,0.16,0.26,54.52,55.91,56.16,53.92,0.997,0.998,0.998,0.997,/tmpdir/crf_16.mpd,/videos/BigBuckBunny-2160.avi
6254,0.99426,0.21552,0.99926,53.82255,0.99985,0.94618,0.99582,0.99792,0.99875,99.5959,0.23,0.17,0.16,0.27,54.44,55.89,56.15,53.82,0.997,0.998,0.998,0.997,/tmpdir/crf_16.mpd,/videos/BigBuckBunny-2160.avi
6255,0.99516,0.09991,0.99929,54.01565,0.99989,0.94714,0.99651,0.99834,0.99904,99.73828,0.22,0.16,0.15,0.26,54.62,56.06,56.27,54.02,0.997,0.998,0.998,0.997,/tmpdir/crf_16.mpd,/videos/BigBuckBunny-2160.avi
6256,0.99452,0.09991,0.9993,54.03305,0.99989,0.94628,0.996,0.99796,0.9987,99.58832,0.22,0.16,0.15,0.26,54.63,56.05,56.26,54.03,0.997,0.998,0.998,0.997,/tmpdir/crf_16.mpd,/videos/BigBuckBunny-2160.avi
6257,0.99467,0.1505,0.99925,53.80852,0.99986,0.94551,0.99589,0.99797,0.99876,99.63888,0.23,0.17,0.16,0.27,54.43,55.89,56.15,53.81,0.997,0.998,0.998,0.997,/tmpdir/crf_16.mpd,/videos/BigBuckBunny-2160.avi
6258,0.99512,0.33722,0.99926,53.80899,0.99988,0.94515,0.99619,0.99822,0.99897,99.82293,0.23,0.17,0.16,0.27,54.43,55.88,56.17,53.81,0.997,0.998,0.998,0.997,/tmpdir/crf_16.mpd,/videos/BigBuckBunny-2160.avi
6259,0.99466,0.59662,0.99918,53.4599,0.99982,0.94385,0.99555,0.99785,0.99874,99.82852,0.25,0.17,0.16,0.29,54.12,55.72,55.97,53.46,0.997,0.998,0.998,0.997,/tmpdir/crf_16.mpd,/videos/BigBuckBunny-2160.avi
6260,0.99355,0.83566,0.9992,53.45795,0.99985,0.943,0.9953,0.99769,0.99859,99.72545,0.25,0.18,0.17,0.29,54.09,55.61,55.83,53.46,0.997,0.998,0.998,0.997,/tmpdir/crf_16.mpd,/videos/BigBuckBunny-2160.avi
6261,0.99324,0.86503,0.99919,53.34727,0.99984,0.93998,0.99463,0.99733,0.99837,99.64883,0.26,0.18,0.17,0.3,53.98,55.48,55.77,53.35,0.997,0.997,0.998,0.996,/tmpdir/crf_16.mpd,/videos/BigBuckBunny-2160.avi
6262,0.9938,0.53503,0.99924,53.63354,0.99988,0.94175,0.99556,0.99793,0.99884,99.6485,0.24,0.18,0.17,0.28,54.24,55.69,55.91,53.63,0.997,0.998,0.998,0.997,/tmpdir/crf_16.mpd,/videos/BigBuckBunny-2160.avi
6263,0.9932,0.53503,0.99922,53.43057,0.99986,0.94055,0.99494,0.9975,0.9985,99.50307,0.26,0.18,0.17,0.3,54.05,55.56,55.76,53.43,0.997,0.997,0.998,0.997,/tmpdir/crf_16.mpd,/videos/BigBuckBunny-2160.avi
6264,0.9937,0.82045,0.99923,53.49801,0.99988,0.93996,0.9954,0.99789,0.99882,99.75481,0.25,0.18,0.17,0.29,54.1,55.57,55.71,53.5,0.997,0.997,0.997,0.996,/tmpdir/crf_16.mpd,/videos/BigBuckBunny-2160.avi
6265,0.99598,0.74433,0.99951,55.02176,0.99995,0.95266,0.99764,0.99899,0.99945,100.0,0.18,0.14,0.13,0.2,55.56,56.78,56.97,55.02,0.998,0.998,0.998,0.997,/tmpdir/crf_16.mpd,/videos/BigBuckBunny-2160.avi
6266,0.99394,0.74433,0.9994,54.24519,0.99991,0.94665,0.99603,0.99804,0.99885,99.79373,0.21,0.16,0.15,0.24,54.82,56.15,56.4,54.25,0.997,0.998,0.998,0.997,/tmpdir/crf_16.mpd,/videos/BigBuckBunny-2160.avi
6267,0.99361,0.72971,0.99934,53.98562,0.9999,0.94447,0.99575,0.99795,0.99884,99.71646,0.23,0.16,0.16,0.26,54.59,56.03,56.2,53.99,0.997,0.998,0.998,0.997,/tmpdir/crf_16.mpd,/videos/BigBuckBunny-2160.avi
6268,0.99375,0.36207,0.99932,53.83699,0.99989,0.94303,0.99547,0.99775,0.99869,99.55087,0.23,0.17,0.16,0.27,54.44,55.9,56.04,53.84,0.997,0.998,0.998,0.997,/tmpdir/crf_16.mpd,/videos/BigBuckBunny-2160.avi
6269,0.99525,0.24624,0.99932,53.91339,0.99991,0.94214,0.99604,0.99818,0.999,99.79445,0.23,0.17,0.16,0.26,54.51,55.94,56.1,53.91,0.997,0.998,0.998,0.997,/tmpdir/crf_16.mpd,/videos/BigBuckBunny-2160.avi
6270,0.99292,0.24624,0.99927,53.64716,0.99988,0.93958,0.99523,0.99767,0.99862,99.33086,0.24,0.17,0.17,0.28,54.27,55.76,55.95,53.65,0.997,0.998,0.998,0.997,/tmpdir/crf_16.mpd,/videos/BigBuckBunny-2160.avi
6271,0.99477,0.18054,0.99927,53.62712,0.99989,0.93771,0.9951,0.99766,0.99865,99.62357,0.24,0.17,0.17,0.28,54.25,55.77,55.91,53.63,0.997,0.998,0.998,0.997,/tmpdir/crf_16.mpd,/videos/BigBuckBunny-2160.avi
6272,0.99398,0.15202,0.99926,53.60483,0.99989,0.93733,0.99498,0.99763,0.99863,99.46739,0.25,0.18,0.17,0.28,54.21,55.66,55.83,53.6,0.997,0.998,0.998,0.997,/tmpdir/crf_16.mpd,/videos/BigBuckBunny-2160.avi
6273,0.99475,0.09654,0.99924,53.52017,0.99989,0.9351,0.99495,0.9977,0.99872,99.57747,0.25,0.18,0.17,0.29,54.14,55.67,55.81,53.52,0.997,0.997,0.998,0.996,/tmpdir/crf_16.mpd,/videos/BigBuckBunny-2160.avi
6274,0.99332,0.09654,0.99923,53.37398,0.99989,0.93396,0.99441,0.99739,0.9985,99.29725,0.26,0.18,0.17,0.3,54.02,55.62,55.78,53.37,0.997,0.997,0.997,0.996,/tmpdir/crf_16.mpd,/videos/BigBuckBunny-2160.avi
6275,0.99576,0.81641,0.99926,51.0489,0.99995,0.92296,0.99731,0.99886,0.9994,100.0,0.43,0.3,0.25,0.51,51.77,53.36,54.1,51.05,0.996,0.996,0.996,0.995,/tmpdir/crf_16.mpd,/videos/BigBuckBunny-2160.avi
6276,0.99109,0.81641,0.99854,48.60522,0.9998,0.88961,0.99383,0.99711,0.99831,99.06779,0.7,0.36,0.28,0.9,49.65,52.58,53.63,48.61,0.994,0.995,0.996,0.993,/tmpdir/crf_16.mpd,/videos/BigBuckBunny-2160.avi
6277,0.99079,1.63765,0.99856,48.45148,0.99983,0.88428,0.99399,0.99719,0.99837,99.40466,0.73,0.37,0.29,0.93,49.49,52.4,53.44,48.45,0.993,0.995,0.996,0.992,/tmpdir/crf_16.mpd,/videos/BigBuckBunny-2160.avi
6278,0.99012,2.21224,0.99847,48.46951,0.99976,0.88606,0.99299,0.99653,0.99786,99.52869,0.73,0.38,0.3,0.92,49.49,52.29,53.34,48.47,0.993,0.995,0.996,0.992,/tmpdir/crf_16.mpd,/videos/BigBuckBunny-2160.avi
6279,0.99411,3.39724,0.99876,49.38739,0.99987,0.8979,0.99518,0.99786,0.99883,100.0,0.61,0.36,0.29,0.75,50.3,52.55,53.54,49.39,0.994,0.995,0.996,0.993,/tmpdir/crf_16.mpd,/videos/BigBuckBunny-2160.avi
6280,0.99023,2.8645,0.99841,48.3641,0.99977,0.87857,0.99213,0.99612,0.99762,99.84079,0.75,0.42,0.32,0.95,49.35,51.94,53.06,48.36,0.993,0.995,0.996,0.992,/tmpdir/crf_16.mpd,/videos/BigBuckBunny-2160.avi
6281,0.99118,1.63237,0.9984,48.41784,0.99979,0.87909,0.99272,0.99647,0.99788,99.40506,0.75,0.41,0.33,0.94,49.4,51.98,52.99,48.42,0.993,0.995,0.996,0.992,/tmpdir/crf_16.mpd,/videos/BigBuckBunny-2160.avi
6282,0.99017,1.33819,0.99836,48.25891,0.99977,0.87613,0.99238,0.99642,0.99794,99.07567,0.77,0.42,0.33,0.97,49.25,51.88,52.96,48.26,0.993,0.995,0.996,0.992,/tmpdir/crf_16.mpd,/videos/BigBuckBunny-2160.avi
6283,0.99377,0.71954,0.99872,49.25168,0.99988,0.8915,0.99508,0.9978,0.99881,99.55445,0.63,0.38,0.31,0.77,50.13,52.29,53.16,49.25,0.994,0.995,0.996,0.993,/tmpdir/crf_16.mpd,/videos/BigBuckBunny-2160.avi
6284,0.99054,0.71954,0.99836,48.27457,0.99977,0.87589,0.99259,0.99645,0.9979,98.83807,0.77,0.41,0.33,0.97,49.27,52.0,52.92,48.27,0.993,0.995,0.995,0.992,/tmpdir/crf_16.mpd,/videos/BigBuckBunny-2160.avi
6285,0.99111,1.15265,0.99837,48.31396,0.9998,0.87539,0.99259,0.99642,0.99787,99.14371,0.76,0.42,0.33,0.96,49.3,51.91,52.9,48.31,0.993,0.995,0.995,0.992,/tmpdir/crf_16.mpd,/videos/BigBuckBunny-2160.avi
6286,0.99011,1.40026,0.99829,48.12218,0.99978,0.87239,0.99199,0.99615,0.99771,99.06168,0.8,0.43,0.34,1.0,49.12,51.79,52.86,48.12,0.993,0.995,0.995,0.991,/tmpdir/crf_16.mpd,/videos/BigBuckBunny-2160.avi
6287,0.99325,2.60295,0.99865,49.12988,0.99987,0.88984,0.99446,0.99749,0.99862,100.0,0.65,0.39,0.31,0.79,50.02,52.2,53.15,49.13,0.994,0.995,0.996,0.993,/tmpdir/crf_16.mpd,/videos/BigBuckBunny-2160.avi
6288,0.99013,2.60295,0.99832,48.17189,0.99977,0.87367,0.99187,0.99609,0.99768,99.67799,0.79,0.44,0.34,0.99,49.16,51.72,52.85,48.17,0.993,0.995,0.995,0.992,/tmpdir/crf_16.mpd,/videos/BigBuckBunny-2160.avi
6289,0.99066,2.8627,0.99842,48.45581,0.99979,0.87828,0.99242,0.99629,0.99774,99.92743,0.74,0.42,0.33,0.93,49.41,51.86,52.89,48.46,0.993,0.995,0.995,0.992,/tmpdir/crf_16.mpd,/videos/BigBuckBunny-2160.avi
6290,0.9899,2.8627,0.99836,48.27916,0.99978,0.87568,0.99216,0.99624,0.9978,99.79064,0.77,0.43,0.34,0.97,49.25,51.75,52.83,48.28,0.993,0.995,0.995,0.992,/tmpdir/crf_16.mpd,/videos/BigBuckBunny-2160.avi
6291,0.99319,2.80966,0.9987,49.28873,0.99988,0.8923,0.99475,0.99759,0.99865,100.0,0.63,0.4,0.32,0.77,50.14,52.15,53.1,49.29,0.994,0.995,0.996,0.993,/tmpdir/crf_16.mpd,/videos/BigBuckBunny-2160.avi
6292,0.99015,2.63866,0.99837,48.34638,0.99978,0.87779,0.99244,0.99636,0.9979,99.7319,0.76,0.43,0.34,0.95,49.31,51.81,52.84,48.35,0.993,0.995,0.995,0.992,/tmpdir/crf_16.mpd,/videos/BigBuckBunny-2160.avi
6293,0.99054,1.37421,0.99836,47.97965,0.99982,0.86924,0.99272,0.99661,0.99803,99.15187,0.82,0.44,0.34,1.04,48.99,51.71,52.79,47.98,0.993,0.995,0.995,0.991,/tmpdir/crf_16.mpd,/videos/BigBuckBunny-2160.avi
6294,0.98929,1.37421,0.99829,47.84513,0.99979,0.86689,0.99234,0.99642,0.99793,98.91208,0.84,0.44,0.34,1.07,48.87,51.66,52.76,47.85,0.992,0.995,0.995,0.991,/tmpdir/crf_16.mpd,/videos/BigBuckBunny-2160.avi
6295,0.9926,1.77939,0.9986,48.83374,0.99987,0.88352,0.99437,0.99748,0.99863,99.82045,0.69,0.42,0.33,0.85,49.73,51.91,52.92,48.83,0.993,0.995,0.995,0.992,/tmpdir/crf_16.mpd,/videos/BigBuckBunny-2160.avi
6296,0.99015,1.77939,0.99839,48.14606,0.9998,0.87222,0.99275,0.99655,0.99797,99.28645,0.79,0.44,0.34,1.0,49.13,51.71,52.78,48.15,0.993,0.995,0.995,0.992,/tmpdir/crf_16.mpd,/videos/BigBuckBunny-2160.avi
6297,0.99044,1.13615,0.99835,48.09356,0.99981,0.87091,0.99267,0.99655,0.99802,99.01956,0.8,0.44,0.34,1.01,49.09,51.73,52.81,48.09,0.993,0.995,0.995,0.991,/tmpdir/crf_16.mpd,/videos/BigBuckBunny-2160.avi
6298,0.98962,1.10689,0.99827,47.89572,0.99978,0.86758,0.99233,0.99638,0.99786,98.83554,0.83,0.44,0.34,1.06,48.92,51.71,52.78,47.9,0.992,0.995,0.995,0.991,/tmpdir/crf_16.mpd,/videos/BigBuckBunny-2160.avi
6299,0.99177,0.92929,0.9985,48.43764,0.99986,0.87623,0.994,0.99734,0.99854,99.22617,0.75,0.43,0.34,0.93,49.39,51.82,52.83,48.44,0.993,0.995,0.995,0.992,/tmpdir/crf_16.mpd,/videos/BigBuckBunny-2160.avi
6300,0.98993,0.92929,0.99825,47.81523,0.9998,0.86467,0.99205,0.99624,0.99779,98.78767,0.85,0.45,0.35,1.08,48.83,51.59,52.67,47.82,0.992,0.994,0.995,0.991,/tmpdir/crf_16.mpd,/videos/BigBuckBunny-2160.avi
6301,0.9898,1.65698,0.9983,48.0059,0.9998,0.86978,0.99243,0.99639,0.99786,99.1447,0.82,0.44,0.35,1.03,49.0,51.65,52.72,48.01,0.992,0.995,0.995,0.991,/tmpdir/crf_16.mpd,/videos/BigBuckBunny-2160.avi
6302,0.98905,2.26705,0.99819,47.88491,0.99973,0.87063,0.99135,0.99582,0.99756,99.28827,0.84,0.45,0.35,1.06,48.89,51.59,52.68,47.88,0.992,0.995,0.995,0.991,/tmpdir/crf_16.mpd,/videos/BigBuckBunny-2160.avi
6303,0.99329,3.36993,0.99856,48.8282,0.99986,0.88532,0.9942,0.99745,0.99863,100.0,0.69,0.41,0.32,0.85,49.74,51.98,53.01,48.83,0.993,0.995,0.995,0.992,/tmpdir/crf_16.mpd,/videos/BigBuckBunny-2160.avi
6304,0.98954,2.76186,0.99824,48.01328,0.99974,0.86897,0.9914,0.9959,0.99758,99.63369,0.82,0.45,0.35,1.03,49.0,51.58,52.64,48.01,0.993,0.995,0.995,0.991,/tmpdir/crf_16.mpd,/videos/BigBuckBunny-2160.avi
6305,0.99069,1.53175,0.99825,48.06508,0.99977,0.86967,0.99187,0.99621,0.99782,99.23355,0.81,0.45,0.35,1.02,49.04,51.61,52.63,48.07,0.992,0.995,0.995,0.991,/tmpdir/crf_16.mpd,/videos/BigBuckBunny-2160.avi
6306,0.98944,1.24558,0.99818,47.89996,0.99975,0.86647,0.99138,0.99594,0.99767,98.84426,0.84,0.46,0.35,1.05,48.9,51.55,52.64,47.9,0.992,0.994,0.995,0.991,/tmpdir/crf_16.mpd,/videos/BigBuckBunny-2160.avi
6307,0.99251,0.74273,0.99849,48.56406,0.99985,0.8771,0.99367,0.99718,0.99847,99.25997,0.73,0.43,0.34,0.91,49.49,51.82,52.77,48.56,0.993,0.995,0.995,0.992,/tmpdir/crf_16.mpd,/videos/BigBuckBunny-2160.avi
6308,0.98969,0.74273,0.99815,47.80959,0.99974,0.86419,0.99131,0.99584,0.99759,98.62925,0.85,0.45,0.36,1.08,48.82,51.6,52.58,47.81,0.992,0.994,0.995,0.991,/tmpdir/crf_16.mpd,/videos/BigBuckBunny-2160.avi
6309,0.99012,1.20303,0.99819,47.94648,0.99977,0.86652,0.99145,0.99596,0.9977,98.94515,0.83,0.45,0.36,1.04,48.93,51.55,52.57,47.95,0.992,0.994,0.995,0.991,/tmpdir/crf_16.mpd,/videos/BigBuckBunny-2160.avi
6310,0.98926,1.55227,0.99811,47.77187,0.99974,0.86359,0.99071,0.99559,0.99745,98.93381,0.86,0.47,0.37,1.09,48.77,51.38,52.48,47.77,0.992,0.994,0.995,0.991,/tmpdir/crf_16.mpd,/videos/BigBuckBunny-2160.avi
6311,0.99166,2.60472,0.9983,48.19163,0.99981,0.87041,0.99208,0.99634,0.99796,99.96746,0.79,0.45,0.35,0.99,49.15,51.62,52.67,48.19,0.993,0.994,0.995,0.991,/tmpdir/crf_16.mpd,/videos/BigBuckBunny-2160.avi
6312,0.98924,2.60472,0.99812,47.78023,0.99977,0.86226,0.99056,0.99556,0.99748,99.46609,0.86,0.48,0.37,1.08,48.77,51.36,52.49,47.78,0.992,0.994,0.995,0.991,/tmpdir/crf_16.mpd,/videos/BigBuckBunny-2160.avi
6313,0.98842,2.61947,0.99793,47.43083,0.9997,0.85615,0.98934,0.9949,0.99703,99.26837,0.93,0.5,0.38,1.17,48.44,51.11,52.31,47.43,0.992,0.994,0.995,0.99,/tmpdir/crf_16.mpd,/videos/BigBuckBunny-2160.avi
6314,0.98889,2.61947,0.99791,47.33049,0.99972,0.8543,0.98917,0.99475,0.99698,99.34131,0.95,0.5,0.38,1.2,48.37,51.16,52.36,47.33,0.991,0.994,0.995,0.99,/tmpdir/crf_16.mpd,/videos/BigBuckBunny-2160.avi
6315,0.99284,0.21654,0.99909,51.71106,0.9999,0.89429,0.99684,0.99875,0.99931,99.22453,0.35,0.2,0.17,0.44,52.65,55.12,55.92,51.71,0.996,0.997,0.997,0.995,/tmpdir/crf_16.mpd,/videos/BigBuckBunny-2160.avi
6316,0.98991,0.21654,0.99865,50.40737,0.99976,0.87015,0.99409,0.99752,0.99863,98.55198,0.46,0.21,0.18,0.59,51.51,54.9,55.65,50.41,0.995,0.997,0.997,0.993,/tmpdir/crf_16.mpd,/videos/BigBuckBunny-2160.avi
6317,0.98565,0.92264,0.99831,49.60035,0.9997,0.84892,0.99232,0.99676,0.99819,98.02747,0.54,0.22,0.18,0.71,50.79,54.72,55.51,49.6,0.994,0.997,0.997,0.992,/tmpdir/crf_16.mpd,/videos/BigBuckBunny-2160.avi
6318,0.98159,1.1369,0.99799,48.9808,0.9996,0.8291,0.99024,0.99586,0.9976,97.30755,0.62,0.23,0.19,0.82,50.22,54.52,55.3,48.98,0.993,0.997,0.997,0.991,/tmpdir/crf_16.mpd,/videos/BigBuckBunny-2160.avi
6319,0.9875,2.56796,0.9982,49.53677,0.99975,0.8438,0.99285,0.99701,0.99829,99.19308,0.55,0.22,0.18,0.72,50.73,54.63,55.49,49.54,0.993,0.997,0.997,0.991,/tmpdir/crf_16.mpd,/videos/BigBuckBunny-2160.avi
6320,0.98102,2.67224,0.99774,48.98201,0.99957,0.81912,0.98779,0.9946,0.99671,97.89152,0.62,0.25,0.2,0.82,50.18,54.15,55.03,48.98,0.993,0.996,0.997,0.99,/tmpdir/crf_16.mpd,/videos/BigBuckBunny-2160.avi
6321,0.9849,4.7728,0.99796,49.41731,0.99966,0.83134,0.98909,0.99499,0.9969,99.79026,0.57,0.25,0.2,0.74,50.56,54.17,55.05,49.42,0.993,0.996,0.997,0.991,/tmpdir/crf_16.mpd,/videos/BigBuckBunny-2160.avi
6322,0.98373,4.97063,0.99773,49.16305,0.99955,0.82698,0.98723,0.99411,0.99636,99.63696,0.6,0.26,0.21,0.79,50.32,53.98,54.85,49.16,0.993,0.996,0.997,0.991,/tmpdir/crf_16.mpd,/videos/BigBuckBunny-2160.avi
6323,0.98736,4.87138,0.99827,50.0344,0.99976,0.84663,0.99162,0.99647,0.99804,100.0,0.5,0.24,0.2,0.65,51.12,54.38,55.22,50.03,0.994,0.997,0.997,0.992,/tmpdir/crf_16.mpd,/videos/BigBuckBunny-2160.avi
6324,0.98261,4.87138,0.99774,49.16662,0.99954,0.82436,0.98737,0.99427,0.99652,99.39241,0.61,0.27,0.22,0.79,50.3,53.78,54.67,49.17,0.993,0.996,0.997,0.991,/tmpdir/crf_16.mpd,/videos/BigBuckBunny-2160.avi
6325,0.984,5.24819,0.99795,49.46577,0.99966,0.83258,0.98908,0.99503,0.99699,99.91906,0.57,0.27,0.22,0.74,50.55,53.79,54.65,49.47,0.993,0.996,0.997,0.991,/tmpdir/crf_16.mpd,/videos/BigBuckBunny-2160.avi
6326,0.98218,5.24819,0.99769,49.06528,0.99952,0.82305,0.98724,0.99423,0.99657,99.53926,0.62,0.28,0.24,0.81,50.18,53.59,54.39,49.07,0.993,0.996,0.997,0.991,/tmpdir/crf_16.mpd,/videos/BigBuckBunny-2160.avi
6327,0.98799,4.56485,0.99834,50.15902,0.99978,0.85154,0.99181,0.99638,0.99787,100.0,0.49,0.25,0.21,0.63,51.19,54.07,55.01,50.16,0.994,0.996,0.997,0.992,/tmpdir/crf_16.mpd,/videos/BigBuckBunny-2160.avi
6328,0.98063,4.56485,0.99771,48.90948,0.99955,0.81577,0.98708,0.99414,0.99629,98.83666,0.65,0.29,0.24,0.84,50.03,53.45,54.39,48.91,0.992,0.996,0.997,0.99,/tmpdir/crf_16.mpd,/videos/BigBuckBunny-2160.avi
6329,0.98227,2.67502,0.99774,48.74276,0.99965,0.80522,0.98939,0.99548,0.9973,98.15457,0.67,0.3,0.23,0.87,49.88,53.38,54.44,48.74,0.992,0.996,0.997,0.99,/tmpdir/crf_16.mpd,/videos/BigBuckBunny-2160.avi
6330,0.98012,2.50394,0.99745,48.23949,0.99955,0.78801,0.988,0.99506,0.99714,97.63828,0.74,0.31,0.24,0.98,49.43,53.26,54.35,48.24,0.991,0.996,0.997,0.989,/tmpdir/crf_16.mpd,/videos/BigBuckBunny-2160.avi
6331,0.98607,2.36114,0.99804,49.28487,0.99974,0.82177,0.99171,0.99657,0.99807,98.76403,0.6,0.28,0.22,0.77,50.39,53.62,54.69,49.28,0.993,0.996,0.997,0.991,/tmpdir/crf_16.mpd,/videos/BigBuckBunny-2160.avi
6332,0.98292,2.36114,0.99771,48.87803,0.99962,0.8109,0.98906,0.99519,0.99707,98.08798,0.65,0.29,0.23,0.84,50.02,53.55,54.6,48.88,0.992,0.996,0.997,0.99,/tmpdir/crf_16.mpd,/videos/BigBuckBunny-2160.avi
6333,0.98005,2.49183,0.99743,48.43825,0.99954,0.79495,0.98742,0.99463,0.99686,97.60028,0.71,0.31,0.24,0.93,49.61,53.27,54.36,48.44,0.992,0.996,0.997,0.989,/tmpdir/crf_16.mpd,/videos/BigBuckBunny-2160.avi
6334,0.98147,2.49183,0.9976,48.46209,0.99966,0.79561,0.98882,0.99523,0.99719,97.88693,0.71,0.3,0.23,0.93,49.64,53.38,54.49,48.46,0.991,0.996,0.997,0.989,/tmpdir/crf_16.mpd,/videos/BigBuckBunny-2160.avi
6335,0.99818,0.02413,0.99948,51.47184,0.99997,0.93717,0.9978,0.99905,0.99949,100.0,0.4,0.29,0.27,0.46,52.09,53.58,53.76,51.47,0.997,0.997,0.997,0.996,/tmpdir/crf_16.mpd,/videos/BigBuckBunny-2160.avi
6336,0.99808,0.02413,0.99943,51.28119,0.99996,0.9355,0.99754,0.9989,0.9994,100.0,0.42,0.29,0.28,0.48,51.93,53.52,53.71,51.28,0.996,0.997,0.997,0.996,/tmpdir/crf_16.mpd,/videos/BigBuckBunny-2160.avi
6337,0.99801,0.09511,0.99939,51.10205,0.99995,0.93385,0.99739,0.99882,0.99934,100.0,0.43,0.29,0.28,0.5,51.78,53.48,53.67,51.1,0.996,0.997,0.997,0.996,/tmpdir/crf_16.mpd,/videos/BigBuckBunny-2160.avi
6338,0.99791,0.10974,0.99933,50.90564,0.99993,0.93206,0.99706,0.99862,0.99918,100.0,0.45,0.3,0.28,0.53,51.62,53.42,53.62,50.91,0.996,0.997,0.996,0.996,/tmpdir/crf_16.mpd,/videos/BigBuckBunny-2160.avi
6339,0.99805,0.28341,0.9993,50.73922,0.99994,0.93083,0.99724,0.99879,0.99935,100.0,0.46,0.3,0.29,0.55,51.48,53.38,53.58,50.74,0.996,0.997,0.996,0.996,/tmpdir/crf_16.mpd,/videos/BigBuckBunny-2160.avi
6340,0.99736,0.47022,0.99908,50.01811,0.99985,0.92263,0.99562,0.99785,0.99869,100.0,0.54,0.33,0.31,0.65,50.81,52.9,53.15,50.02,0.996,0.996,0.996,0.995,/tmpdir/crf_16.mpd,/videos/BigBuckBunny-2160.avi
6341,0.99724,1.13798,0.99907,49.86506,0.99987,0.91971,0.99532,0.99771,0.99863,100.0,0.56,0.35,0.33,0.67,50.65,52.71,53.0,49.87,0.995,0.996,0.996,0.995,/tmpdir/crf_16.mpd,/videos/BigBuckBunny-2160.avi
6342,0.99692,1.22275,0.99897,49.61376,0.99983,0.91717,0.99451,0.99721,0.99826,100.0,0.59,0.37,0.35,0.71,50.4,52.43,52.72,49.61,0.995,0.996,0.996,0.995,/tmpdir/crf_16.mpd,/videos/BigBuckBunny-2160.avi
6343,0.99754,1.519,0.99907,49.75336,0.9999,0.91911,0.99629,0.99833,0.99906,100.0,0.58,0.36,0.34,0.69,50.53,52.54,52.82,49.75,0.995,0.996,0.996,0.995,/tmpdir/crf_16.mpd,/videos/BigBuckBunny-2160.avi
6344,0.99683,1.519,0.99889,49.32788,0.99981,0.91264,0.99381,0.99686,0.99807,100.0,0.64,0.4,0.38,0.76,50.1,52.09,52.38,49.33,0.995,0.996,0.996,0.995,/tmpdir/crf_16.mpd,/videos/BigBuckBunny-2160.avi
6345,0.99712,1.65841,0.9989,49.30429,0.99983,0.91138,0.99405,0.99703,0.99823,100.0,0.64,0.4,0.38,0.76,50.08,52.09,52.37,49.3,0.995,0.996,0.996,0.995,/tmpdir/crf_16.mpd,/videos/BigBuckBunny-2160.avi
6346,0.99684,1.65841,0.99884,49.16152,0.9998,0.90939,0.99354,0.99676,0.99803,100.0,0.66,0.42,0.39,0.79,49.93,51.92,52.19,49.16,0.995,0.996,0.995,0.994,/tmpdir/crf_16.mpd,/videos/BigBuckBunny-2160.avi
6347,0.99749,1.39689,0.99904,49.60768,0.99991,0.91403,0.99576,0.99806,0.99892,100.0,0.6,0.39,0.37,0.71,50.34,52.2,52.49,49.61,0.995,0.996,0.996,0.995,/tmpdir/crf_16.mpd,/videos/BigBuckBunny-2160.avi
6348,0.99673,1.39689,0.99886,49.13072,0.99983,0.90753,0.99369,0.99674,0.99795,100.0,0.67,0.42,0.39,0.79,49.9,51.87,52.19,49.13,0.995,0.996,0.995,0.994,/tmpdir/crf_16.mpd,/videos/BigBuckBunny-2160.avi
6349,0.99699,0.64583,0.99885,49.04453,0.99985,0.90564,0.99412,0.99713,0.9983,100.0,0.68,0.42,0.39,0.81,49.84,51.89,52.23,49.04,0.995,0.996,0.995,0.994,/tmpdir/crf_16.mpd,/videos/BigBuckBunny-2160.avi
6350,0.99697,0.38345,0.99885,49.09109,0.99985,0.90655,0.99438,0.99731,0.99843,99.9732,0.67,0.42,0.39,0.8,49.88,51.94,52.27,49.09,0.995,0.996,0.995,0.994,/tmpdir/crf_16.mpd,/videos/BigBuckBunny-2160.avi
6351,0.99743,0.38345,0.99896,49.38254,0.99989,0.90989,0.99541,0.99787,0.99879,100.0,0.63,0.41,0.38,0.75,50.13,52.02,52.34,49.38,0.995,0.996,0.995,0.994,/tmpdir/crf_16.mpd,/videos/BigBuckBunny-2160.avi
6352,0.99688,0.52247,0.99882,49.01598,0.99983,0.90556,0.9939,0.99698,0.99818,99.9925,0.68,0.43,0.4,0.82,49.8,51.84,52.15,49.02,0.995,0.996,0.995,0.994,/tmpdir/crf_16.mpd,/videos/BigBuckBunny-2160.avi
6353,0.99697,0.73362,0.99887,49.12038,0.99985,0.90661,0.99422,0.99715,0.99829,100.0,0.67,0.43,0.4,0.8,49.88,51.83,52.15,49.12,0.995,0.996,0.995,0.994,/tmpdir/crf_16.mpd,/videos/BigBuckBunny-2160.avi
6354,0.99679,0.73362,0.99882,49.02233,0.99983,0.90568,0.99385,0.99696,0.99817,100.0,0.68,0.43,0.4,0.81,49.79,51.76,52.11,49.02,0.995,0.995,0.995,0.994,/tmpdir/crf_16.mpd,/videos/BigBuckBunny-2160.avi
6355,0.99726,0.64788,0.99897,49.39937,0.9999,0.91,0.99517,0.99769,0.99865,100.0,0.63,0.4,0.38,0.75,50.15,52.06,52.36,49.4,0.995,0.996,0.995,0.994,/tmpdir/crf_16.mpd,/videos/BigBuckBunny-2160.avi
6356,0.99668,0.64788,0.99883,49.067,0.99984,0.9058,0.99394,0.99697,0.99814,100.0,0.67,0.42,0.39,0.81,49.85,51.88,52.18,49.07,0.995,0.996,0.995,0.994,/tmpdir/crf_16.mpd,/videos/BigBuckBunny-2160.avi
6357,0.99686,0.43299,0.99884,49.04249,0.99986,0.90501,0.99411,0.99713,0.99828,99.95608,0.68,0.42,0.39,0.81,49.83,51.89,52.21,49.04,0.994,0.996,0.995,0.994,/tmpdir/crf_16.mpd,/videos/BigBuckBunny-2160.avi
6358,0.99642,0.43299,0.99869,48.51123,0.99983,0.89748,0.99325,0.99669,0.998,99.82304,0.75,0.44,0.4,0.92,49.38,51.74,52.09,48.51,0.994,0.995,0.995,0.993,/tmpdir/crf_16.mpd,/videos/BigBuckBunny-2160.avi
6359,0.99711,0.81301,0.9989,49.22718,0.99988,0.90771,0.99468,0.99744,0.99852,100.0,0.65,0.41,0.38,0.78,50.0,51.98,52.3,49.23,0.995,0.996,0.995,0.994,/tmpdir/crf_16.mpd,/videos/BigBuckBunny-2160.avi
6360,0.99675,0.81301,0.99876,48.89365,0.99983,0.90358,0.99346,0.99674,0.99804,100.0,0.7,0.44,0.4,0.84,49.68,51.73,52.07,48.89,0.994,0.995,0.995,0.994,/tmpdir/crf_16.mpd,/videos/BigBuckBunny-2160.avi
6361,0.99697,1.19287,0.9988,48.88404,0.99985,0.90339,0.99381,0.99702,0.99828,100.0,0.7,0.44,0.4,0.84,49.68,51.73,52.08,48.88,0.994,0.995,0.995,0.994,/tmpdir/crf_16.mpd,/videos/BigBuckBunny-2160.avi
6362,0.99659,1.19287,0.99869,48.70782,0.9998,0.90147,0.9931,0.99659,0.99794,100.0,0.73,0.45,0.42,0.88,49.5,51.55,51.9,48.71,0.994,0.995,0.995,0.994,/tmpdir/crf_16.mpd,/videos/BigBuckBunny-2160.avi
6363,0.99711,2.22222,0.99881,48.91262,0.99986,0.90511,0.99436,0.99739,0.99857,100.0,0.7,0.45,0.41,0.84,49.68,51.61,51.96,48.91,0.994,0.995,0.995,0.994,/tmpdir/crf_16.mpd,/videos/BigBuckBunny-2160.avi
6364,0.99627,2.22222,0.99864,48.61127,0.99978,0.89943,0.99134,0.99544,0.99714,100.0,0.75,0.49,0.45,0.9,49.36,51.24,51.57,48.61,0.994,0.995,0.995,0.994,/tmpdir/crf_16.mpd,/videos/BigBuckBunny-2160.avi
6365,0.99648,2.80382,0.9987,48.70645,0.99982,0.90004,0.99177,0.99571,0.99735,100.0,0.74,0.49,0.45,0.88,49.44,51.25,51.59,48.71,0.994,0.995,0.995,0.994,/tmpdir/crf_16.mpd,/videos/BigBuckBunny-2160.avi
6366,0.9963,2.80382,0.99856,48.46178,0.99976,0.89646,0.9906,0.99506,0.9969,100.0,0.78,0.51,0.47,0.93,49.2,51.04,51.43,48.46,0.994,0.995,0.995,0.994,/tmpdir/crf_16.mpd,/videos/BigBuckBunny-2160.avi
6367,0.99676,3.15315,0.99874,48.75141,0.99985,0.89961,0.99257,0.99637,0.99787,100.0,0.73,0.49,0.45,0.87,49.47,51.22,51.59,48.75,0.994,0.995,0.995,0.994,/tmpdir/crf_16.mpd,/videos/BigBuckBunny-2160.avi
6368,0.99609,3.15315,0.99852,48.38395,0.99976,0.89342,0.98985,0.99462,0.9966,100.0,0.8,0.53,0.49,0.94,49.1,50.85,51.19,48.38,0.994,0.995,0.994,0.993,/tmpdir/crf_16.mpd,/videos/BigBuckBunny-2160.avi
6369,0.99623,3.14145,0.99859,48.38779,0.9998,0.89266,0.99062,0.99521,0.99711,100.0,0.8,0.54,0.5,0.94,49.09,50.81,51.14,48.39,0.994,0.995,0.994,0.993,/tmpdir/crf_16.mpd,/videos/BigBuckBunny-2160.avi
6370,0.996,3.14145,0.99839,48.07597,0.99974,0.8875,0.98932,0.99457,0.99673,100.0,0.86,0.56,0.52,1.01,48.8,50.61,50.95,48.08,0.993,0.994,0.994,0.993,/tmpdir/crf_16.mpd,/videos/BigBuckBunny-2160.avi
6371,0.99608,4.2569,0.99856,48.2978,0.99981,0.88916,0.99021,0.99507,0.99708,100.0,0.82,0.55,0.51,0.96,49.0,50.71,51.07,48.3,0.994,0.995,0.994,0.993,/tmpdir/crf_16.mpd,/videos/BigBuckBunny-2160.avi
6372,0.99587,4.2569,0.99842,47.91171,0.99978,0.88455,0.9904,0.99543,0.99738,100.0,0.89,0.59,0.53,1.05,48.65,50.44,50.86,47.91,0.993,0.994,0.994,0.993,/tmpdir/crf_16.mpd,/videos/BigBuckBunny-2160.avi
6373,0.99513,4.72095,0.99874,47.62558,0.9999,0.86591,0.99229,0.99665,0.99821,100.0,1.0,0.78,0.71,1.12,48.15,49.24,49.64,47.63,0.993,0.993,0.992,0.993,/tmpdir/crf_16.mpd,/videos/BigBuckBunny-2160.avi
6374,0.99386,4.72095,0.9982,46.62326,0.99977,0.84691,0.9882,0.99442,0.99673,100.0,1.22,0.87,0.78,1.41,47.28,48.73,49.23,46.62,0.991,0.992,0.991,0.991,/tmpdir/crf_16.mpd,/videos/BigBuckBunny-2160.avi
6375,0.99442,0.05245,0.99943,54.73239,0.99994,0.94118,0.99672,0.99857,0.99925,99.58376,0.19,0.15,0.13,0.22,55.26,56.32,56.83,54.73,0.997,0.998,0.998,0.997,/tmpdir/crf_16.mpd,/videos/BigBuckBunny-2160.avi
6376,0.99232,0.05245,0.99934,54.24342,0.99991,0.93555,0.99523,0.99775,0.99876,99.13412,0.22,0.17,0.15,0.24,54.8,55.88,56.48,54.24,0.997,0.998,0.998,0.997,/tmpdir/crf_16.mpd,/videos/BigBuckBunny-2160.avi
6377,0.9849,0.1405,0.9991,52.94057,0.99986,0.9164,0.99157,0.99603,0.99787,97.68073,0.29,0.22,0.17,0.33,53.57,54.71,55.71,52.94,0.997,0.997,0.997,0.996,/tmpdir/crf_16.mpd,/videos/BigBuckBunny-2160.avi
6378,0.98448,0.1653,0.99897,52.42518,0.99982,0.90478,0.98681,0.99362,0.9965,97.41871,0.32,0.26,0.19,0.37,53.04,54.04,55.24,52.43,0.996,0.997,0.997,0.996,/tmpdir/crf_16.mpd,/videos/BigBuckBunny-2160.avi
6379,0.98553,0.232,0.99899,52.65788,0.99985,0.90969,0.98976,0.9952,0.99749,97.76228,0.31,0.26,0.2,0.35,53.2,54.03,55.15,52.66,0.996,0.997,0.997,0.996,/tmpdir/crf_16.mpd,/videos/BigBuckBunny-2160.avi
6380,0.98437,0.232,0.99899,52.79067,0.99979,0.91841,0.98871,0.99423,0.99676,97.51053,0.3,0.25,0.19,0.34,53.36,54.23,55.38,52.79,0.996,0.997,0.997,0.996,/tmpdir/crf_16.mpd,/videos/BigBuckBunny-2160.avi
6381,0.98506,0.27606,0.99907,53.60006,0.99981,0.93053,0.99032,0.9946,0.99666,97.7004,0.25,0.19,0.16,0.28,54.19,55.27,56.1,53.6,0.997,0.997,0.998,0.996,/tmpdir/crf_16.mpd,/videos/BigBuckBunny-2160.avi
6382,0.98845,0.27606,0.99908,53.7599,0.99981,0.93427,0.99219,0.99573,0.99729,98.38817,0.24,0.2,0.16,0.27,54.28,55.13,56.05,53.76,0.997,0.997,0.998,0.996,/tmpdir/crf_16.mpd,/videos/BigBuckBunny-2160.avi
6383,0.99056,0.28484,0.99918,54.15244,0.99987,0.93883,0.99447,0.99721,0.99833,98.8945,0.22,0.18,0.15,0.25,54.67,55.54,56.34,54.15,0.997,0.997,0.998,0.997,/tmpdir/crf_16.mpd,/videos/BigBuckBunny-2160.avi
6384,0.98882,0.28484,0.99911,53.91559,0.9998,0.93764,0.99207,0.99548,0.99712,98.45188,0.24,0.2,0.16,0.26,54.38,55.06,56.0,53.92,0.997,0.997,0.998,0.997,/tmpdir/crf_16.mpd,/videos/BigBuckBunny-2160.avi
6385,0.98793,0.53924,0.99904,53.68217,0.99979,0.93318,0.9907,0.99472,0.9966,98.33971,0.25,0.2,0.16,0.28,54.23,55.18,56.04,53.68,0.997,0.997,0.998,0.996,/tmpdir/crf_16.mpd,/videos/BigBuckBunny-2160.avi
6386,0.98689,0.73888,0.99892,53.28276,0.99974,0.92738,0.98847,0.99336,0.99562,98.12381,0.27,0.22,0.18,0.31,53.83,54.74,55.68,53.28,0.997,0.997,0.998,0.996,/tmpdir/crf_16.mpd,/videos/BigBuckBunny-2160.avi
6387,0.9884,1.78834,0.99889,53.14685,0.9998,0.92103,0.99052,0.99512,0.99711,99.02398,0.27,0.21,0.17,0.32,53.78,54.95,55.9,53.15,0.996,0.997,0.998,0.996,/tmpdir/crf_16.mpd,/videos/BigBuckBunny-2160.avi
6388,0.98298,1.78834,0.99857,52.1627,0.99966,0.90282,0.98506,0.99167,0.99475,97.75971,0.34,0.25,0.19,0.4,52.85,54.2,55.26,52.16,0.996,0.997,0.997,0.995,/tmpdir/crf_16.mpd,/videos/BigBuckBunny-2160.avi
6389,0.98657,1.2125,0.99857,52.09297,0.9997,0.9031,0.98772,0.99355,0.99599,98.24563,0.34,0.24,0.19,0.4,52.84,54.41,55.39,52.09,0.996,0.997,0.997,0.995,/tmpdir/crf_16.mpd,/videos/BigBuckBunny-2160.avi
6390,0.98617,1.2125,0.99852,51.98897,0.99966,0.90451,0.9871,0.99321,0.99583,98.15795,0.35,0.24,0.19,0.41,52.73,54.26,55.27,51.99,0.996,0.997,0.997,0.995,/tmpdir/crf_16.mpd,/videos/BigBuckBunny-2160.avi
6391,0.98922,2.7697,0.99871,52.52832,0.99976,0.91266,0.98955,0.99458,0.99678,99.60594,0.31,0.22,0.18,0.36,53.25,54.76,55.69,52.53,0.996,0.997,0.997,0.995,/tmpdir/crf_16.mpd,/videos/BigBuckBunny-2160.avi
6392,0.98701,3.77996,0.99853,52.06195,0.99967,0.90687,0.98719,0.9931,0.99571,99.62587,0.34,0.24,0.19,0.4,52.8,54.31,55.33,52.06,0.996,0.997,0.997,0.995,/tmpdir/crf_16.mpd,/videos/BigBuckBunny-2160.avi
6393,0.98606,5.19403,0.99849,51.90917,0.99966,0.9025,0.98539,0.99194,0.99498,100.0,0.36,0.26,0.21,0.42,52.59,53.9,54.98,51.91,0.995,0.997,0.997,0.995,/tmpdir/crf_16.mpd,/videos/BigBuckBunny-2160.avi
6394,0.99107,5.19403,0.99882,52.69392,0.9998,0.91451,0.9913,0.99551,0.99739,100.0,0.3,0.22,0.17,0.35,53.38,54.79,55.7,52.69,0.996,0.997,0.997,0.995,/tmpdir/crf_16.mpd,/videos/BigBuckBunny-2160.avi
6395,0.98675,3.59085,0.99852,51.86586,0.99968,0.90194,0.98705,0.99289,0.99554,99.44774,0.36,0.26,0.21,0.42,52.56,53.93,54.99,51.87,0.995,0.997,0.997,0.995,/tmpdir/crf_16.mpd,/videos/BigBuckBunny-2160.avi
6396,0.98794,3.19489,0.99858,51.87934,0.99971,0.90413,0.98899,0.99409,0.99639,99.53888,0.35,0.24,0.2,0.42,52.63,54.25,55.22,51.88,0.995,0.997,0.997,0.995,/tmpdir/crf_16.mpd,/videos/BigBuckBunny-2160.avi
6397,0.9887,1.70971,0.99864,52.00351,0.99971,0.90626,0.98961,0.99444,0.9965,98.93395,0.35,0.25,0.2,0.41,52.72,54.18,55.14,52.0,0.995,0.997,0.997,0.995,/tmpdir/crf_16.mpd,/videos/BigBuckBunny-2160.avi
6398,0.9916,1.70971,0.99887,52.48844,0.99984,0.91073,0.99338,0.99683,0.99819,99.63898,0.31,0.22,0.18,0.37,53.21,54.74,55.59,52.49,0.996,0.997,0.997,0.995,/tmpdir/crf_16.mpd,/videos/BigBuckBunny-2160.avi
6399,0.98765,1.0674,0.99866,52.04253,0.99972,0.90348,0.98916,0.99401,0.99612,98.38767,0.35,0.25,0.2,0.41,52.74,54.17,55.11,52.04,0.995,0.997,0.997,0.995,/tmpdir/crf_16.mpd,/videos/BigBuckBunny-2160.avi
6400,0.98773,1.01644,0.9987,52.07687,0.99975,0.90407,0.98957,0.99424,0.99638,98.40335,0.34,0.24,0.2,0.4,52.79,54.29,55.21,52.08,0.996,0.997,0.997,0.995,/tmpdir/crf_16.mpd,/videos/BigBuckBunny-2160.avi
6401,0.98836,0.59894,0.99869,52.08885,0.99974,0.90445,0.98972,0.99439,0.99644,98.32554,0.34,0.25,0.2,0.4,52.79,54.18,55.16,52.09,0.996,0.997,0.997,0.995,/tmpdir/crf_16.mpd,/videos/BigBuckBunny-2160.avi
6402,0.99098,0.59894,0.99878,52.23334,0.99983,0.90684,0.99298,0.99665,0.99805,98.96789,0.33,0.22,0.18,0.39,52.99,54.68,55.5,52.23,0.995,0.997,0.997,0.995,/tmpdir/crf_16.mpd,/videos/BigBuckBunny-2160.avi
6403,0.98736,0.43509,0.99868,52.06985,0.99973,0.90301,0.98886,0.99377,0.99597,98.01812,0.34,0.25,0.2,0.4,52.76,54.14,55.08,52.07,0.996,0.997,0.997,0.995,/tmpdir/crf_16.mpd,/videos/BigBuckBunny-2160.avi
6404,0.98702,0.43509,0.99873,52.16335,0.99976,0.90402,0.98863,0.99348,0.99584,97.94459,0.34,0.24,0.2,0.4,52.86,54.31,55.17,52.16,0.996,0.997,0.997,0.995,/tmpdir/crf_16.mpd,/videos/BigBuckBunny-2160.avi
6405,0.98733,0.31799,0.99868,52.07412,0.99974,0.90366,0.98913,0.99398,0.99617,97.97969,0.34,0.25,0.2,0.4,52.76,54.12,55.07,52.07,0.995,0.997,0.997,0.995,/tmpdir/crf_16.mpd,/videos/BigBuckBunny-2160.avi
6406,0.99004,0.31799,0.99876,52.18581,0.99981,0.90663,0.99236,0.99622,0.99783,98.64311,0.33,0.22,0.19,0.39,52.94,54.62,55.44,52.19,0.995,0.997,0.997,0.995,/tmpdir/crf_16.mpd,/videos/BigBuckBunny-2160.avi
6407,0.98722,0.29124,0.99867,52.03725,0.99972,0.90327,0.98912,0.99401,0.99614,97.94485,0.35,0.25,0.2,0.41,52.73,54.12,55.03,52.04,0.995,0.997,0.997,0.995,/tmpdir/crf_16.mpd,/videos/BigBuckBunny-2160.avi
6408,0.98713,0.29124,0.9987,52.07483,0.99975,0.90302,0.98857,0.99357,0.99596,97.90329,0.34,0.24,0.2,0.4,52.78,54.24,55.09,52.07,0.995,0.997,0.997,0.995,/tmpdir/crf_16.mpd,/videos/BigBuckBunny-2160.avi
6409,0.98736,0.29527,0.99863,51.94777,0.99972,0.90096,0.98914,0.99416,0.99638,97.98494,0.35,0.25,0.2,0.42,52.66,54.14,55.04,51.95,0.995,0.997,0.997,0.995,/tmpdir/crf_16.mpd,/videos/BigBuckBunny-2160.avi
6410,0.98917,0.29527,0.99868,52.00389,0.99979,0.90181,0.99122,0.99559,0.9974,98.41585,0.34,0.23,0.19,0.41,52.77,54.5,55.32,52.0,0.995,0.997,0.997,0.994,/tmpdir/crf_16.mpd,/videos/BigBuckBunny-2160.avi
6411,0.98722,0.32436,0.99858,51.83948,0.99971,0.89807,0.98879,0.994,0.9962,97.94758,0.36,0.26,0.2,0.43,52.56,54.06,55.03,51.84,0.995,0.997,0.997,0.994,/tmpdir/crf_16.mpd,/videos/BigBuckBunny-2160.avi
6412,0.9866,0.32436,0.99858,51.81108,0.99972,0.89669,0.98822,0.9936,0.99597,97.80779,0.36,0.25,0.2,0.43,52.55,54.11,55.05,51.81,0.995,0.997,0.997,0.994,/tmpdir/crf_16.mpd,/videos/BigBuckBunny-2160.avi
6413,0.98576,0.38521,0.9985,51.65375,0.99969,0.89264,0.98763,0.99339,0.99583,97.6598,0.37,0.26,0.21,0.44,52.4,53.98,54.98,51.65,0.995,0.997,0.997,0.994,/tmpdir/crf_16.mpd,/videos/BigBuckBunny-2160.avi
6414,0.98498,0.38521,0.9984,51.39648,0.99969,0.88725,0.98731,0.99336,0.99597,97.51277,0.39,0.25,0.2,0.47,52.22,54.14,55.06,51.4,0.995,0.997,0.997,0.994,/tmpdir/crf_16.mpd,/videos/BigBuckBunny-2160.avi
6415,0.99552,0.0334,0.99923,51.60339,0.99995,0.91872,0.99745,0.99888,0.99939,99.70709,0.38,0.24,0.22,0.45,52.38,54.29,54.76,51.6,0.996,0.997,0.997,0.995,/tmpdir/crf_16.mpd,/videos/BigBuckBunny-2160.avi
6416,0.99542,0.0334,0.99919,51.39574,0.99994,0.91615,0.99708,0.99865,0.99922,99.66234,0.39,0.25,0.22,0.47,52.18,54.15,54.63,51.4,0.996,0.997,0.997,0.995,/tmpdir/crf_16.mpd,/videos/BigBuckBunny-2160.avi
6417,0.99193,0.82041,0.99861,49.70759,0.9998,0.89887,0.99381,0.99697,0.99816,99.23241,0.55,0.3,0.24,0.7,50.7,53.43,54.24,49.71,0.994,0.996,0.996,0.993,/tmpdir/crf_16.mpd,/videos/BigBuckBunny-2160.avi
6418,0.99047,1.21904,0.99845,49.43541,0.99974,0.89157,0.99277,0.99645,0.99781,99.10645,0.59,0.32,0.26,0.74,50.42,53.04,54.0,49.44,0.994,0.996,0.996,0.993,/tmpdir/crf_16.mpd,/videos/BigBuckBunny-2160.avi
6419,0.99247,1.93525,0.9984,49.20534,0.99981,0.88954,0.99451,0.99749,0.99854,99.88508,0.62,0.31,0.26,0.78,50.23,53.15,54.0,49.21,0.993,0.996,0.996,0.992,/tmpdir/crf_16.mpd,/videos/BigBuckBunny-2160.avi
6420,0.98885,1.93525,0.99813,48.80111,0.99971,0.87621,0.99133,0.9958,0.99743,99.08951,0.68,0.36,0.28,0.86,49.82,52.61,53.63,48.8,0.993,0.996,0.996,0.991,/tmpdir/crf_16.mpd,/videos/BigBuckBunny-2160.avi
6421,0.99002,4.27194,0.99819,49.11982,0.99975,0.88234,0.99242,0.99641,0.99788,100.0,0.63,0.33,0.27,0.8,50.13,52.92,53.81,49.12,0.993,0.996,0.996,0.992,/tmpdir/crf_16.mpd,/videos/BigBuckBunny-2160.avi
6422,0.98823,4.98997,0.99809,48.97872,0.99973,0.87688,0.99181,0.9961,0.9977,100.0,0.65,0.34,0.27,0.82,50.0,52.87,53.74,48.98,0.993,0.996,0.996,0.991,/tmpdir/crf_16.mpd,/videos/BigBuckBunny-2160.avi
6423,0.99088,5.70718,0.99832,49.45588,0.9998,0.88437,0.9935,0.99699,0.99829,100.0,0.59,0.31,0.26,0.74,50.46,53.27,54.03,49.46,0.993,0.996,0.996,0.992,/tmpdir/crf_16.mpd,/videos/BigBuckBunny-2160.avi
6424,0.98926,5.70718,0.99816,49.17182,0.99975,0.87951,0.99203,0.99612,0.99766,100.0,0.62,0.32,0.27,0.79,50.19,53.08,53.88,49.17,0.993,0.996,0.996,0.992,/tmpdir/crf_16.mpd,/videos/BigBuckBunny-2160.avi
6425,0.98884,6.46627,0.99812,49.22427,0.99973,0.87962,0.99159,0.99596,0.99758,100.0,0.62,0.32,0.27,0.78,50.22,53.02,53.75,49.22,0.993,0.996,0.996,0.992,/tmpdir/crf_16.mpd,/videos/BigBuckBunny-2160.avi
6426,0.99146,6.46627,0.99843,49.87172,0.99982,0.89074,0.99355,0.99697,0.99826,100.0,0.54,0.3,0.26,0.67,50.8,53.3,54.01,49.87,0.994,0.996,0.996,0.992,/tmpdir/crf_16.mpd,/videos/BigBuckBunny-2160.avi
6427,0.98911,6.06,0.99821,49.23962,0.99975,0.88125,0.99218,0.99619,0.9977,100.0,0.62,0.33,0.28,0.77,50.22,52.94,53.72,49.24,0.993,0.996,0.996,0.992,/tmpdir/crf_16.mpd,/videos/BigBuckBunny-2160.avi
6428,0.99242,4.41931,0.99858,50.07701,0.99985,0.8948,0.99437,0.99733,0.99844,100.0,0.52,0.3,0.26,0.64,50.97,53.3,53.95,50.08,0.994,0.996,0.996,0.993,/tmpdir/crf_16.mpd,/videos/BigBuckBunny-2160.avi
6429,0.98867,3.64346,0.99824,49.17101,0.99975,0.88031,0.99216,0.99624,0.99779,100.0,0.63,0.34,0.28,0.79,50.16,52.87,53.66,49.17,0.993,0.996,0.996,0.992,/tmpdir/crf_16.mpd,/videos/BigBuckBunny-2160.avi
6430,0.99067,2.52558,0.99833,49.2703,0.99977,0.88387,0.99282,0.99654,0.99792,99.78662,0.61,0.33,0.28,0.77,50.25,52.93,53.68,49.27,0.993,0.996,0.996,0.992,/tmpdir/crf_16.mpd,/videos/BigBuckBunny-2160.avi
6431,0.99002,0.88032,0.99825,48.89427,0.99977,0.87565,0.9927,0.99656,0.99797,98.83131,0.66,0.34,0.28,0.84,49.92,52.87,53.62,48.89,0.993,0.996,0.996,0.991,/tmpdir/crf_16.mpd,/videos/BigBuckBunny-2160.avi
6432,0.99274,0.88032,0.99864,49.90571,0.99986,0.89196,0.99484,0.99759,0.99861,99.43184,0.54,0.32,0.27,0.66,50.79,53.08,53.75,49.91,0.994,0.996,0.996,0.993,/tmpdir/crf_16.mpd,/videos/BigBuckBunny-2160.avi
6433,0.98971,0.66517,0.99831,49.08906,0.99978,0.87863,0.99282,0.99659,0.99798,98.68276,0.64,0.34,0.29,0.8,50.07,52.8,53.57,49.09,0.993,0.996,0.996,0.992,/tmpdir/crf_16.mpd,/videos/BigBuckBunny-2160.avi
6434,0.9904,0.66517,0.99836,49.20209,0.9998,0.88055,0.99328,0.99682,0.99814,98.82775,0.62,0.34,0.28,0.78,50.18,52.85,53.61,49.2,0.993,0.996,0.996,0.992,/tmpdir/crf_16.mpd,/videos/BigBuckBunny-2160.avi
6435,0.98948,0.84121,0.99826,49.02754,0.99976,0.88,0.99257,0.99644,0.99785,98.71611,0.65,0.34,0.28,0.81,50.03,52.8,53.59,49.03,0.993,0.996,0.996,0.992,/tmpdir/crf_16.mpd,/videos/BigBuckBunny-2160.avi
6436,0.99244,0.87972,0.9985,49.70087,0.99983,0.89255,0.99428,0.99735,0.99851,99.36626,0.56,0.32,0.28,0.7,50.61,53.04,53.7,49.7,0.994,0.996,0.996,0.992,/tmpdir/crf_16.mpd,/videos/BigBuckBunny-2160.avi
6437,0.99003,1.76325,0.99828,49.28157,0.99974,0.88559,0.99211,0.99618,0.99772,99.26637,0.62,0.35,0.29,0.77,50.23,52.75,53.54,49.28,0.993,0.996,0.996,0.992,/tmpdir/crf_16.mpd,/videos/BigBuckBunny-2160.avi
6438,0.99083,1.35213,0.99835,49.38997,0.99978,0.88794,0.99266,0.99645,0.99793,99.23247,0.6,0.34,0.28,0.75,50.34,52.88,53.64,49.39,0.993,0.996,0.996,0.992,/tmpdir/crf_16.mpd,/videos/BigBuckBunny-2160.avi
6439,0.98934,1.35213,0.9982,48.97629,0.99974,0.87932,0.99206,0.9962,0.99774,98.92491,0.65,0.34,0.29,0.82,49.97,52.76,53.53,48.98,0.993,0.996,0.996,0.992,/tmpdir/crf_16.mpd,/videos/BigBuckBunny-2160.avi
6440,0.99245,1.94353,0.99852,49.70431,0.99984,0.89097,0.99413,0.99721,0.99838,99.87183,0.56,0.33,0.28,0.7,50.61,52.99,53.68,49.7,0.994,0.996,0.996,0.992,/tmpdir/crf_16.mpd,/videos/BigBuckBunny-2160.avi
6441,0.98939,2.2363,0.9983,49.26428,0.99974,0.88531,0.99208,0.9961,0.99762,99.38229,0.62,0.34,0.29,0.77,50.21,52.76,53.49,49.26,0.993,0.996,0.996,0.992,/tmpdir/crf_16.mpd,/videos/BigBuckBunny-2160.avi
6442,0.99032,1.92294,0.99839,49.37304,0.99978,0.88644,0.99253,0.99632,0.99777,99.40734,0.61,0.34,0.29,0.75,50.31,52.81,53.56,49.37,0.993,0.996,0.996,0.992,/tmpdir/crf_16.mpd,/videos/BigBuckBunny-2160.avi
6443,0.98969,0.98263,0.9984,49.30543,0.99978,0.88475,0.99259,0.99641,0.9979,98.83843,0.61,0.34,0.29,0.76,50.25,52.75,53.56,49.31,0.993,0.996,0.996,0.992,/tmpdir/crf_16.mpd,/videos/BigBuckBunny-2160.avi
6444,0.99239,0.98263,0.99868,50.04317,0.99987,0.89685,0.99465,0.99738,0.99848,99.41717,0.53,0.32,0.28,0.64,50.9,53.05,53.7,50.04,0.994,0.996,0.996,0.993,/tmpdir/crf_16.mpd,/videos/BigBuckBunny-2160.avi
6445,0.9898,0.50193,0.99843,49.37787,0.99979,0.88564,0.99267,0.99634,0.9978,98.62255,0.61,0.34,0.29,0.75,50.31,52.76,53.55,49.38,0.993,0.996,0.996,0.992,/tmpdir/crf_16.mpd,/videos/BigBuckBunny-2160.avi
6446,0.99103,0.50193,0.99847,49.48187,0.99981,0.88732,0.99302,0.99657,0.99801,98.86446,0.59,0.34,0.28,0.73,50.4,52.81,53.58,49.48,0.994,0.996,0.996,0.992,/tmpdir/crf_16.mpd,/videos/BigBuckBunny-2160.avi
6447,0.99011,0.40088,0.99841,49.37907,0.99979,0.88561,0.99288,0.99653,0.99796,98.64507,0.6,0.34,0.29,0.75,50.32,52.82,53.55,49.38,0.993,0.996,0.996,0.992,/tmpdir/crf_16.mpd,/videos/BigBuckBunny-2160.avi
6448,0.99204,0.40088,0.99855,49.7126,0.99984,0.89091,0.99401,0.99711,0.99834,99.04527,0.57,0.33,0.28,0.69,50.61,52.93,53.62,49.71,0.994,0.996,0.996,0.993,/tmpdir/crf_16.mpd,/videos/BigBuckBunny-2160.avi
6449,0.98949,0.43298,0.99833,49.11651,0.99977,0.87981,0.99243,0.99621,0.99764,98.50361,0.64,0.35,0.29,0.8,50.08,52.67,53.5,49.12,0.993,0.996,0.996,0.992,/tmpdir/crf_16.mpd,/videos/BigBuckBunny-2160.avi
6450,0.98938,0.43298,0.99834,49.06494,0.99979,0.87614,0.99263,0.99635,0.99781,98.48924,0.64,0.35,0.29,0.81,50.04,52.66,53.5,49.06,0.993,0.996,0.996,0.992,/tmpdir/crf_16.mpd,/videos/BigBuckBunny-2160.avi
6451,0.98882,0.43289,0.99824,48.79294,0.99977,0.86993,0.99215,0.99613,0.99767,98.3566,0.68,0.36,0.29,0.86,49.8,52.6,53.47,48.79,0.993,0.996,0.996,0.991,/tmpdir/crf_16.mpd,/videos/BigBuckBunny-2160.avi
6452,0.98944,0.43289,0.99829,48.83294,0.9998,0.86809,0.99264,0.9964,0.99786,98.4814,0.67,0.35,0.29,0.85,49.85,52.69,53.51,48.83,0.993,0.996,0.996,0.991,/tmpdir/crf_16.mpd,/videos/BigBuckBunny-2160.avi
6453,0.98766,0.37502,0.99814,48.43562,0.99976,0.86159,0.99161,0.99591,0.99751,98.08474,0.73,0.36,0.3,0.93,49.49,52.54,53.42,48.44,0.992,0.995,0.996,0.991,/tmpdir/crf_16.mpd,/videos/BigBuckBunny-2160.avi
6454,0.98715,0.37502,0.99806,48.22228,0.99974,0.85841,0.99099,0.99551,0.99723,97.95646,0.76,0.36,0.29,0.98,49.31,52.55,53.43,48.22,0.992,0.995,0.996,0.99,/tmpdir/crf_16.mpd,/videos/BigBuckBunny-2160.avi
6455,0.99815,0.03262,0.99957,54.15163,0.99997,0.94678,0.99774,0.99895,0.99941,100.0,0.22,0.16,0.16,0.25,54.69,55.99,56.04,54.15,0.997,0.998,0.997,0.997,/tmpdir/crf_16.mpd,/videos/BigBuckBunny-2160.avi
6456,0.998,0.03262,0.99955,53.98581,0.99996,0.94563,0.99737,0.99872,0.99927,100.0,0.23,0.17,0.17,0.26,54.54,55.87,55.94,53.99,0.997,0.997,0.997,0.997,/tmpdir/crf_16.mpd,/videos/BigBuckBunny-2160.avi
6457,0.99793,0.03016,0.99955,53.91732,0.99996,0.94536,0.99738,0.99873,0.99927,100.0,0.23,0.17,0.17,0.26,54.48,55.86,55.92,53.92,0.997,0.997,0.997,0.997,/tmpdir/crf_16.mpd,/videos/BigBuckBunny-2160.avi
6458,0.99792,0.03016,0.99954,53.88444,0.99996,0.94454,0.99726,0.99869,0.99927,100.0,0.23,0.17,0.17,0.27,54.44,55.8,55.88,53.88,0.997,0.997,0.997,0.997,/tmpdir/crf_16.mpd,/videos/BigBuckBunny-2160.avi
6459,0.99798,0.02772,0.99954,53.85793,0.99996,0.94379,0.99739,0.9988,0.99934,100.0,0.23,0.17,0.17,0.27,54.42,55.81,55.86,53.86,0.997,0.997,0.997,0.997,/tmpdir/crf_16.mpd,/videos/BigBuckBunny-2160.avi
6460,0.99792,0.02772,0.99953,53.78776,0.99996,0.94339,0.99701,0.99853,0.99915,100.0,0.24,0.17,0.17,0.27,54.35,55.73,55.79,53.79,0.997,0.997,0.997,0.997,/tmpdir/crf_16.mpd,/videos/BigBuckBunny-2160.avi
6461,0.9977,0.06213,0.9995,53.57404,0.99995,0.9414,0.99694,0.99853,0.9992,100.0,0.25,0.18,0.18,0.29,54.16,55.6,55.66,53.57,0.997,0.997,0.997,0.997,/tmpdir/crf_16.mpd,/videos/BigBuckBunny-2160.avi
6462,0.99751,0.07661,0.99944,53.15502,0.99993,0.93778,0.99671,0.99848,0.99919,100.0,0.27,0.19,0.18,0.31,53.8,55.44,55.49,53.16,0.997,0.997,0.997,0.997,/tmpdir/crf_16.mpd,/videos/BigBuckBunny-2160.avi
6463,0.99722,0.13074,0.99937,52.84315,0.9999,0.93488,0.99633,0.99818,0.99897,100.0,0.29,0.19,0.19,0.34,53.53,55.35,55.35,52.84,0.997,0.997,0.997,0.997,/tmpdir/crf_16.mpd,/videos/BigBuckBunny-2160.avi
6464,0.99696,0.15894,0.99932,52.67478,0.99989,0.93249,0.99562,0.99774,0.99869,99.98802,0.3,0.2,0.2,0.35,53.34,55.16,55.04,52.67,0.997,0.997,0.997,0.997,/tmpdir/crf_16.mpd,/videos/BigBuckBunny-2160.avi
6465,0.99627,2.73232,0.99915,52.19361,0.99985,0.92576,0.99501,0.99791,0.99916,100.0,0.34,0.22,0.22,0.39,52.88,54.76,54.62,52.19,0.996,0.997,0.997,0.996,/tmpdir/crf_16.mpd,/videos/BigBuckBunny-2160.avi
6466,0.99617,4.82946,0.99908,51.78229,0.9998,0.92238,0.99319,0.99653,0.99796,100.0,0.37,0.23,0.24,0.43,52.48,54.47,54.24,51.78,0.996,0.997,0.997,0.996,/tmpdir/crf_16.mpd,/videos/BigBuckBunny-2160.avi
6467,0.9953,6.87663,0.99911,52.05876,0.99987,0.91898,0.99341,0.99713,0.99862,100.0,0.35,0.23,0.23,0.4,52.75,54.59,54.59,52.06,0.996,0.997,0.997,0.996,/tmpdir/crf_16.mpd,/videos/BigBuckBunny-2160.avi
6468,0.99526,7.80394,0.99916,52.12454,0.99988,0.92154,0.99412,0.99743,0.99871,100.0,0.34,0.23,0.22,0.4,52.8,54.48,54.68,52.12,0.996,0.997,0.997,0.996,/tmpdir/crf_16.mpd,/videos/BigBuckBunny-2160.avi
6469,0.99446,0.75161,0.99911,51.71363,0.99985,0.92124,0.99413,0.9973,0.99853,99.75547,0.37,0.23,0.22,0.44,52.47,54.44,54.71,51.71,0.996,0.997,0.997,0.996,/tmpdir/crf_16.mpd,/videos/BigBuckBunny-2160.avi
6470,0.99466,0.47036,0.99915,51.90339,0.99987,0.92159,0.9945,0.99753,0.99868,99.67659,0.36,0.23,0.22,0.42,52.63,54.45,54.72,51.9,0.996,0.997,0.997,0.996,/tmpdir/crf_16.mpd,/videos/BigBuckBunny-2160.avi
6471,0.99513,0.11776,0.99921,52.13155,0.99989,0.92335,0.99461,0.9975,0.99862,99.6008,0.34,0.23,0.21,0.4,52.83,54.57,54.83,52.13,0.996,0.997,0.997,0.996,/tmpdir/crf_16.mpd,/videos/BigBuckBunny-2160.avi
6472,0.99613,0.09195,0.99929,52.51278,0.99992,0.92701,0.99604,0.99828,0.99912,99.83522,0.31,0.22,0.21,0.36,53.15,54.72,54.91,52.51,0.996,0.997,0.997,0.996,/tmpdir/crf_16.mpd,/videos/BigBuckBunny-2160.avi
6473,0.99561,0.0,0.99924,52.29091,0.9999,0.92455,0.99506,0.99776,0.99879,99.65561,0.33,0.22,0.21,0.38,52.97,54.66,54.88,52.29,0.996,0.997,0.997,0.996,/tmpdir/crf_16.mpd,/videos/BigBuckBunny-2160.avi
6474,0.99556,0.0,0.99924,52.2694,0.9999,0.92446,0.99499,0.9977,0.99875,99.64086,0.33,0.22,0.21,0.39,52.95,54.66,54.87,52.27,0.996,0.997,0.997,0.996,/tmpdir/crf_16.mpd,/videos/BigBuckBunny-2160.avi
6475,0.9959,0.02836,0.99921,52.16981,0.99989,0.9227,0.99482,0.99764,0.99872,99.70495,0.34,0.22,0.21,0.39,52.87,54.64,54.85,52.17,0.996,0.997,0.997,0.996,/tmpdir/crf_16.mpd,/videos/BigBuckBunny-2160.avi
6476,0.99603,0.02836,0.99921,52.15448,0.9999,0.92235,0.99499,0.99775,0.99881,99.73606,0.34,0.22,0.21,0.4,52.86,54.65,54.84,52.15,0.996,0.997,0.997,0.996,/tmpdir/crf_16.mpd,/videos/BigBuckBunny-2160.avi
6477,0.99671,1.05612,0.99913,51.887,0.99986,0.9205,0.99381,0.99704,0.99829,100.0,0.36,0.24,0.22,0.42,52.6,54.38,54.67,51.89,0.996,0.997,0.997,0.996,/tmpdir/crf_16.mpd,/videos/BigBuckBunny-2160.avi
6478,0.99678,1.40037,0.99913,51.80659,0.99986,0.91992,0.99387,0.99709,0.99833,100.0,0.36,0.24,0.22,0.43,52.54,54.37,54.66,51.81,0.996,0.997,0.997,0.996,/tmpdir/crf_16.mpd,/videos/BigBuckBunny-2160.avi
6479,0.99325,5.13111,0.99911,51.66839,0.99984,0.91918,0.993,0.99657,0.99804,100.0,0.37,0.25,0.23,0.44,52.4,54.23,54.53,51.67,0.996,0.997,0.997,0.996,/tmpdir/crf_16.mpd,/videos/BigBuckBunny-2160.avi
6480,0.9954,5.13111,0.99915,52.09015,0.99987,0.9199,0.99385,0.99708,0.99836,100.0,0.34,0.23,0.22,0.4,52.77,54.45,54.71,52.09,0.996,0.997,0.997,0.996,/tmpdir/crf_16.mpd,/videos/BigBuckBunny-2160.avi
6481,0.99763,6.29857,0.99936,53.1583,0.99993,0.93304,0.99631,0.99831,0.99907,100.0,0.28,0.22,0.21,0.31,53.66,54.78,54.96,53.16,0.997,0.997,0.997,0.997,/tmpdir/crf_16.mpd,/videos/BigBuckBunny-2160.avi
6482,0.99722,6.29857,0.99914,52.05125,0.99988,0.918,0.99371,0.99687,0.99813,100.0,0.35,0.24,0.24,0.41,52.68,54.25,54.37,52.05,0.996,0.996,0.996,0.996,/tmpdir/crf_16.mpd,/videos/BigBuckBunny-2160.avi
6483,0.99701,3.59303,0.99907,51.70541,0.99988,0.91278,0.99339,0.99676,0.9981,100.0,0.38,0.27,0.26,0.44,52.32,53.88,53.93,51.71,0.996,0.996,0.996,0.996,/tmpdir/crf_16.mpd,/videos/BigBuckBunny-2160.avi
6484,0.99691,1.94937,0.99906,51.53298,0.99988,0.91106,0.99332,0.99674,0.99809,100.0,0.4,0.28,0.28,0.46,52.14,53.7,53.71,51.53,0.996,0.996,0.996,0.995,/tmpdir/crf_16.mpd,/videos/BigBuckBunny-2160.avi
6485,0.99687,0.14993,0.99908,51.53196,0.99989,0.91121,0.99329,0.99669,0.99808,99.82264,0.4,0.28,0.29,0.46,52.12,53.63,53.57,51.53,0.996,0.996,0.996,0.995,/tmpdir/crf_16.mpd,/videos/BigBuckBunny-2160.avi
6486,0.99697,0.09542,0.99908,51.48454,0.9999,0.9102,0.9935,0.99685,0.99815,99.82066,0.4,0.28,0.28,0.46,52.09,53.66,53.62,51.48,0.996,0.996,0.996,0.995,/tmpdir/crf_16.mpd,/videos/BigBuckBunny-2160.avi
6487,0.99678,0.03939,0.99907,51.43972,0.99989,0.90976,0.99273,0.99626,0.99772,99.7147,0.41,0.28,0.28,0.47,52.05,53.61,53.59,51.44,0.996,0.996,0.996,0.995,/tmpdir/crf_16.mpd,/videos/BigBuckBunny-2160.avi
6488,0.99665,0.03939,0.99907,51.4126,0.99988,0.90971,0.99277,0.9963,0.99775,99.69558,0.41,0.28,0.28,0.47,52.03,53.62,53.59,51.41,0.996,0.996,0.996,0.995,/tmpdir/crf_16.mpd,/videos/BigBuckBunny-2160.avi
6489,0.99666,0.02883,0.99906,51.3833,0.99989,0.90893,0.99265,0.99626,0.99776,99.68937,0.41,0.28,0.29,0.47,52.0,53.59,53.58,51.38,0.996,0.996,0.996,0.995,/tmpdir/crf_16.mpd,/videos/BigBuckBunny-2160.avi
6490,0.9967,0.02883,0.99906,51.34748,0.99989,0.90823,0.99279,0.99636,0.99781,99.70031,0.41,0.28,0.29,0.48,51.97,53.6,53.57,51.35,0.995,0.996,0.996,0.995,/tmpdir/crf_16.mpd,/videos/BigBuckBunny-2160.avi
6491,0.99651,0.02824,0.99906,51.35203,0.99989,0.90842,0.99248,0.99616,0.99767,99.65099,0.41,0.29,0.29,0.48,51.97,53.57,53.55,51.35,0.995,0.996,0.996,0.995,/tmpdir/crf_16.mpd,/videos/BigBuckBunny-2160.avi
6492,0.99638,0.02824,0.99905,51.30732,0.99988,0.90818,0.99241,0.99613,0.99764,99.62499,0.42,0.29,0.29,0.48,51.94,53.57,53.55,51.31,0.995,0.996,0.996,0.995,/tmpdir/crf_16.mpd,/videos/BigBuckBunny-2160.avi
6493,0.99631,0.02557,0.99904,51.23441,0.99988,0.90696,0.99204,0.99596,0.99755,99.59588,0.42,0.29,0.29,0.49,51.87,53.54,53.52,51.23,0.995,0.996,0.996,0.995,/tmpdir/crf_16.mpd,/videos/BigBuckBunny-2160.avi
6494,0.99624,0.02557,0.99903,51.14417,0.99988,0.90572,0.99182,0.99586,0.99752,99.57529,0.43,0.29,0.29,0.5,51.8,53.54,53.52,51.14,0.995,0.996,0.996,0.995,/tmpdir/crf_16.mpd,/videos/BigBuckBunny-2160.avi
6495,0.99564,0.1154,0.9994,52.96095,0.99995,0.92567,0.99756,0.9989,0.99937,99.78852,0.28,0.19,0.18,0.33,53.66,55.45,55.62,52.96,0.997,0.997,0.997,0.996,/tmpdir/crf_16.mpd,/videos/BigBuckBunny-2160.avi
6496,0.99266,0.1154,0.99909,51.43732,0.99985,0.90702,0.99534,0.9977,0.99858,99.10742,0.38,0.22,0.2,0.47,52.32,54.73,55.15,51.44,0.996,0.997,0.997,0.995,/tmpdir/crf_16.mpd,/videos/BigBuckBunny-2160.avi
6497,0.99141,0.25261,0.99894,50.9354,0.99982,0.90331,0.9938,0.99668,0.99779,98.85519,0.42,0.24,0.21,0.52,51.85,54.31,54.91,50.94,0.995,0.997,0.997,0.995,/tmpdir/crf_16.mpd,/videos/BigBuckBunny-2160.avi
6498,0.98924,0.25261,0.99883,50.74392,0.99976,0.89712,0.99301,0.99634,0.99761,98.42962,0.45,0.27,0.22,0.55,51.63,53.89,54.69,50.74,0.995,0.997,0.997,0.995,/tmpdir/crf_16.mpd,/videos/BigBuckBunny-2160.avi
6499,0.99405,0.37752,0.99894,51.00618,0.99987,0.90427,0.99488,0.99734,0.99823,99.43372,0.42,0.25,0.22,0.52,51.88,54.19,54.73,51.01,0.995,0.997,0.997,0.994,/tmpdir/crf_16.mpd,/videos/BigBuckBunny-2160.avi
6500,0.98918,0.37752,0.99875,50.5349,0.99976,0.89122,0.99247,0.99616,0.99761,98.45255,0.47,0.29,0.24,0.57,51.4,53.51,54.39,50.53,0.995,0.996,0.997,0.994,/tmpdir/crf_16.mpd,/videos/BigBuckBunny-2160.avi
6501,0.98929,0.40972,0.99879,50.61315,0.99979,0.89199,0.99239,0.99605,0.99747,98.47828,0.46,0.29,0.24,0.56,51.46,53.54,54.31,50.61,0.995,0.996,0.996,0.994,/tmpdir/crf_16.mpd,/videos/BigBuckBunny-2160.avi
6502,0.9893,0.40972,0.99871,50.40432,0.99977,0.8873,0.99184,0.99584,0.99735,98.45077,0.49,0.31,0.25,0.59,51.25,53.23,54.15,50.4,0.995,0.996,0.996,0.994,/tmpdir/crf_16.mpd,/videos/BigBuckBunny-2160.avi
6503,0.99131,0.33945,0.99882,50.68306,0.99984,0.89169,0.9936,0.99679,0.99797,98.85627,0.46,0.29,0.25,0.56,51.49,53.44,54.18,50.68,0.995,0.996,0.996,0.994,/tmpdir/crf_16.mpd,/videos/BigBuckBunny-2160.avi
6504,0.98856,0.33945,0.99865,50.21161,0.99977,0.88267,0.99167,0.99576,0.99733,98.26971,0.51,0.33,0.26,0.62,51.04,52.95,53.95,50.21,0.995,0.996,0.996,0.994,/tmpdir/crf_16.mpd,/videos/BigBuckBunny-2160.avi
6505,0.98915,0.60233,0.99865,50.18569,0.99979,0.88177,0.99174,0.99579,0.99728,98.49372,0.52,0.33,0.27,0.62,51.01,52.94,53.85,50.19,0.994,0.996,0.996,0.994,/tmpdir/crf_16.mpd,/videos/BigBuckBunny-2160.avi
6506,0.98722,1.41947,0.9985,49.82563,0.99976,0.87362,0.99053,0.99535,0.99712,98.50394,0.56,0.35,0.28,0.68,50.68,52.7,53.68,49.83,0.994,0.996,0.996,0.993,/tmpdir/crf_16.mpd,/videos/BigBuckBunny-2160.avi
6507,0.98883,3.28813,0.9985,49.89368,0.99981,0.87202,0.99168,0.99602,0.99758,99.79917,0.55,0.33,0.28,0.67,50.76,52.96,53.67,49.89,0.994,0.996,0.996,0.993,/tmpdir/crf_16.mpd,/videos/BigBuckBunny-2160.avi
6508,0.98749,3.28813,0.99832,49.49254,0.99977,0.86108,0.99,0.99521,0.99709,99.48394,0.6,0.35,0.3,0.73,50.38,52.68,53.41,49.49,0.993,0.996,0.996,0.992,/tmpdir/crf_16.mpd,/videos/BigBuckBunny-2160.avi
6509,0.987,4.78603,0.99828,49.5177,0.99976,0.86009,0.98943,0.99502,0.99697,100.0,0.6,0.36,0.3,0.73,50.38,52.52,53.31,49.52,0.993,0.996,0.996,0.992,/tmpdir/crf_16.mpd,/videos/BigBuckBunny-2160.avi
6510,0.99048,4.78603,0.99854,50.18801,0.99982,0.87229,0.99141,0.99601,0.99764,100.0,0.52,0.33,0.29,0.62,50.99,52.97,53.54,50.19,0.994,0.996,0.996,0.993,/tmpdir/crf_16.mpd,/videos/BigBuckBunny-2160.avi
6511,0.9884,5.24489,0.99824,49.41446,0.99975,0.85651,0.98915,0.99496,0.997,100.0,0.61,0.36,0.3,0.74,50.3,52.57,53.3,49.41,0.993,0.996,0.996,0.992,/tmpdir/crf_16.mpd,/videos/BigBuckBunny-2160.avi
6512,0.99242,5.24489,0.99862,50.25824,0.99984,0.87357,0.99219,0.9964,0.99786,100.0,0.51,0.33,0.3,0.61,51.03,52.9,53.42,50.26,0.994,0.996,0.996,0.993,/tmpdir/crf_16.mpd,/videos/BigBuckBunny-2160.avi
6513,0.9904,4.12885,0.9982,49.14125,0.99972,0.85158,0.98955,0.99524,0.99714,100.0,0.64,0.37,0.31,0.79,50.05,52.41,53.15,49.14,0.993,0.996,0.996,0.992,/tmpdir/crf_16.mpd,/videos/BigBuckBunny-2160.avi
6514,0.9943,4.12885,0.99874,50.4308,0.99986,0.87867,0.99394,0.99725,0.99835,100.0,0.5,0.33,0.3,0.59,51.15,52.89,53.34,50.43,0.994,0.996,0.996,0.993,/tmpdir/crf_16.mpd,/videos/BigBuckBunny-2160.avi
6515,0.99041,1.88579,0.9982,48.83435,0.99971,0.84736,0.98967,0.9952,0.99711,99.23548,0.69,0.41,0.33,0.85,49.74,52.06,52.93,48.83,0.993,0.995,0.995,0.992,/tmpdir/crf_16.mpd,/videos/BigBuckBunny-2160.avi
6516,0.99206,1.85088,0.99835,49.15454,0.99975,0.85387,0.99123,0.99594,0.99756,99.57426,0.64,0.38,0.32,0.79,50.04,52.32,53.05,49.15,0.993,0.995,0.995,0.992,/tmpdir/crf_16.mpd,/videos/BigBuckBunny-2160.avi
6517,0.99075,0.80794,0.99839,49.17445,0.99975,0.85549,0.99084,0.99567,0.9974,98.80999,0.64,0.39,0.32,0.79,50.05,52.24,53.08,49.17,0.993,0.995,0.995,0.992,/tmpdir/crf_16.mpd,/videos/BigBuckBunny-2160.avi
6518,0.99561,0.61423,0.9988,50.49589,0.99987,0.88189,0.99487,0.99763,0.99854,99.78111,0.49,0.34,0.31,0.58,51.19,52.82,53.23,50.5,0.994,0.996,0.996,0.994,/tmpdir/crf_16.mpd,/videos/BigBuckBunny-2160.avi
6519,0.99166,0.3326,0.99848,49.46107,0.99974,0.86474,0.99134,0.99584,0.99748,98.77782,0.61,0.4,0.33,0.74,50.27,52.14,53.01,49.46,0.994,0.995,0.995,0.993,/tmpdir/crf_16.mpd,/videos/BigBuckBunny-2160.avi
6520,0.99239,0.3326,0.99854,49.58141,0.99977,0.86877,0.9919,0.9961,0.99765,98.93733,0.6,0.38,0.32,0.72,50.38,52.29,53.03,49.58,0.994,0.995,0.995,0.993,/tmpdir/crf_16.mpd,/videos/BigBuckBunny-2160.avi
6521,0.99152,0.39985,0.9985,49.5222,0.99975,0.86792,0.99153,0.99595,0.9975,98.79828,0.61,0.41,0.33,0.73,50.3,52.0,53.01,49.52,0.994,0.995,0.995,0.993,/tmpdir/crf_16.mpd,/videos/BigBuckBunny-2160.avi
6522,0.99441,0.39985,0.99866,49.80205,0.99986,0.8618,0.99418,0.9973,0.99831,99.38547,0.57,0.36,0.32,0.68,50.59,52.56,53.02,49.8,0.994,0.995,0.995,0.993,/tmpdir/crf_16.mpd,/videos/BigBuckBunny-2160.avi
6523,0.99026,0.24333,0.99835,48.77492,0.99977,0.83997,0.99172,0.99616,0.99769,98.44717,0.7,0.41,0.34,0.86,49.68,51.97,52.82,48.77,0.993,0.995,0.995,0.992,/tmpdir/crf_16.mpd,/videos/BigBuckBunny-2160.avi
6524,0.99105,0.24333,0.99835,48.72843,0.99977,0.83816,0.99158,0.99602,0.99755,98.57067,0.7,0.4,0.34,0.87,49.65,52.07,52.83,48.73,0.993,0.995,0.995,0.991,/tmpdir/crf_16.mpd,/videos/BigBuckBunny-2160.avi
6525,0.99209,0.55265,0.9984,49.1921,0.99976,0.85543,0.99116,0.99577,0.99739,98.9258,0.64,0.4,0.33,0.78,50.04,52.13,52.89,49.19,0.993,0.995,0.995,0.992,/tmpdir/crf_16.mpd,/videos/BigBuckBunny-2160.avi
6526,0.99527,0.90365,0.99858,49.85284,0.99983,0.86886,0.99374,0.997,0.99807,99.77336,0.56,0.36,0.33,0.67,50.62,52.53,53.01,49.85,0.994,0.995,0.995,0.993,/tmpdir/crf_16.mpd,/videos/BigBuckBunny-2160.avi
6527,0.9909,0.65055,0.9982,48.79607,0.99972,0.84415,0.99042,0.99547,0.99725,98.71758,0.69,0.39,0.34,0.86,49.71,52.18,52.77,48.8,0.993,0.995,0.995,0.992,/tmpdir/crf_16.mpd,/videos/BigBuckBunny-2160.avi
6528,0.99168,0.65055,0.99831,49.02118,0.99975,0.85069,0.99118,0.99579,0.99745,98.89332,0.66,0.38,0.34,0.81,49.91,52.29,52.83,49.02,0.993,0.995,0.995,0.992,/tmpdir/crf_16.mpd,/videos/BigBuckBunny-2160.avi
6529,0.99213,0.41687,0.99837,49.30267,0.99974,0.85958,0.99112,0.99568,0.99733,98.87356,0.63,0.39,0.33,0.76,50.14,52.24,52.89,49.3,0.993,0.995,0.995,0.992,/tmpdir/crf_16.mpd,/videos/BigBuckBunny-2160.avi
6530,0.99561,0.41687,0.99871,50.25288,0.99986,0.88067,0.99424,0.9972,0.99821,99.65001,0.52,0.36,0.33,0.61,50.95,52.63,53.01,50.25,0.994,0.995,0.995,0.993,/tmpdir/crf_16.mpd,/videos/BigBuckBunny-2160.avi
6531,0.99152,0.27935,0.9984,49.43968,0.99973,0.86449,0.99094,0.99555,0.99721,98.70166,0.62,0.39,0.34,0.74,50.24,52.21,52.77,49.44,0.994,0.995,0.995,0.993,/tmpdir/crf_16.mpd,/videos/BigBuckBunny-2160.avi
6532,0.99239,0.27935,0.99847,49.63361,0.99976,0.8681,0.99135,0.99571,0.99736,98.88018,0.59,0.39,0.34,0.71,50.39,52.17,52.76,49.63,0.994,0.995,0.995,0.993,/tmpdir/crf_16.mpd,/videos/BigBuckBunny-2160.avi
6533,0.99325,0.27956,0.99842,49.63234,0.99975,0.86632,0.99135,0.99575,0.9973,99.02553,0.6,0.4,0.34,0.71,50.38,52.12,52.8,49.63,0.994,0.995,0.995,0.993,/tmpdir/crf_16.mpd,/videos/BigBuckBunny-2160.avi
6534,0.99524,0.27956,0.9986,50.08073,0.99984,0.87543,0.99358,0.99688,0.99797,99.4791,0.54,0.36,0.33,0.64,50.79,52.51,52.9,50.08,0.994,0.995,0.995,0.993,/tmpdir/crf_16.mpd,/videos/BigBuckBunny-2160.avi
6535,0.99138,0.41115,0.99838,49.5241,0.99974,0.86302,0.99093,0.99553,0.99722,98.7346,0.61,0.41,0.35,0.73,50.27,52.01,52.66,49.52,0.993,0.995,0.995,0.993,/tmpdir/crf_16.mpd,/videos/BigBuckBunny-2160.avi
6536,0.99166,0.47948,0.99839,49.49954,0.99974,0.86323,0.991,0.99564,0.99733,98.82705,0.61,0.41,0.35,0.73,50.25,52.02,52.64,49.5,0.993,0.995,0.995,0.993,/tmpdir/crf_16.mpd,/videos/BigBuckBunny-2160.avi
6537,0.99189,0.7551,0.99833,49.36787,0.99974,0.85925,0.99063,0.99546,0.99719,98.97508,0.63,0.42,0.35,0.75,50.14,51.93,52.67,49.37,0.993,0.995,0.995,0.992,/tmpdir/crf_16.mpd,/videos/BigBuckBunny-2160.avi
6538,0.99505,0.7551,0.99856,49.98812,0.99983,0.87204,0.99353,0.99692,0.99802,99.66565,0.55,0.37,0.34,0.65,50.71,52.48,52.8,49.99,0.994,0.995,0.995,0.993,/tmpdir/crf_16.mpd,/videos/BigBuckBunny-2160.avi
6539,0.99156,0.78429,0.99826,49.26984,0.99971,0.8553,0.98992,0.99507,0.99692,98.89313,0.64,0.42,0.37,0.77,50.05,51.95,52.47,49.27,0.993,0.995,0.995,0.992,/tmpdir/crf_16.mpd,/videos/BigBuckBunny-2160.avi
6540,0.99194,0.78429,0.99835,49.39294,0.99974,0.85833,0.99085,0.99567,0.99738,99.01395,0.63,0.41,0.36,0.75,50.16,52.05,52.53,49.39,0.993,0.995,0.995,0.992,/tmpdir/crf_16.mpd,/videos/BigBuckBunny-2160.avi
6541,0.99282,0.52227,0.99835,49.40043,0.99973,0.85955,0.99067,0.99544,0.99717,99.02873,0.62,0.41,0.35,0.75,50.18,52.02,52.67,49.4,0.993,0.995,0.995,0.992,/tmpdir/crf_16.mpd,/videos/BigBuckBunny-2160.avi
6542,0.9951,0.52108,0.99869,50.32096,0.99985,0.87895,0.99391,0.99705,0.99809,99.5915,0.52,0.36,0.34,0.6,50.97,52.52,52.85,50.32,0.994,0.995,0.995,0.993,/tmpdir/crf_16.mpd,/videos/BigBuckBunny-2160.avi
6543,0.99222,0.28242,0.99838,49.57192,0.99972,0.86526,0.9908,0.99544,0.99713,98.81963,0.61,0.42,0.37,0.72,50.29,51.93,52.5,49.57,0.993,0.995,0.995,0.993,/tmpdir/crf_16.mpd,/videos/BigBuckBunny-2160.avi
6544,0.99292,0.28242,0.99847,49.71286,0.99974,0.86994,0.99135,0.99579,0.99746,98.98954,0.6,0.42,0.37,0.69,50.38,51.88,52.45,49.71,0.994,0.995,0.995,0.993,/tmpdir/crf_16.mpd,/videos/BigBuckBunny-2160.avi
6545,0.99275,0.26726,0.99842,49.66234,0.99973,0.86802,0.99103,0.99555,0.99717,98.92058,0.6,0.43,0.36,0.7,50.34,51.75,52.53,49.66,0.994,0.995,0.995,0.993,/tmpdir/crf_16.mpd,/videos/BigBuckBunny-2160.avi
6546,0.99424,0.26726,0.9986,49.93003,0.99984,0.86806,0.99343,0.99683,0.99793,99.27146,0.56,0.38,0.36,0.66,50.62,52.31,52.6,49.93,0.993,0.995,0.995,0.993,/tmpdir/crf_16.mpd,/videos/BigBuckBunny-2160.avi
6547,0.98934,0.24158,0.99817,48.39487,0.99967,0.83332,0.99028,0.99519,0.99696,98.19212,0.77,0.43,0.4,0.94,49.29,51.81,52.08,48.39,0.992,0.995,0.995,0.991,/tmpdir/crf_16.mpd,/videos/BigBuckBunny-2160.avi
6548,0.99072,0.24158,0.99829,48.62851,0.99973,0.83908,0.99113,0.99581,0.99753,98.50484,0.73,0.44,0.4,0.89,49.47,51.74,52.07,48.63,0.993,0.995,0.995,0.992,/tmpdir/crf_16.mpd,/videos/BigBuckBunny-2160.avi
6549,0.99052,0.24439,0.99831,48.73464,0.99975,0.84248,0.9913,0.99589,0.99752,98.48203,0.72,0.43,0.39,0.87,49.58,51.78,52.24,48.73,0.993,0.995,0.995,0.992,/tmpdir/crf_16.mpd,/videos/BigBuckBunny-2160.avi
6550,0.99472,0.24439,0.99858,49.61318,0.99984,0.86054,0.99325,0.99673,0.99786,99.31815,0.6,0.39,0.37,0.71,50.34,52.21,52.4,49.61,0.993,0.995,0.995,0.992,/tmpdir/crf_16.mpd,/videos/BigBuckBunny-2160.avi
6551,0.99021,0.26093,0.99825,48.64908,0.99971,0.84088,0.9904,0.9952,0.99697,98.37489,0.73,0.44,0.42,0.89,49.47,51.72,51.93,48.65,0.993,0.995,0.994,0.992,/tmpdir/crf_16.mpd,/videos/BigBuckBunny-2160.avi
6552,0.99102,0.26093,0.99829,48.70725,0.99971,0.84321,0.99093,0.99556,0.99729,98.55577,0.73,0.45,0.42,0.88,49.51,51.63,51.94,48.71,0.993,0.995,0.994,0.992,/tmpdir/crf_16.mpd,/videos/BigBuckBunny-2160.avi
6553,0.99122,0.28856,0.99822,48.57528,0.99972,0.83876,0.99056,0.99538,0.9971,98.57533,0.74,0.46,0.4,0.9,49.41,51.55,52.12,48.58,0.992,0.995,0.994,0.991,/tmpdir/crf_16.mpd,/videos/BigBuckBunny-2160.avi
6554,0.99539,0.28856,0.99842,49.16775,0.99981,0.85201,0.99312,0.99683,0.9981,99.45347,0.65,0.39,0.38,0.79,49.97,52.17,52.31,49.17,0.993,0.995,0.994,0.992,/tmpdir/crf_16.mpd,/videos/BigBuckBunny-2160.avi
6555,0.99116,0.3243,0.99819,48.78563,0.99968,0.85175,0.98938,0.99451,0.99648,98.5481,0.72,0.47,0.43,0.86,49.54,51.44,51.82,48.79,0.993,0.995,0.994,0.992,/tmpdir/crf_16.mpd,/videos/BigBuckBunny-2160.avi
6556,0.99336,0.3243,0.9983,49.20417,0.9997,0.86543,0.99021,0.99504,0.99689,99.01519,0.67,0.46,0.42,0.78,49.89,51.5,51.92,49.2,0.993,0.995,0.994,0.992,/tmpdir/crf_16.mpd,/videos/BigBuckBunny-2160.avi
6557,0.99151,0.45488,0.99831,49.32352,0.99971,0.86307,0.98954,0.99471,0.99662,98.71535,0.65,0.48,0.4,0.76,49.97,51.32,52.06,49.32,0.993,0.995,0.994,0.993,/tmpdir/crf_16.mpd,/videos/BigBuckBunny-2160.avi
6558,0.99596,0.45488,0.99838,49.47367,0.9998,0.8722,0.99244,0.9963,0.99767,99.64368,0.62,0.4,0.38,0.73,50.21,52.13,52.29,49.47,0.993,0.995,0.994,0.992,/tmpdir/crf_16.mpd,/videos/BigBuckBunny-2160.avi
6559,0.99088,0.99184,0.99816,48.97429,0.99965,0.85513,0.98805,0.99389,0.99612,98.7881,0.71,0.51,0.44,0.82,49.63,51.04,51.66,48.97,0.993,0.994,0.994,0.992,/tmpdir/crf_16.mpd,/videos/BigBuckBunny-2160.avi
6560,0.99158,1.1978,0.99823,49.02044,0.99969,0.85572,0.98931,0.99485,0.9969,99.09161,0.7,0.49,0.44,0.81,49.69,51.2,51.74,49.02,0.993,0.995,0.994,0.992,/tmpdir/crf_16.mpd,/videos/BigBuckBunny-2160.avi
6561,0.99064,1.53326,0.99814,48.79614,0.99968,0.84651,0.98804,0.9941,0.9963,99.01093,0.73,0.52,0.42,0.86,49.5,50.93,51.91,48.8,0.993,0.994,0.994,0.992,/tmpdir/crf_16.mpd,/videos/BigBuckBunny-2160.avi
6562,0.99465,1.53326,0.99848,49.6022,0.99983,0.86403,0.99258,0.99645,0.99776,99.92407,0.61,0.4,0.39,0.71,50.3,52.07,52.22,49.6,0.993,0.995,0.994,0.992,/tmpdir/crf_16.mpd,/videos/BigBuckBunny-2160.avi
6563,0.9903,1.16749,0.9981,48.70492,0.99967,0.84323,0.9876,0.99385,0.99617,98.74585,0.75,0.52,0.46,0.88,49.39,50.98,51.49,48.7,0.992,0.994,0.994,0.992,/tmpdir/crf_16.mpd,/videos/BigBuckBunny-2160.avi
6564,0.99135,1.16749,0.99824,48.95877,0.99972,0.84908,0.98942,0.99496,0.99699,99.02995,0.71,0.5,0.44,0.83,49.63,51.11,51.69,48.96,0.993,0.994,0.994,0.992,/tmpdir/crf_16.mpd,/videos/BigBuckBunny-2160.avi
6565,0.99078,0.84225,0.99821,48.85517,0.99971,0.84675,0.98896,0.99463,0.99673,98.73784,0.72,0.52,0.42,0.85,49.55,51.0,51.88,48.86,0.993,0.994,0.994,0.992,/tmpdir/crf_16.mpd,/videos/BigBuckBunny-2160.avi
6566,0.9955,0.84225,0.99854,49.72352,0.99984,0.86681,0.99337,0.99693,0.99814,99.7816,0.59,0.4,0.39,0.69,50.39,52.08,52.19,49.72,0.993,0.995,0.994,0.992,/tmpdir/crf_16.mpd,/videos/BigBuckBunny-2160.avi
6567,0.99044,0.6893,0.99821,48.91051,0.9997,0.84928,0.98899,0.99454,0.99658,98.59696,0.72,0.52,0.45,0.84,49.56,51.0,51.55,48.91,0.993,0.994,0.994,0.992,/tmpdir/crf_16.mpd,/videos/BigBuckBunny-2160.avi
6568,0.99163,0.6893,0.99835,49.19523,0.99974,0.85599,0.99009,0.99515,0.99695,98.86599,0.68,0.5,0.44,0.78,49.81,51.1,51.68,49.2,0.993,0.994,0.994,0.992,/tmpdir/crf_16.mpd,/videos/BigBuckBunny-2160.avi
6569,0.99049,0.55318,0.99829,49.00897,0.99973,0.85166,0.98971,0.99492,0.99676,98.56894,0.7,0.52,0.43,0.82,49.67,50.96,51.84,49.01,0.993,0.994,0.994,0.992,/tmpdir/crf_16.mpd,/videos/BigBuckBunny-2160.avi
6570,0.99469,0.55318,0.99861,49.84378,0.99986,0.86978,0.99346,0.9969,0.99804,99.50018,0.59,0.41,0.41,0.67,50.45,51.98,52.05,49.84,0.993,0.995,0.994,0.993,/tmpdir/crf_16.mpd,/videos/BigBuckBunny-2160.avi
6571,0.99061,0.48269,0.9983,49.02645,0.99972,0.85284,0.98958,0.99475,0.99666,98.54724,0.7,0.52,0.45,0.81,49.66,51.0,51.6,49.03,0.993,0.994,0.994,0.992,/tmpdir/crf_16.mpd,/videos/BigBuckBunny-2160.avi
6572,0.99153,0.48269,0.99841,49.33185,0.99976,0.85939,0.99046,0.99524,0.99702,98.76425,0.66,0.5,0.44,0.76,49.92,51.18,51.67,49.33,0.993,0.994,0.994,0.992,/tmpdir/crf_16.mpd,/videos/BigBuckBunny-2160.avi
6573,0.99083,0.45972,0.99833,49.05776,0.99975,0.85317,0.99004,0.99504,0.99687,98.59796,0.7,0.52,0.43,0.81,49.7,50.98,51.83,49.06,0.993,0.994,0.994,0.992,/tmpdir/crf_16.mpd,/videos/BigBuckBunny-2160.avi
6574,0.99444,0.45972,0.99859,49.80258,0.99985,0.86879,0.99318,0.99672,0.99792,99.39636,0.59,0.42,0.41,0.68,50.4,51.86,51.97,49.8,0.993,0.995,0.994,0.993,/tmpdir/crf_16.mpd,/videos/BigBuckBunny-2160.avi
6575,0.99127,0.45597,0.99834,49.10277,0.99974,0.85485,0.9899,0.99492,0.99679,98.6705,0.69,0.51,0.44,0.8,49.73,51.08,51.66,49.1,0.993,0.994,0.994,0.992,/tmpdir/crf_16.mpd,/videos/BigBuckBunny-2160.avi
6576,0.99078,0.45597,0.99841,49.31014,0.99976,0.85913,0.99048,0.99528,0.99703,98.62008,0.66,0.48,0.44,0.76,49.93,51.3,51.72,49.31,0.993,0.995,0.994,0.992,/tmpdir/crf_16.mpd,/videos/BigBuckBunny-2160.avi
6577,0.99015,0.41344,0.99834,49.03133,0.99975,0.85257,0.98986,0.99496,0.9968,98.44691,0.7,0.52,0.43,0.81,49.69,50.99,51.83,49.03,0.993,0.994,0.994,0.992,/tmpdir/crf_16.mpd,/videos/BigBuckBunny-2160.avi
6578,0.99421,0.41344,0.99858,49.73946,0.99985,0.86736,0.99283,0.99648,0.99774,99.31079,0.6,0.44,0.42,0.69,50.33,51.72,51.91,49.74,0.993,0.995,0.994,0.993,/tmpdir/crf_16.mpd,/videos/BigBuckBunny-2160.avi
6579,0.99127,0.3829,0.99832,48.94319,0.99973,0.85306,0.98978,0.99494,0.99685,98.63565,0.71,0.5,0.44,0.83,49.61,51.11,51.67,48.94,0.993,0.994,0.994,0.992,/tmpdir/crf_16.mpd,/videos/BigBuckBunny-2160.avi
6580,0.99117,0.3829,0.99826,48.62577,0.99975,0.84276,0.99001,0.99507,0.9969,98.59863,0.75,0.5,0.44,0.89,49.37,51.18,51.68,48.63,0.992,0.994,0.994,0.991,/tmpdir/crf_16.mpd,/videos/BigBuckBunny-2160.avi
6581,0.99008,0.28544,0.99825,48.54751,0.99976,0.84049,0.98981,0.99506,0.99697,98.35803,0.76,0.5,0.44,0.91,49.31,51.17,51.72,48.55,0.992,0.994,0.994,0.991,/tmpdir/crf_16.mpd,/videos/BigBuckBunny-2160.avi
6582,0.99322,0.28544,0.99854,49.30898,0.99985,0.85512,0.99233,0.99629,0.99765,99.03158,0.66,0.45,0.43,0.76,49.96,51.59,51.76,49.31,0.993,0.994,0.994,0.992,/tmpdir/crf_16.mpd,/videos/BigBuckBunny-2160.avi
6583,0.99063,0.19885,0.9982,48.27667,0.99975,0.83279,0.9899,0.99518,0.99707,98.40731,0.8,0.49,0.45,0.97,49.09,51.22,51.57,48.28,0.992,0.994,0.994,0.991,/tmpdir/crf_16.mpd,/videos/BigBuckBunny-2160.avi
6584,0.99077,0.19885,0.99821,48.31027,0.99976,0.83259,0.99004,0.99526,0.99713,98.43792,0.8,0.49,0.45,0.96,49.11,51.19,51.55,48.31,0.992,0.994,0.994,0.991,/tmpdir/crf_16.mpd,/videos/BigBuckBunny-2160.avi
6585,0.98983,0.18587,0.9982,48.26172,0.99977,0.8312,0.98981,0.99511,0.99703,98.24993,0.8,0.49,0.45,0.97,49.08,51.2,51.58,48.26,0.992,0.994,0.994,0.991,/tmpdir/crf_16.mpd,/videos/BigBuckBunny-2160.avi
6586,0.99245,0.18587,0.99833,48.67198,0.99981,0.83972,0.991,0.99555,0.99716,98.75673,0.74,0.47,0.45,0.88,49.42,51.39,51.56,48.67,0.992,0.994,0.994,0.991,/tmpdir/crf_16.mpd,/videos/BigBuckBunny-2160.avi
6587,0.98924,0.22095,0.9982,48.30715,0.99977,0.83247,0.98971,0.99498,0.99686,98.15,0.8,0.48,0.45,0.96,49.12,51.29,51.56,48.31,0.992,0.994,0.993,0.991,/tmpdir/crf_16.mpd,/videos/BigBuckBunny-2160.avi
6588,0.99196,0.22095,0.99825,48.54127,0.99979,0.83727,0.99052,0.99535,0.99708,98.6688,0.76,0.48,0.46,0.91,49.31,51.34,51.55,48.54,0.992,0.994,0.993,0.991,/tmpdir/crf_16.mpd,/videos/BigBuckBunny-2160.avi
6589,0.99646,0.24484,0.99919,51.63894,0.99994,0.90775,0.99646,0.99851,0.99921,99.91021,0.39,0.28,0.26,0.45,52.26,53.69,53.99,51.64,0.996,0.996,0.996,0.995,/tmpdir/crf_16.mpd,/videos/BigBuckBunny-2160.avi
6590,0.99212,0.24484,0.99865,49.86502,0.9998,0.87525,0.99238,0.99638,0.99781,98.884,0.55,0.32,0.29,0.67,50.74,53.09,53.55,49.87,0.994,0.996,0.996,0.993,/tmpdir/crf_16.mpd,/videos/BigBuckBunny-2160.avi
6591,0.9918,0.25106,0.99862,49.71352,0.99979,0.87274,0.99208,0.99623,0.99773,98.81447,0.57,0.34,0.3,0.69,50.57,52.78,53.38,49.71,0.994,0.996,0.996,0.993,/tmpdir/crf_16.mpd,/videos/BigBuckBunny-2160.avi
6592,0.99198,0.25106,0.99855,49.59015,0.99977,0.87105,0.9913,0.99582,0.99745,98.8102,0.59,0.36,0.31,0.71,50.44,52.57,53.27,49.59,0.994,0.996,0.996,0.993,/tmpdir/crf_16.mpd,/videos/BigBuckBunny-2160.avi
6593,0.9924,0.29137,0.99846,49.23329,0.99978,0.86307,0.99126,0.99579,0.99739,98.87825,0.63,0.35,0.31,0.78,50.16,52.68,53.29,49.23,0.994,0.996,0.996,0.993,/tmpdir/crf_16.mpd,/videos/BigBuckBunny-2160.avi
6594,0.99165,0.29137,0.99833,48.94544,0.99974,0.85864,0.98975,0.99499,0.99688,98.67769,0.67,0.37,0.31,0.83,49.89,52.45,53.2,48.95,0.993,0.996,0.995,0.992,/tmpdir/crf_16.mpd,/videos/BigBuckBunny-2160.avi
6595,0.99747,5.65101,0.99931,50.4907,0.99995,0.92185,0.99626,0.99839,0.99915,100.0,0.52,0.4,0.37,0.58,51.01,52.11,52.48,50.49,0.996,0.996,0.996,0.996,/tmpdir/crf_16.mpd,/videos/BigBuckBunny-2160.avi
6596,0.9948,4.41523,0.99887,48.506,0.99985,0.89514,0.99116,0.99562,0.99737,100.0,0.79,0.59,0.49,0.92,49.14,50.43,51.19,48.51,0.994,0.995,0.994,0.994,/tmpdir/crf_16.mpd,/videos/BigBuckBunny-2160.avi
6597,0.99405,4.41523,0.99868,48.12829,0.9998,0.88653,0.98975,0.99498,0.99703,100.0,0.86,0.62,0.52,1.0,48.81,50.24,51.0,48.13,0.994,0.995,0.994,0.994,/tmpdir/crf_16.mpd,/videos/BigBuckBunny-2160.avi
6598,0.99601,6.42069,0.99891,48.94694,0.99985,0.89787,0.99234,0.99639,0.99792,100.0,0.72,0.56,0.47,0.83,49.54,50.68,51.41,48.95,0.995,0.995,0.995,0.995,/tmpdir/crf_16.mpd,/videos/BigBuckBunny-2160.avi
6599,0.99526,6.81844,0.99877,48.20382,0.99979,0.88993,0.98945,0.9947,0.99682,100.0,0.86,0.67,0.56,0.98,48.78,49.86,50.66,48.2,0.994,0.994,0.994,0.994,/tmpdir/crf_16.mpd,/videos/BigBuckBunny-2160.avi
6600,0.99518,6.81844,0.99878,48.15648,0.99981,0.88793,0.9902,0.99533,0.99734,100.0,0.88,0.69,0.59,0.99,48.7,49.77,50.39,48.16,0.994,0.994,0.994,0.994,/tmpdir/crf_16.mpd,/videos/BigBuckBunny-2160.avi
6601,0.99481,4.30892,0.99865,47.78943,0.99979,0.88069,0.98927,0.99484,0.997,100.0,0.95,0.73,0.64,1.08,48.35,49.48,50.06,47.79,0.994,0.994,0.993,0.994,/tmpdir/crf_16.mpd,/videos/BigBuckBunny-2160.avi
6602,0.9959,3.71972,0.99879,48.38419,0.99986,0.88602,0.99265,0.99677,0.99826,100.0,0.84,0.66,0.59,0.94,48.9,49.95,50.42,48.38,0.994,0.994,0.994,0.994,/tmpdir/crf_16.mpd,/videos/BigBuckBunny-2160.avi
6603,0.99422,2.32439,0.99844,47.20132,0.99977,0.86855,0.98884,0.99472,0.99697,100.0,1.07,0.77,0.68,1.24,47.84,49.25,49.8,47.2,0.993,0.994,0.993,0.993,/tmpdir/crf_16.mpd,/videos/BigBuckBunny-2160.avi
6604,0.99471,2.32439,0.99858,47.46753,0.9998,0.87274,0.98991,0.99539,0.99748,100.0,1.02,0.77,0.67,1.17,48.06,49.29,49.86,47.47,0.993,0.994,0.993,0.993,/tmpdir/crf_16.mpd,/videos/BigBuckBunny-2160.avi
6605,0.99444,5.90561,0.99853,47.47556,0.99977,0.87394,0.98802,0.99417,0.99663,100.0,1.01,0.77,0.66,1.16,48.07,49.24,49.93,47.48,0.993,0.994,0.993,0.993,/tmpdir/crf_16.mpd,/videos/BigBuckBunny-2160.avi
6606,0.99531,7.75469,0.99874,48.21086,0.99984,0.88386,0.99133,0.99611,0.99788,100.0,0.87,0.71,0.6,0.98,48.73,49.63,50.38,48.21,0.994,0.994,0.994,0.994,/tmpdir/crf_16.mpd,/videos/BigBuckBunny-2160.avi
6607,0.9946,7.82296,0.99869,47.76881,0.99979,0.88189,0.98894,0.99458,0.99683,100.0,0.96,0.77,0.63,1.09,48.32,49.24,50.16,47.77,0.994,0.994,0.993,0.994,/tmpdir/crf_16.mpd,/videos/BigBuckBunny-2160.avi
6608,0.99537,5.00326,0.99879,48.37461,0.99985,0.88659,0.99176,0.99627,0.99794,100.0,0.85,0.7,0.59,0.95,48.86,49.68,50.43,48.37,0.994,0.994,0.994,0.994,/tmpdir/crf_16.mpd,/videos/BigBuckBunny-2160.avi
6609,0.99433,5.00326,0.99854,47.72021,0.9998,0.87469,0.98903,0.99475,0.9969,100.0,0.96,0.75,0.63,1.1,48.3,49.39,50.14,47.72,0.993,0.994,0.993,0.993,/tmpdir/crf_16.mpd,/videos/BigBuckBunny-2160.avi
6610,0.99566,6.51123,0.99874,48.31023,0.99984,0.88513,0.99154,0.99614,0.99783,100.0,0.85,0.7,0.59,0.96,48.82,49.69,50.44,48.31,0.994,0.994,0.994,0.994,/tmpdir/crf_16.mpd,/videos/BigBuckBunny-2160.avi
6611,0.99613,7.14423,0.99879,48.48143,0.99985,0.88787,0.99222,0.9965,0.99806,100.0,0.83,0.69,0.58,0.92,48.96,49.76,50.46,48.48,0.994,0.994,0.994,0.994,/tmpdir/crf_16.mpd,/videos/BigBuckBunny-2160.avi
6612,0.99484,7.14423,0.99866,47.79021,0.99979,0.8805,0.98932,0.99483,0.99697,100.0,0.96,0.78,0.67,1.08,48.29,49.19,49.89,47.79,0.994,0.994,0.993,0.994,/tmpdir/crf_16.mpd,/videos/BigBuckBunny-2160.avi
6613,0.99477,4.14622,0.99866,47.68147,0.9998,0.87711,0.98954,0.99498,0.99709,100.0,0.99,0.79,0.69,1.11,48.19,49.16,49.76,47.68,0.993,0.994,0.993,0.994,/tmpdir/crf_16.mpd,/videos/BigBuckBunny-2160.avi
6614,0.99461,4.14622,0.9985,47.3513,0.99978,0.87046,0.98877,0.9946,0.99683,100.0,1.05,0.81,0.71,1.2,47.91,49.06,49.61,47.35,0.993,0.993,0.993,0.993,/tmpdir/crf_16.mpd,/videos/BigBuckBunny-2160.avi
6615,0.99573,2.40696,0.99869,47.92918,0.99986,0.87684,0.9925,0.99677,0.99824,100.0,0.93,0.74,0.66,1.05,48.44,49.45,49.92,47.93,0.993,0.994,0.993,0.993,/tmpdir/crf_16.mpd,/videos/BigBuckBunny-2160.avi
6616,0.99426,2.40696,0.99834,46.95563,0.99974,0.86342,0.98775,0.99409,0.99649,100.0,1.14,0.85,0.74,1.31,47.57,48.86,49.47,46.96,0.992,0.993,0.992,0.992,/tmpdir/crf_16.mpd,/videos/BigBuckBunny-2160.avi
6617,0.99502,5.99938,0.99853,47.38068,0.99977,0.87146,0.98815,0.99432,0.99672,100.0,1.05,0.82,0.7,1.19,47.94,48.98,49.7,47.38,0.993,0.993,0.993,0.993,/tmpdir/crf_16.mpd,/videos/BigBuckBunny-2160.avi
6618,0.99393,7.56448,0.99845,47.15334,0.99974,0.86858,0.98634,0.99317,0.99592,100.0,1.09,0.86,0.7,1.25,47.74,48.78,49.7,47.15,0.993,0.993,0.993,0.993,/tmpdir/crf_16.mpd,/videos/BigBuckBunny-2160.avi
6619,0.99492,8.22547,0.99868,47.97248,0.99983,0.87881,0.99075,0.99575,0.9976,100.0,0.93,0.77,0.64,1.04,48.46,49.26,50.05,47.97,0.994,0.994,0.993,0.994,/tmpdir/crf_16.mpd,/videos/BigBuckBunny-2160.avi
6620,0.99344,4.81619,0.99858,47.39041,0.99979,0.87245,0.98783,0.99396,0.99639,100.0,1.05,0.86,0.7,1.19,47.91,48.77,49.68,47.39,0.993,0.993,0.992,0.993,/tmpdir/crf_16.mpd,/videos/BigBuckBunny-2160.avi
6621,0.99277,4.81619,0.99844,47.23896,0.99977,0.86756,0.98695,0.99356,0.9961,100.0,1.08,0.87,0.71,1.23,47.79,48.75,49.64,47.24,0.993,0.993,0.992,0.993,/tmpdir/crf_16.mpd,/videos/BigBuckBunny-2160.avi
6622,0.99505,7.07602,0.99871,48.10219,0.99983,0.88106,0.99104,0.99584,0.99764,100.0,0.9,0.74,0.63,1.01,48.59,49.43,50.17,48.1,0.994,0.994,0.993,0.994,/tmpdir/crf_16.mpd,/videos/BigBuckBunny-2160.avi
6623,0.99484,7.22308,0.99859,47.57069,0.99977,0.87579,0.98825,0.99419,0.99652,100.0,1.01,0.82,0.68,1.14,48.09,49.0,49.8,47.57,0.993,0.993,0.993,0.994,/tmpdir/crf_16.mpd,/videos/BigBuckBunny-2160.avi
6624,0.99496,7.11596,0.99863,47.60874,0.99979,0.87501,0.98915,0.99487,0.99709,100.0,1.01,0.82,0.7,1.13,48.11,48.97,49.69,47.61,0.993,0.993,0.993,0.994,/tmpdir/crf_16.mpd,/videos/BigBuckBunny-2160.avi
6625,0.99417,4.41702,0.99853,47.28503,0.99977,0.86997,0.98812,0.99421,0.99654,100.0,1.08,0.87,0.75,1.22,47.8,48.73,49.4,47.29,0.993,0.993,0.992,0.993,/tmpdir/crf_16.mpd,/videos/BigBuckBunny-2160.avi
6626,0.99571,3.49225,0.99868,47.94129,0.99985,0.87597,0.99215,0.99663,0.9982,100.0,0.94,0.76,0.68,1.04,48.41,49.3,49.79,47.94,0.993,0.994,0.993,0.993,/tmpdir/crf_16.mpd,/videos/BigBuckBunny-2160.avi
6627,0.99411,2.34645,0.99822,46.56693,0.99973,0.85496,0.98709,0.9939,0.99647,100.0,1.24,0.91,0.79,1.43,47.2,48.52,49.14,46.57,0.992,0.993,0.992,0.992,/tmpdir/crf_16.mpd,/videos/BigBuckBunny-2160.avi
6628,0.99463,2.34645,0.99836,46.91714,0.99977,0.85896,0.98838,0.99464,0.99694,100.0,1.16,0.88,0.76,1.32,47.5,48.68,49.3,46.92,0.992,0.993,0.992,0.992,/tmpdir/crf_16.mpd,/videos/BigBuckBunny-2160.avi
6629,0.9941,4.8345,0.99832,46.92985,0.99972,0.86188,0.98622,0.99321,0.99596,100.0,1.15,0.89,0.75,1.32,47.51,48.62,49.36,46.93,0.992,0.993,0.992,0.992,/tmpdir/crf_16.mpd,/videos/BigBuckBunny-2160.avi
6630,0.99487,7.40739,0.99855,47.59598,0.99981,0.87073,0.98963,0.99524,0.99732,100.0,1.01,0.84,0.7,1.13,48.09,48.9,49.7,47.6,0.993,0.993,0.993,0.993,/tmpdir/crf_16.mpd,/videos/BigBuckBunny-2160.avi
6631,0.99292,8.13864,0.99841,46.87329,0.99974,0.86328,0.98604,0.99321,0.99598,100.0,1.18,0.97,0.77,1.34,47.41,48.27,49.26,46.87,0.993,0.993,0.992,0.993,/tmpdir/crf_16.mpd,/videos/BigBuckBunny-2160.avi
6632,0.99299,5.0785,0.99847,47.10166,0.99978,0.86456,0.98712,0.9938,0.99636,100.0,1.13,0.95,0.76,1.27,47.6,48.37,49.3,47.1,0.993,0.993,0.992,0.993,/tmpdir/crf_16.mpd,/videos/BigBuckBunny-2160.avi
6633,0.9924,5.0785,0.9983,46.90935,0.99975,0.85829,0.98604,0.99323,0.99598,100.0,1.17,0.95,0.77,1.32,47.45,48.36,49.26,46.91,0.992,0.992,0.992,0.992,/tmpdir/crf_16.mpd,/videos/BigBuckBunny-2160.avi
6634,0.99456,7.14597,0.99852,47.60848,0.99982,0.86936,0.9895,0.99518,0.99729,100.0,1.01,0.84,0.71,1.13,48.09,48.9,49.64,47.61,0.993,0.993,0.992,0.993,/tmpdir/crf_16.mpd,/videos/BigBuckBunny-2160.avi
6635,0.99565,7.33462,0.99866,47.94619,0.99983,0.87678,0.99113,0.99603,0.99781,100.0,0.94,0.79,0.68,1.04,48.4,49.18,49.83,47.95,0.993,0.993,0.993,0.994,/tmpdir/crf_16.mpd,/videos/BigBuckBunny-2160.avi
6636,0.99448,7.25606,0.99853,47.29723,0.99977,0.87022,0.98806,0.99419,0.99661,100.0,1.08,0.89,0.76,1.21,47.79,48.64,49.32,47.3,0.993,0.993,0.992,0.993,/tmpdir/crf_16.mpd,/videos/BigBuckBunny-2160.avi
6637,0.99395,4.05154,0.99854,47.21951,0.99979,0.86695,0.98835,0.99439,0.99669,100.0,1.1,0.9,0.78,1.23,47.71,48.6,49.22,47.22,0.993,0.993,0.992,0.993,/tmpdir/crf_16.mpd,/videos/BigBuckBunny-2160.avi
6638,0.99373,3.65196,0.99833,46.81024,0.99975,0.85823,0.98742,0.9939,0.99638,100.0,1.19,0.93,0.8,1.36,47.37,48.47,49.07,46.81,0.992,0.993,0.992,0.992,/tmpdir/crf_16.mpd,/videos/BigBuckBunny-2160.avi
6639,0.99528,2.32604,0.99859,47.55867,0.99985,0.8687,0.99165,0.99637,0.99803,100.0,1.02,0.81,0.73,1.14,48.05,49.02,49.49,47.56,0.993,0.993,0.992,0.993,/tmpdir/crf_16.mpd,/videos/BigBuckBunny-2160.avi
6640,0.99412,2.32604,0.99827,46.75883,0.99975,0.85726,0.98713,0.99381,0.99636,100.0,1.19,0.89,0.78,1.37,47.37,48.65,49.2,46.76,0.992,0.993,0.992,0.992,/tmpdir/crf_16.mpd,/videos/BigBuckBunny-2160.avi
6641,0.99366,5.21547,0.99829,46.83363,0.99972,0.85938,0.98584,0.99303,0.99586,100.0,1.18,0.92,0.78,1.35,47.4,48.49,49.21,46.83,0.992,0.993,0.992,0.992,/tmpdir/crf_16.mpd,/videos/BigBuckBunny-2160.avi
6642,0.99466,7.31648,0.99849,47.45206,0.9998,0.86801,0.98919,0.99502,0.99721,100.0,1.04,0.86,0.72,1.17,47.95,48.77,49.56,47.45,0.993,0.993,0.992,0.993,/tmpdir/crf_16.mpd,/videos/BigBuckBunny-2160.avi
6643,0.99376,7.90353,0.99849,47.17101,0.99976,0.86901,0.98694,0.99346,0.99604,100.0,1.1,0.9,0.73,1.25,47.7,48.57,49.48,47.17,0.993,0.993,0.992,0.993,/tmpdir/crf_16.mpd,/videos/BigBuckBunny-2160.avi
6644,0.99495,5.27851,0.99871,48.05736,0.99985,0.8786,0.9914,0.99607,0.99778,100.0,0.91,0.76,0.66,1.02,48.52,49.3,49.96,48.06,0.993,0.994,0.993,0.994,/tmpdir/crf_16.mpd,/videos/BigBuckBunny-2160.avi
6645,0.99375,5.27851,0.99849,47.49663,0.9998,0.86911,0.98848,0.99439,0.99662,100.0,1.02,0.82,0.69,1.16,48.03,49.0,49.75,47.5,0.993,0.993,0.992,0.993,/tmpdir/crf_16.mpd,/videos/BigBuckBunny-2160.avi
6646,0.99537,7.08049,0.99868,48.0576,0.99984,0.8786,0.99135,0.99604,0.99772,100.0,0.91,0.75,0.65,1.02,48.54,49.36,50.03,48.06,0.993,0.993,0.993,0.994,/tmpdir/crf_16.mpd,/videos/BigBuckBunny-2160.avi
6647,0.99529,7.73631,0.99863,47.79415,0.9998,0.87672,0.98935,0.99469,0.99674,100.0,0.96,0.78,0.67,1.08,48.29,49.18,49.84,47.79,0.993,0.993,0.993,0.993,/tmpdir/crf_16.mpd,/videos/BigBuckBunny-2160.avi
6648,0.99517,7.416,0.99859,47.54723,0.99978,0.87469,0.9886,0.99436,0.99661,100.0,1.02,0.83,0.72,1.14,48.04,48.95,49.56,47.55,0.993,0.993,0.992,0.993,/tmpdir/crf_16.mpd,/videos/BigBuckBunny-2160.avi
6649,0.99554,3.85265,0.99875,48.09997,0.99986,0.87985,0.99253,0.99678,0.99826,100.0,0.91,0.75,0.68,1.01,48.54,49.36,49.84,48.1,0.993,0.994,0.993,0.994,/tmpdir/crf_16.mpd,/videos/BigBuckBunny-2160.avi
6650,0.9945,2.90031,0.9984,47.06724,0.99977,0.86292,0.9891,0.99494,0.99713,100.0,1.12,0.85,0.75,1.28,47.64,48.85,49.36,47.07,0.992,0.993,0.992,0.992,/tmpdir/crf_16.mpd,/videos/BigBuckBunny-2160.avi
6651,0.99458,2.90031,0.99851,47.19504,0.99981,0.86495,0.9899,0.99534,0.99734,100.0,1.09,0.85,0.75,1.24,47.74,48.86,49.36,47.2,0.993,0.993,0.992,0.993,/tmpdir/crf_16.mpd,/videos/BigBuckBunny-2160.avi
6652,0.99417,3.20031,0.99845,47.11556,0.99977,0.86558,0.9882,0.99432,0.99663,100.0,1.11,0.86,0.76,1.26,47.67,48.81,49.33,47.12,0.993,0.993,0.992,0.993,/tmpdir/crf_16.mpd,/videos/BigBuckBunny-2160.avi
6653,0.9958,6.18654,0.9987,47.94819,0.99985,0.87703,0.99157,0.99621,0.99788,100.0,0.94,0.78,0.69,1.04,48.4,49.23,49.77,47.95,0.993,0.993,0.993,0.993,/tmpdir/crf_16.mpd,/videos/BigBuckBunny-2160.avi
6654,0.99408,8.11566,0.99859,47.43907,0.99978,0.87307,0.9883,0.99421,0.99657,100.0,1.04,0.84,0.7,1.17,47.97,48.89,49.67,47.44,0.993,0.993,0.993,0.993,/tmpdir/crf_16.mpd,/videos/BigBuckBunny-2160.avi
6655,0.99438,7.0383,0.99865,47.63257,0.9998,0.87567,0.98922,0.99471,0.99687,100.0,1.0,0.83,0.69,1.12,48.12,48.93,49.73,47.63,0.993,0.993,0.993,0.994,/tmpdir/crf_16.mpd,/videos/BigBuckBunny-2160.avi
6656,0.99446,5.45005,0.99855,47.42822,0.99979,0.87106,0.98862,0.99458,0.99683,100.0,1.05,0.86,0.71,1.18,47.94,48.79,49.6,47.43,0.993,0.993,0.992,0.993,/tmpdir/crf_16.mpd,/videos/BigBuckBunny-2160.avi
6657,0.9952,5.45005,0.99867,48.06049,0.99986,0.87631,0.99151,0.99617,0.99784,100.0,0.91,0.74,0.65,1.02,48.54,49.42,50.01,48.06,0.993,0.993,0.993,0.993,/tmpdir/crf_16.mpd,/videos/BigBuckBunny-2160.avi
6658,0.99475,7.09513,0.99852,47.53928,0.99979,0.87221,0.98829,0.99413,0.99643,100.0,1.01,0.81,0.68,1.15,48.07,49.04,49.78,47.54,0.993,0.993,0.993,0.993,/tmpdir/crf_16.mpd,/videos/BigBuckBunny-2160.avi
6659,0.99598,7.49415,0.99864,47.99741,0.99983,0.87678,0.99122,0.99601,0.99774,100.0,0.93,0.77,0.67,1.03,48.46,49.25,49.87,48.0,0.993,0.993,0.993,0.993,/tmpdir/crf_16.mpd,/videos/BigBuckBunny-2160.avi
6660,0.99468,7.49415,0.99852,47.38723,0.99976,0.87114,0.98823,0.99426,0.9966,100.0,1.06,0.87,0.75,1.19,47.88,48.76,49.41,47.39,0.993,0.993,0.992,0.993,/tmpdir/crf_16.mpd,/videos/BigBuckBunny-2160.avi
6661,0.99433,4.20818,0.99853,47.28892,0.99978,0.86833,0.98851,0.99447,0.9968,100.0,1.08,0.87,0.76,1.21,47.79,48.72,49.3,47.29,0.993,0.993,0.992,0.993,/tmpdir/crf_16.mpd,/videos/BigBuckBunny-2160.avi
6662,0.99409,3.72253,0.99833,46.92545,0.99975,0.86048,0.98763,0.99404,0.99649,100.0,1.16,0.88,0.79,1.32,47.49,48.67,49.16,46.93,0.992,0.993,0.992,0.992,/tmpdir/crf_16.mpd,/videos/BigBuckBunny-2160.avi
6663,0.9953,3.04496,0.99861,47.61289,0.99985,0.87022,0.99196,0.99655,0.99811,100.0,1.0,0.8,0.72,1.13,48.11,49.12,49.54,47.61,0.993,0.993,0.992,0.993,/tmpdir/crf_16.mpd,/videos/BigBuckBunny-2160.avi
6664,0.99342,3.04496,0.99823,46.67971,0.99972,0.85706,0.9863,0.99329,0.99602,100.0,1.21,0.9,0.79,1.4,47.29,48.57,49.13,46.68,0.992,0.993,0.992,0.992,/tmpdir/crf_16.mpd,/videos/BigBuckBunny-2160.avi
6665,0.99425,5.63438,0.9984,47.03324,0.99975,0.86267,0.98717,0.99387,0.99649,100.0,1.14,0.9,0.77,1.29,47.58,48.61,49.29,47.03,0.993,0.993,0.992,0.993,/tmpdir/crf_16.mpd,/videos/BigBuckBunny-2160.avi
6666,0.99336,7.2076,0.99835,46.91553,0.99972,0.86226,0.98562,0.99285,0.99575,100.0,1.16,0.93,0.76,1.32,47.47,48.46,49.32,46.92,0.992,0.993,0.992,0.993,/tmpdir/crf_16.mpd,/videos/BigBuckBunny-2160.avi
6667,0.99441,8.38335,0.99854,47.61512,0.99981,0.87077,0.98976,0.99534,0.99739,100.0,1.01,0.84,0.71,1.13,48.1,48.91,49.65,47.62,0.993,0.993,0.992,0.993,/tmpdir/crf_16.mpd,/videos/BigBuckBunny-2160.avi
6668,0.99423,8.38335,0.99851,47.41954,0.99976,0.87316,0.9874,0.99365,0.9961,100.0,1.04,0.85,0.7,1.18,47.95,48.85,49.68,47.42,0.993,0.993,0.992,0.993,/tmpdir/crf_16.mpd,/videos/BigBuckBunny-2160.avi
6669,0.99559,5.41805,0.99871,48.46367,0.99985,0.88317,0.99208,0.99637,0.99795,100.0,0.83,0.68,0.59,0.93,48.94,49.81,50.39,48.46,0.994,0.994,0.993,0.994,/tmpdir/crf_16.mpd,/videos/BigBuckBunny-2160.avi
6670,0.99495,4.81536,0.99853,47.8126,0.99978,0.87492,0.9893,0.9947,0.9968,100.0,0.95,0.74,0.64,1.08,48.36,49.41,50.06,47.81,0.993,0.993,0.993,0.993,/tmpdir/crf_16.mpd,/videos/BigBuckBunny-2160.avi
6671,0.99476,3.36229,0.9985,47.63806,0.9998,0.87135,0.98972,0.99505,0.99706,100.0,0.98,0.76,0.65,1.12,48.21,49.34,50.0,47.64,0.993,0.993,0.993,0.993,/tmpdir/crf_16.mpd,/videos/BigBuckBunny-2160.avi
6672,0.99528,3.36229,0.99847,47.63965,0.99978,0.87292,0.98928,0.99477,0.99682,100.0,0.98,0.77,0.66,1.12,48.2,49.29,49.95,47.64,0.993,0.993,0.993,0.993,/tmpdir/crf_16.mpd,/videos/BigBuckBunny-2160.avi
6673,0.9959,3.9774,0.99869,48.30185,0.99985,0.88113,0.99226,0.99651,0.99799,100.0,0.86,0.7,0.62,0.96,48.78,49.66,50.22,48.3,0.993,0.994,0.993,0.993,/tmpdir/crf_16.mpd,/videos/BigBuckBunny-2160.avi
6674,0.99545,3.9774,0.99855,47.85456,0.99979,0.87742,0.99,0.99512,0.99706,100.0,0.94,0.74,0.64,1.07,48.4,49.44,50.06,47.85,0.993,0.994,0.993,0.993,/tmpdir/crf_16.mpd,/videos/BigBuckBunny-2160.avi
6675,0.9955,3.60797,0.99862,47.95336,0.99981,0.87887,0.9904,0.99527,0.99716,100.0,0.92,0.72,0.63,1.04,48.5,49.58,50.13,47.95,0.993,0.994,0.993,0.993,/tmpdir/crf_16.mpd,/videos/BigBuckBunny-2160.avi
6676,0.99538,3.60797,0.99852,47.72837,0.99979,0.87586,0.98976,0.99496,0.99696,100.0,0.96,0.73,0.64,1.1,48.3,49.48,50.05,47.73,0.993,0.994,0.993,0.993,/tmpdir/crf_16.mpd,/videos/BigBuckBunny-2160.avi
6677,0.99631,2.96811,0.99877,48.43142,0.99987,0.88487,0.99335,0.99705,0.99835,100.0,0.83,0.65,0.59,0.93,48.94,49.99,50.42,48.43,0.994,0.994,0.993,0.994,/tmpdir/crf_16.mpd,/videos/BigBuckBunny-2160.avi
6678,0.9955,2.96811,0.99861,47.88118,0.99983,0.87766,0.99099,0.99558,0.99727,100.0,0.92,0.69,0.62,1.06,48.48,49.75,50.24,47.88,0.993,0.994,0.993,0.993,/tmpdir/crf_16.mpd,/videos/BigBuckBunny-2160.avi
6679,0.99518,2.46163,0.99858,47.74959,0.99981,0.87643,0.99078,0.99559,0.99741,100.0,0.95,0.7,0.62,1.09,48.37,49.69,50.23,47.75,0.993,0.994,0.993,0.993,/tmpdir/crf_16.mpd,/videos/BigBuckBunny-2160.avi
6680,0.9962,2.46163,0.99878,48.42434,0.99987,0.88502,0.99362,0.99719,0.99843,100.0,0.83,0.65,0.58,0.93,48.94,49.98,50.46,48.42,0.994,0.994,0.993,0.994,/tmpdir/crf_16.mpd,/videos/BigBuckBunny-2160.avi
6681,0.99529,1.50112,0.99858,47.70391,0.99981,0.87642,0.99086,0.99575,0.99758,100.0,0.96,0.7,0.62,1.1,48.33,49.67,50.24,47.7,0.993,0.994,0.993,0.993,/tmpdir/crf_16.mpd,/videos/BigBuckBunny-2160.avi
6682,0.99552,1.41463,0.99865,47.86234,0.99982,0.87853,0.99154,0.99595,0.99761,100.0,0.92,0.69,0.61,1.06,48.47,49.77,50.29,47.86,0.993,0.994,0.993,0.993,/tmpdir/crf_16.mpd,/videos/BigBuckBunny-2160.avi
6683,0.99533,0.81308,0.99862,47.83132,0.99981,0.87723,0.99149,0.99604,0.99773,99.71299,0.93,0.7,0.61,1.07,48.43,49.69,50.25,47.83,0.993,0.994,0.993,0.993,/tmpdir/crf_16.mpd,/videos/BigBuckBunny-2160.avi
6684,0.99634,0.81308,0.99879,48.37745,0.99987,0.88418,0.99374,0.99721,0.99844,99.99204,0.84,0.66,0.59,0.94,48.9,49.94,50.4,48.38,0.994,0.994,0.993,0.994,/tmpdir/crf_16.mpd,/videos/BigBuckBunny-2160.avi
6685,0.99514,0.74245,0.99866,47.94027,0.99982,0.87946,0.99161,0.99605,0.99771,99.65152,0.91,0.68,0.61,1.04,48.53,49.77,50.3,47.94,0.993,0.994,0.993,0.993,/tmpdir/crf_16.mpd,/videos/BigBuckBunny-2160.avi
6686,0.99528,0.74245,0.99869,47.99309,0.99983,0.8803,0.99197,0.99615,0.99774,99.68224,0.9,0.67,0.6,1.03,48.59,49.86,50.35,47.99,0.993,0.994,0.993,0.993,/tmpdir/crf_16.mpd,/videos/BigBuckBunny-2160.avi
6687,0.99523,0.47574,0.99867,47.93257,0.99982,0.87894,0.9919,0.99611,0.99768,99.5385,0.91,0.68,0.6,1.05,48.53,49.78,50.34,47.93,0.993,0.994,0.993,0.993,/tmpdir/crf_16.mpd,/videos/BigBuckBunny-2160.avi
6688,0.99631,0.47574,0.99884,48.44688,0.99988,0.88637,0.99419,0.99744,0.99857,99.8489,0.82,0.65,0.58,0.93,48.97,50.03,50.47,48.45,0.994,0.994,0.993,0.994,/tmpdir/crf_16.mpd,/videos/BigBuckBunny-2160.avi
6689,0.99548,0.58278,0.99872,48.03412,0.99983,0.8816,0.99214,0.99631,0.99788,99.66017,0.9,0.68,0.6,1.02,48.61,49.8,50.34,48.03,0.993,0.994,0.993,0.993,/tmpdir/crf_16.mpd,/videos/BigBuckBunny-2160.avi
6690,0.99564,0.58278,0.99874,48.11229,0.99983,0.88278,0.99243,0.99638,0.99783,99.69179,0.88,0.66,0.59,1.0,48.69,49.9,50.4,48.11,0.994,0.994,0.993,0.993,/tmpdir/crf_16.mpd,/videos/BigBuckBunny-2160.avi
6691,0.99536,0.66702,0.9987,48.03807,0.99983,0.88099,0.99223,0.99633,0.99783,99.67436,0.89,0.68,0.6,1.02,48.62,49.8,50.36,48.04,0.993,0.994,0.993,0.993,/tmpdir/crf_16.mpd,/videos/BigBuckBunny-2160.avi
6692,0.99624,0.66702,0.99882,48.41354,0.99988,0.88612,0.9941,0.99735,0.99847,99.91683,0.83,0.65,0.58,0.94,48.95,50.03,50.49,48.41,0.994,0.994,0.993,0.994,/tmpdir/crf_16.mpd,/videos/BigBuckBunny-2160.avi
6693,0.99545,0.70989,0.99872,48.07465,0.99983,0.88234,0.99235,0.99641,0.99793,99.72458,0.89,0.68,0.6,1.01,48.65,49.81,50.37,48.07,0.993,0.994,0.993,0.993,/tmpdir/crf_16.mpd,/videos/BigBuckBunny-2160.avi
6694,0.99537,0.70989,0.99875,48.15883,0.99984,0.88364,0.99264,0.99651,0.99801,99.72063,0.87,0.67,0.59,0.99,48.73,49.9,50.43,48.16,0.994,0.994,0.993,0.993,/tmpdir/crf_16.mpd,/videos/BigBuckBunny-2160.avi
6695,0.99473,0.66467,0.99867,47.85488,0.99983,0.87794,0.99221,0.99636,0.99789,99.55774,0.92,0.68,0.6,1.07,48.48,49.8,50.37,47.85,0.993,0.994,0.993,0.993,/tmpdir/crf_16.mpd,/videos/BigBuckBunny-2160.avi
6696,0.99622,0.66467,0.99881,48.37023,0.99988,0.88507,0.994,0.99734,0.99851,99.91127,0.83,0.64,0.58,0.95,48.92,50.05,50.52,48.37,0.994,0.994,0.993,0.994,/tmpdir/crf_16.mpd,/videos/BigBuckBunny-2160.avi
6697,0.99772,0.72112,0.9994,50.95615,0.99996,0.92872,0.9972,0.99883,0.99939,100.0,0.46,0.35,0.33,0.52,51.51,52.75,53.0,50.96,0.996,0.997,0.996,0.996,/tmpdir/crf_16.mpd,/videos/BigBuckBunny-2160.avi
6698,0.99632,0.72112,0.99909,49.45926,0.99987,0.91126,0.99436,0.99733,0.99843,100.0,0.63,0.44,0.38,0.74,50.15,51.73,52.28,49.46,0.995,0.996,0.995,0.995,/tmpdir/crf_16.mpd,/videos/BigBuckBunny-2160.avi
6699,0.99652,1.21935,0.99901,49.12999,0.99987,0.90608,0.99389,0.99713,0.99834,100.0,0.68,0.46,0.41,0.79,49.84,51.47,52.01,49.13,0.995,0.996,0.995,0.995,/tmpdir/crf_16.mpd,/videos/BigBuckBunny-2160.avi
6700,0.99616,1.2252,0.99886,48.73764,0.99983,0.90037,0.99262,0.9965,0.99796,100.0,0.74,0.51,0.44,0.87,49.46,51.09,51.72,48.74,0.995,0.995,0.995,0.994,/tmpdir/crf_16.mpd,/videos/BigBuckBunny-2160.avi
6701,0.99637,2.55169,0.99895,49.09777,0.99988,0.90233,0.99377,0.9972,0.99845,100.0,0.69,0.5,0.44,0.8,49.74,51.11,51.74,49.1,0.995,0.995,0.995,0.995,/tmpdir/crf_16.mpd,/videos/BigBuckBunny-2160.avi
6702,0.99588,2.73753,0.99882,48.64298,0.99982,0.89757,0.99176,0.99605,0.9977,100.0,0.76,0.55,0.47,0.89,49.31,50.71,51.42,48.64,0.995,0.995,0.995,0.994,/tmpdir/crf_16.mpd,/videos/BigBuckBunny-2160.avi
6703,0.99579,2.80023,0.99881,48.64653,0.99983,0.89583,0.99175,0.996,0.99764,100.0,0.76,0.55,0.48,0.89,49.3,50.71,51.34,48.65,0.994,0.995,0.995,0.994,/tmpdir/crf_16.mpd,/videos/BigBuckBunny-2160.avi
6704,0.9955,2.80023,0.9987,48.36569,0.99981,0.89114,0.99087,0.99553,0.99735,100.0,0.81,0.58,0.5,0.95,49.04,50.51,51.13,48.37,0.994,0.995,0.994,0.994,/tmpdir/crf_16.mpd,/videos/BigBuckBunny-2160.avi
6705,0.9966,2.73272,0.99891,49.01433,0.99988,0.89775,0.99387,0.9973,0.99854,100.0,0.71,0.54,0.48,0.82,49.59,50.78,51.33,49.01,0.995,0.995,0.995,0.994,/tmpdir/crf_16.mpd,/videos/BigBuckBunny-2160.avi
6706,0.99541,2.73272,0.99868,48.23975,0.9998,0.88905,0.99114,0.99573,0.99747,100.0,0.84,0.61,0.52,0.98,48.9,50.3,50.94,48.24,0.994,0.995,0.994,0.994,/tmpdir/crf_16.mpd,/videos/BigBuckBunny-2160.avi
6707,0.99583,1.6833,0.99873,48.21182,0.99981,0.88835,0.9918,0.99609,0.99773,100.0,0.84,0.59,0.52,0.98,48.89,50.4,50.96,48.21,0.994,0.995,0.994,0.994,/tmpdir/crf_16.mpd,/videos/BigBuckBunny-2160.avi
6708,0.99541,1.4641,0.99873,48.22863,0.99979,0.88826,0.99152,0.99591,0.99757,100.0,0.84,0.6,0.52,0.98,48.89,50.35,50.93,48.23,0.994,0.995,0.994,0.994,/tmpdir/crf_16.mpd,/videos/BigBuckBunny-2160.avi
6709,0.99687,0.75901,0.99903,49.21557,0.99989,0.90134,0.99463,0.99763,0.99875,100.0,0.69,0.55,0.49,0.78,49.72,50.7,51.25,49.22,0.995,0.995,0.994,0.995,/tmpdir/crf_16.mpd,/videos/BigBuckBunny-2160.avi
6710,0.99584,0.70946,0.99882,48.49555,0.99981,0.89183,0.99268,0.9966,0.99809,99.8357,0.8,0.6,0.52,0.92,49.1,50.38,50.96,48.5,0.994,0.995,0.994,0.994,/tmpdir/crf_16.mpd,/videos/BigBuckBunny-2160.avi
6711,0.99574,0.38368,0.99885,48.54959,0.99982,0.89228,0.9927,0.99653,0.99806,99.66254,0.79,0.59,0.52,0.91,49.15,50.4,50.99,48.55,0.994,0.995,0.994,0.994,/tmpdir/crf_16.mpd,/videos/BigBuckBunny-2160.avi
6712,0.99546,0.38368,0.99882,48.49966,0.99981,0.89107,0.99244,0.99641,0.99798,99.60062,0.8,0.61,0.53,0.92,49.09,50.31,50.91,48.5,0.994,0.995,0.994,0.994,/tmpdir/crf_16.mpd,/videos/BigBuckBunny-2160.avi
6713,0.99657,0.27193,0.99896,48.96483,0.99988,0.89643,0.9943,0.99744,0.9986,99.83337,0.73,0.58,0.51,0.83,49.49,50.5,51.08,48.96,0.995,0.995,0.994,0.994,/tmpdir/crf_16.mpd,/videos/BigBuckBunny-2160.avi
6714,0.99529,0.27193,0.99878,48.17451,0.99982,0.88438,0.99269,0.9967,0.99826,99.52452,0.85,0.62,0.53,0.99,48.83,50.24,50.87,48.17,0.994,0.995,0.994,0.994,/tmpdir/crf_16.mpd,/videos/BigBuckBunny-2160.avi
6715,0.99531,0.19046,0.99878,48.22729,0.99982,0.88491,0.99262,0.99657,0.99811,99.47858,0.84,0.61,0.53,0.98,48.87,50.24,50.85,48.23,0.994,0.995,0.994,0.994,/tmpdir/crf_16.mpd,/videos/BigBuckBunny-2160.avi
6716,0.99556,0.19046,0.99876,48.19875,0.99982,0.88462,0.99229,0.99643,0.99802,99.51098,0.85,0.63,0.54,0.98,48.83,50.13,50.77,48.2,0.994,0.995,0.994,0.994,/tmpdir/crf_16.mpd,/videos/BigBuckBunny-2160.avi
6717,0.99611,0.22199,0.9989,48.68187,0.99987,0.89059,0.99364,0.99712,0.99842,99.68797,0.78,0.61,0.53,0.88,49.22,50.25,50.87,48.68,0.994,0.995,0.994,0.994,/tmpdir/crf_16.mpd,/videos/BigBuckBunny-2160.avi
6718,0.99551,0.22199,0.9988,48.42009,0.99982,0.88912,0.99229,0.99641,0.998,99.5306,0.82,0.64,0.55,0.94,48.98,50.05,50.71,48.42,0.994,0.994,0.994,0.994,/tmpdir/crf_16.mpd,/videos/BigBuckBunny-2160.avi
6719,0.99537,0.20707,0.99879,48.34775,0.99981,0.88808,0.99213,0.99633,0.99797,99.49055,0.84,0.65,0.56,0.95,48.91,49.99,50.66,48.35,0.994,0.994,0.994,0.994,/tmpdir/crf_16.mpd,/videos/BigBuckBunny-2160.avi
6720,0.99502,0.20707,0.99875,48.26205,0.9998,0.88587,0.99176,0.99612,0.9978,99.40368,0.85,0.67,0.57,0.97,48.82,49.89,50.59,48.26,0.994,0.994,0.994,0.994,/tmpdir/crf_16.mpd,/videos/BigBuckBunny-2160.avi
6721,0.99565,0.16359,0.99881,48.39845,0.99985,0.88665,0.99271,0.99668,0.99817,99.53814,0.83,0.67,0.56,0.94,48.93,49.89,50.61,48.4,0.994,0.994,0.994,0.994,/tmpdir/crf_16.mpd,/videos/BigBuckBunny-2160.avi
6722,0.99513,0.16359,0.99873,48.18037,0.9998,0.88361,0.99165,0.99612,0.99785,99.39944,0.87,0.69,0.58,0.99,48.73,49.73,50.48,48.18,0.994,0.994,0.994,0.994,/tmpdir/crf_16.mpd,/videos/BigBuckBunny-2160.avi
6723,0.99493,0.16216,0.9987,48.05194,0.9998,0.88164,0.99103,0.99571,0.99756,99.32632,0.9,0.71,0.59,1.02,48.61,49.61,50.4,48.05,0.994,0.994,0.994,0.994,/tmpdir/crf_16.mpd,/videos/BigBuckBunny-2160.avi
6724,0.99468,0.16216,0.99865,47.91247,0.99978,0.87863,0.9905,0.99549,0.99743,99.25866,0.92,0.73,0.61,1.05,48.47,49.48,50.31,47.91,0.994,0.994,0.993,0.994,/tmpdir/crf_16.mpd,/videos/BigBuckBunny-2160.avi
6725,0.99489,0.18467,0.99866,47.86391,0.99981,0.87655,0.99069,0.99563,0.99748,99.30855,0.94,0.75,0.61,1.06,48.42,49.39,50.28,47.86,0.994,0.994,0.993,0.994,/tmpdir/crf_16.mpd,/videos/BigBuckBunny-2160.avi
6726,0.99404,0.18467,0.99855,47.53666,0.99976,0.8711,0.98927,0.99487,0.99697,99.08687,1.0,0.79,0.64,1.15,48.12,49.16,50.1,47.54,0.993,0.994,0.993,0.993,/tmpdir/crf_16.mpd,/videos/BigBuckBunny-2160.avi
6727,0.99351,0.20294,0.9985,47.3383,0.99975,0.86854,0.98791,0.99416,0.99658,98.9494,1.05,0.84,0.66,1.2,47.92,48.91,49.95,47.34,0.993,0.993,0.993,0.993,/tmpdir/crf_16.mpd,/videos/BigBuckBunny-2160.avi
6728,0.99303,0.20294,0.99839,47.0101,0.99972,0.86231,0.98666,0.99353,0.99616,98.80157,1.12,0.88,0.68,1.29,47.63,48.69,49.81,47.01,0.993,0.993,0.993,0.993,/tmpdir/crf_16.mpd,/videos/BigBuckBunny-2160.avi
6729,0.99277,0.29288,0.99824,46.5843,0.99968,0.85521,0.98416,0.99223,0.99535,98.69035,1.22,0.93,0.7,1.43,47.25,48.43,49.68,46.58,0.992,0.993,0.993,0.992,/tmpdir/crf_16.mpd,/videos/BigBuckBunny-2160.avi
6730,0.99541,0.01521,0.99942,54.97348,0.99993,0.94726,0.99706,0.99858,0.99915,99.75998,0.19,0.17,0.16,0.21,55.27,55.83,56.04,54.97,0.997,0.997,0.997,0.997,/tmpdir/crf_16.mpd,/videos/BigBuckBunny-2160.avi
6731,0.99517,0.01521,0.99941,54.93283,0.99992,0.94721,0.99695,0.99851,0.99911,99.71298,0.2,0.18,0.16,0.21,55.21,55.67,55.99,54.93,0.997,0.997,0.997,0.997,/tmpdir/crf_16.mpd,/videos/BigBuckBunny-2160.avi
6732,0.99507,0.26721,0.99933,54.53889,0.99989,0.94436,0.99606,0.99792,0.9987,99.75361,0.21,0.19,0.18,0.23,54.84,55.35,55.65,54.54,0.997,0.997,0.997,0.997,/tmpdir/crf_16.mpd,/videos/BigBuckBunny-2160.avi
6733,0.99573,3.66693,0.99918,53.88471,0.99984,0.93992,0.99514,0.99744,0.99846,100.0,0.25,0.21,0.2,0.27,54.23,54.92,55.14,53.88,0.997,0.997,0.997,0.996,/tmpdir/crf_16.mpd,/videos/BigBuckBunny-2160.avi
6734,0.98983,16.93228,0.99886,52.50804,0.99977,0.9158,0.99328,0.99652,0.99779,100.0,0.31,0.21,0.21,0.36,53.17,54.82,54.99,52.51,0.996,0.997,0.997,0.995,/tmpdir/crf_16.mpd,/videos/BigBuckBunny-2160.avi
6735,0.98214,8.96733,0.99883,52.52262,0.99975,0.91181,0.99262,0.99629,0.99776,100.0,0.31,0.21,0.19,0.36,53.22,54.93,55.27,52.52,0.996,0.997,0.997,0.995,/tmpdir/crf_16.mpd,/videos/BigBuckBunny-2160.avi
6736,0.98341,8.96733,0.99848,50.44026,0.99973,0.86648,0.98792,0.99452,0.99697,100.0,0.48,0.29,0.26,0.59,51.28,53.44,54.02,50.44,0.994,0.996,0.996,0.994,/tmpdir/crf_16.mpd,/videos/BigBuckBunny-2160.avi
6737,0.98684,11.08056,0.99873,51.92061,0.99974,0.90041,0.99082,0.99542,0.99729,100.0,0.36,0.24,0.22,0.42,52.61,54.24,54.66,51.92,0.995,0.997,0.997,0.995,/tmpdir/crf_16.mpd,/videos/BigBuckBunny-2160.avi
6738,0.98473,11.08056,0.99864,51.67601,0.99972,0.89757,0.9899,0.99499,0.99701,100.0,0.37,0.25,0.23,0.44,52.4,54.17,54.51,51.68,0.995,0.996,0.997,0.995,/tmpdir/crf_16.mpd,/videos/BigBuckBunny-2160.avi
6739,0.98734,9.79054,0.99883,52.27924,0.99979,0.90697,0.99133,0.99563,0.9975,100.0,0.33,0.23,0.22,0.38,52.93,54.48,54.76,52.28,0.996,0.997,0.997,0.995,/tmpdir/crf_16.mpd,/videos/BigBuckBunny-2160.avi
6740,0.98734,9.79054,0.99872,51.87751,0.99977,0.90387,0.99157,0.99596,0.99766,100.0,0.36,0.24,0.23,0.42,52.57,54.29,54.56,51.88,0.995,0.997,0.997,0.995,/tmpdir/crf_16.mpd,/videos/BigBuckBunny-2160.avi
6741,0.99311,9.35972,0.99879,52.1579,0.99977,0.91084,0.99202,0.99605,0.99766,100.0,0.34,0.24,0.23,0.4,52.79,54.27,54.56,52.16,0.996,0.997,0.997,0.995,/tmpdir/crf_16.mpd,/videos/BigBuckBunny-2160.avi
6742,0.99255,9.35972,0.99894,52.71724,0.99981,0.91982,0.99327,0.99672,0.99817,100.0,0.3,0.22,0.21,0.35,53.29,54.65,54.83,52.72,0.996,0.997,0.997,0.996,/tmpdir/crf_16.mpd,/videos/BigBuckBunny-2160.avi
6743,0.99113,5.10807,0.99899,53.00207,0.9998,0.92734,0.99356,0.99675,0.99812,100.0,0.29,0.24,0.22,0.33,53.46,54.36,54.75,53.0,0.996,0.997,0.997,0.996,/tmpdir/crf_16.mpd,/videos/BigBuckBunny-2160.avi
6744,0.99258,4.13843,0.99907,53.4275,0.99982,0.93369,0.99438,0.99712,0.99831,100.0,0.27,0.23,0.21,0.3,53.82,54.55,54.9,53.43,0.996,0.997,0.997,0.996,/tmpdir/crf_16.mpd,/videos/BigBuckBunny-2160.avi
6745,0.99264,1.44236,0.99911,53.64018,0.99981,0.93731,0.99468,0.99717,0.99826,99.79595,0.26,0.23,0.21,0.28,53.99,54.6,54.98,53.64,0.996,0.997,0.997,0.996,/tmpdir/crf_16.mpd,/videos/BigBuckBunny-2160.avi
6746,0.99268,1.42197,0.99916,53.84913,0.99985,0.93729,0.99479,0.99728,0.99841,99.80573,0.25,0.21,0.2,0.27,54.19,54.84,55.11,53.85,0.997,0.997,0.997,0.996,/tmpdir/crf_16.mpd,/videos/BigBuckBunny-2160.avi
6747,0.99243,0.68369,0.99913,53.7195,0.99982,0.93744,0.99471,0.99721,0.99831,99.40285,0.26,0.22,0.21,0.28,54.05,54.63,55.0,53.72,0.996,0.997,0.997,0.996,/tmpdir/crf_16.mpd,/videos/BigBuckBunny-2160.avi
6748,0.99284,0.57036,0.99912,53.71431,0.99983,0.93684,0.99479,0.99737,0.9985,99.43826,0.26,0.22,0.21,0.28,54.06,54.68,54.99,53.71,0.996,0.997,0.997,0.996,/tmpdir/crf_16.mpd,/videos/BigBuckBunny-2160.avi
6749,0.99202,0.10262,0.9991,53.56791,0.99983,0.93364,0.99488,0.9975,0.99864,99.07967,0.26,0.22,0.2,0.29,53.96,54.7,55.02,53.57,0.996,0.997,0.997,0.996,/tmpdir/crf_16.mpd,/videos/BigBuckBunny-2160.avi
6750,0.992,0.10262,0.99912,53.68364,0.99984,0.93502,0.99467,0.9973,0.99846,99.06376,0.26,0.22,0.21,0.28,54.04,54.73,55.01,53.68,0.996,0.997,0.997,0.996,/tmpdir/crf_16.mpd,/videos/BigBuckBunny-2160.avi
6751,0.99348,1.15956,0.99914,53.75843,0.99983,0.93771,0.99479,0.9973,0.99839,99.82195,0.25,0.22,0.21,0.27,54.09,54.7,55.01,53.76,0.996,0.997,0.997,0.996,/tmpdir/crf_16.mpd,/videos/BigBuckBunny-2160.avi
6752,0.99429,1.8798,0.99912,53.68113,0.99982,0.9378,0.99469,0.99718,0.99831,100.0,0.26,0.22,0.21,0.28,54.03,54.63,55.0,53.68,0.996,0.997,0.997,0.996,/tmpdir/crf_16.mpd,/videos/BigBuckBunny-2160.avi
6753,0.99399,10.34211,0.99894,52.92432,0.99979,0.92485,0.99362,0.99655,0.9978,100.0,0.29,0.23,0.21,0.33,53.46,54.59,54.98,52.92,0.996,0.997,0.997,0.996,/tmpdir/crf_16.mpd,/videos/BigBuckBunny-2160.avi
6754,0.98755,21.82577,0.99868,51.90455,0.99972,0.9036,0.99248,0.99617,0.99757,100.0,0.35,0.23,0.2,0.42,52.67,54.55,55.03,51.9,0.995,0.997,0.997,0.995,/tmpdir/crf_16.mpd,/videos/BigBuckBunny-2160.avi
6755,0.98209,6.18631,0.99878,52.28997,0.99976,0.90579,0.99181,0.99578,0.99736,100.0,0.33,0.22,0.19,0.38,53.01,54.66,55.28,52.29,0.996,0.997,0.997,0.995,/tmpdir/crf_16.mpd,/videos/BigBuckBunny-2160.avi
6756,0.98124,6.18631,0.99849,50.86743,0.99973,0.87459,0.9873,0.99386,0.99641,99.9899,0.44,0.28,0.24,0.53,51.67,53.62,54.31,50.87,0.995,0.996,0.997,0.994,/tmpdir/crf_16.mpd,/videos/BigBuckBunny-2160.avi
6757,0.98264,12.23084,0.99864,51.63477,0.99974,0.89239,0.98988,0.99495,0.99696,100.0,0.38,0.26,0.23,0.45,52.35,53.99,54.6,51.63,0.995,0.996,0.997,0.994,/tmpdir/crf_16.mpd,/videos/BigBuckBunny-2160.avi
6758,0.98321,12.23084,0.99855,51.47863,0.9997,0.89252,0.98948,0.99482,0.9969,100.0,0.39,0.27,0.23,0.46,52.21,53.89,54.5,51.48,0.995,0.996,0.997,0.994,/tmpdir/crf_16.mpd,/videos/BigBuckBunny-2160.avi
6759,0.98838,11.92402,0.99874,52.13511,0.99975,0.90385,0.99109,0.99549,0.99731,100.0,0.34,0.24,0.21,0.4,52.8,54.29,54.81,52.14,0.996,0.997,0.997,0.995,/tmpdir/crf_16.mpd,/videos/BigBuckBunny-2160.avi
6760,0.98956,11.92402,0.99866,51.75421,0.99974,0.9017,0.9908,0.99555,0.99741,100.0,0.37,0.26,0.23,0.43,52.43,54.0,54.47,51.75,0.995,0.996,0.997,0.995,/tmpdir/crf_16.mpd,/videos/BigBuckBunny-2160.avi
6761,0.99303,11.8469,0.99883,52.30634,0.9998,0.91066,0.99224,0.99614,0.99775,100.0,0.33,0.24,0.22,0.38,52.93,54.34,54.79,52.31,0.996,0.997,0.997,0.995,/tmpdir/crf_16.mpd,/videos/BigBuckBunny-2160.avi
6762,0.99247,11.8469,0.99879,52.21855,0.99977,0.91222,0.99234,0.99614,0.99766,100.0,0.34,0.25,0.23,0.39,52.83,54.21,54.58,52.22,0.996,0.996,0.997,0.995,/tmpdir/crf_16.mpd,/videos/BigBuckBunny-2160.avi
6763,0.99152,7.4721,0.9989,52.61524,0.99978,0.92158,0.99288,0.99631,0.99776,100.0,0.32,0.25,0.22,0.36,53.14,54.23,54.64,52.62,0.996,0.997,0.997,0.995,/tmpdir/crf_16.mpd,/videos/BigBuckBunny-2160.avi
6764,0.99328,5.76588,0.99904,53.23139,0.99983,0.92849,0.99367,0.99675,0.99808,100.0,0.28,0.23,0.21,0.31,53.68,54.53,54.94,53.23,0.996,0.997,0.997,0.996,/tmpdir/crf_16.mpd,/videos/BigBuckBunny-2160.avi
6765,0.99264,2.56939,0.99907,53.48233,0.99981,0.9347,0.99433,0.99702,0.9982,100.0,0.27,0.24,0.21,0.29,53.83,54.36,54.91,53.48,0.996,0.997,0.997,0.996,/tmpdir/crf_16.mpd,/videos/BigBuckBunny-2160.avi
6766,0.99327,1.87865,0.99912,53.7234,0.99983,0.93749,0.99476,0.99724,0.99834,100.0,0.26,0.23,0.21,0.28,54.04,54.51,54.98,53.72,0.996,0.997,0.997,0.996,/tmpdir/crf_16.mpd,/videos/BigBuckBunny-2160.avi
6767,0.99307,0.96278,0.99912,53.70669,0.99982,0.93797,0.99479,0.99725,0.99835,99.65442,0.26,0.23,0.21,0.28,54.03,54.52,55.01,53.71,0.996,0.997,0.997,0.996,/tmpdir/crf_16.mpd,/videos/BigBuckBunny-2160.avi
6768,0.99283,0.96278,0.99915,53.85283,0.99984,0.93749,0.99476,0.99728,0.99838,99.61134,0.25,0.22,0.2,0.27,54.17,54.68,55.11,53.85,0.997,0.997,0.997,0.996,/tmpdir/crf_16.mpd,/videos/BigBuckBunny-2160.avi
6769,0.99296,0.5539,0.99912,53.71097,0.99982,0.93759,0.99475,0.99731,0.99844,99.45,0.26,0.23,0.21,0.28,54.03,54.54,55.0,53.71,0.996,0.997,0.997,0.996,/tmpdir/crf_16.mpd,/videos/BigBuckBunny-2160.avi
6770,0.99261,0.50132,0.99912,53.71001,0.99983,0.93697,0.99485,0.99744,0.99852,99.36941,0.26,0.23,0.21,0.28,54.04,54.57,55.01,53.71,0.996,0.997,0.997,0.996,/tmpdir/crf_16.mpd,/videos/BigBuckBunny-2160.avi
6771,0.99269,0.13227,0.9991,53.59911,0.99983,0.93591,0.9949,0.99744,0.99853,99.21207,0.26,0.23,0.2,0.28,53.96,54.58,55.02,53.6,0.996,0.997,0.997,0.996,/tmpdir/crf_16.mpd,/videos/BigBuckBunny-2160.avi
6772,0.99239,0.13227,0.99911,53.6551,0.99983,0.93529,0.99458,0.99722,0.9984,99.14173,0.26,0.22,0.2,0.28,54.01,54.61,55.03,53.66,0.996,0.997,0.997,0.996,/tmpdir/crf_16.mpd,/videos/BigBuckBunny-2160.avi
6773,0.99325,1.31144,0.99915,53.85357,0.99984,0.9391,0.99499,0.99745,0.99852,99.87161,0.25,0.23,0.2,0.27,54.15,54.58,55.03,53.85,0.997,0.997,0.997,0.996,/tmpdir/crf_16.mpd,/videos/BigBuckBunny-2160.avi
6774,0.99608,2.76975,0.99911,53.71318,0.99982,0.93858,0.99452,0.99698,0.99804,100.0,0.26,0.24,0.21,0.28,54.01,54.38,54.98,53.71,0.996,0.997,0.997,0.996,/tmpdir/crf_16.mpd,/videos/BigBuckBunny-2160.avi
6775,0.99517,12.76384,0.99883,52.60346,0.99977,0.91754,0.99216,0.9956,0.99697,100.0,0.31,0.25,0.21,0.36,53.15,54.23,54.81,52.6,0.996,0.997,0.997,0.995,/tmpdir/crf_16.mpd,/videos/BigBuckBunny-2160.avi
6776,0.98798,22.36946,0.99864,51.86574,0.99971,0.90336,0.99178,0.99565,0.99711,100.0,0.36,0.25,0.21,0.42,52.59,54.22,54.91,51.87,0.995,0.997,0.997,0.995,/tmpdir/crf_16.mpd,/videos/BigBuckBunny-2160.avi
6777,0.99695,0.49811,0.99936,51.34303,0.99996,0.92726,0.99708,0.99871,0.99929,100.0,0.42,0.3,0.3,0.48,51.93,53.41,53.4,51.34,0.996,0.997,0.996,0.996,/tmpdir/crf_16.mpd,/videos/BigBuckBunny-2160.avi
6778,0.99429,0.49811,0.99898,49.54831,0.99986,0.90521,0.99284,0.99642,0.99789,99.48495,0.6,0.38,0.35,0.72,50.32,52.31,52.64,49.55,0.995,0.996,0.996,0.995,/tmpdir/crf_16.mpd,/videos/BigBuckBunny-2160.avi
6779,0.99419,2.27348,0.99878,48.98573,0.99984,0.89582,0.9918,0.99601,0.99775,100.0,0.69,0.44,0.4,0.82,49.76,51.73,52.07,48.99,0.994,0.996,0.995,0.994,/tmpdir/crf_16.mpd,/videos/BigBuckBunny-2160.avi
6780,0.99338,2.45429,0.99866,48.69984,0.99981,0.88987,0.99056,0.99544,0.99741,100.0,0.74,0.49,0.44,0.88,49.45,51.27,51.71,48.7,0.994,0.995,0.995,0.994,/tmpdir/crf_16.mpd,/videos/BigBuckBunny-2160.avi
6781,0.99528,2.54306,0.99892,49.47543,0.99989,0.8985,0.99376,0.99716,0.99844,100.0,0.63,0.44,0.41,0.73,50.13,51.73,52.0,49.48,0.995,0.995,0.995,0.994,/tmpdir/crf_16.mpd,/videos/BigBuckBunny-2160.avi
6782,0.99229,2.54306,0.99865,48.60698,0.99981,0.8869,0.9904,0.9953,0.9973,100.0,0.76,0.51,0.46,0.9,49.32,51.02,51.49,48.61,0.994,0.995,0.994,0.994,/tmpdir/crf_16.mpd,/videos/BigBuckBunny-2160.avi
6783,0.99293,1.82615,0.99867,48.68327,0.99982,0.88658,0.99107,0.99571,0.99759,99.79191,0.75,0.5,0.46,0.88,49.39,51.1,51.49,48.68,0.994,0.995,0.994,0.993,/tmpdir/crf_16.mpd,/videos/BigBuckBunny-2160.avi
6784,0.99212,1.82615,0.99859,48.49199,0.9998,0.88285,0.99017,0.9952,0.99722,99.6001,0.78,0.53,0.48,0.92,49.2,50.85,51.35,48.49,0.994,0.995,0.994,0.993,/tmpdir/crf_16.mpd,/videos/BigBuckBunny-2160.avi
6785,0.99436,2.00906,0.99883,49.13439,0.99989,0.89133,0.9936,0.99712,0.9984,100.0,0.68,0.48,0.45,0.79,49.78,51.34,51.62,49.13,0.994,0.995,0.994,0.994,/tmpdir/crf_16.mpd,/videos/BigBuckBunny-2160.avi
6786,0.99276,2.00906,0.99859,48.48525,0.9998,0.88247,0.99037,0.99535,0.99732,99.8156,0.79,0.54,0.49,0.92,49.18,50.79,51.24,48.49,0.994,0.995,0.994,0.993,/tmpdir/crf_16.mpd,/videos/BigBuckBunny-2160.avi
6787,0.99295,2.1875,0.99864,48.54389,0.99982,0.88295,0.99076,0.99545,0.9973,99.94325,0.78,0.54,0.49,0.91,49.23,50.84,51.25,48.54,0.994,0.995,0.994,0.993,/tmpdir/crf_16.mpd,/videos/BigBuckBunny-2160.avi
6788,0.99211,2.1875,0.99855,48.32891,0.9998,0.87913,0.98986,0.99498,0.99698,99.7512,0.82,0.57,0.51,0.96,49.02,50.6,51.09,48.33,0.993,0.995,0.994,0.993,/tmpdir/crf_16.mpd,/videos/BigBuckBunny-2160.avi
6789,0.9943,1.59939,0.99876,48.85035,0.99988,0.88642,0.99319,0.99692,0.99827,100.0,0.73,0.51,0.48,0.85,49.49,51.03,51.31,48.85,0.994,0.995,0.994,0.994,/tmpdir/crf_16.mpd,/videos/BigBuckBunny-2160.avi
6790,0.99241,1.59939,0.99856,48.27287,0.9998,0.87903,0.98987,0.99508,0.99716,99.51972,0.83,0.57,0.51,0.97,48.96,50.57,51.02,48.27,0.993,0.994,0.994,0.993,/tmpdir/crf_16.mpd,/videos/BigBuckBunny-2160.avi
6791,0.99293,2.10994,0.99861,48.36115,0.99982,0.88088,0.99027,0.99524,0.99723,99.88443,0.81,0.57,0.52,0.95,49.02,50.56,50.98,48.36,0.994,0.994,0.994,0.993,/tmpdir/crf_16.mpd,/videos/BigBuckBunny-2160.avi
6792,0.99175,2.10994,0.99849,48.13568,0.99979,0.87683,0.98918,0.99475,0.99699,99.63488,0.86,0.6,0.54,1.0,48.8,50.31,50.79,48.14,0.993,0.994,0.994,0.993,/tmpdir/crf_16.mpd,/videos/BigBuckBunny-2160.avi
6793,0.99412,3.27331,0.99872,48.68643,0.99987,0.88444,0.99246,0.99663,0.99814,100.0,0.76,0.55,0.51,0.88,49.31,50.74,51.06,48.69,0.994,0.995,0.994,0.993,/tmpdir/crf_16.mpd,/videos/BigBuckBunny-2160.avi
6794,0.99246,3.27331,0.99856,48.30984,0.9998,0.88074,0.98934,0.99481,0.99695,100.0,0.83,0.6,0.54,0.96,48.93,50.32,50.77,48.31,0.994,0.994,0.994,0.993,/tmpdir/crf_16.mpd,/videos/BigBuckBunny-2160.avi
6795,0.99353,3.61919,0.99864,48.47966,0.99982,0.88348,0.9901,0.99518,0.99721,100.0,0.8,0.59,0.53,0.92,49.09,50.44,50.86,48.48,0.994,0.994,0.994,0.994,/tmpdir/crf_16.mpd,/videos/BigBuckBunny-2160.avi
6796,0.99322,3.61919,0.99856,48.2846,0.9998,0.88,0.98909,0.99464,0.99686,100.0,0.84,0.61,0.55,0.97,48.9,50.26,50.75,48.28,0.994,0.994,0.994,0.993,/tmpdir/crf_16.mpd,/videos/BigBuckBunny-2160.avi
6797,0.99484,2.5683,0.99882,49.00343,0.99988,0.88835,0.99308,0.99687,0.99823,100.0,0.72,0.54,0.5,0.82,49.57,50.84,51.18,49.0,0.994,0.995,0.994,0.994,/tmpdir/crf_16.mpd,/videos/BigBuckBunny-2160.avi
6798,0.99314,2.55175,0.99854,48.23722,0.9998,0.87701,0.98951,0.9948,0.99688,100.0,0.84,0.59,0.54,0.98,48.89,50.39,50.83,48.24,0.993,0.994,0.994,0.993,/tmpdir/crf_16.mpd,/videos/BigBuckBunny-2160.avi
6799,0.99319,1.69186,0.99857,48.25778,0.99982,0.876,0.99015,0.99519,0.99718,99.70209,0.84,0.59,0.54,0.97,48.91,50.46,50.8,48.26,0.993,0.994,0.994,0.993,/tmpdir/crf_16.mpd,/videos/BigBuckBunny-2160.avi
6800,0.99247,1.69186,0.99847,48.02164,0.99979,0.87134,0.98924,0.99473,0.9969,99.53031,0.88,0.61,0.55,1.03,48.7,50.28,50.69,48.02,0.993,0.994,0.993,0.993,/tmpdir/crf_16.mpd,/videos/BigBuckBunny-2160.avi
6801,0.99454,1.88941,0.9987,48.64392,0.99987,0.88063,0.99266,0.99666,0.99809,100.0,0.77,0.56,0.52,0.89,49.26,50.68,51.0,48.64,0.994,0.994,0.994,0.993,/tmpdir/crf_16.mpd,/videos/BigBuckBunny-2160.avi
6802,0.99314,1.88941,0.99854,48.16593,0.99983,0.87371,0.99019,0.99514,0.997,99.7743,0.85,0.6,0.55,0.99,48.83,50.38,50.76,48.17,0.993,0.994,0.993,0.993,/tmpdir/crf_16.mpd,/videos/BigBuckBunny-2160.avi
6803,0.9929,1.99876,0.99848,47.97149,0.9998,0.87187,0.98958,0.995,0.99707,99.78283,0.89,0.63,0.56,1.04,48.64,50.17,50.63,47.97,0.993,0.994,0.993,0.993,/tmpdir/crf_16.mpd,/videos/BigBuckBunny-2160.avi
6804,0.99445,1.99876,0.99867,48.43328,0.99987,0.87805,0.99213,0.99641,0.99794,100.0,0.81,0.59,0.54,0.93,49.05,50.45,50.79,48.43,0.993,0.994,0.993,0.993,/tmpdir/crf_16.mpd,/videos/BigBuckBunny-2160.avi
6805,0.99674,1.77944,0.99931,50.88518,0.99995,0.92084,0.99665,0.99852,0.99919,100.0,0.47,0.35,0.34,0.53,51.42,52.7,52.8,50.89,0.996,0.996,0.996,0.996,/tmpdir/crf_16.mpd,/videos/BigBuckBunny-2160.avi
6806,0.99416,1.77944,0.99886,48.98553,0.99985,0.89495,0.99194,0.99607,0.99773,100.0,0.7,0.48,0.43,0.82,49.69,51.34,51.8,48.99,0.994,0.995,0.995,0.994,/tmpdir/crf_16.mpd,/videos/BigBuckBunny-2160.avi
6807,0.99413,1.24172,0.99878,48.78937,0.99984,0.89006,0.99175,0.99601,0.99774,99.74327,0.73,0.49,0.45,0.86,49.5,51.22,51.56,48.79,0.994,0.995,0.995,0.994,/tmpdir/crf_16.mpd,/videos/BigBuckBunny-2160.avi
6808,0.99341,1.24172,0.99865,48.4482,0.99981,0.88471,0.99023,0.99531,0.99738,99.55787,0.79,0.53,0.48,0.93,49.16,50.85,51.33,48.45,0.994,0.995,0.994,0.994,/tmpdir/crf_16.mpd,/videos/BigBuckBunny-2160.avi
6809,0.99461,2.50679,0.99877,48.82534,0.99987,0.88828,0.99224,0.99645,0.99802,100.0,0.73,0.51,0.46,0.85,49.5,51.09,51.5,48.83,0.994,0.995,0.994,0.994,/tmpdir/crf_16.mpd,/videos/BigBuckBunny-2160.avi
6810,0.99315,2.50679,0.99858,48.30899,0.9998,0.88145,0.98948,0.99489,0.99707,100.0,0.82,0.57,0.51,0.96,48.99,50.55,51.08,48.31,0.994,0.995,0.994,0.993,/tmpdir/crf_16.mpd,/videos/BigBuckBunny-2160.avi
6811,0.9935,2.57083,0.99858,48.32167,0.99981,0.88006,0.9898,0.99507,0.99719,100.0,0.82,0.58,0.52,0.96,48.99,50.51,51.01,48.32,0.994,0.994,0.994,0.993,/tmpdir/crf_16.mpd,/videos/BigBuckBunny-2160.avi
6812,0.99293,2.57083,0.99849,48.10715,0.99978,0.87605,0.9887,0.99453,0.99684,100.0,0.86,0.61,0.53,1.01,48.78,50.26,50.86,48.11,0.993,0.994,0.994,0.993,/tmpdir/crf_16.mpd,/videos/BigBuckBunny-2160.avi
6813,0.99408,2.00853,0.99865,48.50545,0.99986,0.87927,0.99135,0.99607,0.99782,100.0,0.79,0.57,0.52,0.92,49.15,50.61,51.01,48.51,0.994,0.994,0.994,0.993,/tmpdir/crf_16.mpd,/videos/BigBuckBunny-2160.avi
6814,0.99245,2.00853,0.99842,47.94746,0.99978,0.87109,0.98814,0.99426,0.99666,99.65873,0.89,0.63,0.56,1.04,48.62,50.17,50.65,47.95,0.993,0.994,0.993,0.993,/tmpdir/crf_16.mpd,/videos/BigBuckBunny-2160.avi
6815,0.99289,2.4821,0.99845,47.98393,0.99979,0.87118,0.98836,0.99447,0.99686,100.0,0.89,0.64,0.57,1.03,48.63,50.07,50.56,47.98,0.993,0.994,0.993,0.993,/tmpdir/crf_16.mpd,/videos/BigBuckBunny-2160.avi
6816,0.99248,2.4821,0.99835,47.72229,0.99976,0.86626,0.98683,0.99369,0.99635,99.86094,0.94,0.68,0.6,1.1,48.38,49.83,50.37,47.72,0.993,0.994,0.993,0.993,/tmpdir/crf_16.mpd,/videos/BigBuckBunny-2160.avi
6817,0.99282,2.28669,0.99846,47.88935,0.99982,0.86651,0.9885,0.99472,0.997,99.8905,0.91,0.66,0.59,1.06,48.53,49.96,50.41,47.89,0.993,0.994,0.993,0.993,/tmpdir/crf_16.mpd,/videos/BigBuckBunny-2160.avi
6818,0.99114,2.28669,0.99822,47.34338,0.99974,0.85676,0.98514,0.99287,0.9958,99.44196,1.03,0.72,0.64,1.2,48.02,49.54,50.07,47.34,0.992,0.993,0.993,0.992,/tmpdir/crf_16.mpd,/videos/BigBuckBunny-2160.avi
6819,0.99002,2.32702,0.99794,46.6833,0.99971,0.84118,0.98235,0.99164,0.99521,99.16193,1.17,0.77,0.68,1.4,47.44,49.29,49.8,46.68,0.991,0.993,0.992,0.991,/tmpdir/crf_16.mpd,/videos/BigBuckBunny-2160.avi
6820,0.99655,0.6844,0.99933,51.91723,0.99995,0.92677,0.9971,0.99867,0.99927,100.0,0.37,0.27,0.26,0.42,52.48,53.78,53.99,51.92,0.996,0.997,0.996,0.996,/tmpdir/crf_16.mpd,/videos/BigBuckBunny-2160.avi
6821,0.99264,0.6844,0.99885,50.00066,0.99983,0.90162,0.99351,0.99684,0.99825,99.30556,0.55,0.36,0.32,0.65,50.75,52.52,53.14,50.0,0.995,0.996,0.996,0.994,/tmpdir/crf_16.mpd,/videos/BigBuckBunny-2160.avi
6822,0.99273,0.69443,0.99878,49.82277,0.99982,0.89838,0.99308,0.9966,0.99813,99.29952,0.57,0.38,0.33,0.68,50.56,52.28,52.92,49.82,0.994,0.996,0.996,0.994,/tmpdir/crf_16.mpd,/videos/BigBuckBunny-2160.avi
6823,0.99227,0.38561,0.99868,49.57372,0.99979,0.89411,0.99236,0.99624,0.99789,99.03288,0.6,0.41,0.35,0.72,50.32,52.02,52.72,49.57,0.994,0.995,0.995,0.993,/tmpdir/crf_16.mpd,/videos/BigBuckBunny-2160.avi
6824,0.99341,0.35637,0.99877,49.76651,0.99985,0.89171,0.99392,0.99703,0.99826,99.26251,0.58,0.39,0.34,0.69,50.5,52.22,52.78,49.77,0.994,0.995,0.995,0.993,/tmpdir/crf_16.mpd,/videos/BigBuckBunny-2160.avi
6825,0.99185,0.35637,0.99861,49.41241,0.99978,0.89014,0.99189,0.99608,0.99787,98.92816,0.63,0.44,0.37,0.74,50.14,51.75,52.5,49.41,0.994,0.995,0.995,0.993,/tmpdir/crf_16.mpd,/videos/BigBuckBunny-2160.avi
6826,0.99216,0.42973,0.9986,49.37847,0.99977,0.88929,0.9918,0.99586,0.99758,98.99,0.63,0.43,0.37,0.75,50.11,51.77,52.48,49.38,0.994,0.995,0.995,0.993,/tmpdir/crf_16.mpd,/videos/BigBuckBunny-2160.avi
6827,0.99127,0.83932,0.9985,49.13398,0.99975,0.88388,0.99112,0.99566,0.99753,99.00129,0.67,0.46,0.39,0.79,49.87,51.49,52.27,49.13,0.993,0.995,0.995,0.993,/tmpdir/crf_16.mpd,/videos/BigBuckBunny-2160.avi
6828,0.99302,0.83932,0.99858,49.42221,0.99981,0.88814,0.99254,0.99634,0.99782,99.36109,0.63,0.44,0.37,0.74,50.14,51.73,52.41,49.42,0.994,0.995,0.995,0.993,/tmpdir/crf_16.mpd,/videos/BigBuckBunny-2160.avi
6829,0.99091,1.29505,0.9983,48.73277,0.99972,0.87664,0.98981,0.99486,0.99692,99.0761,0.73,0.49,0.41,0.87,49.49,51.19,51.99,48.73,0.993,0.995,0.995,0.992,/tmpdir/crf_16.mpd,/videos/BigBuckBunny-2160.avi
6830,0.99178,1.29505,0.99841,48.90202,0.99976,0.87941,0.99064,0.99529,0.99723,99.27045,0.71,0.48,0.41,0.84,49.64,51.28,52.02,48.9,0.993,0.995,0.995,0.992,/tmpdir/crf_16.mpd,/videos/BigBuckBunny-2160.avi
6831,0.9913,2.62688,0.99831,48.82771,0.99973,0.87726,0.98983,0.99495,0.99706,99.83419,0.72,0.5,0.42,0.85,49.55,51.12,51.92,48.83,0.993,0.994,0.995,0.992,/tmpdir/crf_16.mpd,/videos/BigBuckBunny-2160.avi
6832,0.99296,2.62688,0.9985,49.20285,0.99981,0.88217,0.99174,0.99601,0.99767,100.0,0.67,0.48,0.41,0.78,49.87,51.29,51.95,49.2,0.993,0.995,0.995,0.993,/tmpdir/crf_16.mpd,/videos/BigBuckBunny-2160.avi
6833,0.99135,3.07835,0.99822,48.64014,0.99971,0.87182,0.98905,0.99461,0.99691,100.0,0.76,0.54,0.45,0.89,49.34,50.84,51.63,48.64,0.993,0.994,0.994,0.992,/tmpdir/crf_16.mpd,/videos/BigBuckBunny-2160.avi
6834,0.99116,3.07835,0.99828,48.6655,0.99973,0.87267,0.98932,0.99462,0.99682,100.0,0.76,0.54,0.46,0.88,49.35,50.82,51.55,48.67,0.993,0.994,0.994,0.992,/tmpdir/crf_16.mpd,/videos/BigBuckBunny-2160.avi
6835,0.99159,2.9394,0.99824,48.52467,0.99972,0.87034,0.98885,0.99446,0.99676,99.99995,0.78,0.57,0.47,0.91,49.2,50.59,51.37,48.52,0.993,0.994,0.994,0.992,/tmpdir/crf_16.mpd,/videos/BigBuckBunny-2160.avi
6836,0.99294,2.9394,0.99852,49.06617,0.99983,0.87784,0.99121,0.99572,0.99749,100.0,0.7,0.54,0.46,0.81,49.65,50.79,51.5,49.07,0.993,0.994,0.994,0.992,/tmpdir/crf_16.mpd,/videos/BigBuckBunny-2160.avi
6837,0.99072,3.52676,0.99828,48.53203,0.99976,0.86629,0.98936,0.99469,0.99683,100.0,0.78,0.57,0.48,0.91,49.19,50.55,51.3,48.53,0.992,0.994,0.994,0.992,/tmpdir/crf_16.mpd,/videos/BigBuckBunny-2160.avi
6838,0.99251,3.67578,0.99836,48.77006,0.9998,0.86869,0.99043,0.99535,0.9973,100.0,0.75,0.56,0.48,0.86,49.39,50.63,51.33,48.77,0.992,0.994,0.994,0.992,/tmpdir/crf_16.mpd,/videos/BigBuckBunny-2160.avi
6839,0.99066,5.24019,0.99834,48.71127,0.99981,0.86616,0.99024,0.99523,0.99722,100.0,0.76,0.57,0.48,0.87,49.33,50.54,51.31,48.71,0.992,0.994,0.994,0.992,/tmpdir/crf_16.mpd,/videos/BigBuckBunny-2160.avi
6840,0.99131,5.41771,0.99834,48.71104,0.99981,0.86566,0.99026,0.9953,0.99732,100.0,0.76,0.58,0.48,0.87,49.32,50.52,51.29,48.71,0.992,0.994,0.994,0.992,/tmpdir/crf_16.mpd,/videos/BigBuckBunny-2160.avi
6841,0.99163,5.06816,0.99836,48.61787,0.99982,0.86503,0.99048,0.99548,0.99745,100.0,0.78,0.59,0.5,0.89,49.22,50.43,51.15,48.62,0.992,0.994,0.994,0.992,/tmpdir/crf_16.mpd,/videos/BigBuckBunny-2160.avi
6842,0.99177,5.06816,0.99839,48.60023,0.99983,0.86566,0.99069,0.99555,0.99748,100.0,0.78,0.6,0.51,0.9,49.2,50.38,51.09,48.6,0.992,0.993,0.994,0.992,/tmpdir/crf_16.mpd,/videos/BigBuckBunny-2160.avi
6843,0.99184,4.30819,0.99848,48.57135,0.99984,0.86789,0.99107,0.99576,0.99759,100.0,0.79,0.61,0.52,0.9,49.15,50.3,50.98,48.57,0.993,0.994,0.994,0.992,/tmpdir/crf_16.mpd,/videos/BigBuckBunny-2160.avi
6844,0.99275,4.30819,0.99855,48.65556,0.99985,0.87073,0.99154,0.996,0.99775,100.0,0.78,0.6,0.52,0.89,49.22,50.33,51.0,48.66,0.993,0.994,0.994,0.992,/tmpdir/crf_16.mpd,/videos/BigBuckBunny-2160.avi
6845,0.99097,2.7057,0.9984,48.06297,0.99977,0.8617,0.98924,0.99472,0.99704,99.77312,0.88,0.67,0.56,1.02,48.68,49.9,50.65,48.06,0.992,0.993,0.993,0.992,/tmpdir/crf_16.mpd,/videos/BigBuckBunny-2160.avi
6846,0.99155,2.42348,0.99845,48.24724,0.99978,0.86506,0.98982,0.99498,0.99713,99.74861,0.85,0.65,0.54,0.97,48.85,50.03,50.78,48.25,0.992,0.993,0.993,0.992,/tmpdir/crf_16.mpd,/videos/BigBuckBunny-2160.avi
6847,0.99078,1.555,0.99839,48.00956,0.99977,0.86155,0.98943,0.99484,0.99708,99.15369,0.89,0.69,0.57,1.03,48.61,49.75,50.6,48.01,0.992,0.993,0.993,0.992,/tmpdir/crf_16.mpd,/videos/BigBuckBunny-2160.avi
6848,0.99415,1.48096,0.99865,49.00038,0.99986,0.87722,0.99273,0.99662,0.99812,99.87109,0.72,0.56,0.49,0.82,49.56,50.64,51.27,49.0,0.993,0.994,0.994,0.993,/tmpdir/crf_16.mpd,/videos/BigBuckBunny-2160.avi
6849,0.99091,0.54751,0.99852,48.24719,0.9998,0.86676,0.99006,0.99511,0.99715,98.70877,0.84,0.62,0.51,0.97,48.9,50.18,51.07,48.25,0.993,0.994,0.994,0.992,/tmpdir/crf_16.mpd,/videos/BigBuckBunny-2160.avi
6850,0.99529,0.0,0.99881,49.66598,0.99987,0.88804,0.99366,0.99695,0.99823,99.41578,0.62,0.49,0.43,0.7,50.19,51.23,51.75,49.67,0.994,0.994,0.994,0.993,/tmpdir/crf_16.mpd,/videos/BigBuckBunny-2160.avi
6851,0.99532,0.0,0.99881,49.68315,0.99988,0.88821,0.99366,0.99694,0.99822,99.42001,0.62,0.49,0.43,0.7,50.21,51.25,51.77,49.68,0.994,0.994,0.994,0.993,/tmpdir/crf_16.mpd,/videos/BigBuckBunny-2160.avi
6852,0.99531,0.0,0.99881,49.68092,0.99987,0.88819,0.99364,0.99692,0.9982,99.41732,0.62,0.49,0.43,0.7,50.21,51.25,51.77,49.68,0.994,0.994,0.994,0.993,/tmpdir/crf_16.mpd,/videos/BigBuckBunny-2160.avi
6853,0.9953,0.0,0.99882,49.68298,0.99988,0.88819,0.99365,0.99693,0.99822,99.41728,0.62,0.49,0.43,0.7,50.21,51.25,51.77,49.68,0.994,0.994,0.994,0.993,/tmpdir/crf_16.mpd,/videos/BigBuckBunny-2160.avi
6854,0.9953,0.0,0.99882,49.68152,0.99988,0.88824,0.99367,0.99694,0.9982,99.41667,0.62,0.49,0.43,0.7,50.21,51.25,51.77,49.68,0.994,0.994,0.994,0.993,/tmpdir/crf_16.mpd,/videos/BigBuckBunny-2160.avi
6855,0.9953,0.0,0.99882,49.68358,0.99988,0.88823,0.99366,0.99693,0.99821,99.41608,0.62,0.49,0.43,0.7,50.21,51.25,51.77,49.68,0.994,0.994,0.994,0.993,/tmpdir/crf_16.mpd,/videos/BigBuckBunny-2160.avi
6856,0.9953,0.0,0.99882,49.68406,0.99988,0.88826,0.99366,0.99693,0.9982,99.41593,0.62,0.49,0.43,0.7,50.21,51.25,51.77,49.68,0.994,0.994,0.994,0.993,/tmpdir/crf_16.mpd,/videos/BigBuckBunny-2160.avi
6857,0.9953,0.0,0.99882,49.68409,0.99988,0.88826,0.99367,0.99694,0.99821,99.41691,0.62,0.49,0.43,0.7,50.21,51.25,51.77,49.68,0.994,0.994,0.994,0.993,/tmpdir/crf_16.mpd,/videos/BigBuckBunny-2160.avi
6858,0.9953,0.0,0.99881,49.68217,0.99988,0.88822,0.99366,0.99693,0.9982,99.41584,0.62,0.49,0.43,0.7,50.21,51.25,51.77,49.68,0.994,0.994,0.994,0.993,/tmpdir/crf_16.mpd,/videos/BigBuckBunny-2160.avi
6859,0.9953,0.0,0.99882,49.68242,0.99988,0.88823,0.99366,0.99693,0.99821,99.41672,0.62,0.49,0.43,0.7,50.21,51.25,51.77,49.68,0.994,0.994,0.994,0.993,/tmpdir/crf_16.mpd,/videos/BigBuckBunny-2160.avi
6860,0.99416,0.13065,0.99927,52.03479,0.99992,0.90745,0.99721,0.99896,0.99945,99.47723,0.34,0.22,0.18,0.41,52.85,54.69,55.69,52.03,0.996,0.997,0.997,0.995,/tmpdir/crf_16.mpd,/videos/BigBuckBunny-2160.avi
6861,0.99137,0.13065,0.99883,50.55801,0.99977,0.88145,0.99421,0.99747,0.99868,98.80486,0.45,0.25,0.19,0.57,51.56,54.21,55.29,50.56,0.995,0.996,0.997,0.994,/tmpdir/crf_16.mpd,/videos/BigBuckBunny-2160.avi
6862,0.98844,0.25266,0.99834,49.28258,0.99961,0.86011,0.99054,0.99543,0.99741,98.13965,0.59,0.27,0.21,0.77,50.42,53.89,54.96,49.28,0.994,0.996,0.997,0.993,/tmpdir/crf_16.mpd,/videos/BigBuckBunny-2160.avi
6863,0.98678,0.4917,0.99814,48.9924,0.99946,0.85599,0.98808,0.99404,0.99657,97.8552,0.63,0.29,0.22,0.82,50.12,53.46,54.71,48.99,0.994,0.996,0.997,0.993,/tmpdir/crf_16.mpd,/videos/BigBuckBunny-2160.avi
6864,0.99216,0.4917,0.99848,49.53957,0.99977,0.8766,0.99508,0.99775,0.99869,99.10887,0.56,0.27,0.21,0.72,50.64,53.88,54.93,49.54,0.994,0.996,0.997,0.993,/tmpdir/crf_16.mpd,/videos/BigBuckBunny-2160.avi
6865,0.98577,0.71039,0.99815,49.16338,0.99952,0.85143,0.98785,0.99428,0.99664,97.78178,0.62,0.33,0.24,0.79,50.2,52.99,54.29,49.16,0.994,0.995,0.996,0.992,/tmpdir/crf_16.mpd,/videos/BigBuckBunny-2160.avi
6866,0.98635,0.71039,0.99818,49.19602,0.99958,0.85254,0.98835,0.99447,0.99684,97.90468,0.61,0.32,0.24,0.78,50.25,53.14,54.41,49.2,0.994,0.995,0.996,0.992,/tmpdir/crf_16.mpd,/videos/BigBuckBunny-2160.avi
6867,0.98441,1.07762,0.99793,48.7369,0.99947,0.83598,0.98598,0.9936,0.99642,97.65228,0.68,0.36,0.26,0.87,49.79,52.6,54.01,48.74,0.993,0.995,0.996,0.992,/tmpdir/crf_16.mpd,/videos/BigBuckBunny-2160.avi
6868,0.9873,1.07762,0.99801,48.67276,0.99965,0.83655,0.98871,0.99501,0.99706,98.24665,0.68,0.32,0.25,0.88,49.78,53.04,54.2,48.67,0.993,0.995,0.996,0.991,/tmpdir/crf_16.mpd,/videos/BigBuckBunny-2160.avi
6869,0.98247,1.57352,0.99777,48.2387,0.9995,0.81266,0.98302,0.99215,0.99536,97.40798,0.76,0.4,0.28,0.98,49.29,52.08,53.59,48.24,0.992,0.994,0.996,0.991,/tmpdir/crf_16.mpd,/videos/BigBuckBunny-2160.avi
6870,0.98207,1.57352,0.99781,48.17731,0.99959,0.80715,0.98522,0.99348,0.99628,97.42244,0.77,0.4,0.28,0.99,49.25,52.15,53.6,48.18,0.992,0.994,0.996,0.99,/tmpdir/crf_16.mpd,/videos/BigBuckBunny-2160.avi
6871,0.97991,4.38448,0.99752,47.65152,0.99947,0.79266,0.98233,0.99212,0.99555,98.48277,0.87,0.43,0.29,1.12,48.76,51.76,53.46,47.65,0.991,0.994,0.996,0.989,/tmpdir/crf_16.mpd,/videos/BigBuckBunny-2160.avi
6872,0.98574,8.6622,0.99809,48.63838,0.99974,0.82103,0.98962,0.99595,0.9979,100.0,0.69,0.34,0.23,0.89,49.75,52.82,54.44,48.64,0.992,0.995,0.996,0.991,/tmpdir/crf_16.mpd,/videos/BigBuckBunny-2160.avi
6873,0.98304,6.21244,0.99775,48.59294,0.99955,0.81145,0.9866,0.99432,0.99681,100.0,0.69,0.31,0.21,0.9,49.77,53.28,54.82,48.59,0.993,0.996,0.997,0.991,/tmpdir/crf_16.mpd,/videos/BigBuckBunny-2160.avi
6874,0.98436,5.32071,0.99791,48.93137,0.99961,0.81902,0.98744,0.99471,0.99719,100.0,0.64,0.28,0.2,0.83,50.1,53.63,55.03,48.93,0.993,0.996,0.997,0.991,/tmpdir/crf_16.mpd,/videos/BigBuckBunny-2160.avi
6875,0.98212,1.22918,0.99761,48.35604,0.99952,0.80726,0.98618,0.99397,0.99653,97.28599,0.72,0.3,0.21,0.95,49.57,53.35,54.97,48.36,0.992,0.996,0.997,0.99,/tmpdir/crf_16.mpd,/videos/BigBuckBunny-2160.avi
6876,0.98799,1.22918,0.99821,49.35782,0.99975,0.833,0.99227,0.9971,0.9985,98.58779,0.58,0.28,0.2,0.75,50.48,53.67,55.2,49.36,0.993,0.996,0.997,0.991,/tmpdir/crf_16.mpd,/videos/BigBuckBunny-2160.avi
6877,0.98197,1.34213,0.99766,48.43685,0.99953,0.80459,0.98601,0.99402,0.99662,97.32044,0.71,0.31,0.21,0.93,49.64,53.28,54.94,48.44,0.992,0.995,0.997,0.99,/tmpdir/crf_16.mpd,/videos/BigBuckBunny-2160.avi
6878,0.98319,1.53545,0.99762,48.31522,0.99957,0.8008,0.98651,0.99432,0.99676,97.64512,0.72,0.3,0.21,0.96,49.53,53.31,54.88,48.32,0.992,0.995,0.997,0.99,/tmpdir/crf_16.mpd,/videos/BigBuckBunny-2160.avi
6879,0.98177,6.09338,0.99761,48.54917,0.99952,0.80783,0.98377,0.9928,0.99581,99.88105,0.69,0.3,0.22,0.91,49.73,53.41,54.75,48.55,0.992,0.996,0.997,0.99,/tmpdir/crf_16.mpd,/videos/BigBuckBunny-2160.avi
6880,0.98752,6.57152,0.99828,49.82167,0.99976,0.84636,0.99117,0.99631,0.99795,100.0,0.52,0.25,0.18,0.68,50.93,54.07,55.47,49.82,0.994,0.996,0.997,0.992,/tmpdir/crf_16.mpd,/videos/BigBuckBunny-2160.avi
6881,0.98238,4.5465,0.9977,48.98525,0.99952,0.82152,0.98465,0.99303,0.99588,99.08728,0.63,0.29,0.21,0.82,50.13,53.52,54.86,48.99,0.993,0.996,0.997,0.991,/tmpdir/crf_16.mpd,/videos/BigBuckBunny-2160.avi
6882,0.98352,2.64394,0.99757,48.44043,0.99958,0.80417,0.98685,0.99445,0.99673,98.29305,0.71,0.3,0.22,0.93,49.63,53.3,54.74,48.44,0.992,0.995,0.997,0.99,/tmpdir/crf_16.mpd,/videos/BigBuckBunny-2160.avi
6883,0.9822,1.77726,0.99762,48.4808,0.99954,0.80199,0.9857,0.9938,0.99641,97.56013,0.7,0.31,0.22,0.92,49.66,53.22,54.79,48.48,0.992,0.995,0.997,0.99,/tmpdir/crf_16.mpd,/videos/BigBuckBunny-2160.avi
6884,0.98836,1.77726,0.99832,49.64231,0.99979,0.83589,0.99279,0.99732,0.99865,98.95148,0.55,0.28,0.2,0.71,50.71,53.6,55.03,49.64,0.993,0.996,0.997,0.992,/tmpdir/crf_16.mpd,/videos/BigBuckBunny-2160.avi
6885,0.98277,1.81776,0.99769,48.67927,0.99954,0.80745,0.98701,0.99464,0.99713,97.76048,0.68,0.32,0.22,0.88,49.82,53.14,54.64,48.68,0.992,0.995,0.997,0.99,/tmpdir/crf_16.mpd,/videos/BigBuckBunny-2160.avi
6886,0.9843,1.81776,0.99781,48.81236,0.99962,0.81029,0.98816,0.99518,0.99754,98.07649,0.66,0.31,0.22,0.85,49.95,53.28,54.72,48.81,0.992,0.996,0.997,0.99,/tmpdir/crf_16.mpd,/videos/BigBuckBunny-2160.avi
6887,0.98343,2.48493,0.99763,48.60246,0.99955,0.80467,0.98637,0.9942,0.9968,98.19004,0.69,0.31,0.22,0.9,49.76,53.23,54.64,48.6,0.992,0.996,0.997,0.99,/tmpdir/crf_16.mpd,/videos/BigBuckBunny-2160.avi
6888,0.98716,2.48493,0.99811,49.28071,0.99975,0.82675,0.9916,0.99687,0.99841,99.06135,0.59,0.29,0.21,0.77,50.39,53.57,54.89,49.28,0.993,0.996,0.997,0.991,/tmpdir/crf_16.mpd,/videos/BigBuckBunny-2160.avi
6889,0.98224,5.66582,0.99769,48.59056,0.99956,0.80743,0.98632,0.99418,0.99678,99.79932,0.69,0.32,0.23,0.9,49.74,53.07,54.55,48.59,0.992,0.995,0.997,0.99,/tmpdir/crf_16.mpd,/videos/BigBuckBunny-2160.avi
6890,0.98263,6.1238,0.99781,48.61622,0.99963,0.80959,0.98697,0.9946,0.99713,100.0,0.69,0.33,0.23,0.89,49.74,52.88,54.49,48.62,0.992,0.995,0.997,0.99,/tmpdir/crf_16.mpd,/videos/BigBuckBunny-2160.avi
6891,0.98072,6.61035,0.99754,47.91243,0.99954,0.79313,0.98415,0.99315,0.99618,100.0,0.81,0.4,0.27,1.05,49.03,52.08,53.87,47.91,0.991,0.994,0.996,0.989,/tmpdir/crf_16.mpd,/videos/BigBuckBunny-2160.avi
6892,0.98624,6.17666,0.99808,48.57001,0.99975,0.81767,0.99027,0.99622,0.99812,100.0,0.71,0.4,0.26,0.9,49.6,52.15,53.9,48.57,0.992,0.994,0.996,0.991,/tmpdir/crf_16.mpd,/videos/BigBuckBunny-2160.avi
6893,0.98084,1.78968,0.9975,47.66977,0.99949,0.79139,0.9844,0.99349,0.9965,97.309,0.87,0.44,0.31,1.11,48.75,51.68,53.17,47.67,0.991,0.994,0.995,0.989,/tmpdir/crf_16.mpd,/videos/BigBuckBunny-2160.avi
6894,0.98258,1.78968,0.99783,48.18405,0.99961,0.80536,0.98685,0.99444,0.99699,97.69478,0.78,0.41,0.3,0.99,49.23,52.02,53.4,48.18,0.992,0.994,0.996,0.99,/tmpdir/crf_16.mpd,/videos/BigBuckBunny-2160.avi
6895,0.98293,1.3005,0.9978,48.26184,0.99953,0.81241,0.98638,0.99424,0.99697,97.51169,0.76,0.41,0.3,0.97,49.3,52.03,53.39,48.26,0.992,0.994,0.996,0.99,/tmpdir/crf_16.mpd,/videos/BigBuckBunny-2160.avi
6896,0.98876,1.3005,0.99845,49.51719,0.99981,0.8457,0.99322,0.99738,0.99868,98.80659,0.58,0.34,0.26,0.73,50.47,52.79,54.06,49.52,0.993,0.995,0.996,0.992,/tmpdir/crf_16.mpd,/videos/BigBuckBunny-2160.avi
6897,0.98388,0.98453,0.99793,48.63407,0.99959,0.82225,0.98833,0.99521,0.99748,97.59869,0.71,0.4,0.29,0.89,49.62,52.13,53.44,48.63,0.992,0.994,0.996,0.991,/tmpdir/crf_16.mpd,/videos/BigBuckBunny-2160.avi
6898,0.98492,0.98453,0.99802,48.79408,0.9996,0.82809,0.989,0.99532,0.99742,97.793,0.68,0.37,0.28,0.86,49.79,52.39,53.63,48.79,0.993,0.994,0.996,0.991,/tmpdir/crf_16.mpd,/videos/BigBuckBunny-2160.avi
6899,0.98403,0.81838,0.99793,48.71401,0.99959,0.82491,0.98852,0.99528,0.99751,97.55219,0.69,0.38,0.29,0.87,49.72,52.34,53.58,48.71,0.992,0.994,0.996,0.991,/tmpdir/crf_16.mpd,/videos/BigBuckBunny-2160.avi
6900,0.9889,0.81838,0.99843,49.68957,0.9998,0.85121,0.99403,0.99775,0.99887,98.6315,0.56,0.34,0.25,0.7,50.62,52.85,54.08,49.69,0.993,0.995,0.996,0.992,/tmpdir/crf_16.mpd,/videos/BigBuckBunny-2160.avi
6901,0.98474,0.89861,0.99798,48.87103,0.9996,0.8295,0.98879,0.9951,0.99724,97.70315,0.67,0.37,0.28,0.84,49.86,52.4,53.68,48.87,0.992,0.994,0.996,0.991,/tmpdir/crf_16.mpd,/videos/BigBuckBunny-2160.avi
6902,0.98458,0.89861,0.99803,48.87599,0.99962,0.82995,0.98912,0.99534,0.9974,97.69382,0.67,0.36,0.26,0.84,49.9,52.57,53.9,48.88,0.993,0.995,0.996,0.991,/tmpdir/crf_16.mpd,/videos/BigBuckBunny-2160.avi
6903,0.98385,1.07316,0.99789,48.6887,0.99957,0.82431,0.9882,0.99473,0.99709,97.6013,0.7,0.37,0.28,0.88,49.71,52.4,53.69,48.69,0.992,0.994,0.996,0.991,/tmpdir/crf_16.mpd,/videos/BigBuckBunny-2160.avi
6904,0.98787,1.07316,0.99828,49.37292,0.99976,0.841,0.99306,0.99736,0.99864,98.52406,0.6,0.34,0.26,0.75,50.34,52.77,54.03,49.37,0.993,0.995,0.996,0.992,/tmpdir/crf_16.mpd,/videos/BigBuckBunny-2160.avi
6905,0.98281,1.28537,0.99785,48.56345,0.99956,0.81938,0.98777,0.99457,0.99693,97.50021,0.71,0.38,0.28,0.91,49.6,52.29,53.7,48.56,0.992,0.994,0.996,0.991,/tmpdir/crf_16.mpd,/videos/BigBuckBunny-2160.avi
6906,0.98341,1.28537,0.99793,48.70693,0.99959,0.82186,0.98853,0.99514,0.9973,97.65123,0.69,0.37,0.27,0.88,49.74,52.46,53.8,48.71,0.992,0.994,0.996,0.991,/tmpdir/crf_16.mpd,/videos/BigBuckBunny-2160.avi
6907,0.98286,1.68805,0.99769,48.32601,0.99952,0.81054,0.98698,0.99438,0.9969,97.69183,0.75,0.39,0.28,0.96,49.38,52.22,53.63,48.33,0.992,0.994,0.996,0.99,/tmpdir/crf_16.mpd,/videos/BigBuckBunny-2160.avi
6908,0.98737,1.68805,0.99788,48.7813,0.99968,0.82346,0.9918,0.99699,0.99851,98.68778,0.68,0.36,0.26,0.86,49.82,52.62,53.92,48.78,0.992,0.995,0.996,0.99,/tmpdir/crf_16.mpd,/videos/BigBuckBunny-2160.avi
6909,0.98244,2.53925,0.99754,48.10078,0.9995,0.80085,0.98568,0.9939,0.99667,98.02298,0.79,0.4,0.29,1.01,49.17,52.1,53.46,48.1,0.991,0.994,0.996,0.99,/tmpdir/crf_16.mpd,/videos/BigBuckBunny-2160.avi
6910,0.98355,3.09824,0.99766,48.29485,0.99959,0.80551,0.98727,0.99477,0.99717,98.58365,0.75,0.38,0.28,0.96,49.37,52.31,53.63,48.29,0.992,0.994,0.996,0.99,/tmpdir/crf_16.mpd,/videos/BigBuckBunny-2160.avi
6911,0.98053,5.65588,0.99758,48.2191,0.99954,0.80672,0.98658,0.99423,0.99675,99.49073,0.76,0.36,0.27,0.98,49.33,52.56,53.83,48.22,0.992,0.995,0.996,0.99,/tmpdir/crf_16.mpd,/videos/BigBuckBunny-2160.avi
6912,0.98761,5.65588,0.99817,49.30952,0.99974,0.83666,0.9924,0.99711,0.9985,100.0,0.6,0.33,0.25,0.76,50.32,52.97,54.16,49.31,0.993,0.995,0.996,0.991,/tmpdir/crf_16.mpd,/videos/BigBuckBunny-2160.avi
6913,0.99178,4.98931,0.99904,51.67131,0.99989,0.89923,0.99626,0.99858,0.99928,100.0,0.36,0.22,0.18,0.44,52.55,54.68,55.68,51.67,0.996,0.997,0.997,0.995,/tmpdir/crf_16.mpd,/videos/BigBuckBunny-2160.avi
6914,0.981,4.43882,0.99792,48.71808,0.99958,0.82509,0.98535,0.99351,0.99641,98.83323,0.67,0.31,0.23,0.87,49.85,53.17,54.52,48.72,0.993,0.995,0.997,0.991,/tmpdir/crf_16.mpd,/videos/BigBuckBunny-2160.avi
6915,0.98078,2.53524,0.99764,48.17756,0.99958,0.80973,0.98568,0.99389,0.99661,97.73622,0.76,0.35,0.25,0.99,49.32,52.66,54.16,48.18,0.992,0.995,0.996,0.99,/tmpdir/crf_16.mpd,/videos/BigBuckBunny-2160.avi
6916,0.97953,2.53524,0.99747,47.84906,0.99951,0.79735,0.98328,0.99257,0.99574,97.40826,0.82,0.38,0.26,1.07,49.01,52.36,54.0,47.85,0.991,0.994,0.996,0.989,/tmpdir/crf_16.mpd,/videos/BigBuckBunny-2160.avi
6917,0.98474,2.65777,0.998,48.56796,0.99974,0.81779,0.9903,0.99624,0.99805,98.67059,0.7,0.34,0.24,0.9,49.68,52.79,54.3,48.57,0.992,0.995,0.996,0.99,/tmpdir/crf_16.mpd,/videos/BigBuckBunny-2160.avi
6918,0.97981,2.75755,0.99747,48.06368,0.99952,0.80565,0.98278,0.99222,0.99554,97.56594,0.78,0.35,0.26,1.02,49.22,52.68,53.99,48.06,0.992,0.995,0.996,0.99,/tmpdir/crf_16.mpd,/videos/BigBuckBunny-2160.avi
6919,0.98159,7.1224,0.99765,48.74474,0.99954,0.82288,0.98339,0.99251,0.99571,100.0,0.68,0.34,0.26,0.87,49.82,52.86,54.0,48.74,0.992,0.995,0.996,0.991,/tmpdir/crf_16.mpd,/videos/BigBuckBunny-2160.avi
6920,0.98856,7.1224,0.99839,50.09543,0.99978,0.85439,0.99048,0.99606,0.99797,100.0,0.51,0.3,0.23,0.64,51.04,53.34,54.58,50.1,0.994,0.995,0.997,0.992,/tmpdir/crf_16.mpd,/videos/BigBuckBunny-2160.avi
6921,0.98205,2.73345,0.99751,48.07452,0.99956,0.8031,0.98501,0.99341,0.99616,98.01647,0.78,0.34,0.26,1.01,49.24,52.82,53.99,48.07,0.992,0.995,0.996,0.99,/tmpdir/crf_16.mpd,/videos/BigBuckBunny-2160.avi
6922,0.98236,1.76776,0.99737,47.67294,0.99957,0.78955,0.98448,0.99332,0.99626,97.54383,0.85,0.38,0.27,1.11,48.84,52.35,53.77,47.67,0.991,0.994,0.996,0.989,/tmpdir/crf_16.mpd,/videos/BigBuckBunny-2160.avi
6923,0.98168,1.66139,0.99745,47.83631,0.99954,0.79463,0.98427,0.99331,0.99618,97.37107,0.82,0.38,0.27,1.07,48.98,52.35,53.74,47.84,0.991,0.994,0.996,0.989,/tmpdir/crf_16.mpd,/videos/BigBuckBunny-2160.avi
6924,0.9881,1.66139,0.99808,48.7636,0.99976,0.82044,0.99077,0.9966,0.9983,98.77494,0.68,0.35,0.26,0.86,49.82,52.71,54.0,48.76,0.992,0.995,0.996,0.991,/tmpdir/crf_16.mpd,/videos/BigBuckBunny-2160.avi
6925,0.98114,2.30591,0.9975,47.8763,0.99952,0.79484,0.98375,0.9931,0.99626,97.61352,0.82,0.39,0.28,1.06,49.0,52.23,53.59,47.88,0.991,0.994,0.996,0.989,/tmpdir/crf_16.mpd,/videos/BigBuckBunny-2160.avi
6926,0.98261,2.30591,0.99765,48.09015,0.99961,0.80026,0.98655,0.99447,0.997,97.96483,0.78,0.37,0.28,1.01,49.2,52.41,53.72,48.09,0.991,0.995,0.996,0.99,/tmpdir/crf_16.mpd,/videos/BigBuckBunny-2160.avi
6927,0.98031,3.21134,0.99746,47.96871,0.99953,0.79456,0.9833,0.99274,0.99588,97.92523,0.8,0.37,0.28,1.04,49.09,52.39,53.66,47.97,0.991,0.995,0.996,0.989,/tmpdir/crf_16.mpd,/videos/BigBuckBunny-2160.avi
6928,0.98537,3.30504,0.99786,48.655,0.9997,0.81381,0.9889,0.99576,0.99781,99.09959,0.69,0.34,0.25,0.89,49.75,52.85,54.11,48.66,0.992,0.995,0.996,0.99,/tmpdir/crf_16.mpd,/videos/BigBuckBunny-2160.avi
6929,0.98102,4.19616,0.99771,48.32165,0.99959,0.80727,0.9862,0.99417,0.99684,98.71905,0.74,0.35,0.27,0.96,49.43,52.64,53.89,48.32,0.992,0.995,0.996,0.99,/tmpdir/crf_16.mpd,/videos/BigBuckBunny-2160.avi
6930,0.97983,4.19616,0.99764,48.31974,0.99954,0.80907,0.98574,0.99371,0.99645,98.47376,0.74,0.35,0.27,0.96,49.43,52.73,53.82,48.32,0.992,0.995,0.996,0.99,/tmpdir/crf_16.mpd,/videos/BigBuckBunny-2160.avi
6931,0.98663,5.05223,0.99809,49.16697,0.99973,0.83123,0.99173,0.99686,0.99844,100.0,0.62,0.31,0.25,0.79,50.23,53.25,54.23,49.17,0.993,0.995,0.996,0.991,/tmpdir/crf_16.mpd,/videos/BigBuckBunny-2160.avi
6932,0.98004,5.05223,0.99757,48.28164,0.99952,0.80638,0.98605,0.99411,0.99683,99.04301,0.75,0.36,0.28,0.97,49.38,52.63,53.71,48.28,0.992,0.995,0.996,0.99,/tmpdir/crf_16.mpd,/videos/BigBuckBunny-2160.avi
6933,0.98181,4.66571,0.99764,48.25303,0.99959,0.8028,0.98661,0.99444,0.99705,99.1472,0.75,0.36,0.28,0.97,49.36,52.62,53.66,48.25,0.992,0.995,0.996,0.99,/tmpdir/crf_16.mpd,/videos/BigBuckBunny-2160.avi
6934,0.98077,4.0314,0.99747,47.99473,0.99951,0.79672,0.98463,0.99329,0.99612,98.50043,0.8,0.38,0.29,1.03,49.1,52.29,53.45,47.99,0.991,0.994,0.996,0.989,/tmpdir/crf_16.mpd,/videos/BigBuckBunny-2160.avi
6935,0.98696,2.13516,0.99808,48.82917,0.99975,0.8193,0.9917,0.99695,0.99845,98.83489,0.67,0.35,0.27,0.85,49.86,52.68,53.79,48.83,0.992,0.995,0.996,0.991,/tmpdir/crf_16.mpd,/videos/BigBuckBunny-2160.avi
6936,0.98078,2.13516,0.99746,47.99307,0.99949,0.79458,0.98505,0.99371,0.99658,97.49513,0.8,0.39,0.3,1.03,49.08,52.23,53.38,47.99,0.991,0.994,0.996,0.989,/tmpdir/crf_16.mpd,/videos/BigBuckBunny-2160.avi
6937,0.98088,1.54576,0.99749,47.94219,0.99955,0.78977,0.9847,0.99345,0.99636,97.1771,0.81,0.39,0.3,1.04,49.04,52.23,53.4,47.94,0.991,0.994,0.996,0.989,/tmpdir/crf_16.mpd,/videos/BigBuckBunny-2160.avi
6938,0.97914,1.53271,0.9973,47.61606,0.99949,0.78005,0.98317,0.99291,0.99607,96.81856,0.87,0.41,0.31,1.13,48.74,52.02,53.26,47.62,0.991,0.994,0.996,0.989,/tmpdir/crf_16.mpd,/videos/BigBuckBunny-2160.avi
6939,0.9793,1.53271,0.99715,47.27092,0.99955,0.76765,0.98412,0.99392,0.9969,96.91184,0.93,0.4,0.3,1.22,48.45,52.15,53.41,47.27,0.99,0.994,0.996,0.988,/tmpdir/crf_16.mpd,/videos/BigBuckBunny-2160.avi
6940,0.9983,0.09044,0.99931,53.55737,0.99981,0.9574,0.99843,0.99929,0.99961,100.0,0.26,0.2,0.19,0.29,54.05,55.1,55.39,53.56,0.998,0.998,0.997,0.998,/tmpdir/crf_16.mpd,/videos/BigBuckBunny-2160.avi
6941,0.99777,0.06979,0.99921,52.4237,0.99977,0.94851,0.99704,0.99846,0.99908,100.0,0.33,0.25,0.22,0.37,53.0,54.22,54.73,52.42,0.998,0.997,0.997,0.998,/tmpdir/crf_16.mpd,/videos/BigBuckBunny-2160.avi
6942,0.99744,0.06979,0.99919,52.24278,0.99976,0.94683,0.99658,0.99815,0.99891,100.0,0.34,0.25,0.22,0.39,52.84,54.07,54.71,52.24,0.998,0.997,0.997,0.998,/tmpdir/crf_16.mpd,/videos/BigBuckBunny-2160.avi
6943,0.99744,0.07388,0.99917,52.09274,0.99976,0.94518,0.99651,0.99815,0.99893,100.0,0.35,0.27,0.22,0.4,52.69,53.83,54.64,52.09,0.998,0.997,0.997,0.998,/tmpdir/crf_16.mpd,/videos/BigBuckBunny-2160.avi
6944,0.99743,0.07388,0.99919,52.1732,0.99978,0.94519,0.99693,0.99846,0.99914,100.0,0.34,0.27,0.22,0.39,52.76,53.83,54.69,52.17,0.998,0.997,0.997,0.998,/tmpdir/crf_16.mpd,/videos/BigBuckBunny-2160.avi
6945,0.9974,0.07365,0.99915,51.87618,0.99975,0.94299,0.99609,0.99789,0.99873,100.0,0.37,0.29,0.23,0.42,52.48,53.58,54.48,51.88,0.998,0.997,0.997,0.998,/tmpdir/crf_16.mpd,/videos/BigBuckBunny-2160.avi
6946,0.99732,0.07365,0.99914,51.82793,0.99975,0.94242,0.99608,0.99795,0.99885,100.0,0.37,0.29,0.23,0.43,52.43,53.52,54.5,51.83,0.998,0.997,0.997,0.998,/tmpdir/crf_16.mpd,/videos/BigBuckBunny-2160.avi
6947,0.99729,0.0714,0.99915,51.8133,0.99976,0.94194,0.99628,0.99807,0.99887,100.0,0.37,0.29,0.23,0.43,52.41,53.46,54.45,51.81,0.997,0.997,0.997,0.998,/tmpdir/crf_16.mpd,/videos/BigBuckBunny-2160.avi
6948,0.99742,0.0714,0.99918,51.97022,0.99978,0.94276,0.99686,0.99846,0.99914,100.0,0.36,0.29,0.23,0.41,52.55,53.53,54.54,51.97,0.998,0.997,0.997,0.998,/tmpdir/crf_16.mpd,/videos/BigBuckBunny-2160.avi
6949,0.99728,0.07544,0.99913,51.68668,0.99975,0.94084,0.99601,0.9979,0.99877,100.0,0.38,0.3,0.24,0.44,52.28,53.31,54.34,51.69,0.997,0.997,0.997,0.998,/tmpdir/crf_16.mpd,/videos/BigBuckBunny-2160.avi
6950,0.99713,0.07544,0.99913,51.63278,0.99974,0.94041,0.99578,0.99768,0.99859,100.0,0.39,0.31,0.24,0.45,52.24,53.27,54.37,51.63,0.997,0.997,0.997,0.998,/tmpdir/crf_16.mpd,/videos/BigBuckBunny-2160.avi
6951,0.997,0.15111,0.99913,51.60809,0.99975,0.93998,0.99606,0.99788,0.99873,100.0,0.39,0.31,0.24,0.45,52.2,53.23,54.27,51.61,0.997,0.997,0.997,0.998,/tmpdir/crf_16.mpd,/videos/BigBuckBunny-2160.avi
6952,0.9972,0.26715,0.99916,51.77324,0.99978,0.9408,0.99687,0.9985,0.99915,100.0,0.38,0.3,0.24,0.43,52.35,53.32,54.35,51.77,0.997,0.997,0.997,0.998,/tmpdir/crf_16.mpd,/videos/BigBuckBunny-2160.avi
6953,0.99698,0.20304,0.9991,51.21532,0.99975,0.93708,0.99566,0.99772,0.99864,100.0,0.43,0.33,0.26,0.49,51.83,52.95,53.96,51.22,0.997,0.997,0.996,0.998,/tmpdir/crf_16.mpd,/videos/BigBuckBunny-2160.avi
6954,0.99701,0.20304,0.9991,51.28868,0.99974,0.9374,0.99574,0.99775,0.99863,100.0,0.42,0.33,0.26,0.48,51.91,52.99,54.05,51.29,0.997,0.997,0.996,0.998,/tmpdir/crf_16.mpd,/videos/BigBuckBunny-2160.avi
6955,0.99681,0.35895,0.99911,51.28568,0.99975,0.93702,0.99588,0.99782,0.99866,100.0,0.42,0.33,0.26,0.48,51.89,53.0,53.94,51.29,0.997,0.997,0.996,0.998,/tmpdir/crf_16.mpd,/videos/BigBuckBunny-2160.avi
6956,0.9972,0.59699,0.99914,51.57267,0.99978,0.93869,0.99686,0.99854,0.99921,100.0,0.4,0.32,0.25,0.45,52.15,53.13,54.09,51.57,0.997,0.997,0.996,0.998,/tmpdir/crf_16.mpd,/videos/BigBuckBunny-2160.avi
6957,0.99661,0.17535,0.99909,51.09221,0.99974,0.93547,0.99566,0.99773,0.99868,99.94445,0.44,0.34,0.28,0.51,51.69,52.78,53.67,51.09,0.997,0.997,0.996,0.998,/tmpdir/crf_16.mpd,/videos/BigBuckBunny-2160.avi
6958,0.99675,0.17535,0.99909,51.16201,0.99974,0.93574,0.99574,0.99779,0.99873,99.97626,0.43,0.34,0.27,0.5,51.76,52.83,53.79,51.16,0.997,0.997,0.996,0.998,/tmpdir/crf_16.mpd,/videos/BigBuckBunny-2160.avi
6959,0.99653,0.41905,0.99909,51.03866,0.99975,0.93451,0.99588,0.99793,0.99876,100.0,0.44,0.34,0.28,0.51,51.65,52.76,53.71,51.04,0.997,0.997,0.996,0.998,/tmpdir/crf_16.mpd,/videos/BigBuckBunny-2160.avi
6960,0.9971,0.32104,0.99914,51.41789,0.99978,0.93696,0.99691,0.9986,0.99926,100.0,0.41,0.33,0.26,0.47,51.99,52.97,53.95,51.42,0.997,0.997,0.996,0.998,/tmpdir/crf_16.mpd,/videos/BigBuckBunny-2160.avi
6961,0.99672,0.13685,0.99908,50.91051,0.99975,0.93337,0.99568,0.99783,0.99875,99.94642,0.46,0.35,0.28,0.53,51.53,52.67,53.66,50.91,0.997,0.997,0.996,0.997,/tmpdir/crf_16.mpd,/videos/BigBuckBunny-2160.avi
6962,0.99683,0.13685,0.99908,50.96399,0.99974,0.93355,0.9956,0.99769,0.99861,99.95339,0.45,0.35,0.28,0.52,51.59,52.72,53.72,50.96,0.997,0.997,0.996,0.997,/tmpdir/crf_16.mpd,/videos/BigBuckBunny-2160.avi
6963,0.99683,0.09777,0.99909,51.03498,0.99975,0.93401,0.99582,0.99784,0.99873,99.94957,0.44,0.34,0.27,0.51,51.65,52.78,53.76,51.03,0.997,0.997,0.996,0.998,/tmpdir/crf_16.mpd,/videos/BigBuckBunny-2160.avi
6964,0.99735,0.09777,0.99914,51.40107,0.99978,0.93654,0.99686,0.99852,0.99918,100.0,0.41,0.33,0.26,0.47,51.98,52.98,53.94,51.4,0.997,0.997,0.996,0.998,/tmpdir/crf_16.mpd,/videos/BigBuckBunny-2160.avi
6965,0.99684,0.08265,0.99909,51.0565,0.99975,0.93402,0.9957,0.99776,0.99868,99.93954,0.44,0.34,0.28,0.51,51.67,52.79,53.73,51.06,0.997,0.997,0.996,0.998,/tmpdir/crf_16.mpd,/videos/BigBuckBunny-2160.avi
6966,0.9968,0.08265,0.99909,51.03875,0.99975,0.9338,0.99557,0.99763,0.99856,99.91899,0.44,0.34,0.27,0.51,51.66,52.79,53.76,51.04,0.997,0.997,0.996,0.998,/tmpdir/crf_16.mpd,/videos/BigBuckBunny-2160.avi
6967,0.99695,0.0803,0.9991,51.07067,0.99976,0.93394,0.99596,0.99791,0.99878,99.96736,0.44,0.34,0.27,0.51,51.69,52.82,53.76,51.07,0.997,0.997,0.996,0.998,/tmpdir/crf_16.mpd,/videos/BigBuckBunny-2160.avi
6968,0.99721,0.0803,0.99914,51.32072,0.99978,0.93574,0.99682,0.99851,0.99918,100.0,0.42,0.33,0.26,0.48,51.91,52.95,53.9,51.32,0.997,0.997,0.996,0.998,/tmpdir/crf_16.mpd,/videos/BigBuckBunny-2160.avi
6969,0.99668,0.11693,0.99908,50.96406,0.99975,0.93311,0.99548,0.99761,0.99859,99.91163,0.45,0.35,0.28,0.52,51.59,52.74,53.68,50.96,0.997,0.997,0.996,0.997,/tmpdir/crf_16.mpd,/videos/BigBuckBunny-2160.avi
6970,0.99679,0.11693,0.99908,50.98313,0.99974,0.93314,0.9955,0.99761,0.99858,99.93041,0.45,0.35,0.27,0.52,51.61,52.75,53.75,50.98,0.997,0.997,0.996,0.997,/tmpdir/crf_16.mpd,/videos/BigBuckBunny-2160.avi
6971,0.99672,0.11935,0.99909,50.94677,0.99975,0.9329,0.99583,0.99785,0.99864,99.93023,0.45,0.35,0.28,0.52,51.58,52.75,53.7,50.95,0.997,0.997,0.996,0.997,/tmpdir/crf_16.mpd,/videos/BigBuckBunny-2160.avi
6972,0.99728,0.11935,0.99913,51.28337,0.99978,0.93522,0.99681,0.99851,0.99916,100.0,0.42,0.33,0.27,0.48,51.87,52.92,53.88,51.28,0.997,0.997,0.996,0.998,/tmpdir/crf_16.mpd,/videos/BigBuckBunny-2160.avi
6973,0.99681,0.11325,0.99908,50.95547,0.99975,0.93299,0.99551,0.99765,0.9986,99.93562,0.45,0.35,0.28,0.52,51.56,52.66,53.61,50.96,0.997,0.996,0.996,0.997,/tmpdir/crf_16.mpd,/videos/BigBuckBunny-2160.avi
6974,0.99672,0.11325,0.99908,50.94247,0.99974,0.93273,0.99545,0.99756,0.99851,99.90864,0.45,0.35,0.28,0.52,51.56,52.69,53.69,50.94,0.997,0.997,0.996,0.997,/tmpdir/crf_16.mpd,/videos/BigBuckBunny-2160.avi
6975,0.99669,0.11212,0.99909,50.96684,0.99975,0.93289,0.9959,0.9979,0.99872,99.92788,0.45,0.35,0.28,0.52,51.58,52.71,53.66,50.97,0.997,0.996,0.996,0.997,/tmpdir/crf_16.mpd,/videos/BigBuckBunny-2160.avi
6976,0.99736,0.11212,0.99913,51.27694,0.99978,0.93515,0.99689,0.99857,0.99919,100.0,0.42,0.33,0.27,0.48,51.87,52.91,53.9,51.28,0.997,0.997,0.996,0.998,/tmpdir/crf_16.mpd,/videos/BigBuckBunny-2160.avi
6977,0.99675,0.09971,0.99908,50.91843,0.99975,0.93264,0.99567,0.99774,0.99868,99.9246,0.46,0.35,0.28,0.53,51.53,52.66,53.61,50.92,0.997,0.996,0.996,0.997,/tmpdir/crf_16.mpd,/videos/BigBuckBunny-2160.avi
6978,0.99677,0.09971,0.99907,50.90767,0.99974,0.9325,0.99551,0.99761,0.9986,99.91759,0.46,0.35,0.28,0.53,51.54,52.72,53.72,50.91,0.997,0.997,0.996,0.997,/tmpdir/crf_16.mpd,/videos/BigBuckBunny-2160.avi
6979,0.99675,0.08308,0.99909,50.93186,0.99975,0.93249,0.99589,0.99788,0.99873,99.92368,0.45,0.35,0.28,0.52,51.57,52.74,53.72,50.93,0.997,0.997,0.996,0.997,/tmpdir/crf_16.mpd,/videos/BigBuckBunny-2160.avi
6980,0.99732,0.08308,0.99913,51.19696,0.99978,0.93441,0.99683,0.99853,0.99919,100.0,0.43,0.34,0.27,0.49,51.8,52.87,53.85,51.2,0.997,0.997,0.996,0.998,/tmpdir/crf_16.mpd,/videos/BigBuckBunny-2160.avi
6981,0.99684,0.07817,0.99908,50.90026,0.99975,0.93236,0.99569,0.99776,0.99868,99.93132,0.46,0.35,0.28,0.53,51.53,52.69,53.67,50.9,0.997,0.996,0.996,0.997,/tmpdir/crf_16.mpd,/videos/BigBuckBunny-2160.avi
6982,0.99677,0.07817,0.99908,50.90754,0.99975,0.93231,0.99558,0.99771,0.99868,99.9167,0.46,0.35,0.28,0.53,51.54,52.7,53.71,50.91,0.997,0.997,0.996,0.997,/tmpdir/crf_16.mpd,/videos/BigBuckBunny-2160.avi
6983,0.99681,0.10712,0.99908,50.89576,0.99975,0.9322,0.99589,0.99793,0.99883,99.95268,0.46,0.35,0.28,0.53,51.52,52.69,53.65,50.9,0.997,0.996,0.996,0.997,/tmpdir/crf_16.mpd,/videos/BigBuckBunny-2160.avi
6984,0.99722,0.17504,0.99912,51.07932,0.99978,0.93352,0.99667,0.99844,0.99914,100.0,0.44,0.34,0.27,0.51,51.7,52.83,53.78,51.08,0.997,0.997,0.996,0.997,/tmpdir/crf_16.mpd,/videos/BigBuckBunny-2160.avi
6985,0.99655,0.20217,0.99906,50.72768,0.99975,0.93082,0.99547,0.99765,0.99866,99.92499,0.47,0.36,0.29,0.55,51.37,52.57,53.54,50.73,0.997,0.996,0.996,0.997,/tmpdir/crf_16.mpd,/videos/BigBuckBunny-2160.avi
6986,0.99653,0.20217,0.99906,50.71841,0.99974,0.93066,0.99535,0.99753,0.99854,99.90946,0.48,0.36,0.29,0.55,51.36,52.57,53.56,50.72,0.997,0.996,0.996,0.997,/tmpdir/crf_16.mpd,/videos/BigBuckBunny-2160.avi
6987,0.99658,0.30142,0.99907,50.75803,0.99975,0.93108,0.99573,0.99781,0.99867,99.98254,0.47,0.36,0.29,0.55,51.4,52.61,53.56,50.76,0.997,0.996,0.996,0.997,/tmpdir/crf_16.mpd,/videos/BigBuckBunny-2160.avi
6988,0.99719,0.30142,0.99911,51.03459,0.99978,0.93309,0.99668,0.99845,0.99912,100.0,0.44,0.34,0.27,0.51,51.65,52.79,53.75,51.03,0.997,0.997,0.996,0.997,/tmpdir/crf_16.mpd,/videos/BigBuckBunny-2160.avi
6989,0.99667,0.27299,0.99906,50.77454,0.99974,0.93112,0.99552,0.99765,0.9986,99.97574,0.47,0.36,0.29,0.54,51.41,52.58,53.54,50.77,0.997,0.996,0.996,0.997,/tmpdir/crf_16.mpd,/videos/BigBuckBunny-2160.avi
6990,0.99683,0.27299,0.99905,50.76105,0.99974,0.93087,0.99542,0.99753,0.9985,99.99312,0.47,0.36,0.29,0.55,51.4,52.58,53.58,50.76,0.997,0.996,0.996,0.997,/tmpdir/crf_16.mpd,/videos/BigBuckBunny-2160.avi
6991,0.99678,0.4038,0.99907,50.82386,0.99975,0.93141,0.99574,0.99778,0.99868,100.0,0.46,0.35,0.28,0.54,51.46,52.64,53.63,50.82,0.997,0.996,0.996,0.997,/tmpdir/crf_16.mpd,/videos/BigBuckBunny-2160.avi
6992,0.9973,0.49245,0.99911,51.09094,0.99978,0.93357,0.99669,0.99844,0.99913,100.0,0.44,0.34,0.27,0.51,51.72,52.86,53.89,51.09,0.997,0.997,0.996,0.997,/tmpdir/crf_16.mpd,/videos/BigBuckBunny-2160.avi
6993,0.99695,0.26498,0.99907,50.8718,0.99975,0.93199,0.9956,0.99766,0.99858,100.0,0.46,0.35,0.27,0.53,51.52,52.71,53.77,50.87,0.997,0.996,0.996,0.997,/tmpdir/crf_16.mpd,/videos/BigBuckBunny-2160.avi
6994,0.99699,0.26498,0.99906,50.88141,0.99974,0.93198,0.99558,0.99767,0.99861,100.0,0.46,0.35,0.27,0.53,51.54,52.74,53.84,50.88,0.997,0.996,0.996,0.997,/tmpdir/crf_16.mpd,/videos/BigBuckBunny-2160.avi
6995,0.99739,0.25922,0.99907,51.00704,0.99975,0.93287,0.99595,0.99792,0.99877,100.0,0.44,0.34,0.27,0.52,51.65,52.83,53.89,51.01,0.997,0.997,0.996,0.997,/tmpdir/crf_16.mpd,/videos/BigBuckBunny-2160.avi
6996,0.99755,0.1477,0.99912,51.29925,0.99978,0.93514,0.99686,0.99851,0.99914,100.0,0.42,0.32,0.25,0.48,51.93,53.06,54.1,51.3,0.997,0.997,0.996,0.998,/tmpdir/crf_16.mpd,/videos/BigBuckBunny-2160.avi
6997,0.99723,0.07613,0.99908,51.10244,0.99974,0.9337,0.99572,0.99766,0.99852,99.98966,0.43,0.33,0.26,0.5,51.75,52.92,53.99,51.1,0.997,0.997,0.996,0.997,/tmpdir/crf_16.mpd,/videos/BigBuckBunny-2160.avi
6998,0.99715,0.07613,0.99908,51.0993,0.99974,0.93366,0.99564,0.99758,0.99847,99.96942,0.43,0.33,0.26,0.5,51.75,52.93,54.04,51.1,0.997,0.997,0.996,0.997,/tmpdir/crf_16.mpd,/videos/BigBuckBunny-2160.avi
6999,0.99721,0.07566,0.99909,51.14225,0.99975,0.93373,0.99604,0.99793,0.99874,100.0,0.43,0.33,0.26,0.5,51.79,52.99,54.05,51.14,0.997,0.997,0.996,0.997,/tmpdir/crf_16.mpd,/videos/BigBuckBunny-2160.avi
7000,0.99739,0.07566,0.99912,51.31047,0.99978,0.935,0.99679,0.99846,0.99912,100.0,0.41,0.32,0.25,0.48,51.95,53.12,54.18,51.31,0.997,0.997,0.996,0.998,/tmpdir/crf_16.mpd,/videos/BigBuckBunny-2160.avi
7001,0.99714,0.07347,0.99908,51.09868,0.99974,0.9334,0.99568,0.99769,0.99859,99.97862,0.43,0.33,0.26,0.5,51.76,52.98,54.05,51.1,0.997,0.997,0.996,0.997,/tmpdir/crf_16.mpd,/videos/BigBuckBunny-2160.avi
7002,0.99719,0.07347,0.99907,51.08476,0.99974,0.93338,0.99563,0.99766,0.99857,99.98378,0.43,0.33,0.25,0.51,51.75,52.99,54.09,51.08,0.997,0.997,0.996,0.997,/tmpdir/crf_16.mpd,/videos/BigBuckBunny-2160.avi
7003,0.99715,0.0802,0.99908,51.12014,0.99975,0.93348,0.99587,0.99782,0.99869,99.99416,0.43,0.32,0.25,0.5,51.79,53.04,54.11,51.12,0.997,0.997,0.996,0.997,/tmpdir/crf_16.mpd,/videos/BigBuckBunny-2160.avi
7004,0.99716,0.0802,0.99912,51.29535,0.99978,0.93481,0.99669,0.99844,0.99914,100.0,0.41,0.31,0.24,0.48,51.95,53.18,54.25,51.3,0.997,0.997,0.997,0.998,/tmpdir/crf_16.mpd,/videos/BigBuckBunny-2160.avi
7005,0.99685,0.07885,0.99907,51.07708,0.99974,0.93323,0.99562,0.99769,0.99859,99.92852,0.43,0.32,0.25,0.51,51.75,53.03,54.12,51.08,0.997,0.997,0.996,0.997,/tmpdir/crf_16.mpd,/videos/BigBuckBunny-2160.avi
7006,0.99685,0.07885,0.99907,51.06114,0.99974,0.93318,0.9955,0.99761,0.99857,99.9235,0.43,0.32,0.25,0.51,51.75,53.04,54.19,51.06,0.997,0.997,0.996,0.997,/tmpdir/crf_16.mpd,/videos/BigBuckBunny-2160.avi
7007,0.99688,0.08184,0.99908,51.11316,0.99975,0.93339,0.9958,0.99781,0.99866,99.94292,0.43,0.32,0.25,0.5,51.8,53.13,54.2,51.11,0.997,0.997,0.996,0.997,/tmpdir/crf_16.mpd,/videos/BigBuckBunny-2160.avi
7008,0.99696,0.08184,0.99912,51.26733,0.99977,0.93463,0.99654,0.99831,0.999,99.99881,0.41,0.31,0.24,0.49,51.95,53.28,54.33,51.27,0.997,0.997,0.997,0.998,/tmpdir/crf_16.mpd,/videos/BigBuckBunny-2160.avi
7009,0.99641,0.35217,0.99905,50.90013,0.99973,0.93197,0.99522,0.99744,0.99845,99.95219,0.45,0.33,0.26,0.53,51.6,52.98,54.04,50.9,0.997,0.997,0.996,0.997,/tmpdir/crf_16.mpd,/videos/BigBuckBunny-2160.avi
7010,0.99643,0.47627,0.99904,50.81955,0.99973,0.9312,0.99499,0.99729,0.99837,100.0,0.46,0.33,0.26,0.54,51.54,52.99,54.06,50.82,0.997,0.997,0.996,0.997,/tmpdir/crf_16.mpd,/videos/BigBuckBunny-2160.avi
7011,0.99644,0.7352,0.99903,50.70476,0.99974,0.93005,0.9952,0.99752,0.9985,100.0,0.47,0.33,0.27,0.55,51.43,52.91,53.9,50.7,0.997,0.997,0.996,0.997,/tmpdir/crf_16.mpd,/videos/BigBuckBunny-2160.avi
7012,0.99661,0.7352,0.99908,50.94248,0.99977,0.9316,0.99611,0.99812,0.99891,100.0,0.44,0.32,0.26,0.52,51.65,53.13,54.03,50.94,0.997,0.997,0.996,0.997,/tmpdir/crf_16.mpd,/videos/BigBuckBunny-2160.avi
7013,0.99548,0.73526,0.99902,50.52894,0.99973,0.92893,0.99468,0.99719,0.99827,99.93481,0.49,0.34,0.27,0.58,51.26,52.78,53.75,50.53,0.997,0.997,0.996,0.997,/tmpdir/crf_16.mpd,/videos/BigBuckBunny-2160.avi
7014,0.99604,0.73526,0.99901,50.54169,0.99973,0.92848,0.99476,0.99723,0.99835,100.0,0.49,0.34,0.27,0.57,51.27,52.76,53.76,50.54,0.997,0.997,0.996,0.997,/tmpdir/crf_16.mpd,/videos/BigBuckBunny-2160.avi
7015,0.9962,0.63575,0.99903,50.63846,0.99974,0.92917,0.9952,0.9975,0.99851,100.0,0.48,0.34,0.27,0.56,51.35,52.79,53.75,50.64,0.997,0.997,0.996,0.997,/tmpdir/crf_16.mpd,/videos/BigBuckBunny-2160.avi
7016,0.99685,0.63575,0.99908,50.94861,0.99978,0.93106,0.99643,0.99835,0.9991,100.0,0.45,0.33,0.26,0.52,51.63,52.98,53.96,50.95,0.997,0.997,0.996,0.997,/tmpdir/crf_16.mpd,/videos/BigBuckBunny-2160.avi
7017,0.99631,0.47313,0.99902,50.62162,0.99973,0.92872,0.99505,0.99739,0.99842,99.97565,0.48,0.35,0.28,0.56,51.31,52.65,53.65,50.62,0.997,0.996,0.996,0.997,/tmpdir/crf_16.mpd,/videos/BigBuckBunny-2160.avi
7018,0.99648,0.39028,0.99903,50.67649,0.99973,0.92902,0.99499,0.99728,0.9983,99.95698,0.47,0.35,0.27,0.56,51.37,52.72,53.75,50.68,0.997,0.996,0.996,0.997,/tmpdir/crf_16.mpd,/videos/BigBuckBunny-2160.avi
7019,0.9967,0.2453,0.99905,50.80157,0.99974,0.93015,0.99539,0.99754,0.99846,99.95233,0.46,0.34,0.27,0.54,51.49,52.82,53.86,50.8,0.997,0.997,0.996,0.997,/tmpdir/crf_16.mpd,/videos/BigBuckBunny-2160.avi
7020,0.99705,0.2453,0.9991,51.10718,0.99978,0.93247,0.99646,0.9983,0.99904,100.0,0.43,0.32,0.25,0.5,51.78,53.04,54.11,51.11,0.997,0.997,0.996,0.997,/tmpdir/crf_16.mpd,/videos/BigBuckBunny-2160.avi
7021,0.99803,0.34848,0.99929,53.05579,0.99981,0.95359,0.99825,0.9992,0.99954,100.0,0.29,0.22,0.21,0.32,53.56,54.62,54.96,53.06,0.998,0.998,0.997,0.998,/tmpdir/crf_16.mpd,/videos/BigBuckBunny-2160.avi
7022,0.99728,0.41726,0.99918,51.91459,0.99977,0.94453,0.99671,0.99829,0.99897,100.0,0.37,0.28,0.25,0.42,52.49,53.72,54.2,51.91,0.998,0.997,0.997,0.998,/tmpdir/crf_16.mpd,/videos/BigBuckBunny-2160.avi
7023,0.99692,0.50778,0.99914,51.57552,0.99975,0.94097,0.99588,0.99771,0.99854,100.0,0.39,0.3,0.25,0.45,52.18,53.37,54.07,51.58,0.997,0.997,0.996,0.998,/tmpdir/crf_16.mpd,/videos/BigBuckBunny-2160.avi
7024,0.99668,0.46032,0.99912,51.37789,0.99975,0.93906,0.99565,0.99761,0.99852,100.0,0.41,0.31,0.26,0.47,51.98,53.16,53.91,51.38,0.997,0.997,0.996,0.998,/tmpdir/crf_16.mpd,/videos/BigBuckBunny-2160.avi
7025,0.99695,0.34265,0.99915,51.52926,0.99978,0.93941,0.99649,0.99824,0.99898,100.0,0.4,0.31,0.26,0.46,52.11,53.19,54.03,51.53,0.997,0.997,0.996,0.998,/tmpdir/crf_16.mpd,/videos/BigBuckBunny-2160.avi
7026,0.99646,0.34265,0.99909,51.08551,0.99974,0.93624,0.99546,0.9976,0.9986,99.9871,0.44,0.34,0.28,0.51,51.68,52.79,53.66,51.09,0.997,0.997,0.996,0.998,/tmpdir/crf_16.mpd,/videos/BigBuckBunny-2160.avi
7027,0.99624,0.70597,0.99907,50.97494,0.99974,0.93496,0.9952,0.99744,0.99844,100.0,0.45,0.35,0.29,0.52,51.56,52.64,53.52,50.97,0.997,0.997,0.996,0.998,/tmpdir/crf_16.mpd,/videos/BigBuckBunny-2160.avi
7028,0.996,0.70627,0.99906,50.80731,0.99974,0.93346,0.99511,0.99741,0.99844,100.0,0.47,0.37,0.3,0.54,51.4,52.48,53.35,50.81,0.997,0.996,0.996,0.997,/tmpdir/crf_16.mpd,/videos/BigBuckBunny-2160.avi
7029,0.99668,0.94631,0.99912,51.17435,0.99978,0.93565,0.99635,0.99826,0.99905,100.0,0.44,0.35,0.28,0.5,51.74,52.73,53.66,51.17,0.997,0.997,0.996,0.998,/tmpdir/crf_16.mpd,/videos/BigBuckBunny-2160.avi
7030,0.99598,0.94631,0.99906,50.74635,0.99974,0.93283,0.99518,0.99746,0.9985,100.0,0.48,0.37,0.31,0.55,51.33,52.4,53.24,50.75,0.997,0.996,0.996,0.997,/tmpdir/crf_16.mpd,/videos/BigBuckBunny-2160.avi
7031,0.99631,1.1213,0.99905,50.74192,0.99974,0.93222,0.99508,0.99746,0.99852,100.0,0.48,0.37,0.3,0.55,51.34,52.4,53.34,50.74,0.997,0.996,0.996,0.997,/tmpdir/crf_16.mpd,/videos/BigBuckBunny-2160.avi
7032,0.99594,1.1213,0.99904,50.71912,0.99973,0.93182,0.99504,0.99743,0.99846,100.0,0.48,0.37,0.31,0.55,51.31,52.41,53.25,50.72,0.997,0.996,0.996,0.997,/tmpdir/crf_16.mpd,/videos/BigBuckBunny-2160.avi
7033,0.99687,0.98918,0.99911,51.18947,0.99978,0.93489,0.99659,0.99842,0.99913,100.0,0.43,0.35,0.28,0.49,51.76,52.74,53.66,51.19,0.997,0.996,0.996,0.998,/tmpdir/crf_16.mpd,/videos/BigBuckBunny-2160.avi
7034,0.99646,0.98918,0.99905,50.74764,0.99974,0.93171,0.99544,0.99771,0.99865,100.0,0.48,0.37,0.31,0.55,51.34,52.42,53.28,50.75,0.997,0.996,0.996,0.997,/tmpdir/crf_16.mpd,/videos/BigBuckBunny-2160.avi
7035,0.99669,0.59927,0.99905,50.81782,0.99973,0.93204,0.99527,0.99749,0.99847,100.0,0.47,0.36,0.29,0.54,51.42,52.51,53.47,50.82,0.997,0.996,0.996,0.997,/tmpdir/crf_16.mpd,/videos/BigBuckBunny-2160.avi
7036,0.99679,0.37627,0.99906,50.87839,0.99973,0.93252,0.99545,0.99764,0.99859,100.0,0.46,0.36,0.29,0.53,51.48,52.57,53.51,50.88,0.997,0.996,0.996,0.997,/tmpdir/crf_16.mpd,/videos/BigBuckBunny-2160.avi
7037,0.99732,0.10369,0.99913,51.39408,0.99978,0.9366,0.99681,0.99849,0.99915,100.0,0.41,0.33,0.26,0.47,51.97,52.95,53.99,51.39,0.997,0.997,0.996,0.998,/tmpdir/crf_16.mpd,/videos/BigBuckBunny-2160.avi
7038,0.9971,0.10369,0.99909,51.17809,0.99975,0.935,0.99592,0.99788,0.99878,100.0,0.43,0.34,0.27,0.5,51.77,52.78,53.82,51.18,0.997,0.996,0.996,0.998,/tmpdir/crf_16.mpd,/videos/BigBuckBunny-2160.avi
7039,0.99707,0.12383,0.99908,51.09349,0.99974,0.93428,0.99561,0.99768,0.99866,99.99521,0.44,0.34,0.27,0.51,51.71,52.76,53.86,51.09,0.997,0.996,0.996,0.998,/tmpdir/crf_16.mpd,/videos/BigBuckBunny-2160.avi
7040,0.99701,0.19036,0.99908,51.04875,0.99974,0.93387,0.99575,0.9978,0.99871,100.0,0.44,0.35,0.27,0.51,51.66,52.7,53.81,51.05,0.997,0.996,0.996,0.998,/tmpdir/crf_16.mpd,/videos/BigBuckBunny-2160.avi
7041,0.9972,0.278,0.99912,51.25941,0.99978,0.9352,0.99666,0.99843,0.99914,100.0,0.42,0.34,0.26,0.49,51.86,52.87,53.95,51.26,0.997,0.997,0.996,0.998,/tmpdir/crf_16.mpd,/videos/BigBuckBunny-2160.avi
7042,0.99653,0.278,0.99907,50.98916,0.99974,0.93327,0.99554,0.99762,0.99856,99.95808,0.45,0.35,0.27,0.52,51.61,52.67,53.78,50.99,0.997,0.996,0.996,0.997,/tmpdir/crf_16.mpd,/videos/BigBuckBunny-2160.avi
7043,0.99632,0.34942,0.99906,50.96137,0.99974,0.93299,0.99534,0.9975,0.9985,99.94428,0.45,0.35,0.27,0.52,51.59,52.65,53.83,50.96,0.997,0.996,0.996,0.997,/tmpdir/crf_16.mpd,/videos/BigBuckBunny-2160.avi
7044,0.99654,0.34942,0.99906,50.88518,0.99974,0.93229,0.99532,0.9975,0.99847,99.97932,0.46,0.36,0.27,0.53,51.52,52.62,53.78,50.89,0.997,0.996,0.996,0.997,/tmpdir/crf_16.mpd,/videos/BigBuckBunny-2160.avi
7045,0.9971,0.39779,0.99911,51.16621,0.99978,0.93411,0.99649,0.99835,0.9991,100.0,0.43,0.34,0.26,0.5,51.77,52.81,53.9,51.17,0.997,0.997,0.996,0.997,/tmpdir/crf_16.mpd,/videos/BigBuckBunny-2160.avi
7046,0.99624,0.39779,0.99906,50.86694,0.99974,0.932,0.99542,0.99765,0.99865,99.96346,0.46,0.36,0.28,0.53,51.49,52.55,53.73,50.87,0.997,0.996,0.996,0.997,/tmpdir/crf_16.mpd,/videos/BigBuckBunny-2160.avi
7047,0.9963,0.35088,0.99904,50.80042,0.99973,0.93116,0.99517,0.99743,0.99843,99.92785,0.47,0.36,0.28,0.54,51.44,52.55,53.72,50.8,0.997,0.996,0.996,0.997,/tmpdir/crf_16.mpd,/videos/BigBuckBunny-2160.avi
7048,0.99632,0.35088,0.99903,50.72516,0.99974,0.93057,0.99522,0.99748,0.99846,99.93279,0.47,0.37,0.28,0.55,51.37,52.51,53.71,50.73,0.997,0.996,0.996,0.997,/tmpdir/crf_16.mpd,/videos/BigBuckBunny-2160.avi
7049,0.99692,0.44731,0.9991,51.08091,0.99978,0.93302,0.99652,0.99838,0.9991,100.0,0.44,0.35,0.27,0.51,51.69,52.74,53.85,51.08,0.997,0.996,0.996,0.997,/tmpdir/crf_16.mpd,/videos/BigBuckBunny-2160.avi
7050,0.99619,0.44731,0.99905,50.74371,0.99974,0.93087,0.9954,0.99761,0.99856,99.96646,0.47,0.37,0.28,0.55,51.37,52.43,53.64,50.74,0.997,0.996,0.996,0.997,/tmpdir/crf_16.mpd,/videos/BigBuckBunny-2160.avi
7051,0.99611,0.40135,0.99904,50.68766,0.99974,0.93033,0.99509,0.99739,0.99842,99.91193,0.48,0.37,0.28,0.56,51.33,52.41,53.67,50.69,0.997,0.996,0.996,0.997,/tmpdir/crf_16.mpd,/videos/BigBuckBunny-2160.avi
7052,0.99604,0.40135,0.99904,50.66498,0.99974,0.93015,0.9951,0.99741,0.99843,99.90084,0.48,0.37,0.28,0.56,51.31,52.39,53.64,50.66,0.997,0.996,0.996,0.997,/tmpdir/crf_16.mpd,/videos/BigBuckBunny-2160.avi
7053,0.99702,0.51218,0.9991,51.04937,0.99978,0.93271,0.99654,0.9984,0.99911,100.0,0.44,0.35,0.27,0.51,51.66,52.67,53.8,51.05,0.997,0.996,0.996,0.997,/tmpdir/crf_16.mpd,/videos/BigBuckBunny-2160.avi
7054,0.99631,0.51218,0.99905,50.74783,0.99974,0.9307,0.99542,0.99764,0.99854,100.0,0.47,0.37,0.28,0.55,51.37,52.41,53.63,50.75,0.997,0.996,0.996,0.997,/tmpdir/crf_16.mpd,/videos/BigBuckBunny-2160.avi
7055,0.99648,0.41589,0.99904,50.70504,0.99974,0.93016,0.99532,0.99757,0.9985,99.99389,0.48,0.37,0.28,0.55,51.35,52.44,53.67,50.71,0.997,0.996,0.996,0.997,/tmpdir/crf_16.mpd,/videos/BigBuckBunny-2160.avi
7056,0.9964,0.41589,0.99903,50.62114,0.99974,0.92962,0.99538,0.99766,0.99858,99.98615,0.49,0.38,0.28,0.56,51.27,52.38,53.63,50.62,0.997,0.996,0.996,0.997,/tmpdir/crf_16.mpd,/videos/BigBuckBunny-2160.avi
7057,0.99717,0.51783,0.99909,51.05834,0.99978,0.93269,0.99665,0.99845,0.99911,100.0,0.44,0.35,0.27,0.51,51.66,52.7,53.79,51.06,0.997,0.996,0.996,0.997,/tmpdir/crf_16.mpd,/videos/BigBuckBunny-2160.avi
7058,0.99654,0.51783,0.99904,50.72891,0.99974,0.93038,0.99539,0.99759,0.99851,100.0,0.48,0.37,0.28,0.55,51.35,52.41,53.59,50.73,0.997,0.996,0.996,0.997,/tmpdir/crf_16.mpd,/videos/BigBuckBunny-2160.avi
7059,0.99653,0.43255,0.99904,50.73421,0.99974,0.93033,0.99529,0.99746,0.99841,100.0,0.47,0.37,0.28,0.55,51.37,52.44,53.65,50.73,0.997,0.996,0.996,0.997,/tmpdir/crf_16.mpd,/videos/BigBuckBunny-2160.avi
7060,0.99645,0.43255,0.99904,50.67821,0.99974,0.93002,0.9954,0.9976,0.99853,99.99847,0.48,0.38,0.28,0.56,51.31,52.38,53.6,50.68,0.997,0.996,0.996,0.997,/tmpdir/crf_16.mpd,/videos/BigBuckBunny-2160.avi
7061,0.99733,0.49389,0.9991,51.04552,0.99978,0.93252,0.99667,0.99845,0.99911,100.0,0.45,0.35,0.27,0.51,51.65,52.67,53.76,51.05,0.997,0.996,0.996,0.997,/tmpdir/crf_16.mpd,/videos/BigBuckBunny-2160.avi
7062,0.9968,0.49389,0.99904,50.74574,0.99975,0.9303,0.99553,0.99767,0.99857,100.0,0.47,0.37,0.28,0.55,51.37,52.41,53.59,50.75,0.997,0.996,0.996,0.997,/tmpdir/crf_16.mpd,/videos/BigBuckBunny-2160.avi
7063,0.99693,0.46242,0.99903,50.70801,0.99974,0.92991,0.99533,0.99749,0.99846,100.0,0.48,0.37,0.28,0.55,51.35,52.45,53.62,50.71,0.997,0.996,0.996,0.997,/tmpdir/crf_16.mpd,/videos/BigBuckBunny-2160.avi
7064,0.99667,0.46242,0.99903,50.66001,0.99974,0.92964,0.99541,0.99759,0.99852,100.0,0.48,0.37,0.28,0.56,51.3,52.4,53.61,50.66,0.997,0.996,0.996,0.997,/tmpdir/crf_16.mpd,/videos/BigBuckBunny-2160.avi
7065,0.99745,0.4302,0.9991,51.06721,0.99978,0.93272,0.99685,0.99859,0.99923,100.0,0.44,0.35,0.27,0.51,51.66,52.67,53.75,51.07,0.997,0.996,0.996,0.997,/tmpdir/crf_16.mpd,/videos/BigBuckBunny-2160.avi
7066,0.99695,0.4302,0.99905,50.76658,0.99975,0.93051,0.99567,0.99778,0.99869,100.0,0.47,0.37,0.28,0.55,51.38,52.43,53.59,50.77,0.997,0.996,0.996,0.997,/tmpdir/crf_16.mpd,/videos/BigBuckBunny-2160.avi
7067,0.99707,0.43737,0.99905,50.76582,0.99974,0.9307,0.99551,0.99765,0.99861,100.0,0.47,0.37,0.28,0.55,51.39,52.43,53.67,50.77,0.997,0.996,0.996,0.997,/tmpdir/crf_16.mpd,/videos/BigBuckBunny-2160.avi
7068,0.99706,0.43737,0.99905,50.74257,0.99974,0.93063,0.99563,0.99778,0.9987,100.0,0.47,0.37,0.28,0.55,51.37,52.42,53.64,50.74,0.997,0.996,0.996,0.997,/tmpdir/crf_16.mpd,/videos/BigBuckBunny-2160.avi
7069,0.99753,0.42016,0.99911,51.11793,0.99978,0.93329,0.99685,0.99856,0.9992,100.0,0.44,0.35,0.27,0.5,51.71,52.72,53.8,51.12,0.997,0.996,0.996,0.997,/tmpdir/crf_16.mpd,/videos/BigBuckBunny-2160.avi
7070,0.99699,0.42016,0.99906,50.84004,0.99975,0.9313,0.99566,0.99775,0.99865,100.0,0.46,0.36,0.28,0.54,51.46,52.52,53.67,50.84,0.997,0.996,0.996,0.997,/tmpdir/crf_16.mpd,/videos/BigBuckBunny-2160.avi
7071,0.99705,0.32111,0.99906,50.86377,0.99974,0.93152,0.9956,0.99767,0.99858,100.0,0.46,0.36,0.28,0.53,51.49,52.55,53.71,50.86,0.997,0.996,0.996,0.997,/tmpdir/crf_16.mpd,/videos/BigBuckBunny-2160.avi
7072,0.997,0.32111,0.99907,50.87338,0.99974,0.93159,0.99564,0.9977,0.99859,100.0,0.46,0.36,0.28,0.53,51.5,52.56,53.7,50.87,0.997,0.996,0.996,0.997,/tmpdir/crf_16.mpd,/videos/BigBuckBunny-2160.avi
7073,0.9974,0.23247,0.99912,51.19436,0.99978,0.93386,0.99691,0.9986,0.99926,100.0,0.43,0.34,0.27,0.49,51.79,52.8,53.84,51.19,0.997,0.996,0.996,0.997,/tmpdir/crf_16.mpd,/videos/BigBuckBunny-2160.avi
7074,0.9973,0.20657,0.99908,50.97013,0.99975,0.93219,0.99589,0.9979,0.9988,100.0,0.45,0.36,0.28,0.52,51.58,52.62,53.7,50.97,0.997,0.996,0.996,0.997,/tmpdir/crf_16.mpd,/videos/BigBuckBunny-2160.avi
7075,0.99725,0.15062,0.99907,50.96526,0.99974,0.93222,0.99572,0.99778,0.99873,100.0,0.45,0.35,0.27,0.52,51.58,52.65,53.76,50.97,0.997,0.996,0.996,0.997,/tmpdir/crf_16.mpd,/videos/BigBuckBunny-2160.avi
7076,0.99734,0.1257,0.99908,51.01675,0.99975,0.93253,0.99592,0.99792,0.99882,100.0,0.45,0.35,0.27,0.51,51.63,52.7,53.78,51.02,0.997,0.996,0.996,0.997,/tmpdir/crf_16.mpd,/videos/BigBuckBunny-2160.avi
7077,0.99749,0.08471,0.99913,51.28997,0.99978,0.93448,0.997,0.99866,0.9993,100.0,0.42,0.33,0.26,0.48,51.89,52.93,53.96,51.29,0.997,0.997,0.996,0.998,/tmpdir/crf_16.mpd,/videos/BigBuckBunny-2160.avi
7078,0.99717,0.08471,0.99909,51.09808,0.99975,0.93309,0.99604,0.99799,0.99881,100.0,0.44,0.34,0.27,0.5,51.71,52.8,53.83,51.1,0.997,0.996,0.996,0.997,/tmpdir/crf_16.mpd,/videos/BigBuckBunny-2160.avi
7079,0.99703,0.07833,0.99908,51.05162,0.99974,0.93289,0.99587,0.99787,0.99875,99.97516,0.44,0.34,0.27,0.51,51.68,52.78,53.88,51.05,0.997,0.996,0.996,0.997,/tmpdir/crf_16.mpd,/videos/BigBuckBunny-2160.avi
7080,0.9971,0.07833,0.99908,51.07584,0.99975,0.9329,0.99599,0.99797,0.9988,99.9926,0.44,0.34,0.27,0.51,51.7,52.81,53.87,51.08,0.997,0.996,0.996,0.997,/tmpdir/crf_16.mpd,/videos/BigBuckBunny-2160.avi
7081,0.99717,0.07913,0.99913,51.29832,0.99978,0.93452,0.99694,0.99861,0.99926,100.0,0.42,0.33,0.26,0.48,51.91,52.98,54.03,51.3,0.997,0.997,0.996,0.998,/tmpdir/crf_16.mpd,/videos/BigBuckBunny-2160.avi
7082,0.99703,0.07913,0.99909,51.09403,0.99975,0.9331,0.99608,0.99801,0.99886,99.98659,0.44,0.34,0.26,0.51,51.72,52.85,53.9,51.09,0.997,0.996,0.996,0.997,/tmpdir/crf_16.mpd,/videos/BigBuckBunny-2160.avi
7083,0.99692,0.07509,0.99908,51.06113,0.99975,0.93278,0.99581,0.99782,0.99872,99.94925,0.44,0.34,0.26,0.51,51.7,52.85,53.97,51.06,0.997,0.997,0.996,0.997,/tmpdir/crf_16.mpd,/videos/BigBuckBunny-2160.avi
7084,0.99686,0.07509,0.99908,51.06287,0.99975,0.93272,0.9959,0.99789,0.99876,99.94229,0.44,0.34,0.26,0.51,51.71,52.87,53.95,51.06,0.997,0.997,0.996,0.997,/tmpdir/crf_16.mpd,/videos/BigBuckBunny-2160.avi
7085,0.99713,0.07649,0.99912,51.25901,0.99978,0.93411,0.99682,0.99852,0.99919,100.0,0.42,0.32,0.25,0.49,51.89,53.04,54.1,51.26,0.997,0.997,0.996,0.998,/tmpdir/crf_16.mpd,/videos/BigBuckBunny-2160.avi
7086,0.99699,0.07649,0.99909,51.06784,0.99975,0.93279,0.99604,0.99802,0.99884,99.97628,0.44,0.33,0.26,0.51,51.72,52.91,53.97,51.07,0.997,0.997,0.996,0.997,/tmpdir/crf_16.mpd,/videos/BigBuckBunny-2160.avi
7087,0.99695,0.08005,0.99908,51.02755,0.99974,0.93237,0.99569,0.99774,0.99865,99.94772,0.44,0.33,0.26,0.51,51.7,52.94,54.05,51.03,0.997,0.997,0.996,0.997,/tmpdir/crf_16.mpd,/videos/BigBuckBunny-2160.avi
7088,0.99689,0.08005,0.99908,51.02364,0.99975,0.93232,0.9958,0.9978,0.99869,99.942,0.44,0.33,0.26,0.51,51.69,52.95,54.03,51.02,0.997,0.997,0.996,0.997,/tmpdir/crf_16.mpd,/videos/BigBuckBunny-2160.avi
7089,0.99709,0.08615,0.99912,51.2234,0.99978,0.93378,0.99668,0.99844,0.99916,100.0,0.42,0.32,0.25,0.49,51.89,53.14,54.18,51.22,0.997,0.997,0.996,0.997,/tmpdir/crf_16.mpd,/videos/BigBuckBunny-2160.avi
7090,0.99702,0.08615,0.99908,51.01977,0.99975,0.9324,0.99581,0.99786,0.99879,99.97516,0.44,0.32,0.26,0.51,51.7,53.02,54.06,51.02,0.997,0.997,0.996,0.997,/tmpdir/crf_16.mpd,/videos/BigBuckBunny-2160.avi
7091,0.99683,0.08291,0.99907,50.97994,0.99974,0.93202,0.99546,0.99762,0.9986,99.92016,0.44,0.32,0.25,0.52,51.68,53.08,54.12,50.98,0.997,0.997,0.996,0.997,/tmpdir/crf_16.mpd,/videos/BigBuckBunny-2160.avi
7092,0.9969,0.08291,0.99907,50.98639,0.99974,0.93201,0.99558,0.9977,0.99869,99.94064,0.44,0.32,0.25,0.52,51.7,53.14,54.11,50.99,0.997,0.997,0.996,0.997,/tmpdir/crf_16.mpd,/videos/BigBuckBunny-2160.avi
7093,0.99702,0.08227,0.99911,51.1867,0.99977,0.93359,0.99636,0.99824,0.99904,100.0,0.42,0.3,0.24,0.49,51.9,53.39,54.28,51.19,0.997,0.997,0.997,0.997,/tmpdir/crf_16.mpd,/videos/BigBuckBunny-2160.avi
7094,0.99707,0.08227,0.99908,51.07894,0.99974,0.93337,0.99559,0.99768,0.99864,99.97234,0.43,0.3,0.24,0.51,51.81,53.4,54.26,51.08,0.997,0.997,0.996,0.997,/tmpdir/crf_16.mpd,/videos/BigBuckBunny-2160.avi
7095,0.9969,0.16641,0.99906,50.91666,0.99974,0.93164,0.99521,0.99743,0.99849,99.95695,0.45,0.31,0.25,0.53,51.64,53.18,54.1,50.92,0.997,0.997,0.996,0.997,/tmpdir/crf_16.mpd,/videos/BigBuckBunny-2160.avi
7096,0.99686,0.41527,0.99905,50.85221,0.99974,0.93073,0.99525,0.99749,0.9985,100.0,0.45,0.32,0.26,0.53,51.57,53.07,54.01,50.85,0.997,0.997,0.996,0.997,/tmpdir/crf_16.mpd,/videos/BigBuckBunny-2160.avi
7097,0.99689,0.43248,0.99909,50.99712,0.99977,0.93148,0.99623,0.9982,0.999,100.0,0.44,0.32,0.25,0.52,51.7,53.1,54.08,51.0,0.997,0.997,0.996,0.997,/tmpdir/crf_16.mpd,/videos/BigBuckBunny-2160.avi
7098,0.99648,0.43248,0.99903,50.59518,0.99974,0.92834,0.99526,0.99754,0.99851,99.99646,0.48,0.34,0.27,0.57,51.31,52.78,53.75,50.6,0.997,0.996,0.996,0.997,/tmpdir/crf_16.mpd,/videos/BigBuckBunny-2160.avi
7099,0.99639,0.5107,0.99901,50.48842,0.99973,0.92709,0.99498,0.99739,0.99846,100.0,0.49,0.35,0.28,0.58,51.21,52.65,53.69,50.49,0.997,0.996,0.996,0.997,/tmpdir/crf_16.mpd,/videos/BigBuckBunny-2160.avi
7100,0.99645,0.6654,0.999,50.43224,0.99973,0.92633,0.99489,0.99734,0.99838,100.0,0.5,0.36,0.28,0.59,51.15,52.63,53.61,50.43,0.997,0.996,0.996,0.997,/tmpdir/crf_16.mpd,/videos/BigBuckBunny-2160.avi
7101,0.9968,0.37302,0.99905,50.69351,0.99977,0.92806,0.99608,0.99818,0.99902,100.0,0.47,0.34,0.27,0.55,51.39,52.77,53.74,50.69,0.997,0.996,0.996,0.997,/tmpdir/crf_16.mpd,/videos/BigBuckBunny-2160.avi
7102,0.99625,0.37302,0.999,50.33659,0.99974,0.92504,0.99506,0.99751,0.9986,99.92068,0.51,0.37,0.3,0.6,51.04,52.5,53.39,50.34,0.997,0.996,0.996,0.997,/tmpdir/crf_16.mpd,/videos/BigBuckBunny-2160.avi
7103,0.99625,0.19075,0.99899,50.29392,0.99973,0.92459,0.99478,0.99727,0.99842,99.81695,0.51,0.36,0.29,0.61,51.02,52.54,53.5,50.29,0.997,0.996,0.996,0.997,/tmpdir/crf_16.mpd,/videos/BigBuckBunny-2160.avi
7104,0.99617,0.19075,0.999,50.30546,0.99973,0.92466,0.99485,0.9973,0.99839,99.8021,0.51,0.36,0.29,0.61,51.03,52.54,53.52,50.31,0.997,0.996,0.996,0.997,/tmpdir/crf_16.mpd,/videos/BigBuckBunny-2160.avi
7105,0.9965,0.46565,0.99903,50.49898,0.99976,0.92588,0.9958,0.99797,0.99885,100.0,0.49,0.36,0.28,0.58,51.21,52.6,53.66,50.5,0.997,0.996,0.996,0.997,/tmpdir/crf_16.mpd,/videos/BigBuckBunny-2160.avi
7106,0.99588,0.26118,0.99897,50.12181,0.99973,0.92257,0.99477,0.99735,0.99851,99.78387,0.53,0.37,0.3,0.63,50.86,52.42,53.39,50.12,0.997,0.996,0.996,0.997,/tmpdir/crf_16.mpd,/videos/BigBuckBunny-2160.avi
7107,0.996,0.22471,0.99897,50.08314,0.99972,0.92211,0.99455,0.99718,0.99838,99.77459,0.54,0.38,0.3,0.64,50.83,52.39,53.43,50.08,0.997,0.996,0.996,0.997,/tmpdir/crf_16.mpd,/videos/BigBuckBunny-2160.avi
7108,0.99562,0.12431,0.99897,50.07328,0.99972,0.92192,0.99448,0.9971,0.99829,99.6516,0.54,0.37,0.29,0.64,50.83,52.42,53.44,50.07,0.997,0.996,0.996,0.997,/tmpdir/crf_16.mpd,/videos/BigBuckBunny-2160.avi
7109,0.99643,0.08771,0.99901,50.35022,0.99975,0.92401,0.99536,0.9977,0.99873,99.83269,0.51,0.36,0.29,0.6,51.07,52.54,53.57,50.35,0.997,0.996,0.996,0.997,/tmpdir/crf_16.mpd,/videos/BigBuckBunny-2160.avi
7110,0.99613,0.08771,0.99898,50.16521,0.99973,0.92233,0.99456,0.99714,0.99833,99.73132,0.53,0.37,0.3,0.63,50.9,52.43,53.43,50.17,0.997,0.996,0.996,0.997,/tmpdir/crf_16.mpd,/videos/BigBuckBunny-2160.avi
7111,0.99597,0.08215,0.99896,50.07184,0.99972,0.92138,0.99415,0.99685,0.99814,99.67481,0.54,0.38,0.3,0.64,50.82,52.39,53.42,50.07,0.997,0.996,0.996,0.997,/tmpdir/crf_16.mpd,/videos/BigBuckBunny-2160.avi
7112,0.99596,0.08215,0.99895,50.03921,0.99972,0.92099,0.99413,0.99682,0.99807,99.66727,0.54,0.38,0.3,0.64,50.79,52.37,53.39,50.04,0.997,0.996,0.996,0.997,/tmpdir/crf_16.mpd,/videos/BigBuckBunny-2160.avi
7113,0.99631,0.08122,0.99897,50.09464,0.99973,0.92125,0.99463,0.99725,0.99847,99.76795,0.54,0.37,0.29,0.64,50.84,52.4,53.45,50.09,0.997,0.996,0.996,0.997,/tmpdir/crf_16.mpd,/videos/BigBuckBunny-2160.avi
7114,0.99599,0.08122,0.99894,49.95349,0.99971,0.92002,0.99402,0.99684,0.99815,99.67411,0.55,0.38,0.3,0.66,50.71,52.32,53.33,49.95,0.997,0.996,0.996,0.997,/tmpdir/crf_16.mpd,/videos/BigBuckBunny-2160.avi
7115,0.99568,0.07918,0.99891,49.81537,0.99969,0.91879,0.9933,0.99633,0.99778,99.57442,0.57,0.39,0.3,0.68,50.59,52.24,53.31,49.82,0.997,0.996,0.996,0.997,/tmpdir/crf_16.mpd,/videos/BigBuckBunny-2160.avi
7116,0.99559,0.07918,0.9989,49.74864,0.99969,0.91808,0.99311,0.99625,0.99776,99.55288,0.58,0.39,0.31,0.69,50.53,52.23,53.26,49.75,0.997,0.996,0.996,0.997,/tmpdir/crf_16.mpd,/videos/BigBuckBunny-2160.avi
7117,0.99565,0.08162,0.99889,49.68917,0.99969,0.91744,0.99307,0.99626,0.99776,99.56208,0.58,0.39,0.31,0.7,50.48,52.21,53.24,49.69,0.996,0.996,0.996,0.997,/tmpdir/crf_16.mpd,/videos/BigBuckBunny-2160.avi
7118,0.99542,0.08162,0.99886,49.54648,0.99967,0.91659,0.99249,0.9959,0.99757,99.49592,0.6,0.39,0.31,0.72,50.36,52.19,53.21,49.55,0.996,0.996,0.996,0.997,/tmpdir/crf_16.mpd,/videos/BigBuckBunny-2160.avi
7119,0.99513,0.09805,0.99881,49.29741,0.99963,0.9151,0.99145,0.9951,0.99692,99.38046,0.63,0.39,0.31,0.76,50.16,52.17,53.19,49.3,0.996,0.996,0.996,0.997,/tmpdir/crf_16.mpd,/videos/BigBuckBunny-2160.avi
7120,0.99512,1.32753,0.99941,53.24171,0.99995,0.92695,0.99677,0.99866,0.99929,100.0,0.27,0.2,0.18,0.31,53.84,55.13,55.58,53.24,0.997,0.997,0.997,0.997,/tmpdir/crf_16.mpd,/videos/BigBuckBunny-2160.avi
7121,0.99045,1.32753,0.99903,51.59235,0.99984,0.90838,0.99152,0.99602,0.99769,99.18515,0.37,0.24,0.2,0.45,52.4,54.36,55.03,51.59,0.996,0.997,0.997,0.996,/tmpdir/crf_16.mpd,/videos/BigBuckBunny-2160.avi
7122,0.99057,2.52039,0.99896,51.37214,0.99985,0.90214,0.99143,0.99611,0.99779,99.79476,0.39,0.24,0.21,0.47,52.2,54.29,54.9,51.37,0.996,0.997,0.997,0.995,/tmpdir/crf_16.mpd,/videos/BigBuckBunny-2160.avi
7123,0.9875,3.26841,0.99889,51.17425,0.99984,0.89615,0.9898,0.99525,0.99721,99.56678,0.41,0.26,0.23,0.5,51.99,54.04,54.59,51.17,0.996,0.997,0.997,0.995,/tmpdir/crf_16.mpd,/videos/BigBuckBunny-2160.avi
7124,0.99268,3.26841,0.99907,51.74493,0.99991,0.9042,0.99375,0.99721,0.99843,100.0,0.36,0.24,0.21,0.44,52.51,54.4,54.87,51.74,0.996,0.997,0.997,0.995,/tmpdir/crf_16.mpd,/videos/BigBuckBunny-2160.avi
7125,0.98743,1.70458,0.99882,50.918,0.99983,0.88968,0.98936,0.99509,0.99715,98.72054,0.43,0.27,0.24,0.53,51.75,53.87,54.39,50.92,0.995,0.996,0.997,0.995,/tmpdir/crf_16.mpd,/videos/BigBuckBunny-2160.avi
7126,0.98744,1.63248,0.99882,50.79723,0.99985,0.88608,0.9902,0.99555,0.99741,98.70516,0.45,0.27,0.24,0.54,51.64,53.83,54.35,50.8,0.995,0.996,0.997,0.995,/tmpdir/crf_16.mpd,/videos/BigBuckBunny-2160.avi
7127,0.98711,1.2702,0.99884,50.89943,0.99985,0.88848,0.98964,0.99525,0.99723,98.45531,0.44,0.27,0.24,0.53,51.71,53.76,54.29,50.9,0.995,0.996,0.997,0.995,/tmpdir/crf_16.mpd,/videos/BigBuckBunny-2160.avi
7128,0.99052,1.2702,0.99898,51.30546,0.9999,0.89459,0.99259,0.99668,0.99809,99.17236,0.4,0.26,0.23,0.48,52.09,54.05,54.49,51.31,0.996,0.996,0.997,0.995,/tmpdir/crf_16.mpd,/videos/BigBuckBunny-2160.avi
7129,0.99406,0.97005,0.99942,53.34125,0.99996,0.9273,0.99681,0.99869,0.99932,99.90014,0.26,0.2,0.18,0.3,53.93,55.21,55.6,53.34,0.997,0.997,0.997,0.997,/tmpdir/crf_16.mpd,/videos/BigBuckBunny-2160.avi
7130,0.98776,0.97005,0.99899,51.41101,0.99986,0.89935,0.99085,0.99586,0.99765,98.50197,0.39,0.24,0.21,0.47,52.25,54.41,54.95,51.41,0.996,0.997,0.997,0.996,/tmpdir/crf_16.mpd,/videos/BigBuckBunny-2160.avi
7131,0.98686,1.37939,0.99892,51.19078,0.99986,0.89317,0.99093,0.99601,0.99777,98.53466,0.41,0.25,0.22,0.49,52.04,54.23,54.75,51.19,0.996,0.997,0.997,0.995,/tmpdir/crf_16.mpd,/videos/BigBuckBunny-2160.avi
7132,0.98629,1.37939,0.99879,50.78883,0.99983,0.88604,0.98899,0.99507,0.99718,98.34901,0.44,0.27,0.23,0.54,51.65,53.88,54.47,50.79,0.995,0.996,0.997,0.995,/tmpdir/crf_16.mpd,/videos/BigBuckBunny-2160.avi
7133,0.99084,1.70886,0.99897,51.29449,0.9999,0.8939,0.99314,0.99709,0.99844,99.47835,0.4,0.25,0.22,0.48,52.1,54.13,54.62,51.29,0.996,0.997,0.997,0.995,/tmpdir/crf_16.mpd,/videos/BigBuckBunny-2160.avi
7134,0.98564,1.70886,0.99873,50.66774,0.99982,0.88236,0.9883,0.99465,0.99693,98.35985,0.46,0.28,0.25,0.56,51.51,53.64,54.24,50.67,0.995,0.996,0.997,0.995,/tmpdir/crf_16.mpd,/videos/BigBuckBunny-2160.avi
7135,0.9868,1.7912,0.99877,50.70997,0.99985,0.88172,0.98948,0.99525,0.99728,98.64372,0.46,0.28,0.24,0.55,51.54,53.63,54.25,50.71,0.995,0.996,0.997,0.995,/tmpdir/crf_16.mpd,/videos/BigBuckBunny-2160.avi
7136,0.98569,1.7912,0.99868,50.51618,0.99982,0.87859,0.98798,0.99451,0.99685,98.38996,0.48,0.29,0.25,0.58,51.36,53.46,54.11,50.52,0.995,0.996,0.997,0.994,/tmpdir/crf_16.mpd,/videos/BigBuckBunny-2160.avi
7137,0.99101,1.68079,0.99895,51.20051,0.9999,0.89027,0.99272,0.99675,0.99814,99.45469,0.41,0.27,0.24,0.49,51.98,53.9,54.41,51.2,0.995,0.996,0.997,0.995,/tmpdir/crf_16.mpd,/videos/BigBuckBunny-2160.avi
7138,0.98488,1.68079,0.99867,50.49984,0.99982,0.87752,0.988,0.99446,0.99671,98.17795,0.48,0.29,0.25,0.58,51.35,53.49,54.11,50.5,0.995,0.996,0.997,0.994,/tmpdir/crf_16.mpd,/videos/BigBuckBunny-2160.avi
7139,0.9873,1.59068,0.99874,50.61491,0.99985,0.87788,0.98923,0.99508,0.99716,98.60811,0.47,0.29,0.25,0.56,51.44,53.47,54.12,50.61,0.995,0.996,0.996,0.994,/tmpdir/crf_16.mpd,/videos/BigBuckBunny-2160.avi
7140,0.98577,1.59068,0.99865,50.47006,0.99982,0.87568,0.9879,0.99441,0.99675,98.28751,0.48,0.3,0.26,0.58,51.3,53.36,54.02,50.47,0.995,0.996,0.996,0.994,/tmpdir/crf_16.mpd,/videos/BigBuckBunny-2160.avi
7141,0.99066,2.09088,0.9989,51.05782,0.99989,0.8863,0.99198,0.99627,0.99778,99.55133,0.43,0.28,0.24,0.51,51.83,53.69,54.24,51.06,0.995,0.996,0.997,0.995,/tmpdir/crf_16.mpd,/videos/BigBuckBunny-2160.avi
7142,0.9861,2.09088,0.99866,50.48662,0.99982,0.87584,0.98782,0.99423,0.99657,98.58224,0.48,0.3,0.26,0.58,51.3,53.3,53.94,50.49,0.995,0.996,0.996,0.994,/tmpdir/crf_16.mpd,/videos/BigBuckBunny-2160.avi
7143,0.98785,1.91525,0.99867,50.4297,0.99985,0.87506,0.9891,0.99488,0.99694,98.84188,0.49,0.3,0.27,0.59,51.25,53.29,53.85,50.43,0.995,0.996,0.996,0.994,/tmpdir/crf_16.mpd,/videos/BigBuckBunny-2160.avi
7144,0.98501,1.91525,0.9985,49.90614,0.99981,0.86483,0.98701,0.99395,0.99636,98.25038,0.54,0.32,0.28,0.66,50.78,53.08,53.66,49.91,0.994,0.996,0.996,0.994,/tmpdir/crf_16.mpd,/videos/BigBuckBunny-2160.avi
7145,0.98879,4.56668,0.99868,50.36725,0.99986,0.87364,0.98941,0.99501,0.99702,100.0,0.49,0.3,0.27,0.6,51.2,53.35,53.87,50.37,0.995,0.996,0.996,0.994,/tmpdir/crf_16.mpd,/videos/BigBuckBunny-2160.avi
7146,0.98712,6.74731,0.99857,50.18117,0.99982,0.87132,0.9875,0.994,0.9964,100.0,0.51,0.31,0.28,0.62,51.03,53.22,53.72,50.18,0.995,0.996,0.996,0.994,/tmpdir/crf_16.mpd,/videos/BigBuckBunny-2160.avi
7147,0.98571,12.02057,0.99853,50.19631,0.99982,0.87179,0.9865,0.99352,0.99614,100.0,0.52,0.33,0.29,0.62,51.0,52.96,53.56,50.2,0.995,0.996,0.996,0.994,/tmpdir/crf_16.mpd,/videos/BigBuckBunny-2160.avi
7148,0.98807,12.02057,0.99871,50.69835,0.99985,0.88066,0.98861,0.9946,0.99682,100.0,0.46,0.3,0.27,0.55,51.47,53.37,53.88,50.7,0.995,0.996,0.996,0.994,/tmpdir/crf_16.mpd,/videos/BigBuckBunny-2160.avi
7149,0.98716,8.48423,0.99852,50.11292,0.99982,0.87169,0.98621,0.99353,0.99623,100.0,0.53,0.34,0.3,0.63,50.89,52.79,53.37,50.11,0.994,0.996,0.996,0.994,/tmpdir/crf_16.mpd,/videos/BigBuckBunny-2160.avi
7150,0.98895,7.49193,0.99866,50.44126,0.99984,0.87703,0.98795,0.99442,0.99684,100.0,0.5,0.33,0.29,0.59,51.17,52.89,53.47,50.44,0.995,0.996,0.996,0.994,/tmpdir/crf_16.mpd,/videos/BigBuckBunny-2160.avi
7151,0.98728,6.28769,0.99851,50.08964,0.99981,0.87107,0.98542,0.99312,0.99603,100.0,0.53,0.35,0.3,0.64,50.86,52.69,53.33,50.09,0.994,0.996,0.996,0.994,/tmpdir/crf_16.mpd,/videos/BigBuckBunny-2160.avi
7152,0.99014,6.28769,0.99872,50.69155,0.99985,0.88112,0.98804,0.9943,0.99666,100.0,0.47,0.32,0.28,0.55,51.41,53.12,53.63,50.69,0.995,0.996,0.996,0.994,/tmpdir/crf_16.mpd,/videos/BigBuckBunny-2160.avi
7153,0.98915,9.86639,0.9986,50.32765,0.99982,0.87626,0.98679,0.99372,0.99631,100.0,0.51,0.34,0.3,0.6,51.07,52.81,53.37,50.33,0.995,0.996,0.996,0.994,/tmpdir/crf_16.mpd,/videos/BigBuckBunny-2160.avi
7154,0.98701,9.86639,0.99851,50.14436,0.9998,0.87402,0.98546,0.99314,0.99604,100.0,0.53,0.35,0.3,0.63,50.9,52.69,53.31,50.14,0.995,0.996,0.996,0.994,/tmpdir/crf_16.mpd,/videos/BigBuckBunny-2160.avi
7155,0.99005,15.98587,0.99875,50.83638,0.99984,0.88735,0.98764,0.99407,0.99662,100.0,0.46,0.32,0.28,0.54,51.51,53.03,53.59,50.84,0.995,0.996,0.996,0.995,/tmpdir/crf_16.mpd,/videos/BigBuckBunny-2160.avi
7156,0.98919,16.74864,0.9987,50.6617,0.99983,0.88651,0.98755,0.99409,0.9966,100.0,0.48,0.33,0.29,0.56,51.36,52.94,53.48,50.66,0.995,0.996,0.996,0.995,/tmpdir/crf_16.mpd,/videos/BigBuckBunny-2160.avi
7157,0.98998,23.27752,0.99881,51.18833,0.99983,0.89624,0.98894,0.99459,0.99677,100.0,0.43,0.31,0.27,0.49,51.83,53.26,53.76,51.19,0.995,0.996,0.996,0.995,/tmpdir/crf_16.mpd,/videos/BigBuckBunny-2160.avi
7158,0.99058,24.3815,0.99875,51.04229,0.99981,0.8956,0.98941,0.99487,0.997,100.0,0.44,0.32,0.27,0.51,51.71,53.14,53.78,51.04,0.995,0.996,0.996,0.995,/tmpdir/crf_16.mpd,/videos/BigBuckBunny-2160.avi
7159,0.99165,11.62921,0.99873,51.03067,0.99982,0.89457,0.98957,0.99492,0.99699,100.0,0.44,0.31,0.27,0.51,51.71,53.16,53.83,51.03,0.995,0.996,0.996,0.995,/tmpdir/crf_16.mpd,/videos/BigBuckBunny-2160.avi
7160,0.98989,11.62921,0.99855,50.6081,0.99975,0.88794,0.98711,0.99375,0.99629,100.0,0.48,0.33,0.28,0.57,51.34,53.01,53.65,50.61,0.995,0.996,0.996,0.994,/tmpdir/crf_16.mpd,/videos/BigBuckBunny-2160.avi
7161,0.98935,8.59274,0.99857,50.81675,0.99974,0.89139,0.98757,0.994,0.99646,100.0,0.46,0.31,0.27,0.54,51.54,53.18,53.83,50.82,0.995,0.996,0.996,0.995,/tmpdir/crf_16.mpd,/videos/BigBuckBunny-2160.avi
7162,0.99247,4.52158,0.99882,51.48897,0.99982,0.90073,0.99104,0.99572,0.99749,100.0,0.39,0.28,0.24,0.46,52.17,53.67,54.29,51.49,0.996,0.996,0.997,0.995,/tmpdir/crf_16.mpd,/videos/BigBuckBunny-2160.avi
7163,0.98836,3.34454,0.99861,50.85379,0.99975,0.89162,0.9875,0.99393,0.99634,99.65504,0.45,0.31,0.26,0.53,51.58,53.18,53.92,50.85,0.995,0.996,0.996,0.995,/tmpdir/crf_16.mpd,/videos/BigBuckBunny-2160.avi
7164,0.98956,3.34454,0.99869,51.06047,0.99978,0.89401,0.98896,0.99462,0.99678,99.91939,0.43,0.31,0.26,0.51,51.75,53.24,53.94,51.06,0.995,0.996,0.996,0.995,/tmpdir/crf_16.mpd,/videos/BigBuckBunny-2160.avi
7165,0.98731,4.18569,0.99859,50.79025,0.99975,0.88917,0.98763,0.99402,0.99641,99.93029,0.46,0.32,0.27,0.54,51.51,53.11,53.85,50.79,0.995,0.996,0.996,0.995,/tmpdir/crf_16.mpd,/videos/BigBuckBunny-2160.avi
7166,0.99113,4.18569,0.99878,51.4526,0.99981,0.89869,0.99084,0.99565,0.99747,100.0,0.4,0.29,0.25,0.47,52.11,53.5,54.15,51.45,0.995,0.996,0.997,0.995,/tmpdir/crf_16.mpd,/videos/BigBuckBunny-2160.avi
7167,0.98919,5.16728,0.99862,50.81919,0.99976,0.89068,0.98812,0.99418,0.99648,100.0,0.46,0.32,0.27,0.54,51.53,53.07,53.8,50.82,0.995,0.996,0.996,0.995,/tmpdir/crf_16.mpd,/videos/BigBuckBunny-2160.avi
7168,0.99067,5.16728,0.99869,50.95108,0.99979,0.89213,0.98934,0.99486,0.99694,100.0,0.45,0.32,0.27,0.52,51.64,53.14,53.87,50.95,0.995,0.996,0.996,0.995,/tmpdir/crf_16.mpd,/videos/BigBuckBunny-2160.avi
7169,0.98883,3.91842,0.99862,50.78195,0.99977,0.88991,0.98766,0.99399,0.9964,100.0,0.46,0.32,0.27,0.54,51.51,53.11,53.88,50.78,0.995,0.996,0.996,0.995,/tmpdir/crf_16.mpd,/videos/BigBuckBunny-2160.avi
7170,0.99186,3.91842,0.99887,51.48094,0.99984,0.90054,0.99123,0.99574,0.99744,100.0,0.4,0.28,0.24,0.46,52.15,53.59,54.24,51.48,0.996,0.996,0.997,0.995,/tmpdir/crf_16.mpd,/videos/BigBuckBunny-2160.avi
7171,0.9886,3.741,0.99866,50.82582,0.99978,0.89067,0.98772,0.99395,0.99629,99.9069,0.46,0.32,0.26,0.54,51.55,53.12,53.91,50.83,0.995,0.996,0.996,0.995,/tmpdir/crf_16.mpd,/videos/BigBuckBunny-2160.avi
7172,0.99041,3.741,0.99873,51.0032,0.9998,0.893,0.98929,0.99474,0.9968,100.0,0.44,0.31,0.26,0.52,51.71,53.26,53.99,51.0,0.995,0.996,0.996,0.995,/tmpdir/crf_16.mpd,/videos/BigBuckBunny-2160.avi
7173,0.98872,3.56968,0.99869,50.86991,0.99978,0.89187,0.98798,0.99398,0.99626,99.83661,0.45,0.31,0.26,0.53,51.61,53.26,53.99,50.87,0.995,0.996,0.996,0.995,/tmpdir/crf_16.mpd,/videos/BigBuckBunny-2160.avi
7174,0.99226,3.56968,0.99888,51.41682,0.99985,0.89949,0.9915,0.99582,0.99746,100.0,0.4,0.29,0.24,0.47,52.1,53.58,54.25,51.42,0.995,0.996,0.997,0.995,/tmpdir/crf_16.mpd,/videos/BigBuckBunny-2160.avi
7175,0.98947,3.16059,0.9987,50.86671,0.99979,0.89187,0.98833,0.99423,0.99644,99.7679,0.45,0.31,0.26,0.53,51.59,53.16,53.94,50.87,0.995,0.996,0.996,0.995,/tmpdir/crf_16.mpd,/videos/BigBuckBunny-2160.avi
7176,0.99029,3.16059,0.99876,51.04525,0.99981,0.89395,0.98957,0.99487,0.99688,99.96358,0.43,0.3,0.26,0.51,51.75,53.29,54.02,51.05,0.995,0.996,0.996,0.995,/tmpdir/crf_16.mpd,/videos/BigBuckBunny-2160.avi
7177,0.98969,2.00805,0.9987,50.90386,0.99979,0.89202,0.98837,0.9942,0.99641,99.20646,0.45,0.31,0.26,0.53,51.63,53.25,54.02,50.9,0.995,0.996,0.996,0.995,/tmpdir/crf_16.mpd,/videos/BigBuckBunny-2160.avi
7178,0.99247,2.00805,0.99887,51.41896,0.99985,0.89895,0.99142,0.99578,0.99743,99.82893,0.4,0.29,0.24,0.47,52.1,53.58,54.25,51.42,0.995,0.996,0.997,0.995,/tmpdir/crf_16.mpd,/videos/BigBuckBunny-2160.avi
7179,0.98881,1.61947,0.99869,50.86768,0.99979,0.89097,0.98828,0.99415,0.99635,98.84617,0.45,0.31,0.26,0.53,51.6,53.19,54.01,50.87,0.995,0.996,0.996,0.995,/tmpdir/crf_16.mpd,/videos/BigBuckBunny-2160.avi
7180,0.9904,1.61947,0.99871,50.91133,0.99981,0.89135,0.98908,0.99458,0.99665,99.16049,0.44,0.31,0.26,0.53,51.65,53.27,54.06,50.91,0.995,0.996,0.996,0.995,/tmpdir/crf_16.mpd,/videos/BigBuckBunny-2160.avi
7181,0.98873,2.52136,0.99867,50.82548,0.99979,0.89038,0.98784,0.9938,0.99613,99.26564,0.45,0.31,0.26,0.54,51.56,53.16,53.98,50.83,0.995,0.996,0.996,0.995,/tmpdir/crf_16.mpd,/videos/BigBuckBunny-2160.avi
7182,0.99131,2.52136,0.99877,51.09946,0.99984,0.8933,0.99034,0.99523,0.9971,99.83256,0.43,0.29,0.25,0.5,51.84,53.5,54.2,51.1,0.995,0.996,0.997,0.995,/tmpdir/crf_16.mpd,/videos/BigBuckBunny-2160.avi
7183,0.99004,2.42308,0.99862,50.7856,0.99977,0.88959,0.9876,0.99373,0.99611,99.44169,0.46,0.31,0.26,0.54,51.53,53.17,53.99,50.79,0.995,0.996,0.996,0.995,/tmpdir/crf_16.mpd,/videos/BigBuckBunny-2160.avi
7184,0.99109,2.42308,0.9987,50.99538,0.9998,0.89215,0.98904,0.99457,0.99675,99.69762,0.44,0.3,0.26,0.52,51.72,53.29,54.05,51.0,0.995,0.996,0.996,0.995,/tmpdir/crf_16.mpd,/videos/BigBuckBunny-2160.avi
7185,0.98844,2.29028,0.99863,50.77174,0.99978,0.88832,0.98735,0.99368,0.99614,99.08771,0.46,0.31,0.26,0.54,51.52,53.22,53.94,50.77,0.995,0.996,0.996,0.995,/tmpdir/crf_16.mpd,/videos/BigBuckBunny-2160.avi
7186,0.99139,2.29028,0.99879,51.15507,0.99984,0.89363,0.98984,0.99493,0.99692,99.70781,0.42,0.29,0.25,0.5,51.87,53.44,54.15,51.16,0.995,0.996,0.997,0.995,/tmpdir/crf_16.mpd,/videos/BigBuckBunny-2160.avi
7187,0.98762,3.18082,0.99855,50.43881,0.99977,0.88222,0.98674,0.99335,0.99586,99.36587,0.49,0.33,0.27,0.59,51.22,52.98,53.8,50.44,0.995,0.996,0.996,0.994,/tmpdir/crf_16.mpd,/videos/BigBuckBunny-2160.avi
7188,0.99114,3.18082,0.99866,50.70353,0.99981,0.88656,0.98846,0.99409,0.99631,100.0,0.47,0.32,0.27,0.55,51.45,53.11,53.88,50.7,0.995,0.996,0.996,0.994,/tmpdir/crf_16.mpd,/videos/BigBuckBunny-2160.avi
7189,0.98627,5.87886,0.99848,50.34168,0.99977,0.87695,0.98632,0.99308,0.9957,100.0,0.5,0.32,0.27,0.6,51.15,53.06,53.81,50.34,0.995,0.996,0.996,0.994,/tmpdir/crf_16.mpd,/videos/BigBuckBunny-2160.avi
7190,0.98936,17.94797,0.99882,51.75481,0.99981,0.90442,0.98823,0.99414,0.99648,100.0,0.38,0.28,0.24,0.43,52.39,53.66,54.41,51.75,0.996,0.996,0.997,0.995,/tmpdir/crf_16.mpd,/videos/BigBuckBunny-2160.avi
7191,0.98781,12.69055,0.99847,50.40143,0.99977,0.88231,0.98643,0.99355,0.99627,100.0,0.5,0.35,0.3,0.59,51.12,52.74,53.42,50.4,0.995,0.996,0.996,0.994,/tmpdir/crf_16.mpd,/videos/BigBuckBunny-2160.avi
7192,0.98827,12.69055,0.99866,51.0054,0.9998,0.89078,0.98783,0.99412,0.99655,100.0,0.44,0.31,0.27,0.52,51.69,53.18,53.85,51.01,0.995,0.996,0.996,0.995,/tmpdir/crf_16.mpd,/videos/BigBuckBunny-2160.avi
7193,0.99036,15.6297,0.99874,51.4158,0.99978,0.89995,0.98829,0.99436,0.99673,100.0,0.41,0.31,0.27,0.47,52.01,53.19,53.86,51.42,0.996,0.996,0.996,0.995,/tmpdir/crf_16.mpd,/videos/BigBuckBunny-2160.avi
7194,0.99079,14.20745,0.99881,51.53509,0.9998,0.90192,0.98914,0.99476,0.99693,100.0,0.4,0.31,0.27,0.46,52.11,53.24,53.89,51.54,0.996,0.996,0.996,0.995,/tmpdir/crf_16.mpd,/videos/BigBuckBunny-2160.avi
7195,0.98961,3.62174,0.99847,50.23806,0.99974,0.87768,0.9869,0.99376,0.99624,99.9824,0.52,0.36,0.3,0.62,50.97,52.59,53.39,50.24,0.995,0.996,0.996,0.994,/tmpdir/crf_16.mpd,/videos/BigBuckBunny-2160.avi
7196,0.98993,2.9464,0.99864,50.75194,0.99977,0.88772,0.98851,0.99445,0.99664,99.74445,0.47,0.34,0.28,0.55,51.42,52.78,53.61,50.75,0.995,0.996,0.996,0.995,/tmpdir/crf_16.mpd,/videos/BigBuckBunny-2160.avi
7197,0.98945,1.85828,0.99856,50.55547,0.99975,0.88401,0.98729,0.99387,0.9963,99.04991,0.49,0.36,0.29,0.57,51.24,52.61,53.52,50.56,0.995,0.996,0.996,0.994,/tmpdir/crf_16.mpd,/videos/BigBuckBunny-2160.avi
7198,0.99111,1.30012,0.99871,50.98614,0.99979,0.88873,0.98938,0.99486,0.99693,99.14868,0.45,0.33,0.28,0.52,51.62,52.9,53.67,50.99,0.995,0.996,0.996,0.995,/tmpdir/crf_16.mpd,/videos/BigBuckBunny-2160.avi
7199,0.98763,1.30012,0.99848,50.24282,0.99976,0.87485,0.98723,0.994,0.99639,98.4345,0.51,0.34,0.28,0.61,51.02,52.77,53.59,50.24,0.995,0.996,0.996,0.994,/tmpdir/crf_16.mpd,/videos/BigBuckBunny-2160.avi
7200,0.99529,0.16943,0.99957,54.18161,0.99997,0.95106,0.99786,0.99909,0.99952,99.86319,0.22,0.17,0.16,0.25,54.69,55.9,55.97,54.18,0.998,0.998,0.998,0.997,/tmpdir/crf_16.mpd,/videos/BigBuckBunny-2160.avi
7201,0.99391,0.11908,0.9995,53.50504,0.99994,0.9462,0.99606,0.99791,0.99868,99.48526,0.26,0.19,0.19,0.29,54.06,55.4,55.45,53.51,0.997,0.997,0.998,0.997,/tmpdir/crf_16.mpd,/videos/BigBuckBunny-2160.avi
7202,0.99339,0.11908,0.99949,53.34244,0.99994,0.94482,0.99587,0.99779,0.99858,99.3787,0.26,0.19,0.19,0.3,53.91,55.31,55.35,53.34,0.997,0.997,0.998,0.997,/tmpdir/crf_16.mpd,/videos/BigBuckBunny-2160.avi
7203,0.99288,1.37183,0.99937,52.7453,0.99991,0.93876,0.99486,0.99724,0.99824,99.80914,0.3,0.22,0.22,0.35,53.32,54.7,54.8,52.75,0.997,0.997,0.997,0.997,/tmpdir/crf_16.mpd,/videos/BigBuckBunny-2160.avi
7204,0.99375,3.94508,0.99931,52.53485,0.99992,0.93463,0.99545,0.9979,0.99884,100.0,0.32,0.23,0.23,0.36,53.11,54.58,54.56,52.53,0.997,0.997,0.997,0.997,/tmpdir/crf_16.mpd,/videos/BigBuckBunny-2160.avi
7205,0.99633,0.29261,0.99936,52.48007,0.99991,0.936,0.99477,0.99736,0.9984,99.91969,0.32,0.23,0.23,0.37,53.07,54.54,54.55,52.48,0.997,0.997,0.997,0.997,/tmpdir/crf_16.mpd,/videos/BigBuckBunny-2160.avi
7206,0.99609,0.29261,0.99937,52.55787,0.99992,0.93642,0.99504,0.9975,0.99847,99.889,0.32,0.23,0.23,0.36,53.13,54.58,54.57,52.56,0.997,0.997,0.997,0.997,/tmpdir/crf_16.mpd,/videos/BigBuckBunny-2160.avi
7207,0.99607,0.27462,0.99938,52.57006,0.99993,0.93617,0.99491,0.99741,0.99844,99.86993,0.32,0.23,0.23,0.36,53.13,54.52,54.55,52.57,0.997,0.997,0.997,0.997,/tmpdir/crf_16.mpd,/videos/BigBuckBunny-2160.avi
7208,0.99671,0.27462,0.99942,52.83607,0.99995,0.93725,0.99644,0.99845,0.99918,100.0,0.3,0.22,0.22,0.34,53.37,54.69,54.64,52.84,0.997,0.997,0.997,0.997,/tmpdir/crf_16.mpd,/videos/BigBuckBunny-2160.avi
7209,0.99503,0.20788,0.99938,52.58276,0.99993,0.93609,0.99477,0.99728,0.99834,99.64518,0.32,0.23,0.23,0.36,53.13,54.47,54.48,52.58,0.997,0.997,0.997,0.997,/tmpdir/crf_16.mpd,/videos/BigBuckBunny-2160.avi
7210,0.99521,0.20788,0.99939,52.58914,0.99993,0.93643,0.99497,0.99734,0.99832,99.6778,0.32,0.23,0.23,0.36,53.14,54.51,54.5,52.59,0.997,0.997,0.997,0.997,/tmpdir/crf_16.mpd,/videos/BigBuckBunny-2160.avi
7211,0.99528,0.29375,0.99938,52.49445,0.99993,0.93499,0.99477,0.99732,0.99837,99.728,0.32,0.24,0.23,0.37,53.04,54.37,54.43,52.49,0.997,0.997,0.997,0.997,/tmpdir/crf_16.mpd,/videos/BigBuckBunny-2160.avi
7212,0.99612,0.29375,0.9994,52.67743,0.99995,0.93513,0.99616,0.99829,0.99905,99.9511,0.31,0.23,0.23,0.35,53.21,54.53,54.5,52.68,0.997,0.997,0.997,0.997,/tmpdir/crf_16.mpd,/videos/BigBuckBunny-2160.avi
7213,0.99509,0.23516,0.99938,52.45643,0.99993,0.93462,0.99448,0.99706,0.99814,99.64241,0.33,0.24,0.24,0.37,53.0,54.36,54.36,52.46,0.997,0.997,0.997,0.997,/tmpdir/crf_16.mpd,/videos/BigBuckBunny-2160.avi
7214,0.99497,0.23516,0.99938,52.46637,0.99993,0.93477,0.99453,0.99703,0.99808,99.61757,0.32,0.24,0.24,0.37,53.01,54.39,54.37,52.47,0.997,0.997,0.997,0.997,/tmpdir/crf_16.mpd,/videos/BigBuckBunny-2160.avi
7215,0.99497,0.18742,0.99937,52.39699,0.99993,0.93338,0.99453,0.99716,0.99826,99.60652,0.33,0.24,0.24,0.37,52.94,54.3,54.3,52.4,0.997,0.997,0.997,0.997,/tmpdir/crf_16.mpd,/videos/BigBuckBunny-2160.avi
7216,0.99594,0.18742,0.9994,52.59389,0.99995,0.93394,0.99603,0.99822,0.99904,99.86255,0.32,0.23,0.24,0.36,53.12,54.47,54.39,52.59,0.997,0.997,0.997,0.997,/tmpdir/crf_16.mpd,/videos/BigBuckBunny-2160.avi
7217,0.99505,0.24781,0.99937,52.41145,0.99993,0.93366,0.99445,0.99708,0.9982,99.64376,0.33,0.24,0.24,0.37,52.95,54.31,54.26,52.41,0.997,0.997,0.997,0.997,/tmpdir/crf_16.mpd,/videos/BigBuckBunny-2160.avi
7218,0.9951,0.24781,0.99938,52.42428,0.99993,0.93389,0.99459,0.99712,0.99818,99.65237,0.33,0.24,0.24,0.37,52.97,54.34,54.28,52.42,0.997,0.997,0.997,0.997,/tmpdir/crf_16.mpd,/videos/BigBuckBunny-2160.avi
7219,0.99514,0.12293,0.99938,52.40629,0.99993,0.93317,0.99469,0.99724,0.9983,99.61098,0.33,0.24,0.24,0.37,52.95,54.3,54.27,52.41,0.997,0.997,0.997,0.997,/tmpdir/crf_16.mpd,/videos/BigBuckBunny-2160.avi
7220,0.99582,0.12293,0.99939,52.52437,0.99995,0.93302,0.99594,0.99817,0.999,99.80566,0.32,0.24,0.24,0.36,53.05,54.4,54.31,52.52,0.997,0.997,0.997,0.997,/tmpdir/crf_16.mpd,/videos/BigBuckBunny-2160.avi
7221,0.99493,0.11455,0.99938,52.4092,0.99993,0.93323,0.9947,0.99725,0.99831,99.5719,0.33,0.24,0.25,0.37,52.95,54.31,54.24,52.41,0.997,0.997,0.997,0.997,/tmpdir/crf_16.mpd,/videos/BigBuckBunny-2160.avi
7222,0.99454,0.11455,0.99938,52.38936,0.99993,0.93322,0.99469,0.99718,0.99823,99.49464,0.33,0.24,0.25,0.38,52.93,54.31,54.23,52.39,0.997,0.997,0.997,0.997,/tmpdir/crf_16.mpd,/videos/BigBuckBunny-2160.avi
7223,0.99486,0.11255,0.99937,52.34738,0.99993,0.93241,0.99473,0.99731,0.99839,99.56203,0.33,0.24,0.25,0.38,52.89,54.28,54.2,52.35,0.997,0.997,0.997,0.997,/tmpdir/crf_16.mpd,/videos/BigBuckBunny-2160.avi
7224,0.9953,0.11255,0.99938,52.44203,0.99994,0.93198,0.99577,0.99808,0.99895,99.69784,0.33,0.24,0.25,0.37,52.98,54.35,54.23,52.44,0.997,0.997,0.997,0.997,/tmpdir/crf_16.mpd,/videos/BigBuckBunny-2160.avi
7225,0.99433,0.11393,0.99937,52.36304,0.99993,0.93251,0.99458,0.99719,0.99826,99.4573,0.33,0.24,0.25,0.38,52.9,54.25,54.18,52.36,0.997,0.997,0.997,0.997,/tmpdir/crf_16.mpd,/videos/BigBuckBunny-2160.avi
7226,0.99419,0.11393,0.99937,52.34761,0.99993,0.9325,0.99471,0.99726,0.9983,99.43736,0.33,0.24,0.25,0.38,52.89,54.27,54.16,52.35,0.997,0.997,0.997,0.997,/tmpdir/crf_16.mpd,/videos/BigBuckBunny-2160.avi
7227,0.99432,0.10874,0.99936,52.29853,0.99993,0.93161,0.99463,0.99728,0.99834,99.45854,0.34,0.25,0.25,0.38,52.84,54.21,54.12,52.3,0.997,0.997,0.997,0.997,/tmpdir/crf_16.mpd,/videos/BigBuckBunny-2160.avi
7228,0.99476,0.10874,0.99936,52.33601,0.99994,0.93083,0.99559,0.99802,0.99893,99.59403,0.34,0.24,0.25,0.38,52.88,54.27,54.15,52.34,0.997,0.997,0.997,0.997,/tmpdir/crf_16.mpd,/videos/BigBuckBunny-2160.avi
7229,0.99405,0.10672,0.99935,52.27496,0.99993,0.93136,0.99449,0.9972,0.99829,99.40263,0.34,0.25,0.25,0.39,52.81,54.17,54.08,52.27,0.997,0.997,0.997,0.997,/tmpdir/crf_16.mpd,/videos/BigBuckBunny-2160.avi
7230,0.99408,0.10672,0.99935,52.23063,0.99993,0.93117,0.99444,0.99712,0.99821,99.39946,0.34,0.25,0.26,0.39,52.77,54.17,54.06,52.23,0.997,0.997,0.997,0.997,/tmpdir/crf_16.mpd,/videos/BigBuckBunny-2160.avi
7231,0.99384,0.10783,0.99933,52.13347,0.99993,0.92986,0.99423,0.9971,0.99823,99.35289,0.35,0.25,0.26,0.4,52.68,54.11,53.98,52.13,0.997,0.997,0.997,0.997,/tmpdir/crf_16.mpd,/videos/BigBuckBunny-2160.avi
7232,0.99424,0.10783,0.99933,52.12825,0.99994,0.92855,0.99496,0.99771,0.99874,99.47066,0.35,0.25,0.26,0.4,52.68,54.15,53.98,52.13,0.997,0.997,0.997,0.996,/tmpdir/crf_16.mpd,/videos/BigBuckBunny-2160.avi
7233,0.99341,0.11276,0.99932,52.04417,0.99992,0.92883,0.99382,0.9969,0.9981,99.26109,0.36,0.26,0.27,0.41,52.59,54.01,53.85,52.04,0.997,0.997,0.997,0.996,/tmpdir/crf_16.mpd,/videos/BigBuckBunny-2160.avi
7234,0.99307,0.11276,0.9993,51.94678,0.99992,0.92795,0.99351,0.99673,0.998,99.18647,0.37,0.26,0.27,0.42,52.51,54.01,53.79,51.95,0.997,0.997,0.997,0.996,/tmpdir/crf_16.mpd,/videos/BigBuckBunny-2160.avi
7235,0.99293,0.11256,0.99927,51.75976,0.99992,0.92576,0.99292,0.9965,0.99789,99.13835,0.38,0.27,0.28,0.43,52.33,53.89,53.66,51.76,0.996,0.997,0.997,0.996,/tmpdir/crf_16.mpd,/videos/BigBuckBunny-2160.avi
7236,0.99265,0.11256,0.99923,51.49366,0.99991,0.922,0.99235,0.99634,0.9979,99.07072,0.4,0.27,0.29,0.46,52.12,53.88,53.58,51.49,0.996,0.997,0.997,0.996,/tmpdir/crf_16.mpd,/videos/BigBuckBunny-2160.avi
7237,0.99677,0.26954,0.99939,53.44942,0.99993,0.93694,0.99723,0.9988,0.99934,100.0,0.26,0.21,0.2,0.29,53.9,54.83,55.12,53.45,0.997,0.997,0.997,0.997,/tmpdir/crf_16.mpd,/videos/BigBuckBunny-2160.avi
7238,0.99489,0.26954,0.99915,52.16421,0.99984,0.92448,0.99436,0.99712,0.99825,99.59607,0.35,0.26,0.23,0.4,52.73,53.92,54.42,52.16,0.996,0.997,0.997,0.996,/tmpdir/crf_16.mpd,/videos/BigBuckBunny-2160.avi
7239,0.99377,0.37553,0.99906,51.75599,0.99983,0.91791,0.99304,0.99642,0.9978,99.37297,0.38,0.29,0.24,0.43,52.36,53.54,54.25,51.76,0.996,0.996,0.997,0.996,/tmpdir/crf_16.mpd,/videos/BigBuckBunny-2160.avi
7240,0.9929,0.37553,0.99898,51.48642,0.99981,0.91449,0.9921,0.9959,0.99747,99.17052,0.4,0.31,0.25,0.46,52.09,53.17,54.13,51.49,0.996,0.996,0.996,0.996,/tmpdir/crf_16.mpd,/videos/BigBuckBunny-2160.avi
7241,0.99481,0.56305,0.99899,51.50618,0.99985,0.91205,0.99358,0.99695,0.99819,99.66495,0.39,0.27,0.24,0.46,52.2,53.82,54.3,51.51,0.996,0.996,0.997,0.995,/tmpdir/crf_16.mpd,/videos/BigBuckBunny-2160.avi
7242,0.99117,0.56305,0.99888,51.07869,0.99979,0.90779,0.99089,0.99539,0.99713,98.8914,0.43,0.31,0.26,0.51,51.76,53.22,53.93,51.08,0.996,0.996,0.996,0.995,/tmpdir/crf_16.mpd,/videos/BigBuckBunny-2160.avi
7243,0.99158,1.22488,0.99886,51.02944,0.99981,0.90441,0.99124,0.99588,0.99766,99.31688,0.44,0.31,0.26,0.51,51.73,53.25,53.96,51.03,0.996,0.996,0.996,0.995,/tmpdir/crf_16.mpd,/videos/BigBuckBunny-2160.avi
7244,0.99066,1.22488,0.99878,50.78034,0.99979,0.90015,0.98958,0.99491,0.99692,99.06505,0.46,0.33,0.27,0.54,51.49,52.99,53.8,50.78,0.995,0.996,0.996,0.995,/tmpdir/crf_16.mpd,/videos/BigBuckBunny-2160.avi
7245,0.99445,2.66845,0.99888,51.13443,0.99985,0.90503,0.99243,0.99659,0.99808,100.0,0.42,0.29,0.25,0.5,51.85,53.5,54.08,51.13,0.995,0.996,0.996,0.995,/tmpdir/crf_16.mpd,/videos/BigBuckBunny-2160.avi
7246,0.99078,3.12854,0.99871,50.65454,0.99978,0.89815,0.9889,0.99468,0.99689,100.0,0.48,0.34,0.28,0.56,51.35,52.83,53.63,50.65,0.995,0.996,0.996,0.995,/tmpdir/crf_16.mpd,/videos/BigBuckBunny-2160.avi
7247,0.99133,5.68692,0.99876,50.83241,0.99981,0.89896,0.99045,0.99558,0.99749,100.0,0.46,0.34,0.29,0.54,51.47,52.81,53.5,50.83,0.995,0.996,0.996,0.995,/tmpdir/crf_16.mpd,/videos/BigBuckBunny-2160.avi
7248,0.98967,5.68692,0.99863,50.45803,0.99977,0.89283,0.98823,0.99432,0.99659,100.0,0.5,0.37,0.31,0.59,51.11,52.42,53.21,50.46,0.995,0.996,0.996,0.995,/tmpdir/crf_16.mpd,/videos/BigBuckBunny-2160.avi
7249,0.99283,6.96364,0.9988,50.94313,0.99985,0.89786,0.99143,0.99619,0.99788,100.0,0.45,0.34,0.29,0.52,51.56,52.82,53.45,50.94,0.995,0.996,0.996,0.995,/tmpdir/crf_16.mpd,/videos/BigBuckBunny-2160.avi
7250,0.98935,6.96364,0.99859,50.25508,0.99978,0.88754,0.9878,0.99408,0.99642,100.0,0.53,0.4,0.33,0.61,50.89,52.15,52.96,50.26,0.995,0.995,0.996,0.994,/tmpdir/crf_16.mpd,/videos/BigBuckBunny-2160.avi
7251,0.99004,7.16161,0.99866,50.38812,0.99981,0.88891,0.98946,0.99508,0.99719,100.0,0.51,0.38,0.33,0.59,51.01,52.3,52.97,50.39,0.995,0.995,0.996,0.994,/tmpdir/crf_16.mpd,/videos/BigBuckBunny-2160.avi
7252,0.98827,7.16161,0.99854,50.04154,0.99978,0.88364,0.98765,0.99429,0.99672,100.0,0.55,0.4,0.34,0.64,50.7,52.11,52.78,50.04,0.994,0.995,0.995,0.994,/tmpdir/crf_16.mpd,/videos/BigBuckBunny-2160.avi
7253,0.99188,6.8728,0.99881,50.81014,0.99986,0.89454,0.99152,0.99632,0.99803,100.0,0.47,0.36,0.31,0.54,51.39,52.61,53.15,50.81,0.995,0.995,0.996,0.995,/tmpdir/crf_16.mpd,/videos/BigBuckBunny-2160.avi
7254,0.98742,6.8728,0.99855,50.01379,0.99979,0.88256,0.98771,0.99439,0.99683,100.0,0.56,0.41,0.35,0.65,50.66,52.04,52.68,50.01,0.994,0.995,0.995,0.994,/tmpdir/crf_16.mpd,/videos/BigBuckBunny-2160.avi
7255,0.98966,6.76293,0.99866,50.29452,0.99982,0.88678,0.98956,0.99524,0.99733,100.0,0.53,0.4,0.35,0.61,50.89,52.09,52.75,50.29,0.995,0.995,0.995,0.994,/tmpdir/crf_16.mpd,/videos/BigBuckBunny-2160.avi
7256,0.98755,6.76293,0.99853,49.98373,0.99977,0.88272,0.98728,0.9941,0.99664,100.0,0.56,0.42,0.36,0.65,50.61,51.94,52.57,49.98,0.994,0.995,0.995,0.994,/tmpdir/crf_16.mpd,/videos/BigBuckBunny-2160.avi
7257,0.99159,6.37208,0.99885,50.86094,0.99987,0.89599,0.99172,0.99637,0.99806,100.0,0.47,0.37,0.33,0.53,51.39,52.42,53.0,50.86,0.995,0.995,0.996,0.995,/tmpdir/crf_16.mpd,/videos/BigBuckBunny-2160.avi
7258,0.9866,6.37208,0.99853,50.05871,0.99977,0.88215,0.98688,0.99385,0.99648,100.0,0.55,0.41,0.35,0.64,50.7,52.03,52.69,50.06,0.994,0.995,0.995,0.994,/tmpdir/crf_16.mpd,/videos/BigBuckBunny-2160.avi
7259,0.98768,5.65055,0.99862,50.27565,0.9998,0.88468,0.98903,0.99487,0.99699,100.0,0.53,0.39,0.34,0.61,50.9,52.23,52.84,50.28,0.995,0.995,0.995,0.994,/tmpdir/crf_16.mpd,/videos/BigBuckBunny-2160.avi
7260,0.98671,5.65055,0.99852,50.05018,0.99976,0.88204,0.98688,0.99376,0.99632,100.0,0.55,0.4,0.35,0.64,50.7,52.07,52.71,50.05,0.994,0.995,0.995,0.994,/tmpdir/crf_16.mpd,/videos/BigBuckBunny-2160.avi
7261,0.99198,4.91482,0.99886,50.99036,0.99987,0.8971,0.99233,0.99664,0.99819,100.0,0.46,0.36,0.32,0.52,51.53,52.62,53.14,50.99,0.995,0.995,0.996,0.995,/tmpdir/crf_16.mpd,/videos/BigBuckBunny-2160.avi
7262,0.98652,4.91482,0.99854,50.11862,0.99976,0.88365,0.98698,0.99387,0.99649,100.0,0.55,0.4,0.34,0.63,50.77,52.14,52.78,50.12,0.994,0.995,0.995,0.994,/tmpdir/crf_16.mpd,/videos/BigBuckBunny-2160.avi
7263,0.98759,4.07337,0.99863,50.2839,0.9998,0.88607,0.98909,0.99504,0.99726,99.9934,0.53,0.39,0.34,0.61,50.9,52.21,52.8,50.28,0.995,0.995,0.995,0.994,/tmpdir/crf_16.mpd,/videos/BigBuckBunny-2160.avi
7264,0.98658,4.07337,0.99858,50.16334,0.99977,0.88545,0.98744,0.9941,0.9966,99.74526,0.54,0.4,0.35,0.63,50.79,52.11,52.68,50.16,0.995,0.995,0.995,0.994,/tmpdir/crf_16.mpd,/videos/BigBuckBunny-2160.avi
7265,0.99235,3.13545,0.99888,50.96245,0.99987,0.89765,0.99308,0.99705,0.99845,100.0,0.46,0.36,0.32,0.52,51.49,52.51,53.04,50.96,0.995,0.995,0.995,0.995,/tmpdir/crf_16.mpd,/videos/BigBuckBunny-2160.avi
7266,0.98807,3.13545,0.99861,50.21736,0.99977,0.88769,0.98804,0.99433,0.9967,99.51555,0.54,0.39,0.34,0.62,50.85,52.17,52.78,50.22,0.995,0.995,0.995,0.994,/tmpdir/crf_16.mpd,/videos/BigBuckBunny-2160.avi
7267,0.98904,2.42063,0.99865,50.35536,0.99979,0.88885,0.98901,0.99482,0.99702,99.3501,0.52,0.4,0.34,0.6,50.95,52.15,52.79,50.36,0.995,0.995,0.995,0.994,/tmpdir/crf_16.mpd,/videos/BigBuckBunny-2160.avi
7268,0.98833,2.42063,0.99859,50.22206,0.99976,0.88765,0.98805,0.99431,0.99665,99.18403,0.54,0.41,0.35,0.62,50.82,52.03,52.68,50.22,0.995,0.995,0.995,0.994,/tmpdir/crf_16.mpd,/videos/BigBuckBunny-2160.avi
7269,0.99209,2.70571,0.9988,50.76256,0.99985,0.89482,0.99275,0.9968,0.99823,100.0,0.48,0.38,0.33,0.55,51.3,52.34,52.97,50.76,0.995,0.995,0.995,0.994,/tmpdir/crf_16.mpd,/videos/BigBuckBunny-2160.avi
7270,0.98462,2.70571,0.99845,49.97601,0.99971,0.88054,0.98467,0.99172,0.99455,98.45008,0.58,0.47,0.38,0.65,50.51,51.4,52.28,49.98,0.994,0.995,0.995,0.994,/tmpdir/crf_16.mpd,/videos/BigBuckBunny-2160.avi
7271,0.98587,2.3499,0.99846,50.03888,0.99974,0.87941,0.98713,0.99364,0.99616,98.64104,0.57,0.44,0.38,0.64,50.6,51.68,52.38,50.04,0.994,0.995,0.995,0.994,/tmpdir/crf_16.mpd,/videos/BigBuckBunny-2160.avi
7272,0.98319,2.3499,0.99839,49.9829,0.99967,0.87888,0.98342,0.99066,0.99366,97.91978,0.58,0.47,0.39,0.65,50.52,51.44,52.26,49.98,0.994,0.995,0.995,0.994,/tmpdir/crf_16.mpd,/videos/BigBuckBunny-2160.avi
7273,0.99089,2.1176,0.99871,50.85453,0.99983,0.89186,0.99187,0.99618,0.99775,99.6156,0.47,0.38,0.33,0.53,51.37,52.39,52.92,50.85,0.995,0.995,0.995,0.994,/tmpdir/crf_16.mpd,/videos/BigBuckBunny-2160.avi
7274,0.98171,2.1176,0.99841,50.12934,0.99968,0.87938,0.98314,0.99026,0.99319,97.49858,0.56,0.46,0.37,0.63,50.65,51.49,52.45,50.13,0.994,0.995,0.995,0.994,/tmpdir/crf_16.mpd,/videos/BigBuckBunny-2160.avi
7275,0.98399,2.06774,0.99845,50.34403,0.99971,0.87953,0.98531,0.9917,0.99416,97.97835,0.53,0.43,0.35,0.6,50.88,51.78,52.64,50.34,0.994,0.995,0.995,0.994,/tmpdir/crf_16.mpd,/videos/BigBuckBunny-2160.avi
7276,0.98114,2.06774,0.99836,50.18645,0.99965,0.87754,0.98248,0.98973,0.99264,97.31803,0.55,0.44,0.36,0.62,50.73,51.68,52.55,50.19,0.994,0.995,0.995,0.994,/tmpdir/crf_16.mpd,/videos/BigBuckBunny-2160.avi
7277,0.99012,2.15283,0.99868,51.11598,0.99981,0.89236,0.99179,0.99619,0.99779,99.5023,0.44,0.35,0.31,0.5,51.66,52.73,53.27,51.12,0.995,0.995,0.996,0.994,/tmpdir/crf_16.mpd,/videos/BigBuckBunny-2160.avi
7278,0.97954,2.15283,0.99833,50.27679,0.99963,0.87566,0.9828,0.99002,0.99277,97.09204,0.53,0.43,0.34,0.61,50.85,51.84,52.82,50.28,0.994,0.995,0.995,0.994,/tmpdir/crf_16.mpd,/videos/BigBuckBunny-2160.avi
7279,0.98158,2.42826,0.99842,50.60632,0.99969,0.87695,0.98496,0.99115,0.99349,97.6739,0.5,0.4,0.31,0.57,51.17,52.09,53.16,50.61,0.994,0.995,0.996,0.994,/tmpdir/crf_16.mpd,/videos/BigBuckBunny-2160.avi
7280,0.97718,2.42826,0.99832,50.47085,0.99962,0.87388,0.98239,0.98962,0.99246,96.78193,0.51,0.41,0.32,0.58,51.05,52.02,53.02,50.47,0.994,0.995,0.996,0.994,/tmpdir/crf_16.mpd,/videos/BigBuckBunny-2160.avi
7281,0.98774,2.57901,0.99871,51.6591,0.99979,0.89528,0.99224,0.99637,0.99782,99.31342,0.39,0.31,0.26,0.44,52.21,53.28,53.92,51.66,0.995,0.996,0.996,0.995,/tmpdir/crf_16.mpd,/videos/BigBuckBunny-2160.avi
7282,0.97764,2.57901,0.99837,50.86204,0.9996,0.87742,0.98396,0.99055,0.99293,97.00589,0.47,0.37,0.29,0.53,51.44,52.4,53.48,50.86,0.995,0.995,0.996,0.994,/tmpdir/crf_16.mpd,/videos/BigBuckBunny-2160.avi
7283,0.98012,2.98845,0.99855,51.54678,0.99965,0.88736,0.98685,0.99185,0.9936,97.76247,0.4,0.34,0.25,0.46,52.09,52.84,54.11,51.55,0.995,0.996,0.996,0.995,/tmpdir/crf_16.mpd,/videos/BigBuckBunny-2160.avi
7284,0.97633,2.98845,0.9985,51.71464,0.9996,0.88856,0.98589,0.99189,0.99394,97.12222,0.38,0.31,0.25,0.44,52.28,53.27,54.19,51.71,0.995,0.996,0.997,0.995,/tmpdir/crf_16.mpd,/videos/BigBuckBunny-2160.avi
7285,0.98503,3.62433,0.99901,53.42478,0.9998,0.92414,0.99451,0.99727,0.99831,99.52414,0.26,0.19,0.17,0.3,54.02,55.23,55.85,53.42,0.996,0.997,0.997,0.996,/tmpdir/crf_16.mpd,/videos/BigBuckBunny-2160.avi
7286,0.97577,3.62433,0.99878,53.1626,0.99963,0.92323,0.99117,0.99504,0.99627,97.69323,0.28,0.23,0.18,0.31,53.68,54.43,55.55,53.16,0.996,0.997,0.997,0.996,/tmpdir/crf_16.mpd,/videos/BigBuckBunny-2160.avi
7287,0.98026,4.21051,0.9991,54.68611,0.99966,0.96403,0.99524,0.99661,0.99687,99.0108,0.2,0.2,0.14,0.22,55.04,55.11,56.77,54.69,0.997,0.997,0.998,0.997,/tmpdir/crf_16.mpd,/videos/BigBuckBunny-2160.avi
7288,0.97741,4.21051,0.99932,56.5301,0.99976,0.98524,0.99768,0.99856,0.9988,98.76298,0.13,0.11,0.1,0.14,56.93,57.56,58.2,56.53,0.998,0.998,0.999,0.998,/tmpdir/crf_16.mpd,/videos/BigBuckBunny-2160.avi
7289,1.0,0.0,0.99996,60.0,0.99996,1.0,1.0,1.0,1.0,100.0,0.0,0.0,0.0,0.0,inf,inf,inf,inf,1.0,1.0,1.0,1.0,/tmpdir/crf_16.mpd,/videos/BigBuckBunny-2160.avi
7290,1.0,0.0,0.99996,60.0,0.99996,1.0,1.0,1.0,1.0,100.0,0.0,0.0,0.0,0.0,inf,inf,inf,inf,1.0,1.0,1.0,1.0,/tmpdir/crf_16.mpd,/videos/BigBuckBunny-2160.avi
7291,1.0,0.0,0.99996,60.0,0.99996,1.0,1.0,1.0,1.0,100.0,0.0,0.0,0.0,0.0,inf,inf,inf,inf,1.0,1.0,1.0,1.0,/tmpdir/crf_16.mpd,/videos/BigBuckBunny-2160.avi
7292,1.0,0.0,0.99996,60.0,0.99996,1.0,1.0,1.0,1.0,100.0,0.0,0.0,0.0,0.0,inf,inf,inf,inf,1.0,1.0,1.0,1.0,/tmpdir/crf_16.mpd,/videos/BigBuckBunny-2160.avi
7293,1.0,0.0,0.99996,60.0,0.99996,1.0,1.0,1.0,1.0,100.0,0.0,0.0,0.0,0.0,inf,inf,inf,inf,1.0,1.0,1.0,1.0,/tmpdir/crf_16.mpd,/videos/BigBuckBunny-2160.avi
7294,1.0,0.0,0.99996,60.0,0.99996,1.0,1.0,1.0,1.0,100.0,0.0,0.0,0.0,0.0,inf,inf,inf,inf,1.0,1.0,1.0,1.0,/tmpdir/crf_16.mpd,/videos/BigBuckBunny-2160.avi
7295,1.0,0.0,0.99996,60.0,0.99996,1.0,1.0,1.0,1.0,100.0,0.0,0.0,0.0,0.0,inf,inf,inf,inf,1.0,1.0,1.0,1.0,/tmpdir/crf_16.mpd,/videos/BigBuckBunny-2160.avi
7296,1.0,0.0,0.99996,60.0,0.99996,1.0,1.0,1.0,1.0,100.0,0.0,0.0,0.0,0.0,inf,inf,inf,inf,1.0,1.0,1.0,1.0,/tmpdir/crf_16.mpd,/videos/BigBuckBunny-2160.avi
7297,1.0,0.0,0.99996,60.0,0.99996,1.0,1.0,1.0,1.0,100.0,0.0,0.0,0.0,0.0,inf,inf,inf,inf,1.0,1.0,1.0,1.0,/tmpdir/crf_16.mpd,/videos/BigBuckBunny-2160.avi
7298,1.0,0.0,0.99996,60.0,0.99996,1.0,1.0,1.0,1.0,100.0,0.0,0.0,0.0,0.0,inf,inf,inf,inf,1.0,1.0,1.0,1.0,/tmpdir/crf_16.mpd,/videos/BigBuckBunny-2160.avi
7299,1.0,0.0,0.99996,60.0,0.99996,1.0,1.0,1.0,1.0,100.0,0.0,0.0,0.0,0.0,inf,inf,inf,inf,1.0,1.0,1.0,1.0,/tmpdir/crf_16.mpd,/videos/BigBuckBunny-2160.avi
7300,1.0,0.0,0.99996,60.0,0.99996,1.0,1.0,1.0,1.0,100.0,0.0,0.0,0.0,0.0,inf,inf,inf,inf,1.0,1.0,1.0,1.0,/tmpdir/crf_16.mpd,/videos/BigBuckBunny-2160.avi
7301,1.0,0.0,0.99996,60.0,0.99996,1.0,1.0,1.0,1.0,100.0,0.0,0.0,0.0,0.0,inf,inf,inf,inf,1.0,1.0,1.0,1.0,/tmpdir/crf_16.mpd,/videos/BigBuckBunny-2160.avi
7302,1.0,0.0,0.99996,60.0,0.99996,1.0,1.0,1.0,1.0,100.0,0.0,0.0,0.0,0.0,inf,inf,inf,inf,1.0,1.0,1.0,1.0,/tmpdir/crf_16.mpd,/videos/BigBuckBunny-2160.avi
7303,1.0,0.0,0.99996,60.0,0.99996,1.0,1.0,1.0,1.0,100.0,0.0,0.0,0.0,0.0,inf,inf,inf,inf,1.0,1.0,1.0,1.0,/tmpdir/crf_16.mpd,/videos/BigBuckBunny-2160.avi
7304,1.0,0.0,0.99996,60.0,0.99996,1.0,1.0,1.0,1.0,100.0,0.0,0.0,0.0,0.0,inf,inf,inf,inf,1.0,1.0,1.0,1.0,/tmpdir/crf_16.mpd,/videos/BigBuckBunny-2160.avi
7305,1.0,0.0,0.99996,60.0,0.99996,1.0,1.0,1.0,1.0,100.0,0.0,0.0,0.0,0.0,inf,inf,inf,inf,1.0,1.0,1.0,1.0,/tmpdir/crf_16.mpd,/videos/BigBuckBunny-2160.avi
7306,1.0,0.0,0.99996,60.0,0.99996,1.0,1.0,1.0,1.0,100.0,0.0,0.0,0.0,0.0,inf,inf,inf,inf,1.0,1.0,1.0,1.0,/tmpdir/crf_16.mpd,/videos/BigBuckBunny-2160.avi
7307,1.0,0.0,0.99996,60.0,0.99996,1.0,1.0,1.0,1.0,100.0,0.0,0.0,0.0,0.0,inf,inf,inf,inf,1.0,1.0,1.0,1.0,/tmpdir/crf_16.mpd,/videos/BigBuckBunny-2160.avi
7308,1.0,0.0,0.99996,60.0,0.99996,1.0,1.0,1.0,1.0,100.0,0.0,0.0,0.0,0.0,inf,inf,inf,inf,1.0,1.0,1.0,1.0,/tmpdir/crf_16.mpd,/videos/BigBuckBunny-2160.avi
7309,1.0,0.0,0.99996,60.0,0.99996,1.0,1.0,1.0,1.0,100.0,0.0,0.0,0.0,0.0,inf,inf,inf,inf,1.0,1.0,1.0,1.0,/tmpdir/crf_16.mpd,/videos/BigBuckBunny-2160.avi
7310,1.0,0.0,0.99996,60.0,0.99996,1.0,1.0,1.0,1.0,100.0,0.0,0.0,0.0,0.0,inf,inf,inf,inf,1.0,1.0,1.0,1.0,/tmpdir/crf_16.mpd,/videos/BigBuckBunny-2160.avi
7311,0.99196,4.47191,0.99976,59.73467,0.99996,0.99666,0.99997,0.99999,0.99999,100.0,0.06,0.05,0.03,0.07,60.35,61.17,62.86,59.73,0.999,0.999,0.999,0.999,/tmpdir/crf_16.mpd,/videos/BigBuckBunny-2160.avi
7312,0.99055,9.03638,0.99935,54.87209,0.99987,0.94659,0.99845,0.99954,0.99986,100.0,0.19,0.17,0.11,0.21,55.41,55.88,57.84,54.87,0.997,0.997,0.998,0.997,/tmpdir/crf_16.mpd,/videos/BigBuckBunny-2160.avi
7313,0.98843,8.1135,0.99868,51.05379,0.99974,0.88566,0.99239,0.99559,0.99684,100.0,0.44,0.38,0.24,0.51,51.67,52.34,54.38,51.05,0.994,0.994,0.996,0.994,/tmpdir/crf_16.mpd,/videos/BigBuckBunny-2160.avi
7314,0.98916,8.1135,0.99835,49.71443,0.99968,0.86638,0.99305,0.997,0.99839,100.0,0.6,0.52,0.32,0.69,50.34,51.0,53.13,49.71,0.993,0.993,0.995,0.992,/tmpdir/crf_16.mpd,/videos/BigBuckBunny-2160.avi
7315,0.98884,6.71362,0.9981,48.60863,0.99965,0.85042,0.99022,0.99493,0.99663,100.0,0.78,0.68,0.42,0.9,49.21,49.82,51.88,48.61,0.992,0.991,0.994,0.991,/tmpdir/crf_16.mpd,/videos/BigBuckBunny-2160.avi
7316,0.98925,6.71362,0.99809,48.20416,0.99966,0.84707,0.98984,0.99472,0.99653,100.0,0.86,0.75,0.48,0.98,48.78,49.35,51.34,48.2,0.991,0.99,0.993,0.991,/tmpdir/crf_16.mpd,/videos/BigBuckBunny-2160.avi
7317,0.99039,5.62103,0.99814,47.91717,0.99968,0.84918,0.98983,0.9947,0.99649,100.0,0.93,0.83,0.54,1.05,48.45,48.93,50.82,47.92,0.991,0.99,0.992,0.992,/tmpdir/crf_16.mpd,/videos/BigBuckBunny-2160.avi
7318,0.99189,5.62103,0.99817,47.68309,0.99969,0.84981,0.99085,0.99566,0.9974,100.0,0.98,0.87,0.57,1.11,48.22,48.75,50.54,47.68,0.991,0.99,0.992,0.992,/tmpdir/crf_16.mpd,/videos/BigBuckBunny-2160.avi
7319,0.97187,4.96072,0.99749,44.84212,0.99929,0.81318,0.97186,0.98139,0.98568,96.51636,1.74,1.14,0.79,2.13,45.72,47.57,49.15,44.84,0.99,0.989,0.991,0.99,/tmpdir/crf_16.mpd,/videos/BigBuckBunny-2160.avi
7320,0.98062,4.96072,0.99769,45.52745,0.99943,0.81442,0.97671,0.98564,0.98927,98.3928,1.52,1.13,0.71,1.82,46.31,47.61,49.63,45.53,0.991,0.989,0.991,0.991,/tmpdir/crf_16.mpd,/videos/BigBuckBunny-2160.avi
7321,0.97624,4.33343,0.99762,44.66308,0.99934,0.81664,0.9752,0.98417,0.9881,97.1423,1.84,1.27,0.87,2.22,45.49,47.1,48.73,44.66,0.99,0.989,0.99,0.991,/tmpdir/crf_16.mpd,/videos/BigBuckBunny-2160.avi
7322,0.9951,4.33343,0.99836,46.7462,0.99977,0.84617,0.99173,0.99633,0.99807,100.0,1.22,1.07,0.74,1.38,47.27,47.82,49.45,46.75,0.991,0.989,0.99,0.992,/tmpdir/crf_16.mpd,/videos/BigBuckBunny-2160.avi
7323,0.97787,3.71979,0.99746,44.07848,0.99932,0.80587,0.97405,0.98446,0.98891,97.12705,2.11,1.5,0.99,2.54,44.89,46.37,48.18,44.08,0.99,0.988,0.989,0.99,/tmpdir/crf_16.mpd,/videos/BigBuckBunny-2160.avi
7324,0.98323,3.71979,0.99762,44.41583,0.99944,0.80244,0.97511,0.98522,0.98927,98.10988,1.97,1.5,0.92,2.35,45.18,46.38,48.5,44.42,0.99,0.987,0.988,0.99,/tmpdir/crf_16.mpd,/videos/BigBuckBunny-2160.avi
7325,0.98021,3.27548,0.99753,43.90991,0.99936,0.80342,0.97428,0.98441,0.9886,97.26383,2.23,1.69,1.09,2.64,44.66,45.85,47.76,43.91,0.989,0.987,0.988,0.99,/tmpdir/crf_16.mpd,/videos/BigBuckBunny-2160.avi
7326,0.9949,3.27548,0.99817,45.59508,0.99975,0.82968,0.98999,0.99567,0.99778,100.0,1.59,1.43,0.94,1.79,46.11,46.57,48.39,45.6,0.99,0.987,0.987,0.991,/tmpdir/crf_16.mpd,/videos/BigBuckBunny-2160.avi
7327,0.98196,2.99563,0.99751,43.64127,0.99942,0.7959,0.97318,0.98459,0.98922,97.4549,2.36,1.79,1.14,2.81,44.4,45.61,47.55,43.64,0.989,0.987,0.987,0.99,/tmpdir/crf_16.mpd,/videos/BigBuckBunny-2160.avi
7328,0.98615,2.99563,0.99768,43.77275,0.99948,0.79753,0.97607,0.9869,0.99114,98.37962,2.28,1.7,1.06,2.73,44.55,45.84,47.87,43.77,0.989,0.987,0.987,0.99,/tmpdir/crf_16.mpd,/videos/BigBuckBunny-2160.avi
7329,0.98344,2.95895,0.99766,43.63031,0.99945,0.80052,0.97409,0.98485,0.98925,97.70866,2.38,1.82,1.2,2.82,44.36,45.53,47.33,43.63,0.989,0.987,0.986,0.991,/tmpdir/crf_16.mpd,/videos/BigBuckBunny-2160.avi
7330,0.99561,2.009,0.99832,45.3177,0.99979,0.83173,0.99044,0.99587,0.99788,100.0,1.7,1.52,1.05,1.91,45.82,46.32,47.92,45.32,0.99,0.988,0.986,0.992,/tmpdir/crf_16.mpd,/videos/BigBuckBunny-2160.avi
7331,0.98281,0.92707,0.99783,43.40914,0.99958,0.79786,0.97524,0.98662,0.99113,96.6923,2.48,1.88,1.12,2.97,44.19,45.38,47.63,43.41,0.989,0.986,0.986,0.991,/tmpdir/crf_16.mpd,/videos/BigBuckBunny-2160.avi
7332,0.98422,0.92707,0.99792,43.50574,0.99964,0.79815,0.97764,0.98812,0.99225,97.05389,2.43,1.89,1.11,2.9,44.27,45.36,47.68,43.51,0.989,0.986,0.986,0.991,/tmpdir/crf_16.mpd,/videos/BigBuckBunny-2160.avi
7333,0.98493,0.95208,0.99797,43.62365,0.99964,0.80266,0.97745,0.98832,0.99261,97.22865,2.37,1.83,1.11,2.82,44.38,45.5,47.67,43.62,0.99,0.987,0.986,0.991,/tmpdir/crf_16.mpd,/videos/BigBuckBunny-2160.avi
7334,0.99219,0.95208,0.99834,45.28186,0.99979,0.83118,0.98823,0.99397,0.99612,98.94748,1.73,1.59,1.05,1.93,45.76,46.11,47.92,45.28,0.99,0.987,0.986,0.992,/tmpdir/crf_16.mpd,/videos/BigBuckBunny-2160.avi
7335,0.98559,0.88522,0.99799,43.63263,0.99964,0.80461,0.9781,0.98907,0.99332,97.38195,2.38,1.88,1.11,2.82,44.37,45.38,47.69,43.63,0.99,0.986,0.986,0.991,/tmpdir/crf_16.mpd,/videos/BigBuckBunny-2160.avi
7336,0.98638,0.88522,0.99802,43.71447,0.99963,0.80498,0.97893,0.98908,0.99301,97.50162,2.36,1.99,1.11,2.76,44.4,45.14,47.67,43.71,0.989,0.986,0.986,0.991,/tmpdir/crf_16.mpd,/videos/BigBuckBunny-2160.avi
7337,0.98608,0.88219,0.99805,43.79866,0.99965,0.80881,0.97892,0.98941,0.99353,97.49694,2.29,1.82,1.1,2.71,44.52,45.52,47.73,43.8,0.99,0.987,0.986,0.991,/tmpdir/crf_16.mpd,/videos/BigBuckBunny-2160.avi
7338,0.99239,0.88219,0.99841,45.44323,0.9998,0.83618,0.98879,0.99447,0.99658,99.00458,1.67,1.55,1.04,1.86,45.9,46.22,47.96,45.44,0.991,0.988,0.987,0.992,/tmpdir/crf_16.mpd,/videos/BigBuckBunny-2160.avi
7339,0.98647,0.91253,0.99806,43.76415,0.99965,0.80893,0.97892,0.98954,0.99364,97.59119,2.32,1.86,1.1,2.73,44.48,45.42,47.72,43.76,0.99,0.986,0.986,0.992,/tmpdir/crf_16.mpd,/videos/BigBuckBunny-2160.avi
7340,0.98772,0.91253,0.99808,43.82825,0.99965,0.80848,0.97997,0.98988,0.99368,97.82456,2.31,2.0,1.1,2.69,44.49,45.11,47.7,43.83,0.99,0.986,0.986,0.991,/tmpdir/crf_16.mpd,/videos/BigBuckBunny-2160.avi
7341,0.98697,0.95287,0.99809,43.86477,0.99965,0.81163,0.97916,0.98953,0.99363,97.70456,2.26,1.8,1.08,2.67,44.59,45.58,47.78,43.86,0.99,0.987,0.986,0.992,/tmpdir/crf_16.mpd,/videos/BigBuckBunny-2160.avi
7342,0.99293,0.95287,0.99845,45.5517,0.99981,0.83959,0.98926,0.99482,0.9969,99.17325,1.63,1.51,1.02,1.81,46.01,46.33,48.05,45.55,0.991,0.988,0.987,0.992,/tmpdir/crf_16.mpd,/videos/BigBuckBunny-2160.avi
7343,0.98858,0.92889,0.99821,44.30438,0.99969,0.8219,0.98208,0.99136,0.99494,98.13101,2.03,1.53,1.0,2.41,45.05,46.3,48.11,44.3,0.991,0.988,0.987,0.992,/tmpdir/crf_16.mpd,/videos/BigBuckBunny-2160.avi
7344,0.99358,0.92889,0.9985,45.85237,0.99981,0.84689,0.99022,0.99539,0.99729,99.33343,1.52,1.41,0.97,1.69,46.3,46.63,48.26,45.85,0.991,0.988,0.987,0.993,/tmpdir/crf_16.mpd,/videos/BigBuckBunny-2160.avi
7345,0.99742,0.96022,0.99928,49.53584,0.99993,0.91794,0.99621,0.99819,0.99893,100.0,0.65,0.57,0.46,0.72,49.97,50.57,51.5,49.54,0.996,0.995,0.994,0.996,/tmpdir/crf_16.mpd,/videos/BigBuckBunny-2160.avi
7346,0.98929,0.96022,0.99869,45.38638,0.99977,0.85423,0.98538,0.99306,0.99602,98.45859,1.5,0.89,0.58,1.88,46.37,48.62,50.5,45.39,0.994,0.993,0.993,0.994,/tmpdir/crf_16.mpd,/videos/BigBuckBunny-2160.avi
7347,0.98944,1.00413,0.99861,44.9912,0.99977,0.84234,0.98616,0.99345,0.99622,98.50402,1.66,1.07,0.63,2.06,45.94,47.84,50.11,44.99,0.993,0.992,0.992,0.994,/tmpdir/crf_16.mpd,/videos/BigBuckBunny-2160.avi
7348,0.98823,1.00413,0.9985,44.64318,0.99973,0.83735,0.98328,0.99202,0.99538,98.1835,1.79,1.13,0.66,2.23,45.61,47.58,49.91,44.64,0.993,0.992,0.992,0.993,/tmpdir/crf_16.mpd,/videos/BigBuckBunny-2160.avi
7349,0.99566,0.93537,0.99894,47.49633,0.99988,0.88384,0.99344,0.99688,0.99817,99.9031,1.03,0.95,0.61,1.16,48.0,48.35,50.31,47.5,0.994,0.992,0.992,0.995,/tmpdir/crf_16.mpd,/videos/BigBuckBunny-2160.avi
7350,0.98962,0.93537,0.99855,45.14148,0.99974,0.84654,0.98411,0.99231,0.99555,98.43495,1.65,1.24,0.69,1.99,45.96,47.2,49.77,45.14,0.993,0.991,0.991,0.994,/tmpdir/crf_16.mpd,/videos/BigBuckBunny-2160.avi
7351,0.99099,0.95684,0.99857,45.27841,0.99975,0.8469,0.98523,0.99278,0.99573,98.71365,1.63,1.38,0.69,1.93,46.01,46.73,49.73,45.28,0.993,0.99,0.991,0.994,/tmpdir/crf_16.mpd,/videos/BigBuckBunny-2160.avi
7352,0.98905,0.95684,0.99853,44.99798,0.99974,0.84451,0.98371,0.9921,0.99534,98.32123,1.7,1.28,0.71,2.06,45.82,47.06,49.61,45.0,0.993,0.991,0.991,0.994,/tmpdir/crf_16.mpd,/videos/BigBuckBunny-2160.avi
7353,0.99539,0.95353,0.99892,47.43043,0.99988,0.8826,0.99313,0.99672,0.99807,99.84861,1.05,0.97,0.64,1.17,47.91,48.27,50.06,47.43,0.994,0.992,0.992,0.995,/tmpdir/crf_16.mpd,/videos/BigBuckBunny-2160.avi
7354,0.98947,0.95353,0.99855,45.06281,0.99974,0.84542,0.9837,0.99203,0.9953,98.39134,1.69,1.28,0.73,2.03,45.86,47.06,49.49,45.06,0.993,0.99,0.991,0.994,/tmpdir/crf_16.mpd,/videos/BigBuckBunny-2160.avi
7355,0.99075,0.93783,0.99856,45.1971,0.99975,0.84522,0.98512,0.99267,0.9956,98.64719,1.69,1.52,0.77,1.97,45.85,46.32,49.28,45.2,0.992,0.989,0.99,0.994,/tmpdir/crf_16.mpd,/videos/BigBuckBunny-2160.avi
7356,0.9892,0.93783,0.99852,44.9565,0.99973,0.84353,0.9833,0.99182,0.99516,98.31701,1.74,1.34,0.76,2.08,45.74,46.85,49.32,44.96,0.992,0.99,0.991,0.994,/tmpdir/crf_16.mpd,/videos/BigBuckBunny-2160.avi
7357,0.99557,0.9487,0.99891,47.42594,0.99988,0.88249,0.99313,0.9967,0.99803,99.87491,1.06,0.99,0.68,1.18,47.87,48.17,49.83,47.43,0.993,0.992,0.991,0.995,/tmpdir/crf_16.mpd,/videos/BigBuckBunny-2160.avi
7358,0.98963,0.9487,0.99854,45.10406,0.99974,0.84589,0.98368,0.99193,0.99521,98.41063,1.69,1.32,0.78,2.01,45.86,46.92,49.23,45.1,0.992,0.99,0.99,0.994,/tmpdir/crf_16.mpd,/videos/BigBuckBunny-2160.avi
7359,0.9904,1.12776,0.99854,45.10867,0.99975,0.84289,0.9846,0.99227,0.99526,98.63996,1.73,1.56,0.82,2.01,45.74,46.19,49.0,45.11,0.992,0.989,0.99,0.993,/tmpdir/crf_16.mpd,/videos/BigBuckBunny-2160.avi
7360,0.98893,1.12776,0.99846,44.79056,0.99972,0.83985,0.98292,0.99161,0.99499,98.3388,1.81,1.39,0.81,2.16,45.56,46.69,49.04,44.79,0.992,0.99,0.99,0.993,/tmpdir/crf_16.mpd,/videos/BigBuckBunny-2160.avi
7361,0.99542,1.13422,0.99889,47.23376,0.99988,0.87936,0.99294,0.99658,0.99794,99.91939,1.11,1.03,0.72,1.23,47.67,47.99,49.53,47.23,0.993,0.991,0.991,0.994,/tmpdir/crf_16.mpd,/videos/BigBuckBunny-2160.avi
7362,0.98928,1.13422,0.99846,44.86134,0.99973,0.84165,0.98296,0.9916,0.99505,98.41045,1.78,1.37,0.82,2.12,45.62,46.75,48.97,44.86,0.992,0.99,0.99,0.993,/tmpdir/crf_16.mpd,/videos/BigBuckBunny-2160.avi
7363,0.99046,1.03199,0.99846,44.92717,0.99974,0.83971,0.98449,0.9924,0.99546,98.61429,1.81,1.63,0.87,2.09,45.55,46.0,48.75,44.93,0.992,0.988,0.989,0.993,/tmpdir/crf_16.mpd,/videos/BigBuckBunny-2160.avi
7364,0.98886,1.03199,0.9984,44.65438,0.99972,0.83716,0.98247,0.99143,0.99494,98.26449,1.87,1.47,0.86,2.23,45.41,46.46,48.81,44.65,0.992,0.989,0.989,0.993,/tmpdir/crf_16.mpd,/videos/BigBuckBunny-2160.avi
7365,0.99517,1.38095,0.99882,46.97606,0.99987,0.87467,0.99229,0.99625,0.99774,99.96132,1.18,1.11,0.77,1.3,47.4,47.67,49.27,46.98,0.993,0.991,0.99,0.994,/tmpdir/crf_16.mpd,/videos/BigBuckBunny-2160.avi
7366,0.98917,1.38095,0.99841,44.70861,0.99972,0.83809,0.98235,0.99128,0.99482,98.4836,1.85,1.45,0.87,2.2,45.45,46.53,48.71,44.71,0.992,0.989,0.989,0.993,/tmpdir/crf_16.mpd,/videos/BigBuckBunny-2160.avi
7367,0.9901,1.88557,0.99841,44.73037,0.99973,0.83578,0.98381,0.99205,0.99524,98.94859,1.89,1.68,0.91,2.19,45.36,45.87,48.54,44.73,0.991,0.988,0.989,0.993,/tmpdir/crf_16.mpd,/videos/BigBuckBunny-2160.avi
7368,0.98866,1.88557,0.99835,44.4688,0.99971,0.83329,0.98172,0.99102,0.99467,98.62415,1.95,1.52,0.91,2.32,45.22,46.3,48.56,44.47,0.991,0.989,0.989,0.993,/tmpdir/crf_16.mpd,/videos/BigBuckBunny-2160.avi
7369,0.99498,1.43201,0.9988,46.78899,0.99987,0.8715,0.99212,0.99623,0.99777,99.94532,1.23,1.15,0.81,1.36,47.21,47.51,49.05,46.79,0.993,0.99,0.99,0.994,/tmpdir/crf_16.mpd,/videos/BigBuckBunny-2160.avi
7370,0.98919,1.43201,0.9984,44.65265,0.99973,0.83718,0.98241,0.99134,0.99489,98.51663,1.88,1.48,0.91,2.23,45.38,46.44,48.55,44.65,0.992,0.989,0.989,0.993,/tmpdir/crf_16.mpd,/videos/BigBuckBunny-2160.avi
7371,0.99015,1.17422,0.99841,44.70579,0.99974,0.83552,0.98379,0.99204,0.99524,98.59536,1.91,1.71,0.94,2.2,45.32,45.8,48.41,44.71,0.991,0.988,0.988,0.993,/tmpdir/crf_16.mpd,/videos/BigBuckBunny-2160.avi
7372,0.9886,1.17422,0.99835,44.43139,0.99972,0.83306,0.98177,0.99106,0.9947,98.25382,1.98,1.55,0.93,2.34,45.17,46.23,48.46,44.43,0.991,0.989,0.989,0.993,/tmpdir/crf_16.mpd,/videos/BigBuckBunny-2160.avi
7373,0.99495,1.24978,0.99876,46.66772,0.99987,0.86938,0.99192,0.99614,0.99773,99.83981,1.27,1.18,0.83,1.4,47.09,47.4,48.93,46.67,0.992,0.99,0.989,0.994,/tmpdir/crf_16.mpd,/videos/BigBuckBunny-2160.avi
7374,0.9891,1.24978,0.99838,44.57794,0.99973,0.83585,0.98246,0.99144,0.99495,98.41384,1.92,1.5,0.93,2.27,45.31,46.37,48.45,44.58,0.991,0.989,0.989,0.993,/tmpdir/crf_16.mpd,/videos/BigBuckBunny-2160.avi
7375,0.98991,1.13301,0.9984,44.6007,0.99974,0.83365,0.98368,0.99198,0.99516,98.5217,1.95,1.75,0.96,2.25,45.22,45.71,48.29,44.6,0.991,0.987,0.988,0.993,/tmpdir/crf_16.mpd,/videos/BigBuckBunny-2160.avi
7376,0.98856,1.13301,0.99832,44.36404,0.99972,0.83182,0.98194,0.9912,0.99483,98.23698,2.01,1.6,0.95,2.38,45.1,46.1,48.35,44.36,0.991,0.988,0.988,0.993,/tmpdir/crf_16.mpd,/videos/BigBuckBunny-2160.avi
7377,0.99482,1.75306,0.99872,46.46933,0.99986,0.86613,0.99165,0.99602,0.99768,100.0,1.33,1.24,0.86,1.47,46.9,47.19,48.78,46.47,0.992,0.99,0.989,0.994,/tmpdir/crf_16.mpd,/videos/BigBuckBunny-2160.avi
7378,0.98907,1.75306,0.99833,44.42342,0.99973,0.83294,0.98217,0.99127,0.99486,98.64786,1.99,1.57,0.96,2.35,45.15,46.16,48.32,44.42,0.991,0.989,0.988,0.992,/tmpdir/crf_16.mpd,/videos/BigBuckBunny-2160.avi
7379,0.98993,1.64928,0.99835,44.48125,0.99974,0.83147,0.98333,0.99187,0.99518,98.78119,2.01,1.79,0.99,2.32,45.1,45.6,48.18,44.48,0.991,0.987,0.988,0.993,/tmpdir/crf_16.mpd,/videos/BigBuckBunny-2160.avi
7380,0.98872,1.64928,0.9983,44.29916,0.99972,0.83019,0.98161,0.99099,0.99462,98.50411,2.05,1.65,0.98,2.42,45.02,45.97,48.21,44.3,0.991,0.988,0.988,0.992,/tmpdir/crf_16.mpd,/videos/BigBuckBunny-2160.avi
7381,0.99469,1.36503,0.99872,46.41827,0.99986,0.86527,0.99142,0.99589,0.99759,99.82322,1.35,1.27,0.88,1.48,46.84,47.1,48.7,46.42,0.992,0.99,0.989,0.994,/tmpdir/crf_16.mpd,/videos/BigBuckBunny-2160.avi
7382,0.98888,1.36503,0.99832,44.41596,0.99972,0.83288,0.98193,0.99108,0.99471,98.40075,1.99,1.58,0.97,2.35,45.14,46.15,48.27,44.42,0.991,0.988,0.988,0.993,/tmpdir/crf_16.mpd,/videos/BigBuckBunny-2160.avi
7383,0.98964,1.42105,0.99834,44.44198,0.99974,0.83064,0.98332,0.99179,0.99509,98.60361,2.02,1.79,1.0,2.34,45.07,45.61,48.15,44.44,0.991,0.987,0.988,0.992,/tmpdir/crf_16.mpd,/videos/BigBuckBunny-2160.avi
7384,0.98829,1.42105,0.99827,44.23532,0.99971,0.82911,0.98128,0.99082,0.99454,98.30044,2.07,1.65,0.99,2.45,44.96,45.96,48.17,44.24,0.991,0.988,0.988,0.992,/tmpdir/crf_16.mpd,/videos/BigBuckBunny-2160.avi
7385,0.99462,1.41407,0.99871,46.33248,0.99986,0.86403,0.99139,0.9959,0.99761,99.83531,1.37,1.3,0.9,1.51,46.75,47.0,48.61,46.33,0.992,0.99,0.988,0.993,/tmpdir/crf_16.mpd,/videos/BigBuckBunny-2160.avi
7386,0.98885,1.41407,0.99829,44.33175,0.99971,0.83112,0.98152,0.99078,0.99448,98.39348,2.03,1.61,0.99,2.4,45.05,46.05,48.18,44.33,0.991,0.988,0.988,0.992,/tmpdir/crf_16.mpd,/videos/BigBuckBunny-2160.avi
7387,0.98983,1.33203,0.99834,44.37838,0.99974,0.82977,0.98339,0.99184,0.99508,98.5917,2.05,1.82,1.02,2.37,45.0,45.53,48.06,44.38,0.991,0.987,0.987,0.992,/tmpdir/crf_16.mpd,/videos/BigBuckBunny-2160.avi
7388,0.98847,1.33203,0.99824,44.1194,0.99971,0.82718,0.98101,0.99063,0.9944,98.26803,2.13,1.7,1.02,2.52,44.84,45.83,48.07,44.12,0.991,0.988,0.987,0.992,/tmpdir/crf_16.mpd,/videos/BigBuckBunny-2160.avi
7389,0.99449,1.36471,0.99868,46.14305,0.99986,0.86123,0.99101,0.99571,0.99748,99.76515,1.43,1.35,0.92,1.58,46.57,46.82,48.47,46.14,0.992,0.989,0.988,0.993,/tmpdir/crf_16.mpd,/videos/BigBuckBunny-2160.avi
7390,0.98875,1.36471,0.99828,44.29885,0.99971,0.83106,0.98182,0.99102,0.99466,98.36976,2.06,1.66,1.01,2.42,45.0,45.93,48.1,44.3,0.991,0.988,0.988,0.992,/tmpdir/crf_16.mpd,/videos/BigBuckBunny-2160.avi
7391,0.98969,1.98914,0.99832,44.35058,0.99974,0.82976,0.9833,0.99179,0.99505,98.89831,2.07,1.82,1.03,2.39,44.98,45.54,48.02,44.35,0.991,0.987,0.987,0.992,/tmpdir/crf_16.mpd,/videos/BigBuckBunny-2160.avi
7392,0.98844,1.98914,0.99825,44.11289,0.99971,0.8276,0.98139,0.99094,0.99471,98.62862,2.13,1.7,1.02,2.52,44.84,45.83,48.04,44.11,0.991,0.988,0.987,0.992,/tmpdir/crf_16.mpd,/videos/BigBuckBunny-2160.avi
7393,0.99443,2.28159,0.99869,46.19567,0.99986,0.86273,0.99102,0.99573,0.99751,100.0,1.42,1.34,0.92,1.56,46.62,46.86,48.51,46.2,0.992,0.989,0.988,0.993,/tmpdir/crf_16.mpd,/videos/BigBuckBunny-2160.avi
7394,0.98861,2.28159,0.99825,44.2662,0.99971,0.83031,0.98149,0.99084,0.99449,98.79901,2.07,1.68,1.02,2.43,44.96,45.88,48.05,44.27,0.991,0.988,0.987,0.992,/tmpdir/crf_16.mpd,/videos/BigBuckBunny-2160.avi
7395,0.98931,1.63022,0.99826,44.20146,0.99973,0.8268,0.98294,0.99169,0.99503,98.63798,2.13,1.84,1.05,2.47,44.85,45.47,47.92,44.2,0.99,0.987,0.987,0.992,/tmpdir/crf_16.mpd,/videos/BigBuckBunny-2160.avi
7396,0.9883,1.63022,0.99814,43.9207,0.99969,0.82346,0.98038,0.99043,0.99432,98.37355,2.23,1.79,1.06,2.64,44.64,45.6,47.88,43.92,0.99,0.987,0.987,0.992,/tmpdir/crf_16.mpd,/videos/BigBuckBunny-2160.avi
7397,0.99399,1.93608,0.99859,45.89321,0.99985,0.85619,0.9902,0.99538,0.99732,99.93375,1.52,1.46,0.97,1.67,46.31,46.48,48.27,45.89,0.991,0.988,0.987,0.993,/tmpdir/crf_16.mpd,/videos/BigBuckBunny-2160.avi
7398,0.98866,1.93608,0.99822,44.22152,0.99971,0.82926,0.98156,0.99096,0.99465,98.63979,2.1,1.73,1.05,2.46,44.9,45.74,47.91,44.22,0.99,0.987,0.987,0.992,/tmpdir/crf_16.mpd,/videos/BigBuckBunny-2160.avi
7399,0.98912,2.66349,0.9983,44.23619,0.99974,0.82808,0.98262,0.99149,0.99492,99.13353,2.12,1.84,1.05,2.45,44.87,45.48,47.91,44.24,0.99,0.987,0.987,0.992,/tmpdir/crf_16.mpd,/videos/BigBuckBunny-2160.avi
7400,0.98843,2.66349,0.99823,44.01677,0.99972,0.82654,0.98088,0.99059,0.99441,98.95226,2.18,1.74,1.05,2.58,44.74,45.73,47.92,44.02,0.99,0.987,0.987,0.992,/tmpdir/crf_16.mpd,/videos/BigBuckBunny-2160.avi
7401,0.99428,2.43081,0.99871,46.12191,0.99987,0.86167,0.99097,0.99573,0.99754,100.0,1.45,1.38,0.95,1.59,46.53,46.72,48.38,46.12,0.992,0.989,0.988,0.993,/tmpdir/crf_16.mpd,/videos/BigBuckBunny-2160.avi
7402,0.98884,2.43081,0.99833,44.38439,0.99973,0.83378,0.98266,0.99149,0.99494,98.9722,2.02,1.61,1.02,2.37,45.08,46.05,48.05,44.38,0.991,0.988,0.987,0.992,/tmpdir/crf_16.mpd,/videos/BigBuckBunny-2160.avi
7403,0.98899,2.21864,0.99837,44.39067,0.99976,0.8314,0.98363,0.99194,0.99514,98.90836,2.03,1.69,1.02,2.37,45.06,45.86,48.05,44.39,0.991,0.988,0.987,0.992,/tmpdir/crf_16.mpd,/videos/BigBuckBunny-2160.avi
7404,0.9888,2.21864,0.9983,44.20154,0.99973,0.83041,0.98207,0.99113,0.99469,98.82043,2.09,1.62,1.02,2.47,44.94,46.04,48.06,44.2,0.991,0.988,0.987,0.992,/tmpdir/crf_16.mpd,/videos/BigBuckBunny-2160.avi
7405,0.99456,2.05302,0.99877,46.30466,0.99988,0.86549,0.99164,0.99605,0.99768,100.0,1.39,1.3,0.92,1.52,46.71,46.98,48.5,46.3,0.992,0.99,0.988,0.994,/tmpdir/crf_16.mpd,/videos/BigBuckBunny-2160.avi
7406,0.98943,2.05302,0.99843,44.59827,0.99975,0.8387,0.98383,0.99208,0.9953,98.92804,1.93,1.55,0.99,2.26,45.28,46.24,48.16,44.6,0.991,0.988,0.987,0.993,/tmpdir/crf_16.mpd,/videos/BigBuckBunny-2160.avi
7407,0.98942,2.07096,0.99848,44.64224,0.99978,0.83742,0.98499,0.9927,0.99569,98.97319,1.93,1.63,1.0,2.23,45.28,46.02,48.13,44.64,0.991,0.988,0.987,0.993,/tmpdir/crf_16.mpd,/videos/BigBuckBunny-2160.avi
7408,0.9893,2.07096,0.9984,44.43125,0.99974,0.83578,0.98339,0.99187,0.9952,98.89468,1.99,1.57,1.0,2.34,45.14,46.18,48.13,44.43,0.991,0.988,0.987,0.993,/tmpdir/crf_16.mpd,/videos/BigBuckBunny-2160.avi
7409,0.9946,1.7812,0.99881,46.35047,0.99989,0.86682,0.99194,0.99621,0.99782,100.0,1.38,1.3,0.92,1.51,46.75,46.98,48.48,46.35,0.992,0.989,0.988,0.994,/tmpdir/crf_16.mpd,/videos/BigBuckBunny-2160.avi
7410,0.98986,1.7812,0.99845,44.71675,0.99976,0.84111,0.98452,0.99241,0.99552,98.89206,1.88,1.5,0.98,2.19,45.39,46.36,48.2,44.72,0.991,0.989,0.988,0.993,/tmpdir/crf_16.mpd,/videos/BigBuckBunny-2160.avi
7411,0.98964,1.80064,0.99853,44.84599,0.99979,0.84194,0.98564,0.99293,0.99577,98.89463,1.84,1.53,0.97,2.13,45.49,46.27,48.24,44.85,0.991,0.989,0.988,0.993,/tmpdir/crf_16.mpd,/videos/BigBuckBunny-2160.avi
7412,0.98972,1.80064,0.99846,44.5983,0.99976,0.83967,0.98426,0.99231,0.99545,98.86623,1.92,1.5,0.98,2.26,45.31,46.37,48.23,44.6,0.991,0.989,0.988,0.993,/tmpdir/crf_16.mpd,/videos/BigBuckBunny-2160.avi
7413,0.99486,1.51745,0.99889,46.52172,0.9999,0.87066,0.99259,0.99652,0.99799,99.98824,1.32,1.25,0.9,1.45,46.91,47.17,48.59,46.52,0.992,0.99,0.988,0.994,/tmpdir/crf_16.mpd,/videos/BigBuckBunny-2160.avi
7414,0.9902,1.51745,0.9985,44.79711,0.99976,0.84324,0.98465,0.99244,0.99552,98.82318,1.85,1.51,0.98,2.15,45.45,46.33,48.2,44.8,0.991,0.989,0.987,0.993,/tmpdir/crf_16.mpd,/videos/BigBuckBunny-2160.avi
7415,0.98987,1.39858,0.9985,44.76681,0.99977,0.84077,0.98529,0.99281,0.99576,98.7253,1.89,1.65,1.01,2.17,45.37,45.96,48.09,44.77,0.991,0.988,0.987,0.993,/tmpdir/crf_16.mpd,/videos/BigBuckBunny-2160.avi
7416,0.98955,1.39858,0.99842,44.47458,0.99975,0.83677,0.98388,0.99219,0.99547,98.6242,2.0,1.67,1.03,2.32,45.13,45.9,47.99,44.47,0.991,0.988,0.987,0.993,/tmpdir/crf_16.mpd,/videos/BigBuckBunny-2160.avi
7417,0.99379,1.47012,0.99873,45.84821,0.99987,0.85732,0.99077,0.99569,0.99756,99.68982,1.55,1.54,1.0,1.69,46.23,46.26,48.13,45.85,0.991,0.988,0.987,0.993,/tmpdir/crf_16.mpd,/videos/BigBuckBunny-2160.avi
7418,0.99019,1.47012,0.99847,44.69384,0.99976,0.84061,0.98454,0.99237,0.99546,98.78542,1.93,1.7,1.05,2.21,45.28,45.84,47.93,44.69,0.991,0.987,0.987,0.993,/tmpdir/crf_16.mpd,/videos/BigBuckBunny-2160.avi
7419,0.9898,1.48584,0.99851,44.82883,0.99978,0.84188,0.98566,0.99303,0.99588,98.77288,1.89,1.74,1.05,2.14,45.37,45.73,47.92,44.83,0.991,0.987,0.987,0.993,/tmpdir/crf_16.mpd,/videos/BigBuckBunny-2160.avi
7420,0.98981,1.48584,0.99847,44.58984,0.99976,0.83949,0.98482,0.99268,0.99573,98.75007,1.97,1.73,1.06,2.26,45.18,45.76,47.87,44.59,0.991,0.987,0.987,0.993,/tmpdir/crf_16.mpd,/videos/BigBuckBunny-2160.avi
7421,0.99362,1.03984,0.99876,45.83828,0.99988,0.85771,0.99107,0.99587,0.99766,99.45985,1.56,1.57,1.02,1.7,46.2,46.17,48.05,45.84,0.991,0.988,0.987,0.993,/tmpdir/crf_16.mpd,/videos/BigBuckBunny-2160.avi
7422,0.99104,1.03984,0.99855,44.85967,0.99978,0.8438,0.98593,0.99311,0.9959,98.77785,1.88,1.71,1.06,2.12,45.4,45.81,47.86,44.86,0.991,0.987,0.986,0.993,/tmpdir/crf_16.mpd,/videos/BigBuckBunny-2160.avi
7423,0.99027,1.00746,0.99856,44.88784,0.99979,0.84322,0.98637,0.99335,0.99604,98.64025,1.87,1.71,1.07,2.11,45.41,45.79,47.84,44.89,0.991,0.987,0.986,0.993,/tmpdir/crf_16.mpd,/videos/BigBuckBunny-2160.avi
7424,0.99041,1.00746,0.99853,44.69303,0.99978,0.84066,0.98555,0.99297,0.99582,98.63448,1.95,1.8,1.09,2.21,45.22,45.57,47.76,44.69,0.991,0.987,0.986,0.993,/tmpdir/crf_16.mpd,/videos/BigBuckBunny-2160.avi
7425,0.99273,1.00147,0.99869,45.4704,0.99986,0.85032,0.99002,0.99538,0.99737,99.2333,1.7,1.76,1.08,1.85,45.82,45.67,47.81,45.47,0.991,0.987,0.986,0.993,/tmpdir/crf_16.mpd,/videos/BigBuckBunny-2160.avi
7426,0.99089,1.00147,0.99852,44.74704,0.99979,0.83935,0.98598,0.99327,0.99606,98.73702,1.96,1.92,1.12,2.18,45.21,45.3,47.66,44.75,0.99,0.986,0.986,0.993,/tmpdir/crf_16.mpd,/videos/BigBuckBunny-2160.avi
7427,0.99014,0.71647,0.99848,44.59977,0.99978,0.83547,0.9855,0.99309,0.996,98.44643,2.02,1.98,1.13,2.25,45.07,45.16,47.6,44.6,0.99,0.985,0.985,0.993,/tmpdir/crf_16.mpd,/videos/BigBuckBunny-2160.avi
7428,0.98955,0.71647,0.99839,44.34328,0.99977,0.83022,0.98468,0.9928,0.99582,98.31219,2.13,2.08,1.15,2.39,44.84,44.94,47.53,44.34,0.99,0.985,0.985,0.992,/tmpdir/crf_16.mpd,/videos/BigBuckBunny-2160.avi
7429,0.98963,0.72177,0.99835,44.3009,0.9998,0.82588,0.98518,0.9932,0.9962,98.35586,2.16,2.13,1.15,2.42,44.79,44.84,47.52,44.3,0.99,0.984,0.985,0.992,/tmpdir/crf_16.mpd,/videos/BigBuckBunny-2160.avi
7430,0.98902,0.72177,0.99817,43.91686,0.99974,0.81792,0.98243,0.99177,0.99528,98.1327,2.32,2.19,1.16,2.64,44.48,44.74,47.48,43.92,0.989,0.984,0.985,0.992,/tmpdir/crf_16.mpd,/videos/BigBuckBunny-2160.avi
7431,0.99807,0.17809,0.99918,52.60237,0.99979,0.94647,0.99801,0.99914,0.99956,100.0,0.32,0.24,0.24,0.36,53.1,54.28,54.34,52.6,0.998,0.997,0.997,0.998,/tmpdir/crf_16.mpd,/videos/BigBuckBunny-2160.avi
7432,0.99732,0.17809,0.99909,51.57643,0.99976,0.93824,0.9964,0.99833,0.99911,100.0,0.39,0.28,0.27,0.45,52.17,53.62,53.77,51.58,0.997,0.997,0.997,0.998,/tmpdir/crf_16.mpd,/videos/BigBuckBunny-2160.avi
7433,0.997,0.38399,0.99907,51.41283,0.99976,0.93611,0.99617,0.99815,0.99895,100.0,0.41,0.3,0.29,0.47,51.99,53.39,53.49,51.41,0.997,0.997,0.997,0.998,/tmpdir/crf_16.mpd,/videos/BigBuckBunny-2160.avi
7434,0.99692,0.38399,0.99903,51.06059,0.99975,0.93255,0.99585,0.99806,0.99892,100.0,0.44,0.32,0.31,0.51,51.65,53.06,53.21,51.06,0.997,0.997,0.997,0.998,/tmpdir/crf_16.mpd,/videos/BigBuckBunny-2160.avi
7435,0.99738,0.49403,0.99907,51.40072,0.99977,0.93403,0.99687,0.99859,0.99921,100.0,0.42,0.31,0.3,0.47,51.94,53.18,53.36,51.4,0.997,0.997,0.997,0.998,/tmpdir/crf_16.mpd,/videos/BigBuckBunny-2160.avi
7436,0.99669,0.49403,0.99901,50.82731,0.99975,0.92977,0.99552,0.99786,0.99881,100.0,0.47,0.34,0.33,0.54,51.4,52.76,52.95,50.83,0.997,0.997,0.996,0.997,/tmpdir/crf_16.mpd,/videos/BigBuckBunny-2160.avi
7437,0.99676,0.55046,0.999,50.80902,0.99975,0.92881,0.99552,0.99781,0.99871,100.0,0.47,0.35,0.33,0.54,51.38,52.74,52.93,50.81,0.997,0.997,0.996,0.997,/tmpdir/crf_16.mpd,/videos/BigBuckBunny-2160.avi
7438,0.99644,0.55046,0.99898,50.60578,0.99974,0.92683,0.99524,0.99773,0.99872,100.0,0.5,0.36,0.35,0.57,51.17,52.51,52.68,50.61,0.997,0.996,0.996,0.997,/tmpdir/crf_16.mpd,/videos/BigBuckBunny-2160.avi
7439,0.9971,0.59293,0.99903,51.06192,0.99977,0.92986,0.99645,0.99837,0.99907,100.0,0.45,0.35,0.34,0.51,51.56,52.72,52.86,51.06,0.997,0.996,0.996,0.997,/tmpdir/crf_16.mpd,/videos/BigBuckBunny-2160.avi
7440,0.99627,0.59293,0.99897,50.5121,0.99975,0.92557,0.99519,0.99768,0.99862,100.0,0.51,0.38,0.37,0.58,51.05,52.31,52.48,50.51,0.997,0.996,0.996,0.997,/tmpdir/crf_16.mpd,/videos/BigBuckBunny-2160.avi
7441,0.99633,0.57195,0.99898,50.61468,0.99974,0.92591,0.99528,0.99768,0.99861,100.0,0.5,0.38,0.36,0.56,51.15,52.37,52.56,50.61,0.997,0.996,0.996,0.997,/tmpdir/crf_16.mpd,/videos/BigBuckBunny-2160.avi
7442,0.99617,0.57195,0.99895,50.3291,0.99974,0.92353,0.99497,0.99757,0.99856,99.99179,0.53,0.4,0.38,0.6,50.88,52.14,52.33,50.33,0.997,0.996,0.996,0.997,/tmpdir/crf_16.mpd,/videos/BigBuckBunny-2160.avi
7443,0.99698,0.65256,0.99901,50.80695,0.99977,0.92693,0.99631,0.99832,0.99905,100.0,0.48,0.37,0.36,0.54,51.3,52.41,52.56,50.81,0.997,0.996,0.996,0.997,/tmpdir/crf_16.mpd,/videos/BigBuckBunny-2160.avi
7444,0.99604,0.65256,0.99895,50.32516,0.99974,0.92311,0.99486,0.99749,0.99852,99.9999,0.53,0.4,0.38,0.6,50.87,52.14,52.31,50.33,0.997,0.996,0.996,0.997,/tmpdir/crf_16.mpd,/videos/BigBuckBunny-2160.avi
7445,0.99608,0.79412,0.99896,50.43195,0.99974,0.9235,0.99503,0.99755,0.99854,100.0,0.52,0.39,0.37,0.59,50.98,52.26,52.41,50.43,0.997,0.996,0.996,0.997,/tmpdir/crf_16.mpd,/videos/BigBuckBunny-2160.avi
7446,0.99601,0.79412,0.99893,50.27988,0.99974,0.92216,0.99471,0.99742,0.9985,100.0,0.54,0.4,0.38,0.61,50.83,52.15,52.28,50.28,0.997,0.996,0.996,0.997,/tmpdir/crf_16.mpd,/videos/BigBuckBunny-2160.avi
7447,0.99688,0.68236,0.999,50.81609,0.99976,0.92633,0.99616,0.99822,0.99899,100.0,0.48,0.37,0.36,0.54,51.32,52.49,52.61,50.82,0.997,0.996,0.996,0.997,/tmpdir/crf_16.mpd,/videos/BigBuckBunny-2160.avi
7448,0.99604,0.68236,0.99893,50.23793,0.99974,0.92165,0.9948,0.99748,0.99851,100.0,0.54,0.4,0.38,0.62,50.8,52.15,52.28,50.24,0.997,0.996,0.996,0.997,/tmpdir/crf_16.mpd,/videos/BigBuckBunny-2160.avi
7449,0.99602,0.82558,0.99894,50.32633,0.99974,0.92199,0.99482,0.99742,0.99843,100.0,0.53,0.39,0.38,0.6,50.88,52.19,52.32,50.33,0.997,0.996,0.996,0.997,/tmpdir/crf_16.mpd,/videos/BigBuckBunny-2160.avi
7450,0.99596,0.82558,0.99891,50.11504,0.99973,0.92003,0.99441,0.99726,0.9984,100.0,0.56,0.41,0.4,0.63,50.67,52.0,52.13,50.12,0.997,0.996,0.996,0.997,/tmpdir/crf_16.mpd,/videos/BigBuckBunny-2160.avi
7451,0.9968,0.70849,0.99897,50.5678,0.99976,0.92338,0.99588,0.9981,0.99893,100.0,0.51,0.39,0.38,0.57,51.08,52.26,52.37,50.57,0.997,0.996,0.996,0.997,/tmpdir/crf_16.mpd,/videos/BigBuckBunny-2160.avi
7452,0.99668,0.70849,0.99895,50.37821,0.99976,0.9216,0.9957,0.99801,0.99889,100.0,0.53,0.39,0.39,0.6,50.9,52.17,52.24,50.38,0.997,0.996,0.996,0.997,/tmpdir/crf_16.mpd,/videos/BigBuckBunny-2160.avi
7453,0.99793,1.01406,0.99917,52.47143,0.99979,0.94537,0.99789,0.99909,0.99952,100.0,0.33,0.25,0.24,0.37,52.98,54.22,54.25,52.47,0.998,0.997,0.997,0.998,/tmpdir/crf_16.mpd,/videos/BigBuckBunny-2160.avi
7454,0.99675,0.9658,0.99903,50.96726,0.99976,0.93232,0.99566,0.99796,0.99882,100.0,0.45,0.32,0.31,0.52,51.57,53.1,53.15,50.97,0.997,0.997,0.997,0.998,/tmpdir/crf_16.mpd,/videos/BigBuckBunny-2160.avi
7455,0.99664,0.92322,0.99901,50.85185,0.99975,0.93001,0.99554,0.99786,0.99875,100.0,0.46,0.33,0.32,0.53,51.47,53.01,53.1,50.85,0.997,0.997,0.996,0.997,/tmpdir/crf_16.mpd,/videos/BigBuckBunny-2160.avi
7456,0.99653,0.92322,0.99898,50.58936,0.99975,0.92714,0.99509,0.99765,0.99863,100.0,0.49,0.34,0.33,0.57,51.21,52.77,52.88,50.59,0.997,0.997,0.996,0.997,/tmpdir/crf_16.mpd,/videos/BigBuckBunny-2160.avi
7457,0.99707,0.88877,0.99902,50.95244,0.99977,0.92903,0.99635,0.99837,0.99909,100.0,0.46,0.33,0.32,0.52,51.53,52.92,53.05,50.95,0.997,0.997,0.996,0.997,/tmpdir/crf_16.mpd,/videos/BigBuckBunny-2160.avi
7458,0.99631,0.88877,0.99895,50.39402,0.99974,0.92435,0.99498,0.99768,0.9987,100.0,0.52,0.37,0.36,0.59,51.0,52.5,52.6,50.39,0.997,0.996,0.996,0.997,/tmpdir/crf_16.mpd,/videos/BigBuckBunny-2160.avi
7459,0.99626,1.07403,0.99895,50.44773,0.99974,0.92388,0.99505,0.99767,0.99867,100.0,0.51,0.36,0.36,0.59,51.05,52.55,52.62,50.45,0.997,0.996,0.996,0.997,/tmpdir/crf_16.mpd,/videos/BigBuckBunny-2160.avi
7460,0.99623,1.07403,0.99891,50.20445,0.99973,0.92137,0.99454,0.9974,0.99852,100.0,0.54,0.38,0.37,0.62,50.82,52.38,52.45,50.2,0.997,0.996,0.996,0.997,/tmpdir/crf_16.mpd,/videos/BigBuckBunny-2160.avi
7461,0.99698,1.10813,0.99898,50.65868,0.99976,0.92495,0.99591,0.99817,0.99901,100.0,0.49,0.36,0.35,0.56,51.22,52.56,52.66,50.66,0.997,0.996,0.996,0.997,/tmpdir/crf_16.mpd,/videos/BigBuckBunny-2160.avi
7462,0.99637,1.10813,0.99892,50.21938,0.99974,0.92112,0.99454,0.99739,0.99852,100.0,0.54,0.38,0.38,0.62,50.81,52.28,52.36,50.22,0.997,0.996,0.996,0.997,/tmpdir/crf_16.mpd,/videos/BigBuckBunny-2160.avi
7463,0.99612,1.06986,0.99891,50.17732,0.99973,0.91999,0.99458,0.99739,0.99848,100.0,0.55,0.4,0.39,0.62,50.75,52.14,52.23,50.18,0.997,0.996,0.996,0.997,/tmpdir/crf_16.mpd,/videos/BigBuckBunny-2160.avi
7464,0.99599,1.06986,0.99888,49.96164,0.99973,0.91784,0.99412,0.99713,0.99832,100.0,0.57,0.41,0.41,0.66,50.54,51.99,52.04,49.96,0.996,0.996,0.996,0.997,/tmpdir/crf_16.mpd,/videos/BigBuckBunny-2160.avi
7465,0.99676,1.16827,0.99895,50.4128,0.99976,0.92154,0.9956,0.998,0.99892,100.0,0.52,0.39,0.38,0.59,50.95,52.25,52.28,50.41,0.997,0.996,0.996,0.997,/tmpdir/crf_16.mpd,/videos/BigBuckBunny-2160.avi
7466,0.99583,1.16827,0.99887,49.80275,0.99973,0.9161,0.99404,0.99714,0.99837,100.0,0.6,0.43,0.42,0.68,50.38,51.83,51.85,49.8,0.996,0.996,0.995,0.997,/tmpdir/crf_16.mpd,/videos/BigBuckBunny-2160.avi
7467,0.99608,1.58571,0.99889,50.04287,0.99973,0.91765,0.99429,0.99725,0.99843,100.0,0.56,0.41,0.4,0.64,50.62,52.04,52.08,50.04,0.996,0.996,0.996,0.997,/tmpdir/crf_16.mpd,/videos/BigBuckBunny-2160.avi
7468,0.99603,1.67226,0.99886,49.90803,0.99973,0.91643,0.99378,0.99697,0.99823,100.0,0.58,0.42,0.41,0.66,50.49,51.91,51.98,49.91,0.996,0.996,0.995,0.997,/tmpdir/crf_16.mpd,/videos/BigBuckBunny-2160.avi
7469,0.99653,1.3027,0.99892,50.35088,0.99975,0.91982,0.99546,0.99793,0.99886,100.0,0.53,0.39,0.38,0.6,50.9,52.23,52.33,50.35,0.997,0.996,0.996,0.997,/tmpdir/crf_16.mpd,/videos/BigBuckBunny-2160.avi
7470,0.99581,1.3027,0.99885,49.85936,0.99972,0.9156,0.99384,0.99702,0.99829,100.0,0.59,0.42,0.41,0.67,50.45,51.91,51.99,49.86,0.996,0.996,0.995,0.997,/tmpdir/crf_16.mpd,/videos/BigBuckBunny-2160.avi
7471,0.99579,1.47351,0.99887,49.93878,0.99972,0.91608,0.99392,0.99697,0.99821,100.0,0.58,0.42,0.4,0.66,50.52,51.94,52.07,49.94,0.996,0.996,0.996,0.997,/tmpdir/crf_16.mpd,/videos/BigBuckBunny-2160.avi
7472,0.99552,1.47351,0.99881,49.62857,0.99972,0.9126,0.99326,0.99667,0.99804,100.0,0.61,0.43,0.42,0.71,50.25,51.78,51.87,49.63,0.996,0.996,0.995,0.997,/tmpdir/crf_16.mpd,/videos/BigBuckBunny-2160.avi
7473,0.99646,1.52079,0.99888,50.12024,0.99975,0.91643,0.99509,0.99778,0.9988,100.0,0.56,0.41,0.4,0.63,50.69,52.05,52.16,50.12,0.996,0.996,0.996,0.997,/tmpdir/crf_16.mpd,/videos/BigBuckBunny-2160.avi
7474,0.9956,1.71734,0.99881,49.79527,0.99971,0.914,0.99336,0.99675,0.99811,100.0,0.59,0.42,0.41,0.68,50.41,51.92,52.02,49.8,0.996,0.996,0.995,0.997,/tmpdir/crf_16.mpd,/videos/BigBuckBunny-2160.avi
7475,0.99563,1.52922,0.99881,49.84667,0.99972,0.91372,0.99375,0.99702,0.99834,100.0,0.58,0.41,0.4,0.67,50.46,52.0,52.1,49.85,0.996,0.996,0.996,0.997,/tmpdir/crf_16.mpd,/videos/BigBuckBunny-2160.avi
7476,0.99544,1.52922,0.99878,49.60662,0.99971,0.91086,0.99311,0.99667,0.99812,100.0,0.62,0.43,0.42,0.71,50.24,51.82,51.89,49.61,0.996,0.996,0.995,0.996,/tmpdir/crf_16.mpd,/videos/BigBuckBunny-2160.avi
7477,0.99622,1.85593,0.99886,50.02934,0.99975,0.91446,0.99477,0.99764,0.99874,100.0,0.56,0.41,0.4,0.65,50.62,52.05,52.14,50.03,0.996,0.996,0.996,0.997,/tmpdir/crf_16.mpd,/videos/BigBuckBunny-2160.avi
7478,0.99523,1.85593,0.99875,49.41866,0.99971,0.90827,0.99287,0.99655,0.99803,100.0,0.64,0.44,0.43,0.74,50.06,51.72,51.76,49.42,0.996,0.996,0.995,0.996,/tmpdir/crf_16.mpd,/videos/BigBuckBunny-2160.avi
7479,0.99548,2.16402,0.99877,49.61504,0.99971,0.91002,0.99305,0.99664,0.99809,100.0,0.62,0.43,0.42,0.71,50.24,51.8,51.87,49.62,0.996,0.996,0.995,0.996,/tmpdir/crf_16.mpd,/videos/BigBuckBunny-2160.avi
7480,0.99539,2.27374,0.99875,49.46339,0.99971,0.90868,0.99272,0.99646,0.99796,100.0,0.64,0.44,0.43,0.74,50.1,51.7,51.75,49.46,0.996,0.996,0.995,0.996,/tmpdir/crf_16.mpd,/videos/BigBuckBunny-2160.avi
7481,0.99606,1.925,0.99882,49.98277,0.99974,0.91242,0.99437,0.9974,0.99859,100.0,0.57,0.41,0.4,0.65,50.57,52.01,52.09,49.98,0.996,0.996,0.996,0.996,/tmpdir/crf_16.mpd,/videos/BigBuckBunny-2160.avi
7482,0.99508,1.925,0.99871,49.43514,0.99971,0.90706,0.99281,0.99651,0.99799,100.0,0.64,0.44,0.43,0.74,50.08,51.7,51.79,49.44,0.996,0.996,0.995,0.996,/tmpdir/crf_16.mpd,/videos/BigBuckBunny-2160.avi
7483,0.99521,1.90711,0.99874,49.56785,0.99971,0.90817,0.99283,0.9964,0.99782,100.0,0.62,0.43,0.42,0.72,50.2,51.78,51.89,49.57,0.996,0.996,0.995,0.996,/tmpdir/crf_16.mpd,/videos/BigBuckBunny-2160.avi
7484,0.99503,1.90711,0.9987,49.44197,0.9997,0.90706,0.99217,0.99604,0.99761,100.0,0.64,0.44,0.43,0.74,50.08,51.67,51.78,49.44,0.996,0.996,0.995,0.996,/tmpdir/crf_16.mpd,/videos/BigBuckBunny-2160.avi
7485,0.99592,2.21938,0.99878,49.94654,0.99972,0.91145,0.99396,0.99714,0.99839,100.0,0.58,0.42,0.4,0.66,50.53,51.95,52.09,49.95,0.996,0.996,0.995,0.996,/tmpdir/crf_16.mpd,/videos/BigBuckBunny-2160.avi
7486,0.99535,2.21938,0.99871,49.58649,0.9997,0.90737,0.99259,0.9963,0.99784,100.0,0.62,0.44,0.42,0.72,50.2,51.68,51.85,49.59,0.996,0.996,0.995,0.996,/tmpdir/crf_16.mpd,/videos/BigBuckBunny-2160.avi
7487,0.99498,2.72599,0.99863,49.26269,0.99969,0.90233,0.99197,0.99608,0.99774,100.0,0.67,0.47,0.45,0.77,49.9,51.44,51.63,49.26,0.996,0.995,0.995,0.996,/tmpdir/crf_16.mpd,/videos/BigBuckBunny-2160.avi
7488,0.99594,2.92963,0.99873,49.86206,0.99971,0.90903,0.9935,0.99693,0.99833,100.0,0.59,0.42,0.41,0.67,50.46,51.88,52.05,49.86,0.996,0.996,0.995,0.996,/tmpdir/crf_16.mpd,/videos/BigBuckBunny-2160.avi
7489,0.99472,5.33087,0.99859,49.09094,0.99965,0.90026,0.99096,0.99539,0.99724,100.0,0.7,0.49,0.48,0.8,49.7,51.2,51.33,49.09,0.995,0.995,0.995,0.996,/tmpdir/crf_16.mpd,/videos/BigBuckBunny-2160.avi
7490,0.99456,5.33087,0.99857,49.01097,0.99965,0.89768,0.99118,0.99555,0.99736,100.0,0.71,0.49,0.48,0.82,49.64,51.19,51.31,49.01,0.995,0.995,0.995,0.995,/tmpdir/crf_16.mpd,/videos/BigBuckBunny-2160.avi
7491,0.99437,5.67764,0.99847,48.6032,0.99965,0.89107,0.99028,0.99521,0.99719,100.0,0.77,0.53,0.52,0.9,49.24,50.85,50.93,48.6,0.995,0.995,0.994,0.995,/tmpdir/crf_16.mpd,/videos/BigBuckBunny-2160.avi
7492,0.99548,5.67764,0.99858,48.94375,0.99974,0.89357,0.99179,0.99618,0.99789,100.0,0.72,0.5,0.49,0.83,49.57,51.15,51.24,48.94,0.995,0.995,0.995,0.995,/tmpdir/crf_16.mpd,/videos/BigBuckBunny-2160.avi
7493,0.99405,4.83575,0.99828,48.04824,0.99969,0.8779,0.98953,0.99509,0.99721,100.0,0.87,0.56,0.57,1.02,48.74,50.62,50.56,48.05,0.994,0.994,0.994,0.994,/tmpdir/crf_16.mpd,/videos/BigBuckBunny-2160.avi
7494,0.99462,4.83575,0.99846,48.53283,0.99971,0.88574,0.9904,0.99546,0.9974,100.0,0.79,0.54,0.53,0.91,49.17,50.82,50.86,48.53,0.994,0.995,0.994,0.994,/tmpdir/crf_16.mpd,/videos/BigBuckBunny-2160.avi
7495,0.99421,8.58532,0.99832,48.33766,0.99968,0.8818,0.98917,0.99484,0.99707,100.0,0.82,0.57,0.56,0.95,48.98,50.6,50.67,48.34,0.994,0.994,0.994,0.994,/tmpdir/crf_16.mpd,/videos/BigBuckBunny-2160.avi
7496,0.99483,9.74972,0.99852,49.0718,0.99967,0.89392,0.99112,0.99574,0.99754,100.0,0.7,0.5,0.48,0.81,49.68,51.17,51.28,49.07,0.995,0.995,0.995,0.995,/tmpdir/crf_16.mpd,/videos/BigBuckBunny-2160.avi
7497,0.99488,9.58029,0.99849,49.19309,0.99965,0.89481,0.99111,0.99563,0.99741,100.0,0.68,0.47,0.46,0.78,49.83,51.45,51.5,49.19,0.995,0.995,0.995,0.995,/tmpdir/crf_16.mpd,/videos/BigBuckBunny-2160.avi
7498,0.99466,9.58029,0.99845,49.24244,0.99964,0.89429,0.99062,0.99533,0.9972,100.0,0.67,0.45,0.45,0.77,49.89,51.55,51.59,49.24,0.995,0.995,0.995,0.995,/tmpdir/crf_16.mpd,/videos/BigBuckBunny-2160.avi
7499,0.99391,10.44634,0.99821,48.7645,0.99961,0.88109,0.98811,0.99406,0.99642,100.0,0.74,0.49,0.49,0.86,49.44,51.21,51.2,48.76,0.994,0.995,0.994,0.994,/tmpdir/crf_16.mpd,/videos/BigBuckBunny-2160.avi
7500,0.99436,13.37352,0.99846,49.31502,0.99962,0.89346,0.99011,0.99504,0.99705,100.0,0.65,0.44,0.43,0.76,49.98,51.7,51.77,49.32,0.995,0.995,0.995,0.995,/tmpdir/crf_16.mpd,/videos/BigBuckBunny-2160.avi
7501,0.9934,10.99097,0.99829,48.68903,0.99969,0.87667,0.98697,0.99344,0.99608,100.0,0.75,0.48,0.48,0.88,49.4,51.3,51.36,48.69,0.994,0.995,0.994,0.994,/tmpdir/crf_16.mpd,/videos/BigBuckBunny-2160.avi
7502,0.99231,10.99097,0.99793,48.1516,0.99965,0.85719,0.98386,0.99231,0.9956,100.0,0.83,0.51,0.51,1.0,48.92,51.02,51.08,48.15,0.993,0.994,0.994,0.992,/tmpdir/crf_16.mpd,/videos/BigBuckBunny-2160.avi
7503,0.99361,17.76493,0.99851,49.62063,0.99971,0.88793,0.98812,0.99411,0.99652,100.0,0.6,0.39,0.37,0.71,50.35,52.27,52.42,49.62,0.995,0.996,0.996,0.994,/tmpdir/crf_16.mpd,/videos/BigBuckBunny-2160.avi
7504,0.99394,19.23644,0.99861,50.6639,0.99972,0.89816,0.98888,0.99451,0.99678,100.0,0.47,0.28,0.3,0.56,51.42,53.62,53.41,50.66,0.995,0.997,0.996,0.995,/tmpdir/crf_16.mpd,/videos/BigBuckBunny-2160.avi
7505,0.9903,23.95318,0.99912,54.84439,0.99978,0.9578,0.99432,0.99682,0.99793,100.0,0.19,0.13,0.14,0.21,55.42,56.94,56.8,54.84,0.998,0.998,0.998,0.997,/tmpdir/crf_16.mpd,/videos/BigBuckBunny-2160.avi
7506,0.9848,23.95318,0.9993,56.30984,0.99981,0.98139,0.99768,0.99864,0.99903,100.0,0.13,0.1,0.1,0.15,56.84,58.27,58.05,56.31,0.998,0.999,0.998,0.998,/tmpdir/crf_16.mpd,/videos/BigBuckBunny-2160.avi
7507,0.99759,0.29941,0.99957,52.81025,0.99997,0.9486,0.99793,0.99909,0.99951,100.0,0.31,0.24,0.24,0.34,53.27,54.34,54.38,52.81,0.997,0.997,0.997,0.997,/tmpdir/crf_16.mpd,/videos/BigBuckBunny-2160.avi
7508,0.99704,0.29941,0.99945,52.00113,0.99993,0.9414,0.99691,0.99853,0.99919,100.0,0.37,0.28,0.28,0.41,52.49,53.69,53.65,52.0,0.997,0.997,0.996,0.997,/tmpdir/crf_16.mpd,/videos/BigBuckBunny-2160.avi
7509,0.99669,0.424,0.9994,51.64804,0.99992,0.9375,0.99623,0.99805,0.99879,100.0,0.4,0.29,0.3,0.44,52.16,53.44,53.41,51.65,0.997,0.997,0.996,0.997,/tmpdir/crf_16.mpd,/videos/BigBuckBunny-2160.avi
7510,0.99638,0.424,0.99936,51.45309,0.99991,0.93558,0.99598,0.99798,0.99878,100.0,0.41,0.31,0.31,0.47,51.98,53.28,53.26,51.45,0.997,0.997,0.996,0.997,/tmpdir/crf_16.mpd,/videos/BigBuckBunny-2160.avi
7511,0.99655,0.5292,0.99936,51.43511,0.99993,0.93436,0.99637,0.99833,0.99909,100.0,0.41,0.31,0.31,0.47,51.96,53.26,53.23,51.44,0.996,0.997,0.996,0.997,/tmpdir/crf_16.mpd,/videos/BigBuckBunny-2160.avi
7512,0.99621,0.5292,0.99931,51.21052,0.99991,0.93259,0.99573,0.99794,0.99884,100.0,0.44,0.32,0.32,0.49,51.74,53.06,53.02,51.21,0.996,0.996,0.996,0.996,/tmpdir/crf_16.mpd,/videos/BigBuckBunny-2160.avi
7513,0.99616,0.59741,0.99931,51.16476,0.99991,0.932,0.99571,0.99791,0.99881,100.0,0.44,0.32,0.33,0.5,51.7,53.02,53.0,51.16,0.996,0.996,0.996,0.996,/tmpdir/crf_16.mpd,/videos/BigBuckBunny-2160.avi
7514,0.99608,0.59741,0.99929,51.09107,0.9999,0.9309,0.99548,0.99778,0.99873,100.0,0.45,0.33,0.33,0.51,51.62,52.95,52.92,51.09,0.996,0.996,0.996,0.996,/tmpdir/crf_16.mpd,/videos/BigBuckBunny-2160.avi
7515,0.99632,0.46848,0.99932,51.19747,0.99992,0.93098,0.99599,0.99813,0.99898,100.0,0.44,0.32,0.32,0.49,51.72,53.01,53.01,51.2,0.996,0.996,0.996,0.996,/tmpdir/crf_16.mpd,/videos/BigBuckBunny-2160.avi
7516,0.99606,0.46848,0.99928,51.02957,0.9999,0.92992,0.99554,0.99783,0.99874,99.96693,0.45,0.34,0.34,0.51,51.55,52.85,52.82,51.03,0.996,0.996,0.996,0.996,/tmpdir/crf_16.mpd,/videos/BigBuckBunny-2160.avi
7517,0.99605,0.54995,0.99928,50.98755,0.9999,0.9295,0.99557,0.99787,0.99882,100.0,0.46,0.34,0.34,0.52,51.51,52.8,52.8,50.99,0.996,0.996,0.996,0.996,/tmpdir/crf_16.mpd,/videos/BigBuckBunny-2160.avi
7518,0.99603,0.54995,0.99925,50.90954,0.99989,0.92851,0.99536,0.99775,0.99871,99.98931,0.47,0.35,0.35,0.53,51.43,52.75,52.7,50.91,0.996,0.996,0.996,0.996,/tmpdir/crf_16.mpd,/videos/BigBuckBunny-2160.avi
7519,0.99629,0.42268,0.9993,51.04763,0.99992,0.92908,0.996,0.99817,0.99901,100.0,0.45,0.34,0.34,0.51,51.57,52.84,52.83,51.05,0.996,0.996,0.996,0.996,/tmpdir/crf_16.mpd,/videos/BigBuckBunny-2160.avi
7520,0.99604,0.42268,0.99924,50.83795,0.99989,0.9276,0.99545,0.99779,0.99874,99.93279,0.48,0.35,0.36,0.54,51.36,52.64,52.61,50.84,0.996,0.996,0.996,0.996,/tmpdir/crf_16.mpd,/videos/BigBuckBunny-2160.avi
7521,0.99615,0.40341,0.99925,50.85586,0.99989,0.92768,0.99544,0.99774,0.99869,99.93907,0.47,0.35,0.35,0.53,51.38,52.65,52.64,50.86,0.996,0.996,0.996,0.996,/tmpdir/crf_16.mpd,/videos/BigBuckBunny-2160.avi
7522,0.99604,0.40341,0.99923,50.80618,0.99989,0.92703,0.99526,0.99764,0.99862,99.90928,0.48,0.36,0.36,0.54,51.33,52.62,52.58,50.81,0.996,0.996,0.996,0.996,/tmpdir/crf_16.mpd,/videos/BigBuckBunny-2160.avi
7523,0.99625,0.44535,0.99927,50.93093,0.99992,0.92757,0.99577,0.99797,0.99885,99.99255,0.47,0.35,0.35,0.52,51.44,52.69,52.71,50.93,0.996,0.996,0.996,0.996,/tmpdir/crf_16.mpd,/videos/BigBuckBunny-2160.avi
7524,0.99607,0.44535,0.99923,50.75909,0.99989,0.9264,0.99521,0.99764,0.99862,99.93224,0.48,0.36,0.36,0.55,51.27,52.52,52.55,50.76,0.996,0.996,0.996,0.996,/tmpdir/crf_16.mpd,/videos/BigBuckBunny-2160.avi
7525,0.9961,0.53192,0.99923,50.77536,0.99989,0.92639,0.99531,0.99773,0.99872,99.98556,0.48,0.36,0.36,0.54,51.29,52.55,52.57,50.78,0.996,0.996,0.996,0.996,/tmpdir/crf_16.mpd,/videos/BigBuckBunny-2160.avi
7526,0.99584,0.53192,0.9992,50.71128,0.99988,0.92549,0.99499,0.9975,0.99851,99.91571,0.49,0.36,0.36,0.55,51.24,52.54,52.53,50.71,0.996,0.996,0.996,0.996,/tmpdir/crf_16.mpd,/videos/BigBuckBunny-2160.avi
7527,0.99611,0.38842,0.99925,50.89008,0.99991,0.92657,0.9957,0.99794,0.99882,99.93545,0.47,0.35,0.35,0.53,51.41,52.65,52.69,50.89,0.996,0.996,0.996,0.996,/tmpdir/crf_16.mpd,/videos/BigBuckBunny-2160.avi
7528,0.99589,0.38842,0.99921,50.73371,0.99989,0.92543,0.99511,0.99759,0.9986,99.86693,0.49,0.37,0.36,0.55,51.25,52.5,52.52,50.73,0.996,0.996,0.996,0.996,/tmpdir/crf_16.mpd,/videos/BigBuckBunny-2160.avi
7529,0.9958,0.35035,0.99921,50.71309,0.99989,0.92522,0.99508,0.99752,0.99852,99.82573,0.49,0.37,0.36,0.55,51.23,52.49,52.53,50.71,0.996,0.996,0.996,0.996,/tmpdir/crf_16.mpd,/videos/BigBuckBunny-2160.avi
7530,0.99561,0.35035,0.99919,50.63975,0.99988,0.92444,0.99483,0.99734,0.99839,99.77546,0.5,0.37,0.37,0.56,51.16,52.43,52.47,50.64,0.996,0.996,0.995,0.996,/tmpdir/crf_16.mpd,/videos/BigBuckBunny-2160.avi
7531,0.99595,0.2484,0.99924,50.82367,0.99991,0.92571,0.99561,0.99783,0.99873,99.83086,0.48,0.36,0.35,0.54,51.34,52.59,52.65,50.82,0.996,0.996,0.996,0.996,/tmpdir/crf_16.mpd,/videos/BigBuckBunny-2160.avi
7532,0.99579,0.2484,0.9992,50.67478,0.99988,0.92478,0.99507,0.99752,0.99852,99.77571,0.49,0.37,0.37,0.56,51.19,52.44,52.5,50.67,0.996,0.996,0.996,0.996,/tmpdir/crf_16.mpd,/videos/BigBuckBunny-2160.avi
7533,0.99583,0.2646,0.9992,50.63758,0.99988,0.92458,0.99511,0.99754,0.99855,99.79144,0.5,0.37,0.37,0.56,51.17,52.46,52.5,50.64,0.996,0.996,0.996,0.996,/tmpdir/crf_16.mpd,/videos/BigBuckBunny-2160.avi
7534,0.99568,0.2646,0.99918,50.5995,0.99988,0.92384,0.9949,0.99743,0.99847,99.75533,0.5,0.37,0.37,0.57,51.13,52.4,52.47,50.6,0.996,0.996,0.995,0.996,/tmpdir/crf_16.mpd,/videos/BigBuckBunny-2160.avi
7535,0.99589,0.3623,0.99921,50.71115,0.99991,0.92435,0.99543,0.99772,0.99861,99.85708,0.49,0.36,0.36,0.55,51.24,52.52,52.58,50.71,0.996,0.996,0.996,0.996,/tmpdir/crf_16.mpd,/videos/BigBuckBunny-2160.avi
7536,0.99562,0.3623,0.99917,50.51891,0.99987,0.92303,0.99483,0.99739,0.99843,99.78251,0.51,0.38,0.38,0.58,51.05,52.3,52.38,50.52,0.996,0.996,0.995,0.996,/tmpdir/crf_16.mpd,/videos/BigBuckBunny-2160.avi
7537,0.99548,0.36953,0.99917,50.50922,0.99987,0.92266,0.99464,0.99718,0.99825,99.74253,0.51,0.38,0.37,0.58,51.04,52.3,52.41,50.51,0.996,0.996,0.995,0.996,/tmpdir/crf_16.mpd,/videos/BigBuckBunny-2160.avi
7538,0.99546,0.36953,0.99915,50.44348,0.99987,0.92181,0.99445,0.99707,0.99814,99.72442,0.52,0.39,0.38,0.59,50.98,52.26,52.37,50.44,0.996,0.996,0.995,0.996,/tmpdir/crf_16.mpd,/videos/BigBuckBunny-2160.avi
7539,0.99582,0.27799,0.99919,50.59157,0.9999,0.92272,0.99517,0.99753,0.99847,99.78398,0.5,0.38,0.36,0.57,51.12,52.37,52.51,50.59,0.996,0.996,0.995,0.996,/tmpdir/crf_16.mpd,/videos/BigBuckBunny-2160.avi
7540,0.9955,0.27799,0.99915,50.40681,0.99987,0.92131,0.99447,0.99711,0.99821,99.69333,0.52,0.39,0.38,0.59,50.94,52.18,52.34,50.41,0.996,0.996,0.995,0.996,/tmpdir/crf_16.mpd,/videos/BigBuckBunny-2160.avi
7541,0.99544,0.33326,0.99915,50.38139,0.99987,0.92117,0.99443,0.99705,0.99815,99.70227,0.53,0.39,0.38,0.6,50.92,52.19,52.33,50.38,0.996,0.996,0.995,0.996,/tmpdir/crf_16.mpd,/videos/BigBuckBunny-2160.avi
7542,0.99537,0.33326,0.99913,50.34735,0.99986,0.92049,0.99422,0.99693,0.99808,99.67976,0.53,0.4,0.38,0.6,50.89,52.14,52.3,50.35,0.996,0.996,0.995,0.996,/tmpdir/crf_16.mpd,/videos/BigBuckBunny-2160.avi
7543,0.9957,0.33605,0.99917,50.49469,0.99989,0.92138,0.99496,0.99742,0.99842,99.77971,0.51,0.39,0.37,0.58,51.03,52.26,52.43,50.49,0.996,0.996,0.995,0.996,/tmpdir/crf_16.mpd,/videos/BigBuckBunny-2160.avi
7544,0.99538,0.33605,0.99913,50.36248,0.99987,0.92034,0.99426,0.99699,0.99814,99.68807,0.53,0.41,0.39,0.6,50.88,52.06,52.25,50.36,0.996,0.996,0.995,0.996,/tmpdir/crf_16.mpd,/videos/BigBuckBunny-2160.avi
7545,0.9954,0.29454,0.99912,50.27524,0.99986,0.91946,0.99402,0.99677,0.99794,99.64849,0.54,0.41,0.39,0.61,50.81,52.03,52.23,50.28,0.996,0.996,0.995,0.996,/tmpdir/crf_16.mpd,/videos/BigBuckBunny-2160.avi
7546,0.99518,0.29454,0.99909,50.20981,0.99985,0.91857,0.99379,0.99666,0.99788,99.60091,0.55,0.41,0.4,0.62,50.74,51.95,52.16,50.21,0.996,0.995,0.995,0.996,/tmpdir/crf_16.mpd,/videos/BigBuckBunny-2160.avi
7547,0.99566,0.28448,0.99912,50.3513,0.99988,0.9193,0.99463,0.99721,0.99827,99.72568,0.53,0.4,0.38,0.6,50.88,52.09,52.29,50.35,0.996,0.996,0.995,0.996,/tmpdir/crf_16.mpd,/videos/BigBuckBunny-2160.avi
7548,0.99516,0.28448,0.99908,50.18228,0.99985,0.91802,0.99382,0.99669,0.99792,99.59446,0.56,0.43,0.41,0.62,50.69,51.77,52.05,50.18,0.995,0.995,0.995,0.996,/tmpdir/crf_16.mpd,/videos/BigBuckBunny-2160.avi
7549,0.99526,0.25938,0.99908,50.134,0.99984,0.91777,0.99389,0.99673,0.99796,99.60213,0.56,0.43,0.41,0.63,50.65,51.8,52.05,50.13,0.995,0.995,0.995,0.996,/tmpdir/crf_16.mpd,/videos/BigBuckBunny-2160.avi
7550,0.99518,0.25938,0.99904,50.07034,0.99983,0.91667,0.9936,0.99654,0.99781,99.56903,0.57,0.44,0.41,0.64,50.59,51.74,51.98,50.07,0.995,0.995,0.995,0.995,/tmpdir/crf_16.mpd,/videos/BigBuckBunny-2160.avi
7551,0.99572,0.46457,0.99908,50.20615,0.99988,0.91687,0.99439,0.9971,0.99823,99.8036,0.55,0.42,0.4,0.62,50.72,51.88,52.1,50.21,0.995,0.995,0.995,0.995,/tmpdir/crf_16.mpd,/videos/BigBuckBunny-2160.avi
7552,0.99509,0.50042,0.99905,50.02729,0.99984,0.9156,0.9936,0.99659,0.99786,99.66486,0.58,0.45,0.42,0.65,50.53,51.62,51.88,50.03,0.995,0.995,0.995,0.995,/tmpdir/crf_16.mpd,/videos/BigBuckBunny-2160.avi
7553,0.99513,0.66473,0.99904,49.96962,0.99984,0.91503,0.99352,0.99655,0.99788,99.74731,0.58,0.44,0.42,0.65,50.5,51.67,51.93,49.97,0.995,0.995,0.995,0.995,/tmpdir/crf_16.mpd,/videos/BigBuckBunny-2160.avi
7554,0.99514,0.66473,0.99901,49.91519,0.99983,0.91395,0.99331,0.99649,0.99787,99.74424,0.59,0.45,0.42,0.66,50.44,51.61,51.87,49.92,0.995,0.995,0.995,0.995,/tmpdir/crf_16.mpd,/videos/BigBuckBunny-2160.avi
7555,0.99542,0.96039,0.99904,49.99663,0.99987,0.91337,0.99389,0.99684,0.99808,99.95497,0.58,0.44,0.42,0.65,50.52,51.7,51.95,50.0,0.995,0.995,0.995,0.995,/tmpdir/crf_16.mpd,/videos/BigBuckBunny-2160.avi
7556,0.99491,0.96039,0.999,49.87013,0.99984,0.91264,0.99311,0.99634,0.99774,99.82455,0.6,0.46,0.43,0.67,50.38,51.48,51.8,49.87,0.995,0.995,0.995,0.995,/tmpdir/crf_16.mpd,/videos/BigBuckBunny-2160.avi
7557,0.99462,1.17594,0.99898,49.75564,0.99983,0.91157,0.99311,0.99638,0.99783,99.88049,0.61,0.46,0.43,0.69,50.31,51.51,51.84,49.76,0.995,0.995,0.995,0.995,/tmpdir/crf_16.mpd,/videos/BigBuckBunny-2160.avi
7558,0.99446,1.17594,0.99893,49.63469,0.99981,0.90943,0.99261,0.99609,0.9976,99.82201,0.62,0.47,0.43,0.71,50.19,51.41,51.75,49.63,0.995,0.995,0.995,0.995,/tmpdir/crf_16.mpd,/videos/BigBuckBunny-2160.avi
7559,0.99506,1.45225,0.99898,49.84206,0.99986,0.91019,0.99342,0.99664,0.99794,100.0,0.59,0.45,0.42,0.67,50.39,51.61,51.91,49.84,0.995,0.995,0.995,0.995,/tmpdir/crf_16.mpd,/videos/BigBuckBunny-2160.avi
7560,0.99521,1.45225,0.99896,49.83008,0.99985,0.9104,0.99341,0.99664,0.99796,100.0,0.59,0.45,0.42,0.68,50.39,51.63,51.94,49.83,0.995,0.995,0.995,0.995,/tmpdir/crf_16.mpd,/videos/BigBuckBunny-2160.avi
7561,0.99683,1.56036,0.9994,51.44273,0.99995,0.93258,0.99702,0.99866,0.99929,100.0,0.42,0.33,0.33,0.47,51.89,52.89,53.01,51.44,0.996,0.996,0.996,0.997,/tmpdir/crf_16.mpd,/videos/BigBuckBunny-2160.avi
7562,0.99573,1.56036,0.99914,50.46635,0.99986,0.92183,0.9946,0.9972,0.99828,100.0,0.52,0.4,0.39,0.58,50.96,52.06,52.26,50.47,0.996,0.996,0.995,0.996,/tmpdir/crf_16.mpd,/videos/BigBuckBunny-2160.avi
7563,0.99545,1.92888,0.99906,50.15744,0.99985,0.91783,0.99419,0.9971,0.99832,100.0,0.55,0.41,0.4,0.63,50.7,51.97,52.14,50.16,0.995,0.995,0.995,0.996,/tmpdir/crf_16.mpd,/videos/BigBuckBunny-2160.avi
7564,0.99524,1.92888,0.99896,49.96131,0.99981,0.91449,0.99319,0.99655,0.99798,100.0,0.58,0.43,0.41,0.66,50.52,51.82,52.01,49.96,0.995,0.995,0.995,0.995,/tmpdir/crf_16.mpd,/videos/BigBuckBunny-2160.avi
7565,0.99534,2.47033,0.99901,50.07459,0.99987,0.91351,0.99363,0.99682,0.99815,100.0,0.56,0.42,0.4,0.64,50.63,51.93,52.1,50.07,0.995,0.995,0.995,0.995,/tmpdir/crf_16.mpd,/videos/BigBuckBunny-2160.avi
7566,0.99489,2.47033,0.99889,49.81793,0.9998,0.9111,0.99248,0.99618,0.99773,100.0,0.6,0.45,0.42,0.68,50.37,51.63,51.88,49.82,0.995,0.995,0.995,0.995,/tmpdir/crf_16.mpd,/videos/BigBuckBunny-2160.avi
7567,0.99483,2.44034,0.99889,49.84021,0.99981,0.91085,0.99251,0.99612,0.99768,100.0,0.59,0.44,0.41,0.67,50.41,51.71,51.96,49.84,0.995,0.995,0.995,0.995,/tmpdir/crf_16.mpd,/videos/BigBuckBunny-2160.avi
7568,0.99456,2.44034,0.99881,49.74261,0.99978,0.90914,0.9918,0.99572,0.9974,100.0,0.6,0.45,0.42,0.69,50.31,51.61,51.9,49.74,0.995,0.995,0.995,0.995,/tmpdir/crf_16.mpd,/videos/BigBuckBunny-2160.avi
7569,0.99502,2.56255,0.99894,50.08196,0.99986,0.91086,0.99313,0.99655,0.99795,100.0,0.56,0.42,0.4,0.64,50.63,51.88,52.13,50.08,0.995,0.995,0.995,0.995,/tmpdir/crf_16.mpd,/videos/BigBuckBunny-2160.avi
7570,0.99438,2.56255,0.9988,49.79194,0.99978,0.90801,0.99148,0.99551,0.9972,100.0,0.6,0.45,0.42,0.68,50.35,51.61,51.89,49.79,0.995,0.995,0.995,0.995,/tmpdir/crf_16.mpd,/videos/BigBuckBunny-2160.avi
7571,0.9946,2.47219,0.99882,49.81802,0.99979,0.9082,0.99202,0.9959,0.99757,100.0,0.59,0.44,0.41,0.68,50.39,51.69,51.96,49.82,0.995,0.995,0.995,0.995,/tmpdir/crf_16.mpd,/videos/BigBuckBunny-2160.avi
7572,0.99431,2.47219,0.99874,49.72984,0.99975,0.9063,0.99095,0.99518,0.997,100.0,0.61,0.45,0.42,0.69,50.3,51.6,51.9,49.73,0.995,0.995,0.995,0.995,/tmpdir/crf_16.mpd,/videos/BigBuckBunny-2160.avi
7573,0.99494,2.52386,0.9989,50.14256,0.99986,0.9093,0.99299,0.99653,0.99801,100.0,0.56,0.42,0.4,0.63,50.68,51.88,52.14,50.14,0.995,0.995,0.995,0.995,/tmpdir/crf_16.mpd,/videos/BigBuckBunny-2160.avi
7574,0.99439,2.52386,0.99876,49.82938,0.99976,0.90636,0.99103,0.99525,0.99705,100.0,0.6,0.45,0.42,0.68,50.38,51.6,51.91,49.83,0.995,0.995,0.995,0.995,/tmpdir/crf_16.mpd,/videos/BigBuckBunny-2160.avi
7575,0.99453,2.41828,0.99878,49.87098,0.99978,0.90673,0.99171,0.99576,0.99757,100.0,0.59,0.44,0.41,0.67,50.44,51.7,52.0,49.87,0.995,0.995,0.995,0.995,/tmpdir/crf_16.mpd,/videos/BigBuckBunny-2160.avi
7576,0.99421,2.41828,0.99872,49.76963,0.99975,0.90464,0.99085,0.99519,0.99706,100.0,0.6,0.45,0.42,0.69,50.34,51.64,51.92,49.77,0.995,0.995,0.995,0.995,/tmpdir/crf_16.mpd,/videos/BigBuckBunny-2160.avi
7577,0.99505,2.32471,0.99887,50.12754,0.99985,0.90732,0.99286,0.99648,0.99797,100.0,0.56,0.42,0.39,0.63,50.68,51.9,52.18,50.13,0.995,0.995,0.995,0.995,/tmpdir/crf_16.mpd,/videos/BigBuckBunny-2160.avi
7578,0.99449,2.32471,0.99874,49.80647,0.99976,0.90392,0.99073,0.99516,0.99707,100.0,0.6,0.45,0.42,0.68,50.36,51.6,51.9,49.81,0.995,0.995,0.995,0.995,/tmpdir/crf_16.mpd,/videos/BigBuckBunny-2160.avi
7579,0.99466,2.42721,0.99877,49.82664,0.99977,0.9042,0.99138,0.99554,0.99733,100.0,0.59,0.44,0.42,0.68,50.39,51.65,51.95,49.83,0.995,0.995,0.995,0.995,/tmpdir/crf_16.mpd,/videos/BigBuckBunny-2160.avi
7580,0.99408,2.42721,0.9987,49.68973,0.99975,0.90173,0.9904,0.99493,0.99689,100.0,0.61,0.45,0.42,0.7,50.27,51.56,51.89,49.69,0.995,0.995,0.995,0.995,/tmpdir/crf_16.mpd,/videos/BigBuckBunny-2160.avi
7581,0.99493,2.32913,0.99885,50.01494,0.99985,0.90428,0.99257,0.99637,0.9979,100.0,0.57,0.43,0.4,0.65,50.58,51.84,52.15,50.01,0.995,0.995,0.995,0.995,/tmpdir/crf_16.mpd,/videos/BigBuckBunny-2160.avi
7582,0.99404,2.32913,0.99872,49.73222,0.99976,0.90114,0.99036,0.9949,0.99682,100.0,0.61,0.46,0.42,0.69,50.3,51.53,51.91,49.73,0.995,0.995,0.995,0.995,/tmpdir/crf_16.mpd,/videos/BigBuckBunny-2160.avi
7583,0.99463,2.29132,0.99876,49.78145,0.99978,0.90186,0.99125,0.99554,0.99736,100.0,0.6,0.45,0.41,0.68,50.36,51.64,52.0,49.78,0.995,0.995,0.995,0.995,/tmpdir/crf_16.mpd,/videos/BigBuckBunny-2160.avi
7584,0.99406,2.29132,0.99868,49.64184,0.99974,0.89918,0.98999,0.99473,0.99676,100.0,0.62,0.45,0.42,0.71,50.23,51.57,51.92,49.64,0.995,0.995,0.995,0.994,/tmpdir/crf_16.mpd,/videos/BigBuckBunny-2160.avi
7585,0.99479,2.23984,0.99885,50.04052,0.99985,0.90261,0.99238,0.9963,0.99787,100.0,0.57,0.42,0.39,0.64,50.61,51.85,52.2,50.04,0.995,0.995,0.995,0.995,/tmpdir/crf_16.mpd,/videos/BigBuckBunny-2160.avi
7586,0.9937,2.23984,0.99869,49.68316,0.99975,0.89871,0.99012,0.9949,0.99691,100.0,0.61,0.45,0.41,0.7,50.27,51.59,51.96,49.68,0.995,0.995,0.995,0.994,/tmpdir/crf_16.mpd,/videos/BigBuckBunny-2160.avi
7587,0.99405,1.99931,0.99873,49.75539,0.99978,0.8995,0.99103,0.99546,0.99735,100.0,0.6,0.44,0.41,0.69,50.35,51.66,52.03,49.76,0.995,0.995,0.995,0.995,/tmpdir/crf_16.mpd,/videos/BigBuckBunny-2160.avi
7588,0.99356,1.99931,0.99867,49.63053,0.99975,0.89737,0.98976,0.99467,0.99676,99.93792,0.62,0.45,0.41,0.71,50.24,51.61,51.97,49.63,0.995,0.995,0.995,0.994,/tmpdir/crf_16.mpd,/videos/BigBuckBunny-2160.avi
7589,0.99466,1.77764,0.99884,50.00776,0.99986,0.90073,0.99246,0.99642,0.998,100.0,0.57,0.43,0.39,0.65,50.58,51.84,52.19,50.01,0.995,0.995,0.995,0.995,/tmpdir/crf_16.mpd,/videos/BigBuckBunny-2160.avi
7590,0.99369,1.77764,0.9987,49.67603,0.99976,0.89715,0.98985,0.99471,0.9968,99.85184,0.61,0.45,0.41,0.7,50.28,51.62,51.99,49.68,0.995,0.995,0.995,0.994,/tmpdir/crf_16.mpd,/videos/BigBuckBunny-2160.avi
7591,0.99409,1.54674,0.99873,49.73763,0.99978,0.89781,0.99105,0.99553,0.99741,99.87371,0.6,0.44,0.41,0.69,50.34,51.7,52.03,49.74,0.995,0.995,0.995,0.994,/tmpdir/crf_16.mpd,/videos/BigBuckBunny-2160.avi
7592,0.99367,1.54674,0.99869,49.63963,0.99976,0.89656,0.99001,0.99484,0.9969,99.74304,0.61,0.44,0.41,0.71,50.25,51.66,51.98,49.64,0.995,0.995,0.995,0.994,/tmpdir/crf_16.mpd,/videos/BigBuckBunny-2160.avi
7593,0.99463,1.2503,0.99885,50.0105,0.99986,0.90004,0.99275,0.9966,0.99813,99.90822,0.57,0.42,0.39,0.65,50.59,51.87,52.21,50.01,0.995,0.995,0.995,0.995,/tmpdir/crf_16.mpd,/videos/BigBuckBunny-2160.avi
7594,0.99359,1.2503,0.99873,49.70221,0.99977,0.897,0.99011,0.99488,0.99691,99.58632,0.61,0.44,0.41,0.7,50.3,51.65,52.0,49.7,0.995,0.995,0.995,0.995,/tmpdir/crf_16.mpd,/videos/BigBuckBunny-2160.avi
7595,0.994,1.04941,0.99876,49.77343,0.99979,0.89753,0.99095,0.9954,0.99725,99.60016,0.6,0.44,0.41,0.69,50.37,51.72,52.03,49.77,0.995,0.995,0.995,0.995,/tmpdir/crf_16.mpd,/videos/BigBuckBunny-2160.avi
7596,0.99353,1.04941,0.99873,49.69444,0.99977,0.89675,0.99008,0.99486,0.99691,99.4776,0.61,0.44,0.41,0.7,50.3,51.67,51.99,49.69,0.995,0.995,0.995,0.995,/tmpdir/crf_16.mpd,/videos/BigBuckBunny-2160.avi
7597,0.99452,0.89101,0.99885,49.9957,0.99986,0.89922,0.99268,0.99657,0.9981,99.70983,0.57,0.42,0.39,0.65,50.57,51.85,52.18,50.0,0.995,0.995,0.995,0.995,/tmpdir/crf_16.mpd,/videos/BigBuckBunny-2160.avi
7598,0.99328,0.89101,0.99875,49.74087,0.99979,0.89716,0.99036,0.995,0.99699,99.36668,0.6,0.44,0.41,0.69,50.34,51.69,52.01,49.74,0.995,0.995,0.995,0.995,/tmpdir/crf_16.mpd,/videos/BigBuckBunny-2160.avi
7599,0.99369,0.62125,0.99877,49.75234,0.9998,0.8969,0.99096,0.99541,0.99728,99.34217,0.6,0.44,0.41,0.69,50.35,51.71,52.03,49.75,0.995,0.995,0.995,0.995,/tmpdir/crf_16.mpd,/videos/BigBuckBunny-2160.avi
7600,0.99322,0.62125,0.99874,49.68375,0.99978,0.89594,0.99019,0.99496,0.99701,99.22349,0.61,0.45,0.41,0.7,50.28,51.64,51.96,49.68,0.995,0.995,0.995,0.995,/tmpdir/crf_16.mpd,/videos/BigBuckBunny-2160.avi
7601,0.99379,0.586,0.99879,49.7861,0.99984,0.89589,0.99194,0.99616,0.99785,99.39815,0.6,0.44,0.41,0.68,50.38,51.73,52.05,49.79,0.995,0.995,0.995,0.994,/tmpdir/crf_16.mpd,/videos/BigBuckBunny-2160.avi
7602,0.99289,0.586,0.99871,49.61681,0.99978,0.89448,0.98984,0.99475,0.99683,99.12758,0.62,0.45,0.42,0.71,50.21,51.56,51.89,49.62,0.995,0.995,0.995,0.994,/tmpdir/crf_16.mpd,/videos/BigBuckBunny-2160.avi
7603,0.99297,0.5655,0.99871,49.56422,0.99979,0.89361,0.9901,0.99502,0.99706,99.15277,0.63,0.45,0.42,0.72,50.17,51.56,51.87,49.56,0.995,0.995,0.995,0.994,/tmpdir/crf_16.mpd,/videos/BigBuckBunny-2160.avi
7604,0.9923,0.5655,0.99866,49.43534,0.99977,0.89172,0.98916,0.99445,0.99662,98.98216,0.64,0.46,0.43,0.74,50.05,51.47,51.79,49.44,0.994,0.995,0.995,0.994,/tmpdir/crf_16.mpd,/videos/BigBuckBunny-2160.avi
7605,0.99245,0.48734,0.99864,49.3618,0.99979,0.88911,0.98965,0.99488,0.997,99.00073,0.65,0.46,0.43,0.75,50.0,51.5,51.81,49.36,0.994,0.995,0.995,0.994,/tmpdir/crf_16.mpd,/videos/BigBuckBunny-2160.avi
7606,0.99186,0.48734,0.99855,49.11764,0.99976,0.88671,0.9886,0.9943,0.99655,98.84424,0.68,0.47,0.44,0.8,49.79,51.44,51.72,49.12,0.994,0.995,0.995,0.994,/tmpdir/crf_16.mpd,/videos/BigBuckBunny-2160.avi
7607,0.99565,2.78261,0.9993,51.06896,0.99996,0.92452,0.99625,0.99839,0.99915,100.0,0.46,0.35,0.35,0.51,51.54,52.71,52.63,51.07,0.996,0.996,0.996,0.996,/tmpdir/crf_16.mpd,/videos/BigBuckBunny-2160.avi
7608,0.99307,2.78261,0.99892,49.58322,0.99989,0.90904,0.992,0.99609,0.99764,100.0,0.61,0.41,0.42,0.72,50.25,52.02,51.94,49.58,0.995,0.995,0.995,0.995,/tmpdir/crf_16.mpd,/videos/BigBuckBunny-2160.avi
7609,0.99363,3.67363,0.99889,49.69193,0.99989,0.90725,0.99166,0.99595,0.99763,100.0,0.61,0.42,0.44,0.7,50.29,51.9,51.7,49.69,0.995,0.995,0.995,0.995,/tmpdir/crf_16.mpd,/videos/BigBuckBunny-2160.avi
7610,0.9928,3.67363,0.99878,49.41408,0.99986,0.90314,0.9904,0.99529,0.99717,100.0,0.65,0.44,0.46,0.74,50.03,51.73,51.52,49.41,0.995,0.995,0.995,0.994,/tmpdir/crf_16.mpd,/videos/BigBuckBunny-2160.avi
7611,0.99457,4.99571,0.99893,49.95276,0.99991,0.90711,0.99241,0.99651,0.99806,100.0,0.58,0.42,0.43,0.66,50.5,51.92,51.78,49.95,0.995,0.995,0.995,0.995,/tmpdir/crf_16.mpd,/videos/BigBuckBunny-2160.avi
7612,0.99333,5.09138,0.99873,49.2838,0.99985,0.89986,0.98988,0.99508,0.99712,100.0,0.67,0.46,0.47,0.77,49.89,51.51,51.38,49.28,0.994,0.995,0.995,0.994,/tmpdir/crf_16.mpd,/videos/BigBuckBunny-2160.avi
7613,0.99277,5.61837,0.99875,49.29474,0.99987,0.89791,0.99052,0.99551,0.99745,100.0,0.67,0.46,0.48,0.76,49.89,51.48,51.35,49.29,0.994,0.995,0.995,0.994,/tmpdir/crf_16.mpd,/videos/BigBuckBunny-2160.avi
7614,0.99163,5.61837,0.9986,48.88866,0.99984,0.89224,0.98891,0.99466,0.99686,100.0,0.72,0.48,0.5,0.84,49.54,51.34,51.15,48.89,0.994,0.995,0.994,0.994,/tmpdir/crf_16.mpd,/videos/BigBuckBunny-2160.avi
7615,0.99329,5.88117,0.99885,49.6743,0.9999,0.90066,0.9919,0.99632,0.99798,100.0,0.62,0.44,0.46,0.7,50.22,51.66,51.53,49.67,0.994,0.995,0.995,0.994,/tmpdir/crf_16.mpd,/videos/BigBuckBunny-2160.avi
7616,0.99132,5.88117,0.99861,48.8449,0.99985,0.8905,0.98927,0.99488,0.99699,100.0,0.73,0.48,0.5,0.85,49.49,51.27,51.1,48.84,0.994,0.995,0.994,0.994,/tmpdir/crf_16.mpd,/videos/BigBuckBunny-2160.avi
7617,0.9919,4.71136,0.99869,48.94792,0.99987,0.89129,0.99037,0.99552,0.99747,100.0,0.72,0.49,0.5,0.83,49.57,51.25,51.11,48.95,0.994,0.995,0.994,0.994,/tmpdir/crf_16.mpd,/videos/BigBuckBunny-2160.avi
7618,0.99121,4.71136,0.99859,48.75009,0.99984,0.8894,0.98901,0.99473,0.99689,100.0,0.75,0.5,0.51,0.87,49.4,51.17,51.02,48.75,0.994,0.995,0.994,0.993,/tmpdir/crf_16.mpd,/videos/BigBuckBunny-2160.avi
7619,0.99355,5.64895,0.99882,49.65743,0.9999,0.89943,0.99173,0.99626,0.99795,100.0,0.62,0.45,0.46,0.7,50.2,51.6,51.47,49.66,0.994,0.995,0.995,0.994,/tmpdir/crf_16.mpd,/videos/BigBuckBunny-2160.avi
7620,0.99132,5.64895,0.99858,48.94766,0.99984,0.89081,0.98886,0.99458,0.99676,100.0,0.72,0.49,0.5,0.83,49.58,51.27,51.14,48.95,0.994,0.995,0.994,0.994,/tmpdir/crf_16.mpd,/videos/BigBuckBunny-2160.avi
7621,0.99251,5.84825,0.99868,49.22388,0.99986,0.89317,0.99011,0.99534,0.99732,100.0,0.68,0.47,0.48,0.78,49.83,51.44,51.3,49.22,0.994,0.995,0.995,0.994,/tmpdir/crf_16.mpd,/videos/BigBuckBunny-2160.avi
7622,0.99085,5.84825,0.99849,48.65791,0.99984,0.88435,0.98876,0.99464,0.99684,100.0,0.75,0.49,0.5,0.89,49.35,51.25,51.15,48.66,0.994,0.995,0.994,0.993,/tmpdir/crf_16.mpd,/videos/BigBuckBunny-2160.avi
7623,0.99325,5.08795,0.99876,49.45393,0.9999,0.8937,0.99198,0.99646,0.99807,100.0,0.64,0.44,0.46,0.74,50.06,51.67,51.54,49.45,0.994,0.995,0.995,0.994,/tmpdir/crf_16.mpd,/videos/BigBuckBunny-2160.avi
7624,0.9913,5.08795,0.99849,48.68666,0.99984,0.88437,0.9893,0.99502,0.99713,100.0,0.75,0.48,0.5,0.88,49.38,51.3,51.18,48.69,0.994,0.995,0.994,0.993,/tmpdir/crf_16.mpd,/videos/BigBuckBunny-2160.avi
7625,0.99176,3.99188,0.99858,48.80417,0.99987,0.88513,0.99033,0.99554,0.99747,100.0,0.73,0.48,0.49,0.86,49.49,51.35,51.24,48.8,0.994,0.995,0.994,0.993,/tmpdir/crf_16.mpd,/videos/BigBuckBunny-2160.avi
7626,0.99005,3.99188,0.99842,48.33383,0.99984,0.87706,0.98907,0.99494,0.99712,100.0,0.8,0.49,0.51,0.95,49.09,51.23,51.09,48.33,0.993,0.995,0.994,0.993,/tmpdir/crf_16.mpd,/videos/BigBuckBunny-2160.avi
7627,0.99288,3.16934,0.99876,49.19927,0.99991,0.89028,0.99258,0.99679,0.99831,100.0,0.67,0.45,0.46,0.78,49.85,51.62,51.47,49.2,0.994,0.995,0.995,0.994,/tmpdir/crf_16.mpd,/videos/BigBuckBunny-2160.avi
7628,0.99094,3.16934,0.99851,48.52451,0.99986,0.88087,0.99008,0.99546,0.99739,100.0,0.77,0.48,0.5,0.91,49.25,51.32,51.14,48.52,0.993,0.995,0.994,0.993,/tmpdir/crf_16.mpd,/videos/BigBuckBunny-2160.avi
7629,0.99178,3.47624,0.99862,48.82673,0.99987,0.88545,0.99057,0.99557,0.99743,100.0,0.73,0.47,0.49,0.85,49.51,51.39,51.25,48.83,0.994,0.995,0.994,0.993,/tmpdir/crf_16.mpd,/videos/BigBuckBunny-2160.avi
7630,0.99101,3.47624,0.99852,48.54464,0.99985,0.87985,0.98971,0.99523,0.99726,100.0,0.77,0.48,0.51,0.91,49.26,51.29,51.1,48.54,0.993,0.995,0.994,0.993,/tmpdir/crf_16.mpd,/videos/BigBuckBunny-2160.avi
7631,0.99249,3.62295,0.99873,49.05021,0.9999,0.88656,0.99207,0.99651,0.9981,100.0,0.69,0.46,0.47,0.81,49.71,51.53,51.37,49.05,0.994,0.995,0.995,0.993,/tmpdir/crf_16.mpd,/videos/BigBuckBunny-2160.avi
7632,0.99045,3.62295,0.99849,48.41078,0.99985,0.87755,0.98979,0.99533,0.99736,100.0,0.79,0.49,0.51,0.94,49.14,51.25,51.03,48.41,0.993,0.995,0.994,0.993,/tmpdir/crf_16.mpd,/videos/BigBuckBunny-2160.avi
7633,0.99142,3.52954,0.99856,48.52256,0.99987,0.8788,0.9907,0.99574,0.99755,100.0,0.78,0.49,0.51,0.91,49.24,51.25,51.07,48.52,0.993,0.995,0.994,0.993,/tmpdir/crf_16.mpd,/videos/BigBuckBunny-2160.avi
7634,0.99053,3.52954,0.99843,48.22543,0.99984,0.8742,0.9895,0.99516,0.99722,100.0,0.82,0.5,0.53,0.98,48.97,51.13,50.91,48.23,0.993,0.994,0.994,0.992,/tmpdir/crf_16.mpd,/videos/BigBuckBunny-2160.avi
7635,0.99248,6.33941,0.99862,49.03128,0.99989,0.88635,0.99093,0.99594,0.99777,100.0,0.7,0.46,0.48,0.81,49.69,51.48,51.32,49.03,0.994,0.995,0.994,0.993,/tmpdir/crf_16.mpd,/videos/BigBuckBunny-2160.avi
7636,0.99032,6.33941,0.99832,48.26741,0.99982,0.87408,0.98793,0.99432,0.99669,100.0,0.82,0.51,0.53,0.97,49.0,51.06,50.9,48.27,0.993,0.994,0.994,0.992,/tmpdir/crf_16.mpd,/videos/BigBuckBunny-2160.avi
7637,0.99161,7.03276,0.99851,48.66568,0.99985,0.88124,0.98931,0.9949,0.99701,100.0,0.76,0.49,0.51,0.88,49.35,51.23,51.08,48.67,0.993,0.995,0.994,0.993,/tmpdir/crf_16.mpd,/videos/BigBuckBunny-2160.avi
7638,0.99096,7.03276,0.99846,48.52054,0.99983,0.88022,0.98854,0.99451,0.99677,100.0,0.78,0.49,0.52,0.91,49.22,51.2,50.97,48.52,0.993,0.995,0.994,0.993,/tmpdir/crf_16.mpd,/videos/BigBuckBunny-2160.avi
7639,0.99326,4.72035,0.99872,49.24089,0.99989,0.88993,0.99165,0.99625,0.99792,100.0,0.67,0.46,0.47,0.77,49.86,51.52,51.4,49.24,0.994,0.995,0.995,0.994,/tmpdir/crf_16.mpd,/videos/BigBuckBunny-2160.avi
7640,0.99089,4.72035,0.99843,48.35406,0.99983,0.87801,0.98858,0.99464,0.99688,100.0,0.81,0.5,0.53,0.95,49.07,51.11,50.91,48.35,0.993,0.994,0.994,0.993,/tmpdir/crf_16.mpd,/videos/BigBuckBunny-2160.avi
7641,0.99235,4.10133,0.99848,48.51806,0.99985,0.8793,0.98944,0.99503,0.99711,100.0,0.78,0.5,0.52,0.91,49.21,51.14,50.96,48.52,0.993,0.994,0.994,0.993,/tmpdir/crf_16.mpd,/videos/BigBuckBunny-2160.avi
7642,0.99056,4.10133,0.99836,48.22515,0.99983,0.87546,0.98803,0.99434,0.99667,100.0,0.83,0.52,0.55,0.98,48.94,50.96,50.75,48.23,0.993,0.994,0.994,0.993,/tmpdir/crf_16.mpd,/videos/BigBuckBunny-2160.avi
7643,0.99282,4.49145,0.99864,48.91769,0.99989,0.88482,0.99088,0.99587,0.99767,100.0,0.72,0.5,0.52,0.83,49.53,51.18,51.01,48.92,0.994,0.994,0.994,0.993,/tmpdir/crf_16.mpd,/videos/BigBuckBunny-2160.avi
7644,0.99029,4.49145,0.99834,48.09961,0.99983,0.8733,0.98758,0.99419,0.99661,100.0,0.86,0.54,0.57,1.01,48.8,50.79,50.6,48.1,0.993,0.994,0.994,0.992,/tmpdir/crf_16.mpd,/videos/BigBuckBunny-2160.avi
7645,0.99167,4.82526,0.99843,48.26662,0.99985,0.87512,0.98868,0.99472,0.99696,100.0,0.83,0.54,0.56,0.97,48.94,50.84,50.63,48.27,0.993,0.994,0.994,0.993,/tmpdir/crf_16.mpd,/videos/BigBuckBunny-2160.avi
7646,0.98993,4.82526,0.99823,47.79423,0.99981,0.86766,0.98673,0.99378,0.99635,100.0,0.91,0.56,0.6,1.08,48.53,50.63,50.39,47.79,0.993,0.994,0.994,0.992,/tmpdir/crf_16.mpd,/videos/BigBuckBunny-2160.avi
7647,0.99265,6.65912,0.9986,48.92117,0.99987,0.88537,0.98948,0.99514,0.99726,100.0,0.73,0.51,0.53,0.83,49.5,51.04,50.88,48.92,0.994,0.994,0.994,0.993,/tmpdir/crf_16.mpd,/videos/BigBuckBunny-2160.avi
7648,0.99034,7.43179,0.99829,48.17563,0.99978,0.87647,0.9856,0.99297,0.99577,100.0,0.85,0.55,0.58,0.99,48.85,50.7,50.52,48.18,0.993,0.994,0.994,0.993,/tmpdir/crf_16.mpd,/videos/BigBuckBunny-2160.avi
7649,0.99076,4.87529,0.99831,48.21061,0.99982,0.87338,0.98662,0.99365,0.99628,100.0,0.84,0.55,0.58,0.98,48.87,50.72,50.49,48.21,0.993,0.994,0.994,0.992,/tmpdir/crf_16.mpd,/videos/BigBuckBunny-2160.avi
7650,0.98758,4.69075,0.99803,47.54428,0.99978,0.86085,0.98452,0.99266,0.99566,100.0,0.96,0.57,0.61,1.14,48.3,50.54,50.25,47.54,0.992,0.994,0.993,0.991,/tmpdir/crf_16.mpd,/videos/BigBuckBunny-2160.avi
7651,0.99006,3.8686,0.99824,48.01342,0.99983,0.86519,0.98645,0.99364,0.99637,100.0,0.88,0.56,0.59,1.03,48.71,50.68,50.44,48.01,0.993,0.994,0.993,0.992,/tmpdir/crf_16.mpd,/videos/BigBuckBunny-2160.avi
7652,0.98851,3.8686,0.99789,47.2165,0.99978,0.85209,0.98391,0.99255,0.99569,99.80481,1.02,0.58,0.63,1.23,48.03,50.47,50.17,47.22,0.992,0.994,0.993,0.991,/tmpdir/crf_16.mpd,/videos/BigBuckBunny-2160.avi
7653,0.99115,2.04285,0.99867,50.89604,0.99984,0.86502,0.99358,0.99756,0.99876,99.65916,0.43,0.23,0.22,0.53,51.82,54.5,54.74,50.9,0.994,0.997,0.997,0.993,/tmpdir/crf_16.mpd,/videos/BigBuckBunny-2160.avi
7654,0.98307,2.04285,0.99724,48.57829,0.99942,0.80572,0.9823,0.99244,0.99563,97.77208,0.69,0.27,0.25,0.9,49.75,53.83,54.1,48.58,0.992,0.996,0.996,0.99,/tmpdir/crf_16.mpd,/videos/BigBuckBunny-2160.avi
7655,0.9833,4.37395,0.99691,48.29665,0.99939,0.78773,0.97992,0.99137,0.99502,99.01964,0.74,0.29,0.27,0.96,49.46,53.51,53.75,48.3,0.991,0.996,0.996,0.989,/tmpdir/crf_16.mpd,/videos/BigBuckBunny-2160.avi
7656,0.98209,4.37931,0.9966,47.99371,0.99924,0.77771,0.97669,0.99002,0.99432,98.72478,0.79,0.31,0.29,1.03,49.17,53.18,53.55,47.99,0.991,0.996,0.996,0.988,/tmpdir/crf_16.mpd,/videos/BigBuckBunny-2160.avi
7657,0.9874,3.93681,0.99754,49.01118,0.99962,0.80598,0.98526,0.99418,0.99692,99.70356,0.63,0.28,0.26,0.82,50.11,53.65,54.03,49.01,0.992,0.996,0.996,0.99,/tmpdir/crf_16.mpd,/videos/BigBuckBunny-2160.avi
7658,0.98231,3.93681,0.99686,48.24402,0.99932,0.78448,0.97828,0.99073,0.99475,98.55564,0.75,0.32,0.29,0.97,49.38,53.09,53.57,48.24,0.991,0.996,0.996,0.989,/tmpdir/crf_16.mpd,/videos/BigBuckBunny-2160.avi
7659,0.98383,3.8881,0.99715,48.53243,0.99947,0.79345,0.98082,0.99186,0.99549,98.88031,0.71,0.31,0.28,0.91,49.64,53.15,53.73,48.53,0.992,0.996,0.996,0.989,/tmpdir/crf_16.mpd,/videos/BigBuckBunny-2160.avi
7660,0.98328,3.8881,0.99694,48.32655,0.99933,0.79064,0.97927,0.99109,0.99491,98.7225,0.74,0.33,0.28,0.96,49.44,52.96,53.62,48.33,0.991,0.996,0.996,0.989,/tmpdir/crf_16.mpd,/videos/BigBuckBunny-2160.avi
7661,0.98879,3.17079,0.99789,49.45007,0.99971,0.82439,0.98849,0.99555,0.99771,99.63394,0.58,0.28,0.25,0.74,50.5,53.67,54.17,49.45,0.993,0.996,0.996,0.991,/tmpdir/crf_16.mpd,/videos/BigBuckBunny-2160.avi
7662,0.98352,3.17079,0.99725,48.64857,0.99945,0.80118,0.98116,0.99189,0.99544,98.42758,0.69,0.31,0.28,0.89,49.74,53.16,53.72,48.65,0.992,0.996,0.996,0.99,/tmpdir/crf_16.mpd,/videos/BigBuckBunny-2160.avi
7663,0.98596,3.73544,0.99758,49.06431,0.99959,0.81421,0.98343,0.99299,0.99615,99.26316,0.63,0.3,0.27,0.81,50.12,53.32,53.86,49.06,0.992,0.996,0.996,0.99,/tmpdir/crf_16.mpd,/videos/BigBuckBunny-2160.avi
7664,0.98427,3.73544,0.99724,48.69077,0.99945,0.80403,0.98041,0.99156,0.99523,98.85696,0.69,0.32,0.28,0.88,49.77,53.09,53.7,48.69,0.992,0.996,0.996,0.99,/tmpdir/crf_16.mpd,/videos/BigBuckBunny-2160.avi
7665,0.98861,4.20017,0.99788,49.4987,0.99969,0.82808,0.98736,0.99502,0.99742,100.0,0.58,0.28,0.25,0.73,50.53,53.6,54.19,49.5,0.993,0.996,0.996,0.991,/tmpdir/crf_16.mpd,/videos/BigBuckBunny-2160.avi
7666,0.98549,4.20017,0.99721,48.67937,0.99947,0.80518,0.98116,0.99189,0.99541,99.35882,0.68,0.3,0.26,0.88,49.8,53.3,53.99,48.68,0.992,0.996,0.996,0.99,/tmpdir/crf_16.mpd,/videos/BigBuckBunny-2160.avi
7667,0.98391,4.15199,0.9971,48.56531,0.99944,0.79694,0.97855,0.99095,0.99502,98.99642,0.7,0.33,0.28,0.9,49.65,52.96,53.68,48.57,0.992,0.996,0.996,0.989,/tmpdir/crf_16.mpd,/videos/BigBuckBunny-2160.avi
7668,0.98753,4.15199,0.99758,49.09418,0.99963,0.81469,0.98414,0.99367,0.99676,99.83555,0.63,0.3,0.26,0.8,50.16,53.39,54.02,49.09,0.992,0.996,0.996,0.99,/tmpdir/crf_16.mpd,/videos/BigBuckBunny-2160.avi
7669,0.9921,5.16908,0.9987,51.1547,0.99984,0.87834,0.99305,0.99721,0.99855,100.0,0.41,0.24,0.2,0.5,52.05,54.41,55.02,51.15,0.995,0.997,0.997,0.994,/tmpdir/crf_16.mpd,/videos/BigBuckBunny-2160.avi
7670,0.98484,5.16908,0.99734,48.84583,0.99946,0.81795,0.98093,0.99169,0.99536,99.81658,0.66,0.3,0.26,0.85,49.95,53.39,54.02,48.85,0.992,0.996,0.996,0.99,/tmpdir/crf_16.mpd,/videos/BigBuckBunny-2160.avi
7671,0.98648,5.90768,0.99752,49.02686,0.99957,0.81996,0.98327,0.99294,0.99616,100.0,0.64,0.31,0.26,0.81,50.09,53.29,53.95,49.03,0.992,0.996,0.996,0.99,/tmpdir/crf_16.mpd,/videos/BigBuckBunny-2160.avi
7672,0.98213,5.90768,0.99706,48.51679,0.99939,0.80089,0.97832,0.99079,0.99486,99.71789,0.71,0.33,0.28,0.91,49.61,52.95,53.67,48.52,0.992,0.996,0.996,0.99,/tmpdir/crf_16.mpd,/videos/BigBuckBunny-2160.avi
7673,0.98701,6.51111,0.9977,49.30587,0.99964,0.82297,0.98504,0.994,0.99687,100.0,0.6,0.29,0.25,0.76,50.35,53.45,54.14,49.31,0.993,0.996,0.997,0.991,/tmpdir/crf_16.mpd,/videos/BigBuckBunny-2160.avi
7674,0.98113,6.51111,0.99684,48.27837,0.99934,0.79355,0.97699,0.99014,0.9944,99.86993,0.75,0.35,0.29,0.97,49.38,52.74,53.56,48.28,0.991,0.996,0.996,0.989,/tmpdir/crf_16.mpd,/videos/BigBuckBunny-2160.avi
7675,0.98415,6.86647,0.99723,48.71511,0.99952,0.80396,0.98041,0.99173,0.99545,100.0,0.68,0.33,0.28,0.87,49.78,52.93,53.67,48.72,0.992,0.996,0.996,0.99,/tmpdir/crf_16.mpd,/videos/BigBuckBunny-2160.avi
7676,0.9804,6.86647,0.9967,48.12732,0.99935,0.78529,0.97654,0.99006,0.99447,99.96676,0.78,0.35,0.3,1.0,49.24,52.66,53.4,48.13,0.991,0.996,0.996,0.988,/tmpdir/crf_16.mpd,/videos/BigBuckBunny-2160.avi
7677,0.98604,6.89374,0.99741,48.95508,0.99958,0.80734,0.98192,0.99262,0.99612,100.0,0.65,0.3,0.26,0.83,50.04,53.31,54.01,48.96,0.992,0.996,0.996,0.99,/tmpdir/crf_16.mpd,/videos/BigBuckBunny-2160.avi
7678,0.98069,6.89374,0.99658,47.97658,0.99934,0.77955,0.97388,0.98878,0.99381,99.96132,0.8,0.35,0.3,1.04,49.11,52.64,53.42,47.98,0.991,0.995,0.996,0.988,/tmpdir/crf_16.mpd,/videos/BigBuckBunny-2160.avi
7679,0.98389,6.5927,0.99703,48.40303,0.99951,0.79625,0.97919,0.9913,0.99533,100.0,0.73,0.33,0.29,0.94,49.49,52.9,53.46,48.4,0.991,0.996,0.996,0.989,/tmpdir/crf_16.mpd,/videos/BigBuckBunny-2160.avi
7680,0.98104,6.5927,0.99651,47.85969,0.99933,0.78137,0.97512,0.9894,0.99414,99.86783,0.82,0.36,0.31,1.06,48.99,52.63,53.21,47.86,0.99,0.995,0.996,0.988,/tmpdir/crf_16.mpd,/videos/BigBuckBunny-2160.avi
7681,0.98602,6.38376,0.9973,48.75292,0.99957,0.80558,0.98175,0.99265,0.99622,100.0,0.68,0.31,0.28,0.87,49.83,53.22,53.67,48.75,0.992,0.996,0.996,0.99,/tmpdir/crf_16.mpd,/videos/BigBuckBunny-2160.avi
7682,0.98028,6.38376,0.99638,47.7097,0.9993,0.77753,0.97343,0.98853,0.99357,99.54455,0.85,0.35,0.32,1.1,48.85,52.63,53.1,47.71,0.99,0.995,0.996,0.988,/tmpdir/crf_16.mpd,/videos/BigBuckBunny-2160.avi
7683,0.98392,6.20149,0.9968,48.08402,0.99947,0.79095,0.97821,0.99086,0.995,100.0,0.78,0.34,0.31,1.01,49.19,52.76,53.18,48.08,0.991,0.995,0.996,0.988,/tmpdir/crf_16.mpd,/videos/BigBuckBunny-2160.avi
7684,0.98028,6.20149,0.9963,47.58242,0.9993,0.77477,0.97322,0.98858,0.99368,99.43718,0.87,0.37,0.33,1.13,48.73,52.49,53.0,47.58,0.99,0.995,0.996,0.987,/tmpdir/crf_16.mpd,/videos/BigBuckBunny-2160.avi
7685,0.98608,6.287,0.99717,48.49135,0.99957,0.80223,0.98155,0.99254,0.99616,100.0,0.72,0.32,0.29,0.92,49.59,53.07,53.54,48.49,0.991,0.996,0.996,0.989,/tmpdir/crf_16.mpd,/videos/BigBuckBunny-2160.avi
7686,0.98031,6.287,0.99631,47.54445,0.99929,0.77688,0.9734,0.98856,0.99361,99.49183,0.88,0.37,0.32,1.14,48.69,52.44,53.08,47.54,0.99,0.995,0.996,0.987,/tmpdir/crf_16.mpd,/videos/BigBuckBunny-2160.avi
7687,0.98347,6.21044,0.99677,47.92581,0.99945,0.79225,0.97913,0.99118,0.99516,100.0,0.81,0.36,0.32,1.05,49.04,52.6,53.11,47.93,0.99,0.995,0.996,0.988,/tmpdir/crf_16.mpd,/videos/BigBuckBunny-2160.avi
7688,0.98152,6.21044,0.99638,47.49539,0.99929,0.78063,0.9747,0.98906,0.9938,99.67976,0.89,0.37,0.33,1.16,48.64,52.49,52.89,47.5,0.99,0.995,0.995,0.987,/tmpdir/crf_16.mpd,/videos/BigBuckBunny-2160.avi
7689,0.9874,6.04283,0.99742,48.62215,0.99963,0.81284,0.98437,0.9936,0.99659,100.0,0.7,0.32,0.3,0.89,49.69,53.09,53.38,48.62,0.992,0.996,0.996,0.99,/tmpdir/crf_16.mpd,/videos/BigBuckBunny-2160.avi
7690,0.98214,6.04283,0.99656,47.68171,0.99933,0.78875,0.97649,0.98978,0.99419,99.7288,0.86,0.37,0.33,1.11,48.81,52.49,52.94,47.68,0.99,0.995,0.995,0.988,/tmpdir/crf_16.mpd,/videos/BigBuckBunny-2160.avi
7691,0.9835,5.87296,0.99693,48.01177,0.99949,0.79797,0.98058,0.99178,0.9955,100.0,0.8,0.35,0.33,1.03,49.11,52.66,52.98,48.01,0.991,0.995,0.996,0.988,/tmpdir/crf_16.mpd,/videos/BigBuckBunny-2160.avi
7692,0.9818,5.87296,0.99664,47.72174,0.99936,0.79097,0.97747,0.99018,0.99439,99.587,0.85,0.37,0.34,1.1,48.84,52.48,52.85,47.72,0.99,0.995,0.995,0.988,/tmpdir/crf_16.mpd,/videos/BigBuckBunny-2160.avi
7693,0.98833,5.64766,0.99757,48.7852,0.99967,0.82076,0.98654,0.9947,0.99733,100.0,0.68,0.32,0.3,0.86,49.83,53.11,53.43,48.79,0.992,0.996,0.996,0.99,/tmpdir/crf_16.mpd,/videos/BigBuckBunny-2160.avi
7694,0.98349,5.64766,0.99687,47.98144,0.99939,0.80025,0.97939,0.991,0.99488,99.80236,0.8,0.36,0.33,1.03,49.08,52.57,53.0,47.98,0.991,0.995,0.996,0.989,/tmpdir/crf_16.mpd,/videos/BigBuckBunny-2160.avi
7695,0.98527,5.47478,0.99723,48.34053,0.99955,0.81025,0.98292,0.99272,0.99597,100.0,0.75,0.34,0.32,0.95,49.41,52.8,53.06,48.34,0.991,0.995,0.996,0.989,/tmpdir/crf_16.mpd,/videos/BigBuckBunny-2160.avi
7696,0.98326,5.47478,0.99701,48.12908,0.99943,0.80592,0.98055,0.99161,0.99531,99.7035,0.78,0.36,0.33,1.0,49.2,52.6,52.9,48.13,0.991,0.995,0.995,0.989,/tmpdir/crf_16.mpd,/videos/BigBuckBunny-2160.avi
7697,0.98956,5.23204,0.99792,49.26139,0.99974,0.83755,0.98935,0.99576,0.99773,100.0,0.61,0.31,0.29,0.77,50.25,53.28,53.5,49.26,0.992,0.996,0.996,0.991,/tmpdir/crf_16.mpd,/videos/BigBuckBunny-2160.avi
7698,0.98428,5.23204,0.99732,48.46343,0.9995,0.81754,0.98281,0.99262,0.9958,99.80631,0.73,0.35,0.32,0.93,49.5,52.69,53.03,48.46,0.992,0.995,0.996,0.99,/tmpdir/crf_16.mpd,/videos/BigBuckBunny-2160.avi
7699,0.98633,4.94736,0.99753,48.71915,0.99959,0.82348,0.98469,0.99335,0.9962,100.0,0.69,0.33,0.32,0.87,49.74,52.92,53.09,48.72,0.992,0.995,0.996,0.99,/tmpdir/crf_16.mpd,/videos/BigBuckBunny-2160.avi
7700,0.98419,4.94736,0.99738,48.51088,0.99949,0.81967,0.98252,0.99219,0.99542,99.58727,0.72,0.35,0.33,0.92,49.53,52.75,52.91,48.51,0.992,0.995,0.995,0.99,/tmpdir/crf_16.mpd,/videos/BigBuckBunny-2160.avi
7701,0.98964,4.67901,0.99809,49.5044,0.99976,0.84688,0.99061,0.99622,0.99796,100.0,0.58,0.3,0.29,0.73,50.46,53.33,53.49,49.5,0.993,0.996,0.996,0.991,/tmpdir/crf_16.mpd,/videos/BigBuckBunny-2160.avi
7702,0.9839,4.67901,0.99751,48.66313,0.99951,0.82538,0.98355,0.99261,0.9956,99.40809,0.7,0.34,0.32,0.88,49.68,52.8,53.03,48.66,0.992,0.995,0.996,0.99,/tmpdir/crf_16.mpd,/videos/BigBuckBunny-2160.avi
7703,0.98669,4.39771,0.99766,48.85846,0.9996,0.82968,0.98566,0.99369,0.99637,99.82118,0.67,0.33,0.32,0.85,49.86,52.98,53.08,48.86,0.992,0.995,0.995,0.99,/tmpdir/crf_16.mpd,/videos/BigBuckBunny-2160.avi
7704,0.98417,4.39771,0.99757,48.70272,0.99953,0.82809,0.98382,0.99268,0.99579,99.31044,0.7,0.34,0.33,0.88,49.7,52.79,52.94,48.7,0.992,0.995,0.995,0.99,/tmpdir/crf_16.mpd,/videos/BigBuckBunny-2160.avi
7705,0.99039,4.04152,0.99822,49.65398,0.99979,0.85238,0.99146,0.99657,0.99823,100.0,0.57,0.3,0.29,0.7,50.59,53.37,53.46,49.65,0.993,0.996,0.996,0.992,/tmpdir/crf_16.mpd,/videos/BigBuckBunny-2160.avi
7706,0.98459,4.04152,0.99769,48.84578,0.99954,0.83538,0.98504,0.99313,0.99593,99.21338,0.68,0.34,0.32,0.85,49.84,52.86,53.04,48.85,0.992,0.995,0.996,0.991,/tmpdir/crf_16.mpd,/videos/BigBuckBunny-2160.avi
7707,0.98624,3.76406,0.99777,48.88392,0.99962,0.83203,0.98635,0.99405,0.99668,99.41565,0.67,0.33,0.32,0.84,49.88,53.0,53.06,48.88,0.992,0.995,0.995,0.991,/tmpdir/crf_16.mpd,/videos/BigBuckBunny-2160.avi
7708,0.98373,3.76406,0.99767,48.68803,0.99956,0.82805,0.98474,0.99317,0.99612,98.90783,0.7,0.34,0.33,0.88,49.69,52.84,52.92,48.69,0.992,0.995,0.995,0.99,/tmpdir/crf_16.mpd,/videos/BigBuckBunny-2160.avi
7709,0.98957,3.4357,0.99819,49.42986,0.99979,0.84649,0.99137,0.99655,0.99823,100.0,0.6,0.31,0.3,0.74,50.38,53.26,53.33,49.43,0.993,0.996,0.996,0.991,/tmpdir/crf_16.mpd,/videos/BigBuckBunny-2160.avi
7710,0.98444,3.4357,0.99773,48.77159,0.99958,0.83097,0.98492,0.99307,0.99591,98.83725,0.69,0.34,0.33,0.86,49.76,52.81,52.94,48.77,0.992,0.995,0.995,0.991,/tmpdir/crf_16.mpd,/videos/BigBuckBunny-2160.avi
7711,0.98627,3.09554,0.99781,48.88531,0.99962,0.83297,0.98646,0.99402,0.99666,99.05138,0.67,0.33,0.32,0.84,49.88,52.97,53.06,48.89,0.992,0.995,0.995,0.991,/tmpdir/crf_16.mpd,/videos/BigBuckBunny-2160.avi
7712,0.98464,3.09554,0.99776,48.77139,0.99959,0.83229,0.98552,0.99348,0.99628,98.72437,0.69,0.34,0.33,0.86,49.76,52.79,52.94,48.77,0.992,0.995,0.995,0.991,/tmpdir/crf_16.mpd,/videos/BigBuckBunny-2160.avi
7713,0.98937,2.71967,0.99816,49.33979,0.99978,0.84567,0.99125,0.99638,0.99799,99.57281,0.61,0.31,0.31,0.76,50.3,53.22,53.26,49.34,0.993,0.996,0.995,0.991,/tmpdir/crf_16.mpd,/videos/BigBuckBunny-2160.avi
7714,0.98526,2.71967,0.99778,48.80167,0.99959,0.83422,0.98598,0.99371,0.99641,98.64933,0.68,0.34,0.33,0.86,49.78,52.78,52.91,48.8,0.992,0.995,0.995,0.991,/tmpdir/crf_16.mpd,/videos/BigBuckBunny-2160.avi
7715,0.98686,2.19976,0.9978,48.84106,0.99964,0.83364,0.98688,0.99414,0.99662,98.68076,0.68,0.33,0.33,0.85,49.83,52.93,53.01,48.84,0.992,0.995,0.995,0.991,/tmpdir/crf_16.mpd,/videos/BigBuckBunny-2160.avi
7716,0.98552,2.19976,0.99769,48.69019,0.99957,0.83213,0.98605,0.99378,0.99645,98.42119,0.7,0.35,0.34,0.88,49.68,52.72,52.81,48.69,0.992,0.995,0.995,0.991,/tmpdir/crf_16.mpd,/videos/BigBuckBunny-2160.avi
7717,0.98621,1.43149,0.99776,48.50428,0.99972,0.81868,0.98836,0.99526,0.99739,98.22333,0.72,0.33,0.32,0.92,49.56,52.97,53.05,48.5,0.992,0.995,0.995,0.99,/tmpdir/crf_16.mpd,/videos/BigBuckBunny-2160.avi
7718,0.98442,1.35911,0.99744,48.03614,0.99959,0.80633,0.98509,0.99386,0.99666,97.76399,0.8,0.35,0.34,1.02,49.12,52.67,52.78,48.04,0.991,0.995,0.995,0.989,/tmpdir/crf_16.mpd,/videos/BigBuckBunny-2160.avi
7719,0.98234,1.35911,0.99724,47.62631,0.9996,0.79094,0.98396,0.99339,0.99635,97.33864,0.86,0.35,0.34,1.12,48.77,52.71,52.8,47.63,0.99,0.995,0.995,0.988,/tmpdir/crf_16.mpd,/videos/BigBuckBunny-2160.avi
7720,0.99625,2.38531,0.99927,51.53618,0.99995,0.92778,0.99639,0.99842,0.99915,100.0,0.41,0.33,0.33,0.46,51.97,52.96,53.01,51.54,0.996,0.996,0.996,0.996,/tmpdir/crf_16.mpd,/videos/BigBuckBunny-2160.avi
7721,0.99367,2.04286,0.99891,50.13226,0.99987,0.91242,0.99298,0.99662,0.99801,100.0,0.55,0.4,0.4,0.63,50.7,52.15,52.13,50.13,0.995,0.996,0.995,0.995,/tmpdir/crf_16.mpd,/videos/BigBuckBunny-2160.avi
7722,0.99447,2.04286,0.99893,50.20242,0.99987,0.91257,0.99348,0.99696,0.99825,100.0,0.55,0.4,0.4,0.62,50.75,52.12,52.13,50.2,0.995,0.995,0.995,0.995,/tmpdir/crf_16.mpd,/videos/BigBuckBunny-2160.avi
7723,0.99436,2.385,0.99879,49.80846,0.99983,0.90695,0.99244,0.99652,0.99804,100.0,0.59,0.42,0.42,0.68,50.41,51.94,51.91,49.81,0.995,0.995,0.995,0.994,/tmpdir/crf_16.mpd,/videos/BigBuckBunny-2160.avi
7724,0.99626,2.385,0.99891,50.25004,0.99989,0.91056,0.9941,0.99751,0.99871,100.0,0.54,0.4,0.4,0.61,50.79,52.12,52.12,50.25,0.995,0.995,0.995,0.995,/tmpdir/crf_16.mpd,/videos/BigBuckBunny-2160.avi
7725,0.99332,2.21618,0.99872,49.57413,0.99982,0.90307,0.99177,0.99623,0.99788,100.0,0.62,0.44,0.44,0.72,50.18,51.69,51.72,49.57,0.994,0.995,0.995,0.994,/tmpdir/crf_16.mpd,/videos/BigBuckBunny-2160.avi
7726,0.99406,2.21618,0.99875,49.59726,0.99983,0.90271,0.99252,0.99679,0.99837,100.0,0.62,0.44,0.43,0.71,50.2,51.73,51.75,49.6,0.994,0.995,0.995,0.994,/tmpdir/crf_16.mpd,/videos/BigBuckBunny-2160.avi
7727,0.99321,2.08477,0.99861,49.22131,0.9998,0.89601,0.99162,0.99646,0.99817,100.0,0.67,0.46,0.46,0.78,49.87,51.54,51.55,49.22,0.994,0.995,0.995,0.994,/tmpdir/crf_16.mpd,/videos/BigBuckBunny-2160.avi
7728,0.99527,2.08477,0.99874,49.63293,0.99987,0.89953,0.99373,0.9978,0.99911,100.0,0.62,0.44,0.43,0.71,50.23,51.73,51.78,49.63,0.994,0.995,0.995,0.994,/tmpdir/crf_16.mpd,/videos/BigBuckBunny-2160.avi
7729,0.99198,2.98081,0.99859,49.18186,0.9998,0.89389,0.99051,0.99563,0.99759,100.0,0.68,0.47,0.46,0.79,49.82,51.42,51.52,49.18,0.994,0.995,0.995,0.994,/tmpdir/crf_16.mpd,/videos/BigBuckBunny-2160.avi
7730,0.99295,2.98081,0.99863,49.32311,0.99982,0.89505,0.99121,0.99607,0.99789,100.0,0.66,0.46,0.45,0.76,49.94,51.46,51.58,49.32,0.994,0.995,0.995,0.994,/tmpdir/crf_16.mpd,/videos/BigBuckBunny-2160.avi
7731,0.99215,3.18231,0.99856,49.21942,0.99979,0.89294,0.99022,0.99554,0.99752,100.0,0.68,0.48,0.46,0.78,49.83,51.32,51.46,49.22,0.994,0.995,0.995,0.994,/tmpdir/crf_16.mpd,/videos/BigBuckBunny-2160.avi
7732,0.99482,3.18231,0.99868,49.51426,0.99986,0.89468,0.993,0.99743,0.9989,100.0,0.64,0.46,0.45,0.73,50.1,51.5,51.63,49.51,0.994,0.995,0.995,0.994,/tmpdir/crf_16.mpd,/videos/BigBuckBunny-2160.avi
7733,0.98959,2.4891,0.99848,48.87592,0.99979,0.88577,0.98895,0.99476,0.99704,99.47345,0.73,0.5,0.49,0.84,49.51,51.1,51.23,48.88,0.994,0.994,0.994,0.993,/tmpdir/crf_16.mpd,/videos/BigBuckBunny-2160.avi
7734,0.99217,2.4891,0.99855,49.0464,0.99982,0.88796,0.99062,0.99593,0.99792,100.0,0.7,0.5,0.49,0.81,49.65,51.13,51.25,49.05,0.994,0.994,0.994,0.993,/tmpdir/crf_16.mpd,/videos/BigBuckBunny-2160.avi
7735,0.99054,3.3739,0.99838,48.77427,0.99978,0.88092,0.98885,0.99482,0.99706,100.0,0.75,0.52,0.51,0.86,49.4,50.97,51.08,48.77,0.993,0.994,0.994,0.993,/tmpdir/crf_16.mpd,/videos/BigBuckBunny-2160.avi
7736,0.99402,3.3739,0.99857,49.2709,0.99986,0.88692,0.99244,0.99725,0.99885,100.0,0.68,0.5,0.49,0.77,49.82,51.12,51.24,49.27,0.994,0.994,0.994,0.993,/tmpdir/crf_16.mpd,/videos/BigBuckBunny-2160.avi
7737,0.98829,2.86314,0.99835,48.65496,0.99977,0.87728,0.98722,0.99362,0.99622,99.33427,0.77,0.54,0.53,0.89,49.27,50.79,50.91,48.65,0.993,0.994,0.994,0.993,/tmpdir/crf_16.mpd,/videos/BigBuckBunny-2160.avi
7738,0.99074,2.86314,0.99843,48.81075,0.99981,0.87966,0.98982,0.99549,0.99763,99.91715,0.75,0.54,0.53,0.86,49.4,50.84,50.92,48.81,0.993,0.994,0.994,0.993,/tmpdir/crf_16.mpd,/videos/BigBuckBunny-2160.avi
7739,0.98855,2.28214,0.99823,48.38213,0.99977,0.86882,0.98747,0.99407,0.99662,99.09568,0.81,0.55,0.54,0.94,49.04,50.7,50.78,48.38,0.993,0.994,0.994,0.992,/tmpdir/crf_16.mpd,/videos/BigBuckBunny-2160.avi
7740,0.99286,2.28214,0.99843,48.84884,0.99985,0.87469,0.99184,0.997,0.9987,100.0,0.74,0.54,0.53,0.85,49.42,50.84,50.9,48.85,0.993,0.994,0.994,0.993,/tmpdir/crf_16.mpd,/videos/BigBuckBunny-2160.avi
7741,0.98705,3.04809,0.99825,48.44589,0.99976,0.86939,0.98622,0.99294,0.99566,99.14069,0.81,0.56,0.56,0.93,49.07,50.66,50.68,48.45,0.993,0.994,0.994,0.992,/tmpdir/crf_16.mpd,/videos/BigBuckBunny-2160.avi
7742,0.9904,3.04809,0.99836,48.72934,0.9998,0.87553,0.98953,0.99549,0.99771,99.9512,0.76,0.56,0.55,0.87,49.3,50.69,50.75,48.73,0.993,0.994,0.994,0.993,/tmpdir/crf_16.mpd,/videos/BigBuckBunny-2160.avi
7743,0.98944,3.23424,0.9982,48.50906,0.99976,0.86911,0.9871,0.99402,0.99664,99.75536,0.8,0.57,0.56,0.92,49.1,50.54,50.65,48.51,0.993,0.994,0.993,0.992,/tmpdir/crf_16.mpd,/videos/BigBuckBunny-2160.avi
7744,0.99296,3.23424,0.99841,48.97455,0.99985,0.8748,0.99138,0.99674,0.99851,100.0,0.73,0.55,0.54,0.82,49.5,50.74,50.83,48.97,0.993,0.994,0.993,0.993,/tmpdir/crf_16.mpd,/videos/BigBuckBunny-2160.avi
7745,0.98655,2.56259,0.99819,48.41157,0.99976,0.8661,0.98537,0.99245,0.99533,98.75333,0.81,0.57,0.57,0.94,49.02,50.55,50.6,48.41,0.993,0.994,0.993,0.992,/tmpdir/crf_16.mpd,/videos/BigBuckBunny-2160.avi
7746,0.9899,2.56259,0.99831,48.69847,0.9998,0.87202,0.98901,0.99529,0.9976,99.586,0.77,0.57,0.56,0.88,49.25,50.59,50.68,48.7,0.993,0.994,0.993,0.992,/tmpdir/crf_16.mpd,/videos/BigBuckBunny-2160.avi
7747,0.98916,4.21948,0.99817,48.50691,0.99975,0.86792,0.98678,0.99404,0.99681,100.0,0.8,0.58,0.57,0.92,49.09,50.53,50.61,48.51,0.993,0.994,0.993,0.992,/tmpdir/crf_16.mpd,/videos/BigBuckBunny-2160.avi
7748,0.9928,4.21948,0.99839,49.01736,0.99985,0.87382,0.99075,0.99643,0.9984,100.0,0.73,0.55,0.54,0.82,49.53,50.75,50.78,49.02,0.993,0.994,0.993,0.993,/tmpdir/crf_16.mpd,/videos/BigBuckBunny-2160.avi
7749,0.98745,3.39117,0.9981,48.29927,0.99974,0.86243,0.98453,0.99222,0.99534,99.34217,0.83,0.57,0.58,0.96,48.92,50.56,50.5,48.3,0.992,0.994,0.993,0.992,/tmpdir/crf_16.mpd,/videos/BigBuckBunny-2160.avi
7750,0.98958,3.39117,0.99825,48.6168,0.99979,0.86779,0.98825,0.99493,0.99741,99.93829,0.79,0.57,0.57,0.89,49.18,50.59,50.57,48.62,0.993,0.994,0.993,0.992,/tmpdir/crf_16.mpd,/videos/BigBuckBunny-2160.avi
7751,0.9887,4.01698,0.99806,48.33302,0.99974,0.8611,0.98614,0.99374,0.99658,100.0,0.83,0.57,0.58,0.95,48.95,50.54,50.51,48.33,0.992,0.993,0.993,0.992,/tmpdir/crf_16.mpd,/videos/BigBuckBunny-2160.avi
7752,0.99206,4.01698,0.99834,48.95717,0.99984,0.86936,0.99039,0.99629,0.99831,100.0,0.73,0.54,0.54,0.83,49.48,50.78,50.77,48.96,0.993,0.994,0.993,0.992,/tmpdir/crf_16.mpd,/videos/BigBuckBunny-2160.avi
7753,0.98627,4.36054,0.99806,48.3009,0.99974,0.85913,0.98457,0.99229,0.99531,99.6668,0.83,0.57,0.57,0.96,48.93,50.6,50.54,48.3,0.992,0.994,0.993,0.992,/tmpdir/crf_16.mpd,/videos/BigBuckBunny-2160.avi
7754,0.98955,4.36054,0.99819,48.5873,0.99978,0.86547,0.98779,0.99471,0.99726,100.0,0.79,0.56,0.57,0.9,49.17,50.63,50.61,48.59,0.993,0.994,0.993,0.992,/tmpdir/crf_16.mpd,/videos/BigBuckBunny-2160.avi
7755,0.98772,4.01231,0.99803,48.26595,0.99974,0.85863,0.98602,0.99383,0.99671,99.85852,0.84,0.57,0.57,0.97,48.91,50.59,50.56,48.27,0.992,0.993,0.993,0.992,/tmpdir/crf_16.mpd,/videos/BigBuckBunny-2160.avi
7756,0.9919,4.01231,0.99832,48.91957,0.99984,0.86713,0.99037,0.99629,0.99832,100.0,0.74,0.54,0.54,0.83,49.46,50.8,50.77,48.92,0.993,0.994,0.993,0.992,/tmpdir/crf_16.mpd,/videos/BigBuckBunny-2160.avi
7757,0.98437,3.82392,0.99791,48.07463,0.99973,0.85193,0.98387,0.99232,0.99553,99.03188,0.87,0.58,0.59,1.01,48.74,50.53,50.45,48.07,0.992,0.993,0.993,0.991,/tmpdir/crf_16.mpd,/videos/BigBuckBunny-2160.avi
7758,0.98884,3.82392,0.99803,48.34022,0.99976,0.85725,0.98689,0.99448,0.99722,99.99877,0.83,0.57,0.58,0.95,48.96,50.56,50.53,48.34,0.992,0.993,0.993,0.992,/tmpdir/crf_16.mpd,/videos/BigBuckBunny-2160.avi
7759,0.98633,4.20072,0.99784,48.02244,0.99972,0.84956,0.98496,0.9935,0.99662,99.68872,0.88,0.59,0.59,1.03,48.68,50.41,50.4,48.02,0.992,0.993,0.993,0.991,/tmpdir/crf_16.mpd,/videos/BigBuckBunny-2160.avi
7760,0.99129,4.20072,0.99813,48.62143,0.99981,0.858,0.98944,0.99603,0.99822,100.0,0.78,0.56,0.56,0.89,49.2,50.66,50.63,48.62,0.992,0.993,0.993,0.992,/tmpdir/crf_16.mpd,/videos/BigBuckBunny-2160.avi
7761,0.98507,3.13636,0.99771,47.86469,0.99969,0.84289,0.98354,0.99253,0.99582,98.78592,0.91,0.59,0.6,1.06,48.55,50.41,50.32,47.86,0.991,0.993,0.993,0.991,/tmpdir/crf_16.mpd,/videos/BigBuckBunny-2160.avi
7762,0.98672,3.13636,0.99779,48.02005,0.99972,0.8451,0.98544,0.99388,0.99686,99.1854,0.88,0.58,0.59,1.03,48.69,50.47,50.4,48.02,0.991,0.993,0.993,0.991,/tmpdir/crf_16.mpd,/videos/BigBuckBunny-2160.avi
7763,0.98744,4.0948,0.99766,47.89029,0.99967,0.84547,0.98454,0.99363,0.99675,99.82923,0.9,0.58,0.59,1.06,48.59,50.46,50.44,47.89,0.991,0.993,0.993,0.991,/tmpdir/crf_16.mpd,/videos/BigBuckBunny-2160.avi
7764,0.98913,4.0948,0.99779,48.07856,0.99975,0.84382,0.9869,0.99511,0.99788,100.0,0.87,0.57,0.58,1.01,48.76,50.58,50.52,48.08,0.991,0.993,0.993,0.991,/tmpdir/crf_16.mpd,/videos/BigBuckBunny-2160.avi
7765,0.98878,4.9587,0.99758,47.86862,0.99965,0.84369,0.98419,0.99384,0.99718,100.0,0.9,0.58,0.59,1.06,48.58,50.51,50.46,47.87,0.991,0.993,0.993,0.99,/tmpdir/crf_16.mpd,/videos/BigBuckBunny-2160.avi
7766,0.988,4.9587,0.99754,47.87159,0.99963,0.84433,0.98396,0.99387,0.99726,100.0,0.91,0.59,0.59,1.06,48.56,50.41,50.39,47.87,0.991,0.993,0.993,0.99,/tmpdir/crf_16.mpd,/videos/BigBuckBunny-2160.avi
7767,0.98703,5.80892,0.99744,47.5942,0.99966,0.83359,0.98353,0.99395,0.9975,100.0,0.95,0.6,0.6,1.13,48.34,50.38,50.35,47.59,0.991,0.993,0.993,0.99,/tmpdir/crf_16.mpd,/videos/BigBuckBunny-2160.avi
7768,0.99512,1.34032,0.99911,51.86596,0.99992,0.91141,0.99641,0.99857,0.99928,100.0,0.36,0.23,0.21,0.42,52.62,54.56,54.82,51.87,0.996,0.997,0.997,0.995,/tmpdir/crf_16.mpd,/videos/BigBuckBunny-2160.avi
7769,0.98687,0.42241,0.99807,48.73754,0.99973,0.83334,0.98815,0.99498,0.9973,97.85819,0.67,0.3,0.27,0.87,49.84,53.39,53.82,48.74,0.993,0.996,0.996,0.991,/tmpdir/crf_16.mpd,/videos/BigBuckBunny-2160.avi
7770,0.98889,0.42241,0.99821,49.24266,0.99973,0.84998,0.98927,0.9954,0.99749,98.27878,0.61,0.29,0.26,0.77,50.29,53.54,53.93,49.24,0.993,0.996,0.996,0.992,/tmpdir/crf_16.mpd,/videos/BigBuckBunny-2160.avi
7771,0.98925,0.3768,0.99821,49.2915,0.99972,0.85422,0.98905,0.99523,0.99741,98.32272,0.6,0.29,0.27,0.77,50.32,53.45,53.85,49.29,0.993,0.996,0.996,0.992,/tmpdir/crf_16.mpd,/videos/BigBuckBunny-2160.avi
7772,0.99099,0.3768,0.99836,49.62579,0.99978,0.86179,0.99119,0.99631,0.99804,98.72217,0.56,0.27,0.25,0.71,50.65,53.79,54.08,49.63,0.994,0.996,0.996,0.992,/tmpdir/crf_16.mpd,/videos/BigBuckBunny-2160.avi
7773,0.98909,0.5344,0.99821,49.41506,0.99969,0.86153,0.98905,0.99507,0.99721,98.37003,0.59,0.3,0.27,0.74,50.42,53.4,53.79,49.42,0.994,0.996,0.996,0.992,/tmpdir/crf_16.mpd,/videos/BigBuckBunny-2160.avi
7774,0.99029,0.55517,0.99819,49.46344,0.99969,0.86231,0.98941,0.99528,0.99742,98.61446,0.59,0.3,0.27,0.74,50.46,53.4,53.79,49.46,0.993,0.996,0.996,0.992,/tmpdir/crf_16.mpd,/videos/BigBuckBunny-2160.avi
7775,0.98976,0.49433,0.99814,49.33206,0.99969,0.85862,0.98935,0.99537,0.99749,98.48883,0.6,0.3,0.28,0.76,50.34,53.37,53.73,49.33,0.993,0.996,0.996,0.992,/tmpdir/crf_16.mpd,/videos/BigBuckBunny-2160.avi
7776,0.99222,0.49433,0.99837,49.7869,0.99979,0.86713,0.99235,0.99681,0.9983,99.04049,0.55,0.28,0.26,0.68,50.76,53.67,53.96,49.79,0.994,0.996,0.996,0.992,/tmpdir/crf_16.mpd,/videos/BigBuckBunny-2160.avi
7777,0.99544,0.65574,0.9991,51.68288,0.99992,0.90748,0.99636,0.99855,0.99925,99.92188,0.37,0.23,0.22,0.44,52.46,54.49,54.71,51.68,0.995,0.997,0.997,0.995,/tmpdir/crf_16.mpd,/videos/BigBuckBunny-2160.avi
7778,0.99172,0.65574,0.99844,49.88186,0.99975,0.87444,0.99109,0.99607,0.99793,99.00368,0.53,0.28,0.25,0.67,50.86,53.72,54.09,49.88,0.994,0.996,0.996,0.993,/tmpdir/crf_16.mpd,/videos/BigBuckBunny-2160.avi
7779,0.99043,0.84172,0.99838,49.69491,0.99974,0.869,0.99054,0.99582,0.99775,98.83042,0.56,0.29,0.26,0.7,50.67,53.5,53.94,49.69,0.994,0.996,0.996,0.993,/tmpdir/crf_16.mpd,/videos/BigBuckBunny-2160.avi
7780,0.98919,0.84172,0.99821,49.41951,0.99968,0.8636,0.98923,0.99505,0.99719,98.53949,0.59,0.31,0.28,0.74,50.4,53.27,53.73,49.42,0.994,0.996,0.996,0.992,/tmpdir/crf_16.mpd,/videos/BigBuckBunny-2160.avi
7781,0.99311,1.06478,0.99839,49.74653,0.99979,0.87151,0.99285,0.99698,0.99837,99.49409,0.55,0.27,0.26,0.69,50.74,53.75,54.05,49.75,0.994,0.996,0.996,0.992,/tmpdir/crf_16.mpd,/videos/BigBuckBunny-2160.avi
7782,0.99033,1.06478,0.99808,49.23507,0.99964,0.85949,0.98865,0.99481,0.99706,98.82395,0.62,0.32,0.29,0.78,50.21,53.04,53.52,49.24,0.993,0.996,0.996,0.992,/tmpdir/crf_16.mpd,/videos/BigBuckBunny-2160.avi
7783,0.98993,1.31767,0.99809,49.26715,0.99967,0.85929,0.98901,0.99505,0.9972,98.89298,0.61,0.31,0.28,0.77,50.26,53.17,53.61,49.27,0.993,0.996,0.996,0.992,/tmpdir/crf_16.mpd,/videos/BigBuckBunny-2160.avi
7784,0.99026,1.31767,0.99798,49.07666,0.99963,0.85487,0.98821,0.99469,0.99698,98.91629,0.64,0.34,0.3,0.8,50.05,52.85,53.37,49.08,0.993,0.996,0.996,0.991,/tmpdir/crf_16.mpd,/videos/BigBuckBunny-2160.avi
7785,0.99148,1.57577,0.99817,49.33745,0.99976,0.86036,0.99117,0.99617,0.9979,99.37641,0.6,0.29,0.27,0.76,50.35,53.44,53.79,49.34,0.993,0.996,0.996,0.992,/tmpdir/crf_16.mpd,/videos/BigBuckBunny-2160.avi
7786,0.98839,1.57577,0.99789,48.91287,0.99963,0.84936,0.98724,0.99419,0.99667,98.66862,0.67,0.35,0.3,0.84,49.9,52.75,53.3,48.91,0.993,0.996,0.996,0.991,/tmpdir/crf_16.mpd,/videos/BigBuckBunny-2160.avi
7787,0.9886,2.26677,0.99782,48.79223,0.99964,0.84603,0.98715,0.99412,0.99664,99.04942,0.68,0.34,0.3,0.86,49.82,52.87,53.36,48.79,0.992,0.996,0.996,0.991,/tmpdir/crf_16.mpd,/videos/BigBuckBunny-2160.avi
7788,0.98652,2.26677,0.99756,48.4113,0.99956,0.8342,0.98409,0.99284,0.99597,98.58079,0.74,0.37,0.33,0.94,49.43,52.43,52.99,48.41,0.992,0.995,0.996,0.99,/tmpdir/crf_16.mpd,/videos/BigBuckBunny-2160.avi
7789,0.9903,5.2927,0.9977,48.6195,0.9997,0.83768,0.9873,0.99457,0.99706,100.0,0.7,0.34,0.31,0.89,49.66,52.82,53.28,48.62,0.992,0.996,0.996,0.99,/tmpdir/crf_16.mpd,/videos/BigBuckBunny-2160.avi
7790,0.98728,5.53412,0.99737,48.36767,0.99954,0.82653,0.98101,0.99141,0.99512,100.0,0.75,0.39,0.34,0.95,49.36,52.23,52.77,48.37,0.992,0.995,0.995,0.99,/tmpdir/crf_16.mpd,/videos/BigBuckBunny-2160.avi
7791,0.98867,7.9397,0.99777,49.03553,0.99968,0.84231,0.98411,0.99282,0.99597,100.0,0.66,0.36,0.32,0.81,49.96,52.52,53.01,49.04,0.992,0.995,0.996,0.991,/tmpdir/crf_16.mpd,/videos/BigBuckBunny-2160.avi
7792,0.98799,7.9397,0.99749,48.72598,0.99957,0.83533,0.98114,0.99142,0.9951,100.0,0.7,0.39,0.34,0.87,49.66,52.26,52.78,48.73,0.992,0.995,0.995,0.99,/tmpdir/crf_16.mpd,/videos/BigBuckBunny-2160.avi
7793,0.99066,11.25019,0.99815,49.78764,0.99975,0.85948,0.986,0.99385,0.99666,100.0,0.56,0.33,0.3,0.68,50.66,53.0,53.41,49.79,0.994,0.996,0.996,0.992,/tmpdir/crf_16.mpd,/videos/BigBuckBunny-2160.avi
7794,0.98854,11.25019,0.99748,48.84044,0.99955,0.84135,0.97961,0.99061,0.99466,100.0,0.68,0.37,0.33,0.85,49.78,52.42,52.89,48.84,0.992,0.995,0.996,0.991,/tmpdir/crf_16.mpd,/videos/BigBuckBunny-2160.avi
7795,0.98697,13.97422,0.99745,48.8028,0.99954,0.83838,0.97792,0.98977,0.99421,100.0,0.7,0.39,0.36,0.86,49.7,52.17,52.61,48.8,0.992,0.995,0.995,0.991,/tmpdir/crf_16.mpd,/videos/BigBuckBunny-2160.avi
7796,0.99193,13.97422,0.99789,49.50762,0.99967,0.85134,0.98198,0.99193,0.99562,100.0,0.6,0.36,0.32,0.73,50.36,52.62,53.04,49.51,0.993,0.996,0.996,0.992,/tmpdir/crf_16.mpd,/videos/BigBuckBunny-2160.avi
7797,0.98947,13.72845,0.99733,48.71532,0.99949,0.83743,0.97622,0.98888,0.99361,100.0,0.72,0.42,0.38,0.87,49.58,51.87,52.31,48.72,0.992,0.995,0.995,0.991,/tmpdir/crf_16.mpd,/videos/BigBuckBunny-2160.avi
7798,0.98989,13.72845,0.99768,49.16638,0.99962,0.84547,0.97987,0.99092,0.99502,100.0,0.65,0.4,0.36,0.79,49.99,52.14,52.56,49.17,0.993,0.995,0.995,0.992,/tmpdir/crf_16.mpd,/videos/BigBuckBunny-2160.avi
7799,0.98879,14.72542,0.99716,48.40739,0.99945,0.83094,0.97513,0.98853,0.99354,100.0,0.77,0.44,0.41,0.94,49.28,51.66,52.03,48.41,0.992,0.995,0.995,0.99,/tmpdir/crf_16.mpd,/videos/BigBuckBunny-2160.avi
7800,0.99017,14.72542,0.99758,48.91308,0.9996,0.83981,0.97883,0.99051,0.99485,100.0,0.69,0.41,0.38,0.84,49.75,52.0,52.36,48.91,0.993,0.995,0.995,0.991,/tmpdir/crf_16.mpd,/videos/BigBuckBunny-2160.avi
7801,0.9885,15.63769,0.99751,48.77816,0.9996,0.83694,0.97981,0.99109,0.99518,100.0,0.71,0.42,0.38,0.86,49.64,51.89,52.38,48.78,0.992,0.995,0.995,0.991,/tmpdir/crf_16.mpd,/videos/BigBuckBunny-2160.avi
7802,0.98756,15.63769,0.99738,48.54048,0.99959,0.82874,0.97939,0.99097,0.99511,100.0,0.74,0.43,0.38,0.91,49.43,51.8,52.3,48.54,0.992,0.995,0.995,0.99,/tmpdir/crf_16.mpd,/videos/BigBuckBunny-2160.avi
7803,0.98559,12.30449,0.99675,47.7147,0.99939,0.80411,0.97443,0.98832,0.99329,100.0,0.88,0.46,0.41,1.1,48.7,51.55,52.03,47.71,0.991,0.994,0.995,0.989,/tmpdir/crf_16.mpd,/videos/BigBuckBunny-2160.avi
7804,0.98804,12.30449,0.99757,48.48861,0.99967,0.82055,0.98291,0.99264,0.99609,100.0,0.75,0.41,0.38,0.92,49.41,51.97,52.37,48.49,0.992,0.995,0.995,0.99,/tmpdir/crf_16.mpd,/videos/BigBuckBunny-2160.avi
7805,0.98324,12.14675,0.99622,46.6517,0.99932,0.76921,0.97468,0.98863,0.99347,100.0,1.1,0.51,0.45,1.41,47.73,51.03,51.62,46.65,0.989,0.994,0.994,0.986,/tmpdir/crf_16.mpd,/videos/BigBuckBunny-2160.avi
7806,0.98416,12.14675,0.9966,46.93934,0.99947,0.77593,0.97837,0.99059,0.99475,100.0,1.03,0.49,0.43,1.32,48.0,51.27,51.77,46.94,0.989,0.994,0.994,0.987,/tmpdir/crf_16.mpd,/videos/BigBuckBunny-2160.avi
7807,0.98264,11.40759,0.99659,46.93502,0.99942,0.78014,0.97671,0.98953,0.99403,100.0,1.04,0.51,0.44,1.32,47.98,51.09,51.71,46.94,0.989,0.994,0.994,0.987,/tmpdir/crf_16.mpd,/videos/BigBuckBunny-2160.avi
7808,0.98625,11.40759,0.9972,47.59583,0.99965,0.79819,0.98342,0.99305,0.9963,100.0,0.9,0.46,0.41,1.13,48.59,51.47,51.98,47.6,0.99,0.994,0.995,0.988,/tmpdir/crf_16.mpd,/videos/BigBuckBunny-2160.avi
7809,0.98291,10.41327,0.99668,47.04294,0.99939,0.78895,0.97644,0.98915,0.99363,100.0,1.02,0.52,0.45,1.28,48.05,50.95,51.6,47.04,0.99,0.994,0.994,0.987,/tmpdir/crf_16.mpd,/videos/BigBuckBunny-2160.avi
7810,0.98478,10.41327,0.99692,47.27029,0.99948,0.79762,0.97968,0.99078,0.99464,100.0,0.97,0.5,0.43,1.22,48.27,51.13,51.75,47.27,0.99,0.994,0.994,0.988,/tmpdir/crf_16.mpd,/videos/BigBuckBunny-2160.avi
7811,0.98467,9.11374,0.99715,47.374,0.9995,0.80748,0.97998,0.99066,0.9946,100.0,0.95,0.5,0.43,1.19,48.36,51.17,51.8,47.37,0.99,0.994,0.994,0.989,/tmpdir/crf_16.mpd,/videos/BigBuckBunny-2160.avi
7812,0.98963,9.11374,0.99796,48.44289,0.99979,0.83263,0.98893,0.99538,0.9975,100.0,0.76,0.44,0.39,0.93,49.33,51.73,52.23,48.44,0.992,0.995,0.995,0.99,/tmpdir/crf_16.mpd,/videos/BigBuckBunny-2160.avi
7813,0.98646,7.82173,0.99745,47.78951,0.99957,0.81965,0.98297,0.99224,0.99559,100.0,0.87,0.5,0.42,1.08,48.71,51.15,51.91,47.79,0.991,0.994,0.995,0.99,/tmpdir/crf_16.mpd,/videos/BigBuckBunny-2160.avi
7814,0.98706,7.82173,0.99755,47.88425,0.99963,0.82142,0.9849,0.99324,0.99608,100.0,0.85,0.48,0.41,1.06,48.82,51.34,52.04,47.88,0.991,0.994,0.995,0.99,/tmpdir/crf_16.mpd,/videos/BigBuckBunny-2160.avi
7815,0.98491,7.44311,0.99744,47.89295,0.99955,0.82446,0.98259,0.99198,0.99534,100.0,0.85,0.48,0.4,1.06,48.83,51.31,52.06,47.89,0.991,0.994,0.995,0.99,/tmpdir/crf_16.mpd,/videos/BigBuckBunny-2160.avi
7816,0.9897,7.44311,0.99791,48.53817,0.99977,0.83684,0.98889,0.9954,0.99754,100.0,0.74,0.42,0.37,0.91,49.45,51.93,52.44,48.54,0.992,0.995,0.995,0.99,/tmpdir/crf_16.mpd,/videos/BigBuckBunny-2160.avi
7817,0.98537,5.84465,0.99748,47.94922,0.9996,0.82263,0.9828,0.99217,0.99542,100.0,0.84,0.47,0.41,1.04,48.88,51.37,52.04,47.95,0.991,0.994,0.995,0.99,/tmpdir/crf_16.mpd,/videos/BigBuckBunny-2160.avi
7818,0.98816,5.84465,0.99769,48.20658,0.99968,0.82901,0.98583,0.99375,0.9965,100.0,0.79,0.45,0.39,0.98,49.13,51.63,52.21,48.21,0.992,0.994,0.995,0.99,/tmpdir/crf_16.mpd,/videos/BigBuckBunny-2160.avi
7819,0.98728,4.41126,0.99758,48.1268,0.99961,0.82773,0.98376,0.99258,0.99565,99.85483,0.81,0.47,0.4,1.0,49.03,51.41,52.12,48.13,0.992,0.994,0.995,0.99,/tmpdir/crf_16.mpd,/videos/BigBuckBunny-2160.avi
7820,0.99076,4.41126,0.99799,48.65293,0.99979,0.84094,0.9896,0.99579,0.99782,100.0,0.72,0.42,0.37,0.89,49.55,51.95,52.48,48.65,0.992,0.995,0.995,0.991,/tmpdir/crf_16.mpd,/videos/BigBuckBunny-2160.avi
7821,0.98704,4.16408,0.99757,48.282,0.9996,0.83243,0.98329,0.9924,0.9956,99.6709,0.79,0.47,0.4,0.97,49.16,51.41,52.14,48.28,0.992,0.994,0.995,0.99,/tmpdir/crf_16.mpd,/videos/BigBuckBunny-2160.avi
7822,0.98861,4.16408,0.9977,48.42374,0.99968,0.83578,0.98544,0.99358,0.99638,100.0,0.76,0.45,0.39,0.93,49.31,51.65,52.25,48.42,0.992,0.995,0.995,0.99,/tmpdir/crf_16.mpd,/videos/BigBuckBunny-2160.avi
7823,0.9865,4.18856,0.99741,47.93961,0.9996,0.82184,0.98262,0.99235,0.99561,99.57443,0.85,0.49,0.41,1.05,48.85,51.25,51.97,47.94,0.991,0.994,0.995,0.99,/tmpdir/crf_16.mpd,/videos/BigBuckBunny-2160.avi
7824,0.98813,4.18856,0.99756,48.1549,0.9997,0.8283,0.98508,0.99372,0.9966,99.97092,0.8,0.43,0.38,0.99,49.12,51.83,52.38,48.15,0.991,0.995,0.995,0.99,/tmpdir/crf_16.mpd,/videos/BigBuckBunny-2160.avi
7825,0.98896,25.93806,0.99832,50.33433,0.99974,0.87631,0.98773,0.99444,0.99687,100.0,0.5,0.31,0.28,0.6,51.15,53.24,53.66,50.33,0.994,0.996,0.996,0.993,/tmpdir/crf_16.mpd,/videos/BigBuckBunny-2160.avi
7826,0.98862,14.47858,0.99816,49.84717,0.99975,0.85866,0.98677,0.99415,0.9968,100.0,0.56,0.35,0.3,0.67,50.66,52.68,53.31,49.85,0.993,0.995,0.996,0.992,/tmpdir/crf_16.mpd,/videos/BigBuckBunny-2160.avi
7827,0.98459,11.48283,0.9975,48.49581,0.99964,0.82252,0.98298,0.99276,0.99603,100.0,0.73,0.37,0.35,0.92,49.48,52.43,52.66,48.5,0.992,0.995,0.995,0.99,/tmpdir/crf_16.mpd,/videos/BigBuckBunny-2160.avi
7828,0.98724,11.17697,0.99792,49.24805,0.99972,0.84251,0.985,0.99347,0.99648,100.0,0.63,0.34,0.33,0.77,50.16,52.76,52.99,49.25,0.993,0.995,0.996,0.991,/tmpdir/crf_16.mpd,/videos/BigBuckBunny-2160.avi
7829,0.98629,9.15175,0.99768,48.89734,0.99965,0.83692,0.98263,0.99247,0.99593,100.0,0.68,0.37,0.35,0.84,49.81,52.43,52.68,48.9,0.992,0.995,0.995,0.991,/tmpdir/crf_16.mpd,/videos/BigBuckBunny-2160.avi
7830,0.98957,9.15175,0.99812,49.66773,0.99976,0.85555,0.98615,0.99415,0.99697,100.0,0.58,0.33,0.32,0.7,50.53,52.96,53.15,49.67,0.993,0.996,0.996,0.992,/tmpdir/crf_16.mpd,/videos/BigBuckBunny-2160.avi
7831,0.98767,9.05756,0.99772,48.90474,0.99965,0.84277,0.98256,0.99232,0.99582,100.0,0.68,0.38,0.35,0.84,49.8,52.31,52.63,48.9,0.992,0.995,0.995,0.991,/tmpdir/crf_16.mpd,/videos/BigBuckBunny-2160.avi
7832,0.98957,9.05756,0.99795,49.2608,0.99972,0.85053,0.98499,0.99344,0.99644,100.0,0.63,0.37,0.34,0.77,50.12,52.46,52.76,49.26,0.993,0.995,0.995,0.992,/tmpdir/crf_16.mpd,/videos/BigBuckBunny-2160.avi
7833,0.98805,8.02695,0.9976,48.73106,0.99962,0.83744,0.98189,0.99194,0.99549,100.0,0.71,0.39,0.36,0.87,49.64,52.19,52.54,48.73,0.992,0.995,0.995,0.991,/tmpdir/crf_16.mpd,/videos/BigBuckBunny-2160.avi
7834,0.99084,8.02695,0.99818,49.64897,0.99978,0.85734,0.98761,0.99489,0.99739,100.0,0.58,0.34,0.32,0.7,50.49,52.8,53.05,49.65,0.993,0.996,0.996,0.992,/tmpdir/crf_16.mpd,/videos/BigBuckBunny-2160.avi
7835,0.98647,4.5389,0.99737,48.20007,0.9996,0.82332,0.98134,0.99184,0.99547,99.75073,0.79,0.42,0.38,0.98,49.15,51.87,52.31,48.2,0.991,0.995,0.995,0.99,/tmpdir/crf_16.mpd,/videos/BigBuckBunny-2160.avi
7836,0.98795,4.5189,0.99757,48.27808,0.99969,0.82491,0.98469,0.99363,0.99661,100.0,0.78,0.41,0.38,0.97,49.23,52.0,52.35,48.28,0.991,0.995,0.995,0.99,/tmpdir/crf_16.mpd,/videos/BigBuckBunny-2160.avi
7837,0.98638,2.01596,0.99727,47.78962,0.9996,0.80948,0.98211,0.99255,0.99604,98.37866,0.86,0.43,0.39,1.08,48.8,51.79,52.21,47.79,0.991,0.995,0.995,0.989,/tmpdir/crf_16.mpd,/videos/BigBuckBunny-2160.avi
7838,0.987,2.01596,0.99744,47.74735,0.9997,0.80393,0.98313,0.9929,0.99622,98.5008,0.86,0.42,0.39,1.09,48.77,51.9,52.26,47.75,0.991,0.995,0.995,0.989,/tmpdir/crf_16.mpd,/videos/BigBuckBunny-2160.avi
7839,0.99845,0.13719,0.99955,54.22601,0.99996,0.95209,0.998,0.99909,0.99949,100.0,0.22,0.19,0.17,0.25,54.62,55.36,55.72,54.23,0.998,0.998,0.998,0.997,/tmpdir/crf_16.mpd,/videos/BigBuckBunny-2160.avi
7840,0.99761,0.13719,0.99946,53.65571,0.99992,0.94846,0.99684,0.99842,0.99904,100.0,0.26,0.23,0.2,0.28,54.01,54.45,55.22,53.66,0.997,0.998,0.997,0.997,/tmpdir/crf_16.mpd,/videos/BigBuckBunny-2160.avi
7841,0.9975,0.14158,0.99941,53.40927,0.9999,0.94687,0.99661,0.99834,0.99904,100.0,0.27,0.24,0.2,0.3,53.79,54.29,55.07,53.41,0.997,0.998,0.997,0.997,/tmpdir/crf_16.mpd,/videos/BigBuckBunny-2160.avi
7842,0.99732,0.14158,0.99937,53.24125,0.99989,0.94516,0.99596,0.99794,0.99877,100.0,0.28,0.26,0.21,0.31,53.6,53.99,54.92,53.24,0.997,0.997,0.997,0.997,/tmpdir/crf_16.mpd,/videos/BigBuckBunny-2160.avi
7843,0.99787,0.16113,0.99939,53.35315,0.99991,0.94523,0.99682,0.99844,0.99906,100.0,0.27,0.23,0.21,0.3,53.77,54.49,55.01,53.35,0.997,0.997,0.997,0.997,/tmpdir/crf_16.mpd,/videos/BigBuckBunny-2160.avi
7844,0.997,0.16113,0.99935,53.1058,0.99988,0.94362,0.99563,0.99774,0.99863,100.0,0.29,0.27,0.22,0.32,53.45,53.79,54.76,53.11,0.997,0.997,0.997,0.997,/tmpdir/crf_16.mpd,/videos/BigBuckBunny-2160.avi
7845,0.99747,0.1501,0.99933,53.05645,0.99988,0.9432,0.99569,0.99775,0.9986,100.0,0.3,0.27,0.22,0.32,53.43,53.89,54.72,53.06,0.997,0.997,0.997,0.997,/tmpdir/crf_16.mpd,/videos/BigBuckBunny-2160.avi
7846,0.99722,0.1501,0.99933,52.98779,0.99988,0.94271,0.99551,0.9977,0.99863,100.0,0.3,0.27,0.22,0.33,53.35,53.74,54.65,52.99,0.997,0.997,0.997,0.997,/tmpdir/crf_16.mpd,/videos/BigBuckBunny-2160.avi
7847,0.99756,0.11669,0.99935,53.16037,0.99991,0.94318,0.99642,0.99821,0.99891,100.0,0.29,0.24,0.21,0.31,53.58,54.29,54.84,53.16,0.997,0.997,0.997,0.997,/tmpdir/crf_16.mpd,/videos/BigBuckBunny-2160.avi
7848,0.99702,0.11669,0.99933,53.00148,0.99988,0.94253,0.99566,0.99776,0.99861,100.0,0.3,0.27,0.22,0.33,53.38,53.87,54.68,53.0,0.997,0.997,0.997,0.997,/tmpdir/crf_16.mpd,/videos/BigBuckBunny-2160.avi
7849,0.99758,0.12065,0.99931,52.90419,0.99988,0.9419,0.99565,0.9978,0.99867,100.0,0.3,0.27,0.22,0.33,53.29,53.78,54.62,52.9,0.997,0.997,0.997,0.997,/tmpdir/crf_16.mpd,/videos/BigBuckBunny-2160.avi
7850,0.99712,0.12065,0.99929,52.84901,0.99987,0.94172,0.9955,0.99771,0.99865,100.0,0.31,0.27,0.23,0.34,53.24,53.75,54.57,52.85,0.997,0.997,0.997,0.997,/tmpdir/crf_16.mpd,/videos/BigBuckBunny-2160.avi
7851,0.99509,2.86962,0.99922,52.43276,0.99989,0.93405,0.99483,0.99755,0.99861,100.0,0.34,0.29,0.23,0.37,52.88,53.45,54.46,52.43,0.997,0.997,0.997,0.996,/tmpdir/crf_16.mpd,/videos/BigBuckBunny-2160.avi
7852,0.99436,4.12877,0.99921,52.14811,0.99989,0.93061,0.99451,0.99744,0.99856,100.0,0.36,0.33,0.25,0.4,52.56,52.97,54.16,52.15,0.996,0.997,0.997,0.996,/tmpdir/crf_16.mpd,/videos/BigBuckBunny-2160.avi
7853,0.99491,2.1686,0.99927,52.20275,0.9999,0.93251,0.99496,0.99764,0.99866,100.0,0.36,0.32,0.25,0.39,52.62,53.06,54.2,52.2,0.997,0.997,0.997,0.996,/tmpdir/crf_16.mpd,/videos/BigBuckBunny-2160.avi
7854,0.99454,1.59876,0.99928,52.14769,0.99989,0.93384,0.99487,0.99753,0.99857,100.0,0.36,0.33,0.25,0.4,52.56,52.91,54.22,52.15,0.997,0.997,0.997,0.997,/tmpdir/crf_16.mpd,/videos/BigBuckBunny-2160.avi
7855,0.99511,1.28262,0.99928,52.51617,0.9999,0.93586,0.99536,0.99775,0.99863,100.0,0.33,0.3,0.23,0.36,52.93,53.4,54.47,52.52,0.997,0.997,0.997,0.997,/tmpdir/crf_16.mpd,/videos/BigBuckBunny-2160.avi
7856,0.99507,0.6481,0.9993,52.82322,0.9999,0.93895,0.99579,0.99798,0.99881,99.91516,0.31,0.28,0.22,0.34,53.23,53.72,54.67,52.82,0.997,0.997,0.997,0.997,/tmpdir/crf_16.mpd,/videos/BigBuckBunny-2160.avi
7857,0.99606,0.08195,0.9993,53.21807,0.99988,0.94363,0.99591,0.99793,0.99876,99.8466,0.28,0.24,0.21,0.31,53.62,54.28,54.82,53.22,0.997,0.997,0.997,0.997,/tmpdir/crf_16.mpd,/videos/BigBuckBunny-2160.avi
7858,0.99506,0.08195,0.9993,53.16475,0.99988,0.94325,0.99568,0.99779,0.9987,99.65998,0.29,0.25,0.21,0.31,53.57,54.23,54.83,53.16,0.997,0.997,0.997,0.997,/tmpdir/crf_16.mpd,/videos/BigBuckBunny-2160.avi
7859,0.99519,0.08584,0.9993,53.17435,0.99988,0.94303,0.99566,0.99776,0.99864,99.67875,0.29,0.24,0.21,0.31,53.58,54.24,54.82,53.17,0.997,0.997,0.997,0.997,/tmpdir/crf_16.mpd,/videos/BigBuckBunny-2160.avi
7860,0.99661,0.08584,0.99932,53.27433,0.9999,0.94292,0.99612,0.998,0.99872,99.94274,0.28,0.24,0.21,0.31,53.68,54.35,54.89,53.27,0.997,0.997,0.997,0.997,/tmpdir/crf_16.mpd,/videos/BigBuckBunny-2160.avi
7861,0.99476,0.08299,0.9993,53.13849,0.99988,0.94271,0.9956,0.99775,0.99864,99.60003,0.29,0.25,0.22,0.32,53.53,54.11,54.76,53.14,0.997,0.997,0.997,0.997,/tmpdir/crf_16.mpd,/videos/BigBuckBunny-2160.avi
7862,0.99547,0.08299,0.9993,53.14425,0.99988,0.94259,0.99564,0.99777,0.99863,99.72542,0.29,0.26,0.22,0.32,53.51,54.01,54.76,53.14,0.997,0.997,0.997,0.997,/tmpdir/crf_16.mpd,/videos/BigBuckBunny-2160.avi
7863,0.99388,0.08527,0.99929,53.116,0.99988,0.94222,0.99545,0.99765,0.99854,99.43368,0.29,0.26,0.22,0.32,53.5,54.02,54.75,53.12,0.997,0.997,0.997,0.997,/tmpdir/crf_16.mpd,/videos/BigBuckBunny-2160.avi
7864,0.9964,0.08527,0.99931,53.20426,0.9999,0.94229,0.99599,0.99797,0.99872,99.90121,0.28,0.24,0.21,0.31,53.6,54.27,54.83,53.2,0.997,0.997,0.997,0.997,/tmpdir/crf_16.mpd,/videos/BigBuckBunny-2160.avi
7865,0.99474,0.08899,0.99929,53.09455,0.99988,0.94193,0.9954,0.99764,0.99854,99.58577,0.29,0.26,0.22,0.32,53.45,53.9,54.69,53.09,0.997,0.997,0.997,0.997,/tmpdir/crf_16.mpd,/videos/BigBuckBunny-2160.avi
7866,0.99545,0.08899,0.99929,53.08938,0.99988,0.94185,0.99548,0.99767,0.99857,99.7141,0.29,0.27,0.22,0.32,53.44,53.87,54.68,53.09,0.997,0.997,0.997,0.997,/tmpdir/crf_16.mpd,/videos/BigBuckBunny-2160.avi
7867,0.99472,0.10353,0.99928,52.9968,0.99988,0.94128,0.99521,0.99753,0.99848,99.58017,0.3,0.26,0.22,0.33,53.38,53.92,54.66,53.0,0.997,0.997,0.997,0.997,/tmpdir/crf_16.mpd,/videos/BigBuckBunny-2160.avi
7868,0.99607,0.10353,0.99929,53.0932,0.9999,0.94134,0.99572,0.99779,0.99859,99.83521,0.29,0.25,0.22,0.32,53.5,54.17,54.76,53.09,0.997,0.997,0.997,0.997,/tmpdir/crf_16.mpd,/videos/BigBuckBunny-2160.avi
7869,0.99468,0.10847,0.99927,52.9884,0.99988,0.94106,0.99515,0.99747,0.99842,99.56846,0.3,0.28,0.23,0.33,53.34,53.73,54.6,52.99,0.997,0.997,0.997,0.997,/tmpdir/crf_16.mpd,/videos/BigBuckBunny-2160.avi
7870,0.99513,0.10847,0.99927,52.95059,0.99988,0.94073,0.99525,0.99755,0.99847,99.65282,0.3,0.27,0.23,0.33,53.32,53.78,54.59,52.95,0.997,0.997,0.997,0.997,/tmpdir/crf_16.mpd,/videos/BigBuckBunny-2160.avi
7871,0.99517,0.10311,0.99925,52.8837,0.99987,0.94021,0.99496,0.99734,0.99833,99.63843,0.31,0.28,0.23,0.33,53.26,53.7,54.57,52.88,0.997,0.997,0.997,0.997,/tmpdir/crf_16.mpd,/videos/BigBuckBunny-2160.avi
7872,0.99586,0.10311,0.99926,52.91146,0.99989,0.94005,0.9953,0.99756,0.99844,99.77558,0.3,0.26,0.22,0.33,53.33,53.99,54.66,52.91,0.997,0.997,0.997,0.997,/tmpdir/crf_16.mpd,/videos/BigBuckBunny-2160.avi
7873,0.99505,0.10649,0.99924,52.80282,0.99987,0.93967,0.99495,0.9974,0.99837,99.62208,0.31,0.28,0.23,0.34,53.18,53.64,54.54,52.8,0.997,0.997,0.997,0.997,/tmpdir/crf_16.mpd,/videos/BigBuckBunny-2160.avi
7874,0.99434,0.10649,0.99922,52.71269,0.99986,0.93913,0.99465,0.99723,0.99828,99.4826,0.32,0.3,0.23,0.35,53.07,53.41,54.44,52.71,0.997,0.997,0.997,0.997,/tmpdir/crf_16.mpd,/videos/BigBuckBunny-2160.avi
7875,0.99466,0.14859,0.99919,52.52046,0.99985,0.93791,0.99435,0.99704,0.99812,99.53884,0.33,0.28,0.23,0.36,52.97,53.61,54.49,52.52,0.997,0.997,0.997,0.996,/tmpdir/crf_16.mpd,/videos/BigBuckBunny-2160.avi
7876,0.99668,7.1314,0.99918,50.89708,0.99994,0.91494,0.99586,0.99817,0.99901,100.0,0.46,0.32,0.31,0.53,51.53,53.11,53.2,50.9,0.996,0.996,0.996,0.995,/tmpdir/crf_16.mpd,/videos/BigBuckBunny-2160.avi
7877,0.99495,7.1314,0.99864,49.115,0.99986,0.88981,0.99133,0.99599,0.99772,100.0,0.65,0.37,0.37,0.8,49.97,52.45,52.44,49.12,0.994,0.996,0.995,0.993,/tmpdir/crf_16.mpd,/videos/BigBuckBunny-2160.avi
7878,0.99446,7.47053,0.99857,49.12726,0.99984,0.88904,0.99012,0.9954,0.99741,100.0,0.66,0.38,0.37,0.79,49.97,52.36,52.39,49.13,0.994,0.996,0.995,0.993,/tmpdir/crf_16.mpd,/videos/BigBuckBunny-2160.avi
7879,0.99566,6.21563,0.99877,49.6936,0.99989,0.89353,0.99251,0.99663,0.99813,100.0,0.59,0.36,0.36,0.7,50.45,52.51,52.54,49.69,0.994,0.996,0.995,0.994,/tmpdir/crf_16.mpd,/videos/BigBuckBunny-2160.avi
7880,0.99383,6.21563,0.9984,48.62738,0.99983,0.87605,0.9899,0.99555,0.99757,100.0,0.73,0.41,0.41,0.89,49.49,52.03,51.98,48.63,0.993,0.995,0.995,0.993,/tmpdir/crf_16.mpd,/videos/BigBuckBunny-2160.avi
7881,0.99467,7.75843,0.99857,49.11403,0.99985,0.88415,0.99124,0.99608,0.99783,100.0,0.66,0.39,0.39,0.8,49.92,52.2,52.18,49.11,0.994,0.995,0.995,0.993,/tmpdir/crf_16.mpd,/videos/BigBuckBunny-2160.avi
7882,0.9937,7.75843,0.99835,48.50037,0.99982,0.87523,0.9896,0.99536,0.99745,100.0,0.75,0.43,0.42,0.92,49.36,51.82,51.87,48.5,0.993,0.995,0.995,0.992,/tmpdir/crf_16.mpd,/videos/BigBuckBunny-2160.avi
7883,0.99492,6.53411,0.9987,49.20116,0.99989,0.88635,0.9925,0.99673,0.99823,100.0,0.66,0.4,0.41,0.78,49.96,52.07,52.05,49.2,0.994,0.995,0.995,0.993,/tmpdir/crf_16.mpd,/videos/BigBuckBunny-2160.avi
7884,0.9949,6.53411,0.99862,49.06699,0.99988,0.88421,0.99185,0.99646,0.99807,100.0,0.67,0.4,0.4,0.81,49.86,52.09,52.09,49.07,0.994,0.995,0.995,0.993,/tmpdir/crf_16.mpd,/videos/BigBuckBunny-2160.avi
7885,0.99644,7.4342,0.9992,51.03356,0.99994,0.9176,0.99592,0.99823,0.99906,100.0,0.44,0.3,0.3,0.51,51.69,53.37,53.4,51.03,0.996,0.996,0.996,0.995,/tmpdir/crf_16.mpd,/videos/BigBuckBunny-2160.avi
7886,0.994,7.4342,0.99863,49.15007,0.99987,0.88698,0.99168,0.99624,0.9979,100.0,0.65,0.37,0.38,0.79,49.98,52.4,52.28,49.15,0.994,0.996,0.995,0.993,/tmpdir/crf_16.mpd,/videos/BigBuckBunny-2160.avi
7887,0.99346,6.86836,0.99852,48.8524,0.99984,0.88307,0.99093,0.99589,0.99772,100.0,0.69,0.38,0.39,0.85,49.72,52.29,52.19,48.85,0.994,0.995,0.995,0.993,/tmpdir/crf_16.mpd,/videos/BigBuckBunny-2160.avi
7888,0.99511,6.86836,0.99885,49.88493,0.9999,0.89854,0.99354,0.99712,0.99843,100.0,0.56,0.34,0.35,0.67,50.65,52.79,52.74,49.88,0.995,0.996,0.996,0.994,/tmpdir/crf_16.mpd,/videos/BigBuckBunny-2160.avi
7889,0.99307,3.79902,0.99848,48.49096,0.99984,0.8791,0.99079,0.99589,0.99774,100.0,0.75,0.41,0.42,0.92,49.37,52.02,51.88,48.49,0.994,0.995,0.995,0.993,/tmpdir/crf_16.mpd,/videos/BigBuckBunny-2160.avi
7890,0.99369,3.79902,0.99864,48.87014,0.99986,0.88453,0.99215,0.99652,0.99807,100.0,0.7,0.39,0.41,0.84,49.71,52.18,52.05,48.87,0.994,0.995,0.995,0.993,/tmpdir/crf_16.mpd,/videos/BigBuckBunny-2160.avi
7891,0.99301,2.48939,0.99857,48.54411,0.99985,0.88148,0.99137,0.99614,0.99784,100.0,0.74,0.39,0.41,0.91,49.44,52.19,52.05,48.54,0.994,0.995,0.995,0.993,/tmpdir/crf_16.mpd,/videos/BigBuckBunny-2160.avi
7892,0.9955,2.48939,0.99898,50.00475,0.99992,0.90265,0.99508,0.99788,0.99886,100.0,0.55,0.35,0.35,0.65,50.73,52.72,52.64,50.0,0.995,0.996,0.995,0.994,/tmpdir/crf_16.mpd,/videos/BigBuckBunny-2160.avi
7893,0.99293,1.24988,0.99871,48.83501,0.99986,0.88739,0.99221,0.99641,0.99794,99.55188,0.7,0.38,0.4,0.85,49.7,52.31,52.13,48.84,0.994,0.995,0.995,0.994,/tmpdir/crf_16.mpd,/videos/BigBuckBunny-2160.avi
7894,0.99392,1.07467,0.99878,49.07795,0.99987,0.89094,0.99313,0.99686,0.99821,99.68283,0.66,0.37,0.38,0.8,49.93,52.45,52.35,49.08,0.994,0.996,0.995,0.994,/tmpdir/crf_16.mpd,/videos/BigBuckBunny-2160.avi
7895,0.99349,0.5545,0.9988,49.08835,0.99988,0.89046,0.99347,0.99705,0.99835,99.37245,0.66,0.37,0.38,0.8,49.94,52.45,52.39,49.09,0.994,0.996,0.995,0.994,/tmpdir/crf_16.mpd,/videos/BigBuckBunny-2160.avi
7896,0.99538,0.5545,0.999,49.95485,0.99992,0.90114,0.99561,0.9981,0.99897,99.8125,0.55,0.35,0.34,0.66,50.71,52.75,52.77,49.95,0.995,0.996,0.996,0.994,/tmpdir/crf_16.mpd,/videos/BigBuckBunny-2160.avi
7897,0.99326,0.34085,0.99883,49.20138,0.99988,0.89146,0.99372,0.99714,0.99837,99.23782,0.64,0.37,0.37,0.78,50.04,52.46,52.42,49.2,0.994,0.996,0.995,0.994,/tmpdir/crf_16.mpd,/videos/BigBuckBunny-2160.avi
7898,0.99351,0.34085,0.99885,49.25085,0.99989,0.89165,0.99398,0.99726,0.99844,99.29041,0.64,0.36,0.37,0.77,50.09,52.52,52.48,49.25,0.994,0.996,0.995,0.994,/tmpdir/crf_16.mpd,/videos/BigBuckBunny-2160.avi
7899,0.993,0.26361,0.99881,49.09264,0.99988,0.88942,0.99378,0.9972,0.99843,99.15474,0.66,0.37,0.37,0.8,49.95,52.46,52.43,49.09,0.994,0.996,0.995,0.994,/tmpdir/crf_16.mpd,/videos/BigBuckBunny-2160.avi
7900,0.99487,0.26361,0.99892,49.52197,0.99991,0.89457,0.995,0.9978,0.99877,99.54292,0.6,0.35,0.35,0.73,50.34,52.63,52.65,49.52,0.994,0.996,0.995,0.994,/tmpdir/crf_16.mpd,/videos/BigBuckBunny-2160.avi
7901,0.99301,0.23981,0.99876,48.99369,0.99987,0.8885,0.99347,0.9971,0.99839,99.13826,0.67,0.37,0.38,0.82,49.86,52.4,52.37,48.99,0.994,0.995,0.995,0.994,/tmpdir/crf_16.mpd,/videos/BigBuckBunny-2160.avi
7902,0.99395,0.23981,0.99877,49.06321,0.99988,0.88924,0.99361,0.99712,0.99841,99.30938,0.66,0.37,0.38,0.81,49.92,52.42,52.39,49.06,0.994,0.995,0.995,0.994,/tmpdir/crf_16.mpd,/videos/BigBuckBunny-2160.avi
7903,0.99351,0.37401,0.99871,48.84156,0.99987,0.88598,0.99318,0.99695,0.99829,99.27167,0.69,0.38,0.38,0.85,49.72,52.36,52.29,48.84,0.994,0.995,0.995,0.993,/tmpdir/crf_16.mpd,/videos/BigBuckBunny-2160.avi
7904,0.99442,0.45757,0.99873,48.88756,0.99989,0.88733,0.99385,0.99726,0.99848,99.49577,0.68,0.37,0.37,0.84,49.79,52.49,52.44,48.89,0.994,0.996,0.995,0.993,/tmpdir/crf_16.mpd,/videos/BigBuckBunny-2160.avi
7905,0.99372,2.375,0.99859,48.79357,0.99986,0.88556,0.99189,0.99633,0.99791,100.0,0.7,0.38,0.38,0.86,49.68,52.32,52.29,48.79,0.994,0.995,0.995,0.993,/tmpdir/crf_16.mpd,/videos/BigBuckBunny-2160.avi
7906,0.99314,9.99155,0.99853,48.84427,0.99983,0.88197,0.99091,0.99585,0.99768,100.0,0.7,0.4,0.41,0.85,49.67,52.09,52.0,48.84,0.994,0.995,0.995,0.993,/tmpdir/crf_16.mpd,/videos/BigBuckBunny-2160.avi
7907,0.99383,9.99155,0.99865,49.45344,0.99987,0.88564,0.99235,0.99653,0.99807,100.0,0.61,0.36,0.37,0.74,50.25,52.51,52.46,49.45,0.994,0.996,0.995,0.993,/tmpdir/crf_16.mpd,/videos/BigBuckBunny-2160.avi
7908,0.99134,8.91507,0.99833,48.66111,0.99981,0.87309,0.98947,0.99512,0.99717,100.0,0.73,0.41,0.42,0.89,49.51,52.03,51.94,48.66,0.993,0.995,0.995,0.992,/tmpdir/crf_16.mpd,/videos/BigBuckBunny-2160.avi
7909,0.99158,4.481,0.9983,48.30605,0.99982,0.86587,0.99027,0.99565,0.99757,100.0,0.79,0.43,0.45,0.96,49.17,51.79,51.58,48.31,0.993,0.995,0.994,0.992,/tmpdir/crf_16.mpd,/videos/BigBuckBunny-2160.avi
7910,0.99,4.39882,0.99819,47.97242,0.9998,0.86002,0.98936,0.99523,0.99731,100.0,0.84,0.45,0.47,1.04,48.87,51.64,51.41,47.97,0.992,0.995,0.994,0.991,/tmpdir/crf_16.mpd,/videos/BigBuckBunny-2160.avi
7911,0.99392,2.04864,0.99877,49.37361,0.99989,0.88644,0.99433,0.99758,0.99868,100.0,0.63,0.39,0.4,0.75,50.13,52.27,52.12,49.37,0.994,0.995,0.995,0.993,/tmpdir/crf_16.mpd,/videos/BigBuckBunny-2160.avi
7912,0.98982,1.80556,0.99838,48.15676,0.99982,0.8653,0.99054,0.99573,0.99754,99.17429,0.81,0.43,0.46,0.99,49.04,51.8,51.49,48.16,0.993,0.995,0.994,0.992,/tmpdir/crf_16.mpd,/videos/BigBuckBunny-2160.avi
7913,0.99091,0.92956,0.99838,48.20971,0.99983,0.86491,0.99117,0.99602,0.99771,98.95117,0.8,0.43,0.45,0.98,49.09,51.83,51.58,48.21,0.993,0.995,0.994,0.992,/tmpdir/crf_16.mpd,/videos/BigBuckBunny-2160.avi
7914,0.98961,0.92956,0.99829,47.94032,0.99981,0.86073,0.99038,0.99569,0.99754,98.68871,0.85,0.44,0.47,1.04,48.85,51.73,51.44,47.94,0.993,0.995,0.994,0.992,/tmpdir/crf_16.mpd,/videos/BigBuckBunny-2160.avi
7915,0.99291,1.46255,0.9984,48.47296,0.99985,0.87404,0.99259,0.9968,0.99823,99.64738,0.75,0.4,0.41,0.92,49.37,52.15,51.96,48.47,0.993,0.995,0.995,0.992,/tmpdir/crf_16.mpd,/videos/BigBuckBunny-2160.avi
7916,0.99099,5.86725,0.99843,48.75528,0.99983,0.87334,0.99038,0.99549,0.99736,100.0,0.71,0.38,0.4,0.87,49.63,52.29,52.08,48.76,0.993,0.995,0.995,0.993,/tmpdir/crf_16.mpd,/videos/BigBuckBunny-2160.avi
7917,0.99103,6.79193,0.99842,48.80212,0.99981,0.87481,0.99039,0.99554,0.99738,100.0,0.71,0.39,0.42,0.86,49.64,52.2,51.94,48.8,0.993,0.995,0.995,0.993,/tmpdir/crf_16.mpd,/videos/BigBuckBunny-2160.avi
7918,0.99399,6.79193,0.99869,49.61654,0.99987,0.88787,0.99322,0.99697,0.9983,100.0,0.6,0.36,0.37,0.71,50.38,52.56,52.41,49.62,0.994,0.996,0.995,0.993,/tmpdir/crf_16.mpd,/videos/BigBuckBunny-2160.avi
7919,0.99075,4.01498,0.99824,48.26778,0.99981,0.86319,0.98976,0.9954,0.99739,100.0,0.79,0.43,0.46,0.97,49.13,51.76,51.52,48.27,0.993,0.995,0.994,0.992,/tmpdir/crf_16.mpd,/videos/BigBuckBunny-2160.avi
7920,0.99134,3.82752,0.99833,48.42984,0.99983,0.8655,0.99091,0.99603,0.99786,100.0,0.77,0.43,0.45,0.93,49.27,51.81,51.58,48.43,0.993,0.995,0.994,0.992,/tmpdir/crf_16.mpd,/videos/BigBuckBunny-2160.avi
7921,0.99011,2.09055,0.99816,47.99272,0.9998,0.85871,0.98994,0.99559,0.99753,99.3504,0.84,0.44,0.46,1.03,48.9,51.74,51.54,47.99,0.992,0.995,0.994,0.991,/tmpdir/crf_16.mpd,/videos/BigBuckBunny-2160.avi
7922,0.9937,2.09055,0.99865,49.1291,0.99988,0.87871,0.99402,0.99756,0.99875,100.0,0.66,0.4,0.41,0.79,49.9,52.13,51.98,49.13,0.993,0.995,0.995,0.993,/tmpdir/crf_16.mpd,/videos/BigBuckBunny-2160.avi
7923,0.98981,1.81701,0.99819,47.96101,0.9998,0.85706,0.99012,0.99571,0.99763,99.16398,0.85,0.44,0.47,1.04,48.86,51.65,51.4,47.96,0.992,0.995,0.994,0.991,/tmpdir/crf_16.mpd,/videos/BigBuckBunny-2160.avi
7924,0.99088,1.81701,0.99835,48.30065,0.99984,0.86302,0.99169,0.99644,0.99805,99.41406,0.79,0.43,0.45,0.96,49.16,51.79,51.57,48.3,0.993,0.995,0.994,0.992,/tmpdir/crf_16.mpd,/videos/BigBuckBunny-2160.avi
7925,0.99006,1.97299,0.99821,48.0709,0.99981,0.85974,0.99041,0.99589,0.99774,99.30554,0.82,0.43,0.45,1.01,48.97,51.78,51.56,48.07,0.992,0.995,0.994,0.991,/tmpdir/crf_16.mpd,/videos/BigBuckBunny-2160.avi
7926,0.99384,1.80269,0.99872,49.28589,0.99989,0.88236,0.99468,0.99787,0.9989,100.0,0.64,0.39,0.4,0.77,50.04,52.2,52.06,49.29,0.994,0.995,0.995,0.993,/tmpdir/crf_16.mpd,/videos/BigBuckBunny-2160.avi
7927,0.98987,1.22334,0.99827,48.10455,0.99981,0.86067,0.99049,0.99587,0.99772,98.89594,0.82,0.44,0.46,1.01,48.99,51.73,51.5,48.1,0.992,0.995,0.994,0.992,/tmpdir/crf_16.mpd,/videos/BigBuckBunny-2160.avi
7928,0.99076,1.22334,0.99842,48.44135,0.99984,0.86637,0.99167,0.99632,0.99796,99.09679,0.77,0.42,0.44,0.93,49.29,51.85,51.65,48.44,0.993,0.995,0.994,0.992,/tmpdir/crf_16.mpd,/videos/BigBuckBunny-2160.avi
7929,0.99034,1.49992,0.99824,48.0669,0.99981,0.86009,0.9906,0.99589,0.99771,99.11429,0.82,0.44,0.45,1.01,48.97,51.74,51.56,48.07,0.992,0.995,0.994,0.991,/tmpdir/crf_16.mpd,/videos/BigBuckBunny-2160.avi
7930,0.99391,1.49992,0.99868,49.16576,0.99989,0.88019,0.99453,0.99775,0.99881,99.92466,0.66,0.4,0.41,0.79,49.94,52.15,52.02,49.17,0.993,0.995,0.995,0.993,/tmpdir/crf_16.mpd,/videos/BigBuckBunny-2160.avi
7931,0.99017,0.91127,0.99827,48.11703,0.99981,0.86128,0.99078,0.99591,0.99766,98.79501,0.82,0.44,0.46,1.0,49.0,51.71,51.47,48.12,0.992,0.995,0.994,0.991,/tmpdir/crf_16.mpd,/videos/BigBuckBunny-2160.avi
7932,0.99135,0.91127,0.99841,48.41867,0.99984,0.8663,0.99196,0.99649,0.99802,99.05696,0.77,0.42,0.45,0.94,49.27,51.85,51.64,48.42,0.993,0.995,0.994,0.992,/tmpdir/crf_16.mpd,/videos/BigBuckBunny-2160.avi
7933,0.99048,0.8798,0.9983,48.19911,0.99982,0.86273,0.99102,0.99604,0.99778,98.85049,0.8,0.43,0.46,0.98,49.08,51.79,51.53,48.2,0.993,0.995,0.994,0.992,/tmpdir/crf_16.mpd,/videos/BigBuckBunny-2160.avi
7934,0.99343,0.8798,0.99858,48.92602,0.99988,0.87565,0.99406,0.99753,0.99866,99.50884,0.69,0.4,0.42,0.83,49.73,52.08,51.93,48.93,0.993,0.995,0.994,0.992,/tmpdir/crf_16.mpd,/videos/BigBuckBunny-2160.avi
7935,0.99045,1.25387,0.99826,48.17126,0.99981,0.86231,0.99066,0.99585,0.99762,99.01045,0.81,0.44,0.47,0.99,49.04,51.72,51.44,48.17,0.992,0.995,0.994,0.992,/tmpdir/crf_16.mpd,/videos/BigBuckBunny-2160.avi
7936,0.99103,1.08739,0.99834,48.27797,0.99983,0.86405,0.99137,0.99618,0.99783,99.05872,0.79,0.43,0.45,0.97,49.14,51.77,51.58,48.28,0.993,0.995,0.994,0.992,/tmpdir/crf_16.mpd,/videos/BigBuckBunny-2160.avi
7937,0.99008,1.08739,0.99824,48.05241,0.99981,0.86,0.99069,0.99583,0.99763,98.85787,0.83,0.44,0.47,1.02,48.93,51.66,51.38,48.05,0.992,0.994,0.994,0.991,/tmpdir/crf_16.mpd,/videos/BigBuckBunny-2160.avi
7938,0.99268,1.23484,0.99845,48.61812,0.99987,0.86864,0.99308,0.99707,0.99837,99.4964,0.74,0.42,0.44,0.89,49.45,51.92,51.73,48.62,0.993,0.995,0.994,0.992,/tmpdir/crf_16.mpd,/videos/BigBuckBunny-2160.avi
7939,0.98976,1.30247,0.9981,47.80798,0.99981,0.85313,0.98974,0.99548,0.99745,98.86836,0.88,0.46,0.49,1.08,48.7,51.54,51.2,47.81,0.992,0.994,0.994,0.991,/tmpdir/crf_16.mpd,/videos/BigBuckBunny-2160.avi
7940,0.99025,1.30247,0.99816,47.88654,0.99982,0.85425,0.99044,0.99586,0.99769,98.98483,0.86,0.45,0.49,1.06,48.78,51.58,51.27,47.89,0.992,0.994,0.994,0.991,/tmpdir/crf_16.mpd,/videos/BigBuckBunny-2160.avi
7941,0.98999,1.23461,0.99804,47.62802,0.9998,0.85039,0.98954,0.99554,0.99753,98.8766,0.9,0.45,0.48,1.12,48.57,51.57,51.27,47.63,0.992,0.994,0.994,0.991,/tmpdir/crf_16.mpd,/videos/BigBuckBunny-2160.avi
7942,0.992,1.23461,0.99826,48.13022,0.99985,0.85815,0.99193,0.99667,0.99821,99.3269,0.82,0.44,0.46,1.0,49.01,51.72,51.5,48.13,0.992,0.994,0.994,0.991,/tmpdir/crf_16.mpd,/videos/BigBuckBunny-2160.avi
7943,0.99008,1.10004,0.99799,47.53243,0.9998,0.84723,0.9897,0.99568,0.99766,98.831,0.92,0.45,0.48,1.15,48.49,51.58,51.3,47.53,0.992,0.994,0.994,0.99,/tmpdir/crf_16.mpd,/videos/BigBuckBunny-2160.avi
7944,0.99053,1.10004,0.9979,47.51107,0.99977,0.85153,0.98852,0.99501,0.9972,98.87256,0.92,0.45,0.48,1.15,48.48,51.59,51.33,47.51,0.992,0.994,0.994,0.99,/tmpdir/crf_16.mpd,/videos/BigBuckBunny-2160.avi
7945,0.99176,8.34057,0.99831,48.61282,0.99982,0.86845,0.99058,0.99574,0.99757,100.0,0.73,0.39,0.4,0.89,49.5,52.24,52.06,48.61,0.993,0.995,0.995,0.992,/tmpdir/crf_16.mpd,/videos/BigBuckBunny-2160.avi
7946,0.99153,8.34057,0.99836,48.55886,0.99984,0.86897,0.99099,0.99602,0.99776,100.0,0.74,0.39,0.4,0.91,49.46,52.23,52.08,48.56,0.993,0.995,0.995,0.992,/tmpdir/crf_16.mpd,/videos/BigBuckBunny-2160.avi
7947,0.98958,6.10632,0.99805,47.79457,0.99979,0.85693,0.98778,0.99451,0.99687,100.0,0.87,0.43,0.46,1.08,48.75,51.79,51.55,47.79,0.992,0.995,0.994,0.991,/tmpdir/crf_16.mpd,/videos/BigBuckBunny-2160.avi
7948,0.98991,6.10632,0.99807,47.74404,0.99981,0.85376,0.98858,0.99507,0.99733,100.0,0.88,0.44,0.46,1.09,48.69,51.7,51.51,47.74,0.992,0.995,0.994,0.991,/tmpdir/crf_16.mpd,/videos/BigBuckBunny-2160.avi
7949,0.98933,6.96644,0.99789,47.72445,0.99978,0.85119,0.98703,0.99439,0.99693,100.0,0.88,0.44,0.46,1.1,48.67,51.67,51.49,47.72,0.992,0.995,0.994,0.991,/tmpdir/crf_16.mpd,/videos/BigBuckBunny-2160.avi
7950,0.99249,7.1323,0.99839,48.80682,0.99986,0.86991,0.99108,0.9962,0.998,100.0,0.71,0.4,0.42,0.86,49.64,52.15,51.95,48.81,0.993,0.995,0.995,0.992,/tmpdir/crf_16.mpd,/videos/BigBuckBunny-2160.avi
7951,0.98829,5.44419,0.99767,47.41957,0.99975,0.84199,0.98575,0.99385,0.99665,100.0,0.94,0.45,0.47,1.18,48.4,51.57,51.38,47.42,0.991,0.994,0.994,0.99,/tmpdir/crf_16.mpd,/videos/BigBuckBunny-2160.avi
7952,0.9907,5.44419,0.99795,47.89113,0.99979,0.85225,0.98794,0.99473,0.99711,100.0,0.86,0.45,0.47,1.06,48.8,51.62,51.45,47.89,0.992,0.995,0.994,0.991,/tmpdir/crf_16.mpd,/videos/BigBuckBunny-2160.avi
7953,0.99046,4.52487,0.99781,47.54339,0.99977,0.84638,0.98682,0.99424,0.99684,100.0,0.92,0.46,0.48,1.14,48.5,51.53,51.34,47.54,0.992,0.994,0.994,0.99,/tmpdir/crf_16.mpd,/videos/BigBuckBunny-2160.avi
7954,0.99295,4.47848,0.99825,48.27756,0.99985,0.86096,0.99094,0.99622,0.99802,100.0,0.79,0.43,0.45,0.97,49.14,51.75,51.6,48.28,0.992,0.995,0.994,0.991,/tmpdir/crf_16.mpd,/videos/BigBuckBunny-2160.avi
7955,0.98976,2.57809,0.99753,46.71073,0.99974,0.83147,0.98581,0.99391,0.99667,99.38763,1.09,0.48,0.5,1.39,47.76,51.29,51.16,46.71,0.991,0.994,0.994,0.989,/tmpdir/crf_16.mpd,/videos/BigBuckBunny-2160.avi
7956,0.99117,2.57809,0.99778,47.16925,0.99978,0.83976,0.98817,0.995,0.99726,99.71889,0.99,0.47,0.49,1.25,48.17,51.39,51.25,47.17,0.991,0.994,0.994,0.99,/tmpdir/crf_16.mpd,/videos/BigBuckBunny-2160.avi
7957,0.99013,2.35513,0.99763,46.83251,0.99975,0.83503,0.98658,0.99419,0.99676,99.35494,1.06,0.48,0.5,1.35,47.86,51.29,51.12,46.83,0.991,0.994,0.994,0.989,/tmpdir/crf_16.mpd,/videos/BigBuckBunny-2160.avi
7958,0.99259,2.35513,0.9981,47.7668,0.99983,0.85171,0.99052,0.99604,0.99786,99.94606,0.88,0.46,0.48,1.09,48.68,51.51,51.32,47.77,0.992,0.994,0.994,0.991,/tmpdir/crf_16.mpd,/videos/BigBuckBunny-2160.avi
7959,0.98939,1.94182,0.99756,46.77421,0.99973,0.83319,0.98627,0.99412,0.99674,99.001,1.08,0.48,0.5,1.37,47.82,51.29,51.14,46.77,0.991,0.994,0.994,0.989,/tmpdir/crf_16.mpd,/videos/BigBuckBunny-2160.avi
7960,0.99084,1.94182,0.99773,47.04879,0.99976,0.83918,0.98774,0.99476,0.99709,99.30944,1.02,0.48,0.5,1.28,48.05,51.33,51.17,47.05,0.991,0.994,0.994,0.99,/tmpdir/crf_16.mpd,/videos/BigBuckBunny-2160.avi
7961,0.98986,8.29831,0.99754,46.89911,0.99969,0.83375,0.98402,0.99272,0.99583,100.0,1.05,0.5,0.52,1.33,47.9,51.17,51.0,46.9,0.991,0.994,0.994,0.989,/tmpdir/crf_16.mpd,/videos/BigBuckBunny-2160.avi
7962,0.99197,7.2187,0.99795,47.61262,0.99979,0.8471,0.98817,0.99475,0.99712,100.0,0.91,0.47,0.48,1.13,48.54,51.37,51.27,47.61,0.992,0.994,0.994,0.99,/tmpdir/crf_16.mpd,/videos/BigBuckBunny-2160.avi
7963,0.98923,4.50041,0.99738,46.6911,0.99968,0.82942,0.98324,0.99234,0.99554,100.0,1.11,0.54,0.55,1.39,47.68,50.78,50.75,46.69,0.99,0.994,0.993,0.989,/tmpdir/crf_16.mpd,/videos/BigBuckBunny-2160.avi
7964,0.98787,4.50041,0.9973,46.22372,0.99967,0.81152,0.98162,0.99137,0.995,99.91743,1.24,0.64,0.6,1.55,47.19,50.04,50.37,46.22,0.99,0.993,0.993,0.988,/tmpdir/crf_16.mpd,/videos/BigBuckBunny-2160.avi
7965,0.98639,9.93088,0.99685,45.64005,0.99957,0.79391,0.97737,0.98933,0.99382,100.0,1.42,0.76,0.68,1.77,46.6,49.32,49.81,45.64,0.988,0.992,0.992,0.987,/tmpdir/crf_16.mpd,/videos/BigBuckBunny-2160.avi
7966,0.98874,9.9514,0.99734,46.33677,0.9997,0.80962,0.9827,0.99213,0.99562,100.0,1.22,0.67,0.62,1.51,47.26,49.86,50.2,46.34,0.99,0.993,0.992,0.988,/tmpdir/crf_16.mpd,/videos/BigBuckBunny-2160.avi
7967,0.98861,12.77181,0.99737,46.25119,0.99971,0.80749,0.98331,0.99242,0.99571,100.0,1.26,0.73,0.66,1.54,47.13,49.49,49.94,46.25,0.989,0.992,0.992,0.988,/tmpdir/crf_16.mpd,/videos/BigBuckBunny-2160.avi
7968,0.98882,12.77181,0.99722,46.13058,0.99969,0.80337,0.98225,0.99205,0.99555,100.0,1.3,0.78,0.69,1.58,46.98,49.19,49.71,46.13,0.989,0.992,0.991,0.988,/tmpdir/crf_16.mpd,/videos/BigBuckBunny-2160.avi
7969,0.98982,15.39281,0.99738,46.31029,0.99972,0.80772,0.98322,0.99254,0.99585,100.0,1.27,0.81,0.71,1.52,47.11,49.07,49.64,46.31,0.989,0.992,0.991,0.988,/tmpdir/crf_16.mpd,/videos/BigBuckBunny-2160.avi
7970,0.98659,15.39281,0.99688,45.67587,0.99959,0.79107,0.97646,0.98882,0.99348,100.0,1.46,0.92,0.78,1.76,46.49,48.47,49.2,45.68,0.988,0.991,0.99,0.987,/tmpdir/crf_16.mpd,/videos/BigBuckBunny-2160.avi
7971,0.99042,16.83729,0.99747,46.38582,0.99975,0.81016,0.98409,0.99299,0.99618,100.0,1.26,0.84,0.72,1.49,47.14,48.89,49.53,46.39,0.989,0.991,0.991,0.988,/tmpdir/crf_16.mpd,/videos/BigBuckBunny-2160.avi
7972,0.98916,16.83729,0.99711,45.83506,0.99969,0.79576,0.98108,0.99152,0.99527,100.0,1.41,0.89,0.75,1.7,46.65,48.62,49.36,45.84,0.988,0.991,0.991,0.987,/tmpdir/crf_16.mpd,/videos/BigBuckBunny-2160.avi
7973,0.99004,16.64389,0.99727,46.17744,0.99973,0.80235,0.98298,0.99257,0.996,100.0,1.31,0.86,0.73,1.57,46.96,48.78,49.49,46.18,0.989,0.991,0.991,0.988,/tmpdir/crf_16.mpd,/videos/BigBuckBunny-2160.avi
7974,0.99009,16.64389,0.99727,46.16271,0.99973,0.80289,0.98299,0.99246,0.9958,100.0,1.31,0.86,0.72,1.57,46.95,48.8,49.53,46.16,0.989,0.991,0.991,0.988,/tmpdir/crf_16.mpd,/videos/BigBuckBunny-2160.avi
7975,0.99,17.18979,0.99724,46.18468,0.99973,0.80325,0.98305,0.99251,0.99584,100.0,1.31,0.86,0.72,1.57,46.97,48.77,49.57,46.18,0.989,0.991,0.991,0.988,/tmpdir/crf_16.mpd,/videos/BigBuckBunny-2160.avi
7976,0.98916,17.18979,0.99716,46.15845,0.99969,0.80382,0.9825,0.99223,0.99565,100.0,1.31,0.86,0.72,1.57,46.95,48.8,49.59,46.16,0.989,0.991,0.991,0.988,/tmpdir/crf_16.mpd,/videos/BigBuckBunny-2160.avi
7977,0.98986,15.84818,0.99736,46.58797,0.99964,0.81535,0.9843,0.99303,0.99606,100.0,1.2,0.82,0.68,1.43,47.34,49.02,49.83,46.59,0.99,0.992,0.992,0.989,/tmpdir/crf_16.mpd,/videos/BigBuckBunny-2160.avi
7978,0.98975,15.84818,0.9973,46.67659,0.99958,0.81629,0.98437,0.99305,0.9961,100.0,1.17,0.79,0.66,1.4,47.44,49.17,49.96,46.68,0.99,0.992,0.992,0.989,/tmpdir/crf_16.mpd,/videos/BigBuckBunny-2160.avi
7979,0.99057,14.50155,0.9974,47.04583,0.99951,0.82424,0.98618,0.99387,0.99654,100.0,1.08,0.72,0.61,1.28,47.8,49.54,50.25,47.05,0.991,0.993,0.993,0.99,/tmpdir/crf_16.mpd,/videos/BigBuckBunny-2160.avi
7980,0.99011,14.50155,0.99731,47.05981,0.99946,0.82441,0.98563,0.99348,0.99624,100.0,1.07,0.69,0.59,1.28,47.85,49.75,50.39,47.06,0.991,0.993,0.993,0.99,/tmpdir/crf_16.mpd,/videos/BigBuckBunny-2160.avi
7981,0.98601,12.88706,0.99696,46.70365,0.99929,0.81404,0.97919,0.98944,0.99348,100.0,1.15,0.71,0.62,1.39,47.53,49.63,50.21,46.7,0.991,0.993,0.993,0.99,/tmpdir/crf_16.mpd,/videos/BigBuckBunny-2160.avi
7982,0.99015,12.88706,0.99739,47.52854,0.99939,0.83329,0.98751,0.99445,0.99688,100.0,0.96,0.61,0.55,1.15,48.31,50.27,50.73,47.53,0.992,0.993,0.993,0.991,/tmpdir/crf_16.mpd,/videos/BigBuckBunny-2160.avi
7983,0.99043,12.19819,0.99743,47.77689,0.99936,0.83783,0.98861,0.99495,0.99715,100.0,0.91,0.57,0.53,1.08,48.56,50.54,50.93,47.78,0.992,0.994,0.994,0.991,/tmpdir/crf_16.mpd,/videos/BigBuckBunny-2160.avi
7984,0.99007,12.19819,0.99745,47.86062,0.99934,0.84091,0.98865,0.99484,0.99701,100.0,0.89,0.55,0.5,1.06,48.66,50.71,51.11,47.86,0.992,0.994,0.994,0.991,/tmpdir/crf_16.mpd,/videos/BigBuckBunny-2160.avi
7985,0.98711,12.29387,0.99718,47.47468,0.99922,0.83286,0.98204,0.99063,0.9941,100.0,0.96,0.6,0.53,1.16,48.29,50.37,50.85,47.47,0.992,0.994,0.994,0.991,/tmpdir/crf_16.mpd,/videos/BigBuckBunny-2160.avi
7986,0.99126,12.29387,0.99753,48.23858,0.99936,0.84827,0.98969,0.99541,0.99733,100.0,0.82,0.52,0.48,0.98,49.02,51.01,51.35,48.24,0.993,0.994,0.994,0.992,/tmpdir/crf_16.mpd,/videos/BigBuckBunny-2160.avi
7987,0.9873,11.19903,0.99732,47.78075,0.99927,0.84057,0.98343,0.99141,0.99466,100.0,0.9,0.56,0.5,1.08,48.59,50.68,51.1,47.78,0.992,0.994,0.994,0.991,/tmpdir/crf_16.mpd,/videos/BigBuckBunny-2160.avi
7988,0.99202,11.19903,0.99777,48.78169,0.99941,0.86033,0.99124,0.99606,0.99768,100.0,0.73,0.47,0.44,0.86,49.52,51.42,51.66,48.78,0.993,0.995,0.994,0.993,/tmpdir/crf_16.mpd,/videos/BigBuckBunny-2160.avi
7989,0.98789,9.80524,0.99744,48.01144,0.99932,0.84561,0.98457,0.99204,0.99504,100.0,0.86,0.55,0.51,1.03,48.78,50.72,51.1,48.01,0.993,0.994,0.994,0.992,/tmpdir/crf_16.mpd,/videos/BigBuckBunny-2160.avi
7990,0.98901,9.80524,0.99759,48.28885,0.99937,0.85132,0.98696,0.99332,0.99586,100.0,0.81,0.5,0.47,0.96,49.07,51.14,51.38,48.29,0.993,0.994,0.994,0.992,/tmpdir/crf_16.mpd,/videos/BigBuckBunny-2160.avi
7991,0.98765,7.2212,0.99745,47.97822,0.99934,0.84579,0.98503,0.99223,0.99514,100.0,0.86,0.52,0.48,1.04,48.79,50.93,51.28,47.98,0.993,0.994,0.994,0.992,/tmpdir/crf_16.mpd,/videos/BigBuckBunny-2160.avi
7992,0.99239,7.2212,0.99795,49.19101,0.99948,0.87001,0.99279,0.9968,0.99814,100.0,0.66,0.42,0.42,0.78,49.92,51.87,51.95,49.19,0.994,0.995,0.995,0.993,/tmpdir/crf_16.mpd,/videos/BigBuckBunny-2160.avi
7993,0.99533,4.26995,0.9986,51.58723,0.99956,0.91598,0.99669,0.99861,0.99924,100.0,0.39,0.27,0.27,0.45,52.22,53.85,53.87,51.59,0.996,0.997,0.996,0.996,/tmpdir/crf_16.mpd,/videos/BigBuckBunny-2160.avi
7994,0.98938,4.26995,0.9979,48.88973,0.99942,0.87096,0.98846,0.99417,0.99654,100.0,0.68,0.38,0.37,0.84,49.77,52.28,52.49,48.89,0.994,0.996,0.996,0.993,/tmpdir/crf_16.mpd,/videos/BigBuckBunny-2160.avi
7995,0.99025,2.55162,0.99793,48.89884,0.99946,0.86957,0.98937,0.99463,0.99671,99.55898,0.68,0.39,0.37,0.84,49.77,52.23,52.46,48.9,0.994,0.996,0.995,0.993,/tmpdir/crf_16.mpd,/videos/BigBuckBunny-2160.avi
7996,0.98967,2.55162,0.99768,48.41649,0.99941,0.86367,0.98692,0.99334,0.99597,99.35876,0.76,0.41,0.39,0.94,49.34,52.02,52.21,48.42,0.994,0.995,0.995,0.993,/tmpdir/crf_16.mpd,/videos/BigBuckBunny-2160.avi
7997,0.99306,5.50832,0.99809,50.0107,0.9995,0.88881,0.99208,0.99641,0.99797,100.0,0.54,0.33,0.32,0.65,50.8,52.99,53.03,50.01,0.995,0.996,0.996,0.994,/tmpdir/crf_16.mpd,/videos/BigBuckBunny-2160.avi
7998,0.9906,5.40249,0.99788,49.50365,0.99944,0.87883,0.98712,0.9935,0.99614,100.0,0.62,0.41,0.39,0.73,50.21,52.0,52.25,49.5,0.994,0.996,0.996,0.994,/tmpdir/crf_16.mpd,/videos/BigBuckBunny-2160.avi
7999,0.99114,3.14174,0.99788,49.31307,0.99947,0.87454,0.98887,0.99452,0.99669,100.0,0.64,0.4,0.38,0.76,50.07,52.06,52.29,49.31,0.994,0.996,0.995,0.993,/tmpdir/crf_16.mpd,/videos/BigBuckBunny-2160.avi
8000,0.98915,2.8175,0.99771,48.8429,0.99941,0.86637,0.98592,0.99288,0.99568,99.38335,0.7,0.42,0.39,0.85,49.68,51.94,52.21,48.84,0.994,0.996,0.995,0.993,/tmpdir/crf_16.mpd,/videos/BigBuckBunny-2160.avi
8001,0.99458,1.40326,0.99837,50.76981,0.99955,0.90093,0.99467,0.9976,0.99862,100.0,0.47,0.32,0.32,0.54,51.41,53.07,53.11,50.77,0.995,0.996,0.996,0.995,/tmpdir/crf_16.mpd,/videos/BigBuckBunny-2160.avi
8002,0.99001,1.40326,0.99797,49.3416,0.99946,0.87753,0.98917,0.9945,0.99663,98.9437,0.62,0.36,0.36,0.76,50.18,52.57,52.58,49.34,0.994,0.996,0.996,0.994,/tmpdir/crf_16.mpd,/videos/BigBuckBunny-2160.avi
8003,0.99178,0.72429,0.99805,49.54687,0.9995,0.88023,0.99218,0.99637,0.99787,99.06884,0.6,0.35,0.35,0.72,50.36,52.69,52.68,49.55,0.994,0.996,0.996,0.994,/tmpdir/crf_16.mpd,/videos/BigBuckBunny-2160.avi
8004,0.99154,0.72429,0.99804,49.57478,0.99949,0.88178,0.99194,0.99634,0.99789,99.03059,0.6,0.35,0.35,0.72,50.38,52.68,52.63,49.57,0.994,0.996,0.996,0.994,/tmpdir/crf_16.mpd,/videos/BigBuckBunny-2160.avi
8005,0.99425,0.74854,0.99829,50.34846,0.99955,0.89316,0.99451,0.99757,0.9986,99.63853,0.51,0.33,0.33,0.6,51.06,52.94,52.99,50.35,0.995,0.996,0.996,0.994,/tmpdir/crf_16.mpd,/videos/BigBuckBunny-2160.avi
8006,0.99237,0.74854,0.99812,49.829,0.99951,0.88526,0.99274,0.99667,0.99806,99.21989,0.57,0.34,0.35,0.68,50.6,52.76,52.68,49.83,0.995,0.996,0.996,0.994,/tmpdir/crf_16.mpd,/videos/BigBuckBunny-2160.avi
8007,0.99253,1.06742,0.99814,49.85921,0.99951,0.88574,0.99292,0.99683,0.9982,99.41677,0.56,0.35,0.35,0.67,50.62,52.73,52.72,49.86,0.995,0.996,0.996,0.994,/tmpdir/crf_16.mpd,/videos/BigBuckBunny-2160.avi
8008,0.99184,0.97928,0.99801,49.4365,0.9995,0.87857,0.99215,0.99649,0.99801,99.20958,0.61,0.36,0.36,0.74,50.26,52.62,52.57,49.44,0.994,0.996,0.996,0.994,/tmpdir/crf_16.mpd,/videos/BigBuckBunny-2160.avi
8009,0.99424,0.97928,0.99824,50.16168,0.99955,0.8906,0.9943,0.99742,0.99849,99.72762,0.53,0.34,0.34,0.63,50.89,52.86,52.86,50.16,0.995,0.996,0.996,0.994,/tmpdir/crf_16.mpd,/videos/BigBuckBunny-2160.avi
8010,0.99237,1.11892,0.99804,49.59998,0.9995,0.88137,0.99211,0.99634,0.99783,99.36253,0.59,0.35,0.36,0.71,50.39,52.68,52.55,49.6,0.994,0.996,0.996,0.994,/tmpdir/crf_16.mpd,/videos/BigBuckBunny-2160.avi
8011,0.99321,1.0515,0.99807,49.72066,0.99951,0.88265,0.99274,0.99664,0.998,99.50155,0.58,0.35,0.36,0.69,50.49,52.68,52.59,49.72,0.994,0.996,0.996,0.994,/tmpdir/crf_16.mpd,/videos/BigBuckBunny-2160.avi
8012,0.99212,1.0515,0.99801,49.52883,0.99949,0.88002,0.992,0.99636,0.99789,99.28612,0.6,0.36,0.37,0.72,50.32,52.59,52.47,49.53,0.994,0.996,0.996,0.994,/tmpdir/crf_16.mpd,/videos/BigBuckBunny-2160.avi
8013,0.99336,0.88061,0.99808,49.67144,0.99953,0.88141,0.99345,0.99712,0.99834,99.47889,0.59,0.35,0.35,0.7,50.46,52.68,52.63,49.67,0.994,0.996,0.996,0.994,/tmpdir/crf_16.mpd,/videos/BigBuckBunny-2160.avi
8014,0.99267,0.88061,0.99789,49.3208,0.99947,0.88016,0.99147,0.99606,0.99767,99.27914,0.63,0.36,0.37,0.76,50.16,52.62,52.49,49.32,0.994,0.996,0.996,0.993,/tmpdir/crf_16.mpd,/videos/BigBuckBunny-2160.avi
8015,0.99337,6.49286,0.99804,50.06349,0.99946,0.88963,0.99174,0.99617,0.99774,100.0,0.54,0.33,0.34,0.64,50.81,52.89,52.8,50.06,0.995,0.996,0.996,0.994,/tmpdir/crf_16.mpd,/videos/BigBuckBunny-2160.avi
8016,0.99235,6.7851,0.99794,49.7413,0.99942,0.88556,0.99095,0.99579,0.99751,100.0,0.58,0.35,0.37,0.69,50.51,52.74,52.49,49.74,0.995,0.996,0.996,0.994,/tmpdir/crf_16.mpd,/videos/BigBuckBunny-2160.avi
8017,0.99441,6.40055,0.99822,50.66316,0.99949,0.89866,0.99326,0.99693,0.99822,100.0,0.48,0.32,0.32,0.56,51.34,53.14,53.11,50.66,0.995,0.996,0.996,0.995,/tmpdir/crf_16.mpd,/videos/BigBuckBunny-2160.avi
8018,0.99268,4.66413,0.99783,49.38796,0.99945,0.878,0.99043,0.9957,0.99751,100.0,0.62,0.36,0.37,0.75,50.2,52.55,52.43,49.39,0.994,0.996,0.996,0.993,/tmpdir/crf_16.mpd,/videos/BigBuckBunny-2160.avi
8019,0.99293,2.24271,0.99793,49.36386,0.99949,0.8754,0.99178,0.99638,0.99796,100.0,0.63,0.37,0.38,0.75,50.16,52.46,52.31,49.36,0.994,0.996,0.995,0.993,/tmpdir/crf_16.mpd,/videos/BigBuckBunny-2160.avi
8020,0.99182,2.24271,0.99777,49.00991,0.99947,0.86824,0.99057,0.99583,0.99757,99.76339,0.67,0.37,0.39,0.82,49.86,52.41,52.27,49.01,0.994,0.996,0.995,0.993,/tmpdir/crf_16.mpd,/videos/BigBuckBunny-2160.avi
8021,0.9939,1.78208,0.99816,50.00317,0.99953,0.88532,0.99368,0.99728,0.99848,100.0,0.55,0.35,0.35,0.65,50.73,52.73,52.67,50.0,0.995,0.996,0.996,0.994,/tmpdir/crf_16.mpd,/videos/BigBuckBunny-2160.avi
8022,0.99187,1.78208,0.99787,49.29069,0.99948,0.87338,0.9912,0.99618,0.99787,99.58006,0.64,0.37,0.38,0.77,50.1,52.45,52.35,49.29,0.994,0.996,0.995,0.993,/tmpdir/crf_16.mpd,/videos/BigBuckBunny-2160.avi
8023,0.99287,1.97425,0.99795,49.38865,0.9995,0.87491,0.99231,0.99665,0.9981,99.88488,0.62,0.36,0.37,0.75,50.19,52.53,52.41,49.39,0.994,0.996,0.995,0.993,/tmpdir/crf_16.mpd,/videos/BigBuckBunny-2160.avi
8024,0.99221,1.97425,0.99779,49.15116,0.99946,0.87099,0.99069,0.99584,0.99762,99.7053,0.65,0.37,0.38,0.79,49.98,52.46,52.28,49.15,0.994,0.996,0.995,0.993,/tmpdir/crf_16.mpd,/videos/BigBuckBunny-2160.avi
8025,0.99376,3.11258,0.99797,49.7086,0.99949,0.88013,0.99208,0.99651,0.99801,100.0,0.58,0.34,0.34,0.7,50.52,52.83,52.77,49.71,0.994,0.996,0.996,0.994,/tmpdir/crf_16.mpd,/videos/BigBuckBunny-2160.avi
8026,0.99256,6.49205,0.998,49.8165,0.99945,0.88426,0.99263,0.99665,0.998,100.0,0.56,0.32,0.32,0.68,50.66,53.11,53.05,49.82,0.995,0.996,0.996,0.994,/tmpdir/crf_16.mpd,/videos/BigBuckBunny-2160.avi
8027,0.99433,7.84834,0.99812,50.44361,0.99945,0.89782,0.99318,0.99681,0.9981,100.0,0.5,0.32,0.32,0.59,51.16,53.11,53.07,50.44,0.995,0.996,0.996,0.995,/tmpdir/crf_16.mpd,/videos/BigBuckBunny-2160.avi
8028,0.99436,8.18814,0.9982,50.6067,0.99948,0.89861,0.99322,0.99684,0.99813,100.0,0.49,0.33,0.33,0.57,51.27,53.01,52.97,50.61,0.995,0.996,0.996,0.995,/tmpdir/crf_16.mpd,/videos/BigBuckBunny-2160.avi
8029,0.99146,5.32303,0.99793,49.43416,0.99945,0.88,0.99054,0.99574,0.99758,100.0,0.62,0.38,0.38,0.74,50.2,52.34,52.29,49.43,0.994,0.996,0.995,0.994,/tmpdir/crf_16.mpd,/videos/BigBuckBunny-2160.avi
8030,0.99248,4.44555,0.99798,49.38218,0.99948,0.87839,0.99141,0.99619,0.99785,100.0,0.63,0.37,0.38,0.75,50.17,52.41,52.34,49.38,0.994,0.996,0.995,0.993,/tmpdir/crf_16.mpd,/videos/BigBuckBunny-2160.avi
8031,0.99154,2.17574,0.99782,48.77687,0.99946,0.86827,0.99069,0.9959,0.99763,99.68507,0.7,0.38,0.39,0.86,49.66,52.32,52.27,48.78,0.994,0.996,0.995,0.993,/tmpdir/crf_16.mpd,/videos/BigBuckBunny-2160.avi
8032,0.99474,2.17574,0.99829,50.16618,0.99954,0.89109,0.99433,0.99755,0.99864,100.0,0.53,0.35,0.34,0.63,50.87,52.73,52.75,50.17,0.995,0.996,0.996,0.994,/tmpdir/crf_16.mpd,/videos/BigBuckBunny-2160.avi
8033,0.9913,1.6924,0.99793,49.08017,0.99948,0.87363,0.99123,0.99613,0.99777,99.42672,0.66,0.38,0.38,0.8,49.92,52.35,52.31,49.08,0.994,0.996,0.995,0.993,/tmpdir/crf_16.mpd,/videos/BigBuckBunny-2160.avi
8034,0.99225,1.6924,0.99804,49.33158,0.9995,0.87787,0.99213,0.99642,0.99789,99.62118,0.63,0.37,0.37,0.76,50.14,52.45,52.44,49.33,0.994,0.996,0.995,0.993,/tmpdir/crf_16.mpd,/videos/BigBuckBunny-2160.avi
8035,0.99209,0.87568,0.9981,49.43093,0.99949,0.88102,0.99241,0.99649,0.99789,99.20336,0.62,0.36,0.36,0.74,50.24,52.51,52.51,49.43,0.994,0.996,0.996,0.994,/tmpdir/crf_16.mpd,/videos/BigBuckBunny-2160.avi
8036,0.99487,0.7228,0.99837,50.32534,0.99955,0.89493,0.99506,0.99782,0.99875,99.7586,0.52,0.35,0.34,0.6,51.0,52.75,52.81,50.33,0.995,0.996,0.996,0.995,/tmpdir/crf_16.mpd,/videos/BigBuckBunny-2160.avi
8037,0.992,0.39604,0.99812,49.42516,0.99951,0.87938,0.99292,0.9968,0.99811,98.97755,0.62,0.37,0.36,0.74,50.23,52.51,52.51,49.43,0.994,0.996,0.996,0.994,/tmpdir/crf_16.mpd,/videos/BigBuckBunny-2160.avi
8038,0.99239,0.39604,0.99814,49.49965,0.99952,0.87977,0.9931,0.99688,0.99817,99.05456,0.61,0.36,0.36,0.73,50.3,52.54,52.55,49.5,0.994,0.996,0.996,0.994,/tmpdir/crf_16.mpd,/videos/BigBuckBunny-2160.avi
8039,0.99165,0.38513,0.99808,49.29084,0.99952,0.87608,0.99286,0.99686,0.99819,98.90779,0.63,0.37,0.37,0.77,50.12,52.49,52.51,49.29,0.994,0.996,0.995,0.993,/tmpdir/crf_16.mpd,/videos/BigBuckBunny-2160.avi
8040,0.99306,0.38513,0.99816,49.66239,0.99953,0.88494,0.99348,0.99711,0.99832,99.19978,0.59,0.35,0.35,0.7,50.45,52.65,52.7,49.66,0.994,0.996,0.996,0.994,/tmpdir/crf_16.mpd,/videos/BigBuckBunny-2160.avi
8041,0.99277,4.56402,0.99812,49.83402,0.99951,0.8881,0.99181,0.9962,0.99778,100.0,0.57,0.36,0.36,0.68,50.57,52.58,52.6,49.83,0.995,0.996,0.996,0.994,/tmpdir/crf_16.mpd,/videos/BigBuckBunny-2160.avi
8042,0.99296,5.17066,0.99815,50.05263,0.9995,0.89058,0.99229,0.9964,0.99788,100.0,0.55,0.35,0.35,0.64,50.76,52.68,52.65,50.05,0.995,0.996,0.996,0.994,/tmpdir/crf_16.mpd,/videos/BigBuckBunny-2160.avi
8043,0.9921,3.79199,0.99806,49.84391,0.99949,0.88741,0.99177,0.99625,0.99782,100.0,0.57,0.35,0.36,0.67,50.59,52.64,52.59,49.84,0.995,0.996,0.996,0.994,/tmpdir/crf_16.mpd,/videos/BigBuckBunny-2160.avi
8044,0.99382,3.79199,0.99825,50.47499,0.99952,0.89703,0.99337,0.99694,0.99823,100.0,0.5,0.33,0.33,0.58,51.16,52.97,52.95,50.47,0.995,0.996,0.996,0.995,/tmpdir/crf_16.mpd,/videos/BigBuckBunny-2160.avi
8045,0.99206,4.89016,0.99812,49.95166,0.99951,0.89069,0.99223,0.99641,0.99792,100.0,0.55,0.35,0.35,0.66,50.69,52.73,52.67,49.95,0.995,0.996,0.996,0.994,/tmpdir/crf_16.mpd,/videos/BigBuckBunny-2160.avi
8046,0.99403,4.12069,0.99836,50.66665,0.99958,0.90045,0.99421,0.99738,0.9985,100.0,0.48,0.32,0.32,0.56,51.32,53.03,53.03,50.67,0.995,0.996,0.996,0.995,/tmpdir/crf_16.mpd,/videos/BigBuckBunny-2160.avi
8047,0.99153,1.83691,0.99802,49.35286,0.99954,0.87917,0.99206,0.99641,0.99792,99.57067,0.63,0.36,0.38,0.75,50.16,52.53,52.37,49.35,0.994,0.996,0.995,0.994,/tmpdir/crf_16.mpd,/videos/BigBuckBunny-2160.avi
8048,0.99121,1.83691,0.99809,49.34221,0.99956,0.87741,0.99256,0.99666,0.99807,99.52659,0.62,0.36,0.37,0.76,50.17,52.63,52.49,49.34,0.994,0.996,0.996,0.994,/tmpdir/crf_16.mpd,/videos/BigBuckBunny-2160.avi
8049,0.99148,1.09345,0.99811,49.51122,0.99956,0.88137,0.99257,0.99666,0.99809,99.21824,0.61,0.36,0.37,0.73,50.3,52.6,52.46,49.51,0.994,0.996,0.995,0.994,/tmpdir/crf_16.mpd,/videos/BigBuckBunny-2160.avi
8050,0.9933,1.09345,0.99832,50.1373,0.99961,0.89098,0.99433,0.99754,0.99865,99.63074,0.54,0.34,0.35,0.63,50.85,52.78,52.72,50.14,0.995,0.996,0.996,0.994,/tmpdir/crf_16.mpd,/videos/BigBuckBunny-2160.avi
8051,0.9915,1.17998,0.99809,49.46136,0.99956,0.8809,0.99247,0.99672,0.99819,99.27175,0.61,0.36,0.38,0.74,50.25,52.55,52.37,49.46,0.994,0.996,0.995,0.994,/tmpdir/crf_16.mpd,/videos/BigBuckBunny-2160.avi
8052,0.99172,1.17998,0.9981,49.54568,0.99956,0.88197,0.99269,0.99677,0.99815,99.31265,0.6,0.36,0.37,0.72,50.33,52.58,52.41,49.55,0.994,0.996,0.995,0.994,/tmpdir/crf_16.mpd,/videos/BigBuckBunny-2160.avi
8053,0.99113,1.76409,0.99799,49.27916,0.99954,0.87777,0.99173,0.99637,0.99796,99.46257,0.64,0.37,0.38,0.77,50.09,52.49,52.28,49.28,0.994,0.996,0.995,0.993,/tmpdir/crf_16.mpd,/videos/BigBuckBunny-2160.avi
8054,0.99264,1.76409,0.99803,49.45268,0.99957,0.88037,0.99279,0.99696,0.99836,99.77907,0.61,0.36,0.37,0.74,50.26,52.62,52.5,49.45,0.994,0.996,0.995,0.993,/tmpdir/crf_16.mpd,/videos/BigBuckBunny-2160.avi
8055,0.99195,5.63383,0.99814,49.95286,0.99954,0.88929,0.9921,0.99641,0.998,100.0,0.55,0.34,0.36,0.66,50.69,52.79,52.6,49.95,0.995,0.996,0.996,0.994,/tmpdir/crf_16.mpd,/videos/BigBuckBunny-2160.avi
8056,0.9915,5.70573,0.99808,49.74312,0.99952,0.88664,0.99179,0.9963,0.99789,100.0,0.58,0.36,0.38,0.69,50.48,52.57,52.35,49.74,0.995,0.996,0.996,0.994,/tmpdir/crf_16.mpd,/videos/BigBuckBunny-2160.avi
8057,0.99166,5.85037,0.99807,49.76222,0.99955,0.88527,0.99186,0.99634,0.9979,100.0,0.58,0.36,0.36,0.69,50.51,52.59,52.52,49.76,0.995,0.996,0.996,0.994,/tmpdir/crf_16.mpd,/videos/BigBuckBunny-2160.avi
8058,0.99204,10.39562,0.99807,49.81468,0.99957,0.88533,0.9924,0.99658,0.99802,100.0,0.56,0.32,0.33,0.68,50.65,53.07,52.98,49.81,0.995,0.996,0.996,0.994,/tmpdir/crf_16.mpd,/videos/BigBuckBunny-2160.avi
8059,0.99318,24.07092,0.99818,50.18047,0.99973,0.88615,0.99128,0.99621,0.99789,100.0,0.5,0.27,0.26,0.62,51.11,53.89,54.02,50.18,0.995,0.997,0.997,0.994,/tmpdir/crf_16.mpd,/videos/BigBuckBunny-2160.avi
8060,0.99218,26.08471,0.99815,51.27318,0.99961,0.8908,0.99142,0.99621,0.9979,100.0,0.39,0.2,0.21,0.49,52.2,55.03,54.99,51.27,0.995,0.997,0.997,0.994,/tmpdir/crf_16.mpd,/videos/BigBuckBunny-2160.avi
8061,0.9912,27.13714,0.9978,49.99916,0.99948,0.87033,0.99102,0.99619,0.9979,100.0,0.52,0.26,0.27,0.65,50.95,54.04,53.74,50.0,0.994,0.997,0.996,0.993,/tmpdir/crf_16.mpd,/videos/BigBuckBunny-2160.avi
8062,0.99069,21.61513,0.99778,49.8823,0.99952,0.86438,0.9908,0.99613,0.9979,100.0,0.53,0.26,0.27,0.67,50.86,53.99,53.89,49.88,0.994,0.997,0.997,0.993,/tmpdir/crf_16.mpd,/videos/BigBuckBunny-2160.avi
8063,0.99033,8.87619,0.99772,48.68284,0.99954,0.86264,0.98897,0.99513,0.99727,100.0,0.72,0.39,0.41,0.88,49.56,52.23,52.01,48.68,0.994,0.996,0.995,0.993,/tmpdir/crf_16.mpd,/videos/BigBuckBunny-2160.avi
8064,0.99292,3.56485,0.99816,49.64826,0.99959,0.88982,0.99291,0.99683,0.9982,100.0,0.59,0.36,0.36,0.71,50.43,52.61,52.61,49.65,0.995,0.996,0.996,0.994,/tmpdir/crf_16.mpd,/videos/BigBuckBunny-2160.avi
8065,0.99233,1.94928,0.99813,49.51751,0.99956,0.88931,0.99223,0.99644,0.99791,99.79722,0.6,0.35,0.35,0.73,50.34,52.67,52.73,49.52,0.995,0.996,0.996,0.994,/tmpdir/crf_16.mpd,/videos/BigBuckBunny-2160.avi
8066,0.99457,1.94928,0.99841,50.47946,0.99961,0.90277,0.99481,0.99773,0.99874,100.0,0.49,0.32,0.31,0.58,51.19,53.03,53.21,50.48,0.996,0.996,0.996,0.995,/tmpdir/crf_16.mpd,/videos/BigBuckBunny-2160.avi
8067,0.99233,2.42344,0.99813,49.68303,0.99955,0.89157,0.99214,0.99636,0.99785,100.0,0.58,0.35,0.35,0.7,50.48,52.68,52.74,49.68,0.995,0.996,0.996,0.994,/tmpdir/crf_16.mpd,/videos/BigBuckBunny-2160.avi
8068,0.99246,2.42344,0.9982,49.88364,0.99957,0.89318,0.99295,0.99679,0.99816,100.0,0.56,0.35,0.34,0.67,50.65,52.73,52.77,49.88,0.995,0.996,0.996,0.995,/tmpdir/crf_16.mpd,/videos/BigBuckBunny-2160.avi
8069,0.9927,3.08576,0.99811,49.76303,0.99955,0.89181,0.99173,0.99622,0.99787,100.0,0.57,0.35,0.35,0.69,50.54,52.72,52.72,49.76,0.995,0.996,0.996,0.994,/tmpdir/crf_16.mpd,/videos/BigBuckBunny-2160.avi
8070,0.99495,3.31414,0.99832,50.5608,0.99959,0.9019,0.99417,0.99742,0.99858,100.0,0.49,0.32,0.32,0.57,51.25,53.07,53.13,50.56,0.995,0.996,0.996,0.995,/tmpdir/crf_16.mpd,/videos/BigBuckBunny-2160.avi
8071,0.99314,3.9238,0.99816,50.09603,0.99954,0.8962,0.99233,0.99642,0.99788,100.0,0.54,0.34,0.34,0.64,50.82,52.78,52.75,50.1,0.995,0.996,0.996,0.995,/tmpdir/crf_16.mpd,/videos/BigBuckBunny-2160.avi
8072,0.99383,3.9238,0.99826,50.49119,0.99956,0.90143,0.99323,0.99685,0.99819,100.0,0.5,0.34,0.33,0.58,51.16,52.87,52.94,50.49,0.995,0.996,0.996,0.995,/tmpdir/crf_16.mpd,/videos/BigBuckBunny-2160.avi
8073,0.99326,3.91698,0.99819,50.27229,0.99954,0.89842,0.99225,0.99631,0.99784,100.0,0.52,0.34,0.34,0.61,50.96,52.76,52.79,50.27,0.995,0.996,0.996,0.995,/tmpdir/crf_16.mpd,/videos/BigBuckBunny-2160.avi
8074,0.99526,3.91698,0.99834,50.89848,0.99957,0.90623,0.9945,0.99757,0.9987,100.0,0.46,0.32,0.31,0.53,51.53,53.13,53.18,50.9,0.996,0.996,0.996,0.995,/tmpdir/crf_16.mpd,/videos/BigBuckBunny-2160.avi
8075,0.9935,4.37252,0.99814,50.22119,0.99953,0.89767,0.99292,0.99675,0.99816,100.0,0.52,0.34,0.33,0.62,50.94,52.88,52.88,50.22,0.995,0.996,0.996,0.995,/tmpdir/crf_16.mpd,/videos/BigBuckBunny-2160.avi
8076,0.99384,3.82724,0.99818,50.31618,0.99953,0.89848,0.99298,0.99681,0.99824,100.0,0.51,0.33,0.33,0.6,51.03,52.91,52.95,50.32,0.995,0.996,0.996,0.995,/tmpdir/crf_16.mpd,/videos/BigBuckBunny-2160.avi
8077,0.99321,2.65647,0.99807,49.6674,0.99952,0.8896,0.99186,0.99642,0.99805,100.0,0.58,0.35,0.34,0.7,50.48,52.75,52.78,49.67,0.995,0.996,0.996,0.994,/tmpdir/crf_16.mpd,/videos/BigBuckBunny-2160.avi
8078,0.9951,2.65647,0.99829,50.59025,0.99956,0.90228,0.9945,0.99765,0.99876,100.0,0.48,0.32,0.31,0.57,51.28,53.11,53.16,50.59,0.996,0.996,0.996,0.995,/tmpdir/crf_16.mpd,/videos/BigBuckBunny-2160.avi
8079,0.99386,3.24385,0.99816,50.18315,0.99951,0.89913,0.99293,0.99682,0.99822,100.0,0.53,0.34,0.34,0.62,50.89,52.79,52.81,50.18,0.995,0.996,0.996,0.995,/tmpdir/crf_16.mpd,/videos/BigBuckBunny-2160.avi
8080,0.99425,3.24385,0.99826,50.6013,0.99953,0.90495,0.994,0.99728,0.99848,100.0,0.49,0.34,0.33,0.57,51.24,52.87,52.93,50.6,0.996,0.996,0.996,0.995,/tmpdir/crf_16.mpd,/videos/BigBuckBunny-2160.avi
8081,0.99439,3.22846,0.99829,50.66156,0.99952,0.90838,0.99408,0.9973,0.99847,100.0,0.49,0.34,0.34,0.56,51.27,52.78,52.86,50.66,0.996,0.996,0.996,0.995,/tmpdir/crf_16.mpd,/videos/BigBuckBunny-2160.avi
8082,0.99549,3.22846,0.99839,51.02579,0.99954,0.91302,0.9953,0.99797,0.99894,100.0,0.45,0.32,0.32,0.51,51.61,53.07,53.08,51.03,0.996,0.997,0.996,0.996,/tmpdir/crf_16.mpd,/videos/BigBuckBunny-2160.avi
8083,0.99409,2.14224,0.99834,50.75043,0.99952,0.91173,0.99421,0.99734,0.99851,100.0,0.48,0.34,0.34,0.55,51.33,52.79,52.75,50.75,0.996,0.996,0.996,0.996,/tmpdir/crf_16.mpd,/videos/BigBuckBunny-2160.avi
8084,0.99455,2.14224,0.99837,50.94675,0.99953,0.91369,0.99472,0.99764,0.99872,100.0,0.46,0.34,0.34,0.52,51.48,52.8,52.8,50.95,0.996,0.996,0.996,0.996,/tmpdir/crf_16.mpd,/videos/BigBuckBunny-2160.avi
8085,0.99379,1.75659,0.99835,50.80465,0.99952,0.91273,0.99434,0.99742,0.99855,100.0,0.48,0.35,0.35,0.54,51.35,52.73,52.68,50.8,0.996,0.996,0.996,0.996,/tmpdir/crf_16.mpd,/videos/BigBuckBunny-2160.avi
8086,0.99461,1.75659,0.99839,51.02534,0.99953,0.91519,0.99517,0.99791,0.9989,100.0,0.45,0.33,0.33,0.51,51.56,52.88,52.89,51.03,0.996,0.996,0.996,0.996,/tmpdir/crf_16.mpd,/videos/BigBuckBunny-2160.avi
8087,0.9937,1.97285,0.99829,50.67818,0.99951,0.91113,0.994,0.99726,0.99844,100.0,0.49,0.35,0.35,0.56,51.26,52.72,52.69,50.68,0.996,0.996,0.996,0.996,/tmpdir/crf_16.mpd,/videos/BigBuckBunny-2160.avi
8088,0.99468,2.63532,0.99838,51.12244,0.99951,0.91726,0.99435,0.99747,0.99864,100.0,0.45,0.34,0.33,0.5,51.63,52.86,52.88,51.12,0.996,0.996,0.996,0.996,/tmpdir/crf_16.mpd,/videos/BigBuckBunny-2160.avi
8089,0.99386,5.60947,0.99838,51.26941,0.99948,0.91948,0.99387,0.99714,0.99838,100.0,0.44,0.34,0.34,0.49,51.74,52.86,52.87,51.27,0.996,0.996,0.996,0.996,/tmpdir/crf_16.mpd,/videos/BigBuckBunny-2160.avi
8090,0.99435,5.60947,0.99845,51.72735,0.99948,0.92473,0.99484,0.99764,0.99873,100.0,0.39,0.31,0.3,0.44,52.17,53.16,53.32,51.73,0.997,0.997,0.996,0.997,/tmpdir/crf_16.mpd,/videos/BigBuckBunny-2160.avi
8091,0.99404,5.03464,0.99836,51.54478,0.9994,0.92388,0.9945,0.99746,0.9986,100.0,0.41,0.32,0.31,0.46,52.01,53.05,53.16,51.54,0.996,0.997,0.996,0.997,/tmpdir/crf_16.mpd,/videos/BigBuckBunny-2160.avi
8092,0.99504,4.68707,0.99841,51.97323,0.99941,0.92704,0.99544,0.99797,0.99895,100.0,0.37,0.3,0.29,0.41,52.4,53.31,53.48,51.97,0.997,0.997,0.996,0.997,/tmpdir/crf_16.mpd,/videos/BigBuckBunny-2160.avi
8093,0.9944,3.05717,0.99828,51.45993,0.99937,0.92224,0.99457,0.99752,0.99865,100.0,0.42,0.32,0.32,0.46,51.93,53.02,53.08,51.46,0.996,0.997,0.996,0.996,/tmpdir/crf_16.mpd,/videos/BigBuckBunny-2160.avi
8094,0.99493,3.05717,0.99832,51.65109,0.99937,0.92356,0.99503,0.99776,0.99882,100.0,0.4,0.32,0.31,0.44,52.09,53.11,53.16,51.65,0.996,0.997,0.996,0.996,/tmpdir/crf_16.mpd,/videos/BigBuckBunny-2160.avi
8095,0.99451,2.66061,0.99827,51.49483,0.99936,0.92204,0.99464,0.99757,0.99869,100.0,0.41,0.33,0.32,0.46,51.95,53.01,53.07,51.49,0.996,0.997,0.996,0.996,/tmpdir/crf_16.mpd,/videos/BigBuckBunny-2160.avi
8096,0.99503,2.66061,0.99835,51.85577,0.99938,0.92506,0.99531,0.99794,0.99895,100.0,0.39,0.31,0.3,0.42,52.27,53.18,53.34,51.86,0.997,0.997,0.996,0.997,/tmpdir/crf_16.mpd,/videos/BigBuckBunny-2160.avi
8097,0.99418,2.76358,0.99826,51.39907,0.99936,0.92124,0.99441,0.99747,0.99863,100.0,0.42,0.33,0.32,0.47,51.87,52.95,53.01,51.4,0.996,0.997,0.996,0.996,/tmpdir/crf_16.mpd,/videos/BigBuckBunny-2160.avi
8098,0.99446,2.76358,0.9983,51.57517,0.99937,0.92241,0.99496,0.99776,0.99881,100.0,0.41,0.32,0.32,0.45,52.02,53.05,53.07,51.58,0.996,0.997,0.996,0.996,/tmpdir/crf_16.mpd,/videos/BigBuckBunny-2160.avi
8099,0.99397,2.44584,0.99823,51.30692,0.99936,0.91924,0.99446,0.99754,0.99867,100.0,0.43,0.33,0.33,0.48,51.8,52.96,53.0,51.31,0.996,0.997,0.996,0.996,/tmpdir/crf_16.mpd,/videos/BigBuckBunny-2160.avi
8100,0.99496,2.44584,0.99834,51.84337,0.99938,0.92368,0.99551,0.99806,0.999,100.0,0.38,0.31,0.3,0.43,52.28,53.26,53.34,51.84,0.996,0.997,0.996,0.996,/tmpdir/crf_16.mpd,/videos/BigBuckBunny-2160.avi
8101,0.99686,2.46736,0.99863,53.68786,0.99942,0.94619,0.99763,0.99893,0.9994,100.0,0.25,0.2,0.2,0.28,54.12,55.16,55.14,53.69,0.998,0.998,0.997,0.998,/tmpdir/crf_16.mpd,/videos/BigBuckBunny-2160.avi
8102,0.99481,2.46736,0.9984,52.13113,0.9994,0.93198,0.99523,0.99768,0.9986,100.0,0.35,0.25,0.26,0.4,52.69,54.22,53.98,52.13,0.997,0.997,0.997,0.997,/tmpdir/crf_16.mpd,/videos/BigBuckBunny-2160.avi
8103,0.99511,1.87747,0.99844,52.0965,0.99944,0.93124,0.99575,0.99796,0.99878,100.0,0.35,0.25,0.26,0.4,52.66,54.17,53.97,52.1,0.997,0.997,0.997,0.997,/tmpdir/crf_16.mpd,/videos/BigBuckBunny-2160.avi
8104,0.99426,1.87747,0.99844,52.0029,0.99945,0.93035,0.99518,0.99767,0.9986,100.0,0.36,0.25,0.27,0.41,52.57,54.1,53.86,52.0,0.997,0.997,0.997,0.997,/tmpdir/crf_16.mpd,/videos/BigBuckBunny-2160.avi
8105,0.99585,1.18503,0.99859,52.71684,0.9995,0.93668,0.99693,0.99865,0.99927,100.0,0.31,0.24,0.24,0.35,53.2,54.37,54.34,52.72,0.997,0.997,0.997,0.997,/tmpdir/crf_16.mpd,/videos/BigBuckBunny-2160.avi
8106,0.99457,1.18503,0.99848,52.04949,0.99947,0.93098,0.99558,0.99793,0.99882,100.0,0.36,0.26,0.27,0.41,52.6,54.06,53.89,52.05,0.997,0.997,0.997,0.997,/tmpdir/crf_16.mpd,/videos/BigBuckBunny-2160.avi
8107,0.99483,0.96949,0.99849,52.09513,0.99947,0.93103,0.99578,0.99804,0.99891,100.0,0.35,0.25,0.26,0.4,52.64,54.07,53.93,52.1,0.997,0.997,0.997,0.997,/tmpdir/crf_16.mpd,/videos/BigBuckBunny-2160.avi
8108,0.99436,0.96949,0.99847,51.9569,0.99946,0.93027,0.99555,0.99798,0.99891,99.91644,0.36,0.26,0.27,0.41,52.51,53.95,53.82,51.96,0.997,0.997,0.997,0.997,/tmpdir/crf_16.mpd,/videos/BigBuckBunny-2160.avi
8109,0.99544,0.92393,0.99852,52.3231,0.99948,0.93228,0.9966,0.99855,0.99928,100.0,0.34,0.25,0.26,0.38,52.84,54.11,54.07,52.32,0.997,0.997,0.997,0.997,/tmpdir/crf_16.mpd,/videos/BigBuckBunny-2160.avi
8110,0.99421,0.92393,0.99846,51.97382,0.99946,0.92976,0.9956,0.99799,0.99891,99.86691,0.36,0.26,0.27,0.41,52.53,53.97,53.89,51.97,0.997,0.997,0.997,0.997,/tmpdir/crf_16.mpd,/videos/BigBuckBunny-2160.avi
8111,0.99418,1.08433,0.99846,51.90715,0.99946,0.92894,0.99568,0.99801,0.99891,99.93447,0.37,0.26,0.26,0.42,52.49,54.01,53.91,51.91,0.997,0.997,0.997,0.997,/tmpdir/crf_16.mpd,/videos/BigBuckBunny-2160.avi
8112,0.99394,1.08433,0.99839,51.66426,0.99945,0.92678,0.99515,0.99777,0.99877,99.86825,0.39,0.26,0.27,0.44,52.28,53.91,53.77,51.66,0.997,0.997,0.997,0.996,/tmpdir/crf_16.mpd,/videos/BigBuckBunny-2160.avi
8113,0.99512,1.89529,0.99845,52.05049,0.99947,0.92907,0.99582,0.99815,0.99903,100.0,0.36,0.26,0.26,0.41,52.59,53.94,53.91,52.05,0.997,0.997,0.997,0.997,/tmpdir/crf_16.mpd,/videos/BigBuckBunny-2160.avi
8114,0.99444,1.89529,0.99841,51.79512,0.99946,0.92707,0.99489,0.99763,0.9987,100.0,0.38,0.28,0.28,0.43,52.34,53.73,53.66,51.8,0.997,0.997,0.997,0.997,/tmpdir/crf_16.mpd,/videos/BigBuckBunny-2160.avi
8115,0.99468,1.8989,0.99841,51.76161,0.99947,0.9258,0.99508,0.99773,0.99875,100.0,0.38,0.28,0.28,0.43,52.31,53.72,53.59,51.76,0.997,0.997,0.997,0.996,/tmpdir/crf_16.mpd,/videos/BigBuckBunny-2160.avi
8116,0.99421,1.8989,0.99835,51.45585,0.99946,0.92268,0.99468,0.99758,0.99869,100.0,0.41,0.28,0.3,0.47,52.04,53.63,53.43,51.46,0.996,0.997,0.996,0.996,/tmpdir/crf_16.mpd,/videos/BigBuckBunny-2160.avi
8117,0.99536,2.60487,0.99842,51.84939,0.99949,0.92498,0.9955,0.99797,0.99892,100.0,0.37,0.26,0.28,0.42,52.41,53.94,53.68,51.85,0.997,0.997,0.997,0.996,/tmpdir/crf_16.mpd,/videos/BigBuckBunny-2160.avi
8118,0.99391,2.60487,0.99833,51.37538,0.99948,0.9204,0.99447,0.99742,0.99857,100.0,0.41,0.29,0.3,0.47,51.97,53.58,53.37,51.38,0.996,0.997,0.996,0.996,/tmpdir/crf_16.mpd,/videos/BigBuckBunny-2160.avi
8119,0.99427,1.9891,0.99837,51.48111,0.9995,0.92104,0.99477,0.99755,0.99865,100.0,0.41,0.28,0.3,0.46,52.06,53.6,53.4,51.48,0.996,0.997,0.996,0.996,/tmpdir/crf_16.mpd,/videos/BigBuckBunny-2160.avi
8120,0.99372,1.9891,0.99832,51.2155,0.99948,0.91856,0.99396,0.99709,0.99834,100.0,0.43,0.29,0.3,0.49,51.83,53.5,53.35,51.22,0.996,0.997,0.996,0.996,/tmpdir/crf_16.mpd,/videos/BigBuckBunny-2160.avi
8121,0.99518,1.66437,0.99843,51.76027,0.99949,0.92317,0.99526,0.99774,0.99872,100.0,0.38,0.27,0.28,0.43,52.33,53.82,53.67,51.76,0.996,0.997,0.997,0.996,/tmpdir/crf_16.mpd,/videos/BigBuckBunny-2160.avi
8122,0.99345,1.66437,0.99829,51.15293,0.99945,0.91701,0.99365,0.99683,0.99808,99.95853,0.43,0.29,0.3,0.5,51.78,53.45,53.3,51.15,0.996,0.997,0.996,0.996,/tmpdir/crf_16.mpd,/videos/BigBuckBunny-2160.avi
8123,0.99388,1.23941,0.99831,51.24048,0.99945,0.91786,0.99419,0.99708,0.99824,99.84741,0.42,0.29,0.3,0.49,51.85,53.48,53.32,51.24,0.996,0.997,0.996,0.996,/tmpdir/crf_16.mpd,/videos/BigBuckBunny-2160.avi
8124,0.99322,1.23941,0.99833,51.27885,0.99944,0.91892,0.994,0.99698,0.99818,99.72716,0.42,0.29,0.31,0.48,51.87,53.45,53.29,51.28,0.996,0.997,0.996,0.996,/tmpdir/crf_16.mpd,/videos/BigBuckBunny-2160.avi
8125,0.99488,1.15781,0.99844,51.70819,0.99947,0.92276,0.99507,0.99752,0.99851,100.0,0.39,0.28,0.29,0.44,52.25,53.65,53.52,51.71,0.996,0.997,0.996,0.996,/tmpdir/crf_16.mpd,/videos/BigBuckBunny-2160.avi
8126,0.99335,1.15781,0.99833,51.29279,0.99943,0.91893,0.99379,0.99676,0.99797,99.69105,0.42,0.3,0.3,0.48,51.88,53.42,53.29,51.29,0.996,0.997,0.996,0.996,/tmpdir/crf_16.mpd,/videos/BigBuckBunny-2160.avi
8127,0.9936,1.08237,0.99831,51.23046,0.99943,0.91757,0.99377,0.99673,0.99794,99.69122,0.43,0.3,0.31,0.49,51.82,53.41,53.25,51.23,0.996,0.997,0.996,0.996,/tmpdir/crf_16.mpd,/videos/BigBuckBunny-2160.avi
8128,0.99301,1.08237,0.99828,51.10191,0.99942,0.9166,0.99328,0.9964,0.99764,99.55465,0.44,0.31,0.32,0.5,51.7,53.28,53.12,51.1,0.996,0.997,0.996,0.996,/tmpdir/crf_16.mpd,/videos/BigBuckBunny-2160.avi
8129,0.99373,1.10671,0.99828,51.07477,0.99943,0.91516,0.99343,0.99649,0.99772,99.69689,0.44,0.3,0.31,0.51,51.68,53.3,53.15,51.07,0.996,0.997,0.996,0.996,/tmpdir/crf_16.mpd,/videos/BigBuckBunny-2160.avi
8130,0.99281,1.10671,0.99823,50.80872,0.99941,0.91275,0.99247,0.99591,0.99727,99.47939,0.47,0.31,0.32,0.54,51.45,53.17,53.04,50.81,0.996,0.997,0.996,0.996,/tmpdir/crf_16.mpd,/videos/BigBuckBunny-2160.avi
8131,0.99553,0.68747,0.99928,53.0651,0.99992,0.9256,0.99655,0.9985,0.99916,100.0,0.29,0.23,0.25,0.32,53.45,54.48,54.18,53.07,0.996,0.997,0.996,0.996,/tmpdir/crf_16.mpd,/videos/BigBuckBunny-2160.avi
8132,0.98998,0.68747,0.99888,51.39258,0.99981,0.8974,0.99295,0.99699,0.99843,98.83712,0.42,0.29,0.33,0.47,51.91,53.47,52.94,51.39,0.995,0.996,0.995,0.995,/tmpdir/crf_16.mpd,/videos/BigBuckBunny-2160.avi
8133,0.99046,0.82164,0.9988,51.19578,0.99979,0.89344,0.9921,0.99641,0.998,98.9283,0.44,0.3,0.35,0.49,51.72,53.36,52.71,51.2,0.995,0.996,0.995,0.995,/tmpdir/crf_16.mpd,/videos/BigBuckBunny-2160.avi
8134,0.98887,0.82164,0.9987,50.93235,0.99976,0.888,0.99133,0.99602,0.99775,98.60275,0.46,0.31,0.37,0.52,51.46,53.15,52.41,50.93,0.995,0.996,0.995,0.994,/tmpdir/crf_16.mpd,/videos/BigBuckBunny-2160.avi
8135,0.99251,0.87903,0.99882,51.26024,0.99983,0.8942,0.99416,0.99759,0.99873,99.40512,0.43,0.29,0.34,0.49,51.79,53.46,52.78,51.26,0.995,0.996,0.995,0.995,/tmpdir/crf_16.mpd,/videos/BigBuckBunny-2160.avi
8136,0.98917,0.87903,0.99866,50.78728,0.99976,0.88418,0.99141,0.99625,0.99793,98.69126,0.48,0.33,0.4,0.54,51.28,52.89,52.09,50.79,0.994,0.995,0.995,0.994,/tmpdir/crf_16.mpd,/videos/BigBuckBunny-2160.avi
8137,0.98941,0.97746,0.99864,50.75782,0.99976,0.88309,0.9914,0.99616,0.99776,98.76533,0.49,0.33,0.4,0.55,51.27,52.95,52.12,50.76,0.994,0.995,0.995,0.994,/tmpdir/crf_16.mpd,/videos/BigBuckBunny-2160.avi
8138,0.98824,0.97746,0.99855,50.5116,0.99974,0.87754,0.99068,0.996,0.9978,98.53985,0.51,0.35,0.43,0.58,51.02,52.73,51.82,50.51,0.994,0.995,0.994,0.994,/tmpdir/crf_16.mpd,/videos/BigBuckBunny-2160.avi
8139,0.99145,1.43898,0.99865,50.77373,0.9998,0.88386,0.99322,0.9973,0.99867,99.44626,0.48,0.32,0.39,0.54,51.31,53.06,52.25,50.77,0.994,0.995,0.995,0.994,/tmpdir/crf_16.mpd,/videos/BigBuckBunny-2160.avi
8140,0.98783,1.96136,0.9984,50.1494,0.99973,0.8666,0.98829,0.99485,0.99711,98.85241,0.55,0.36,0.45,0.63,50.69,52.51,51.59,50.15,0.994,0.995,0.994,0.993,/tmpdir/crf_16.mpd,/videos/BigBuckBunny-2160.avi
8141,0.98815,1.26614,0.99842,50.06876,0.99975,0.86359,0.98949,0.99554,0.99763,98.60461,0.56,0.36,0.45,0.64,50.64,52.54,51.64,50.07,0.994,0.995,0.994,0.993,/tmpdir/crf_16.mpd,/videos/BigBuckBunny-2160.avi
8142,0.98718,1.26614,0.9983,49.8828,0.99971,0.85984,0.98832,0.99505,0.99736,98.39228,0.59,0.38,0.46,0.67,50.46,52.39,51.47,49.88,0.993,0.995,0.994,0.993,/tmpdir/crf_16.mpd,/videos/BigBuckBunny-2160.avi
8143,0.99171,1.31497,0.99864,50.70147,0.99982,0.87909,0.99275,0.99703,0.99844,99.39514,0.49,0.34,0.41,0.55,51.19,52.8,52.01,50.7,0.994,0.995,0.994,0.994,/tmpdir/crf_16.mpd,/videos/BigBuckBunny-2160.avi
8144,0.98723,1.31497,0.99846,50.30845,0.99973,0.86912,0.989,0.99525,0.99727,98.4484,0.54,0.38,0.46,0.61,50.78,52.32,51.54,50.31,0.994,0.995,0.994,0.994,/tmpdir/crf_16.mpd,/videos/BigBuckBunny-2160.avi
8145,0.98809,0.97292,0.99847,50.32186,0.99975,0.8698,0.9899,0.99564,0.99761,98.46823,0.54,0.37,0.44,0.6,50.83,52.5,51.68,50.32,0.994,0.995,0.994,0.994,/tmpdir/crf_16.mpd,/videos/BigBuckBunny-2160.avi
8146,0.9873,0.97292,0.99842,50.21523,0.99972,0.86743,0.98921,0.99537,0.99749,98.30551,0.55,0.38,0.46,0.62,50.71,52.37,51.5,50.22,0.994,0.995,0.994,0.993,/tmpdir/crf_16.mpd,/videos/BigBuckBunny-2160.avi
8147,0.99123,1.1683,0.99856,50.54183,0.9998,0.87588,0.99251,0.99689,0.9983,99.2164,0.51,0.35,0.42,0.57,51.04,52.66,51.91,50.54,0.994,0.995,0.994,0.994,/tmpdir/crf_16.mpd,/videos/BigBuckBunny-2160.avi
8148,0.98667,1.1683,0.99833,50.02236,0.9997,0.86269,0.98832,0.9948,0.99696,98.22907,0.57,0.39,0.46,0.65,50.55,52.24,51.47,50.02,0.994,0.995,0.994,0.993,/tmpdir/crf_16.mpd,/videos/BigBuckBunny-2160.avi
8149,0.98747,2.42789,0.9984,50.18265,0.99973,0.86593,0.98905,0.99525,0.99739,99.05588,0.55,0.38,0.45,0.62,50.71,52.37,51.64,50.18,0.994,0.995,0.994,0.993,/tmpdir/crf_16.mpd,/videos/BigBuckBunny-2160.avi
8150,0.9868,1.76671,0.99829,49.9507,0.9997,0.8598,0.98788,0.99471,0.99702,98.54477,0.58,0.39,0.46,0.66,50.49,52.23,51.46,49.95,0.993,0.995,0.994,0.993,/tmpdir/crf_16.mpd,/videos/BigBuckBunny-2160.avi
8151,0.99137,1.729,0.99857,50.55626,0.9998,0.87369,0.99184,0.99644,0.99796,99.47783,0.51,0.36,0.42,0.57,51.05,52.6,51.93,50.56,0.994,0.995,0.994,0.994,/tmpdir/crf_16.mpd,/videos/BigBuckBunny-2160.avi
8152,0.98756,1.729,0.99827,49.92892,0.99969,0.85853,0.98762,0.99448,0.99679,98.63545,0.59,0.4,0.47,0.66,50.46,52.09,51.44,49.93,0.993,0.995,0.994,0.993,/tmpdir/crf_16.mpd,/videos/BigBuckBunny-2160.avi
8153,0.98836,2.11608,0.99836,50.17111,0.99971,0.86517,0.98906,0.99517,0.9972,99.03594,0.56,0.38,0.45,0.63,50.68,52.29,51.62,50.17,0.994,0.995,0.994,0.993,/tmpdir/crf_16.mpd,/videos/BigBuckBunny-2160.avi
8154,0.98719,2.11608,0.99835,50.14748,0.99968,0.86458,0.98833,0.99475,0.99698,98.80094,0.56,0.39,0.46,0.63,50.64,52.21,51.5,50.15,0.994,0.995,0.994,0.993,/tmpdir/crf_16.mpd,/videos/BigBuckBunny-2160.avi
8155,0.99136,2.32307,0.99856,50.57886,0.99979,0.87391,0.9921,0.99647,0.99792,99.7767,0.51,0.36,0.42,0.57,51.06,52.58,51.91,50.58,0.994,0.995,0.994,0.994,/tmpdir/crf_16.mpd,/videos/BigBuckBunny-2160.avi
8156,0.98692,2.32307,0.99843,50.38167,0.9997,0.86796,0.98881,0.99482,0.99691,98.86504,0.54,0.4,0.46,0.6,50.81,52.14,51.54,50.38,0.994,0.995,0.994,0.994,/tmpdir/crf_16.mpd,/videos/BigBuckBunny-2160.avi
8157,0.98761,2.22271,0.99847,50.42351,0.99971,0.8689,0.98944,0.99516,0.99715,98.96334,0.53,0.37,0.45,0.59,50.89,52.42,51.63,50.42,0.994,0.995,0.994,0.994,/tmpdir/crf_16.mpd,/videos/BigBuckBunny-2160.avi
8158,0.98694,2.22271,0.9984,50.28595,0.99969,0.8652,0.98873,0.99494,0.99709,98.82596,0.55,0.38,0.46,0.61,50.76,52.36,51.51,50.29,0.994,0.995,0.994,0.993,/tmpdir/crf_16.mpd,/videos/BigBuckBunny-2160.avi
8159,0.99119,2.06014,0.99857,50.6399,0.99979,0.87289,0.99239,0.99676,0.99815,99.63346,0.5,0.35,0.41,0.56,51.14,52.75,52.03,50.64,0.994,0.995,0.994,0.994,/tmpdir/crf_16.mpd,/videos/BigBuckBunny-2160.avi
8160,0.98686,2.06014,0.99848,50.51544,0.99971,0.86773,0.98908,0.9951,0.99718,98.7455,0.52,0.38,0.44,0.58,50.95,52.29,51.66,50.52,0.994,0.995,0.994,0.994,/tmpdir/crf_16.mpd,/videos/BigBuckBunny-2160.avi
8161,0.98801,1.9232,0.99853,50.5678,0.99974,0.86836,0.9895,0.99526,0.99726,98.88836,0.51,0.36,0.43,0.57,51.04,52.61,51.77,50.57,0.994,0.995,0.994,0.994,/tmpdir/crf_16.mpd,/videos/BigBuckBunny-2160.avi
8162,0.98704,1.9232,0.99846,50.49391,0.99971,0.86588,0.98885,0.99507,0.99723,98.70371,0.52,0.36,0.44,0.58,50.96,52.57,51.65,50.49,0.994,0.995,0.994,0.994,/tmpdir/crf_16.mpd,/videos/BigBuckBunny-2160.avi
8163,0.99129,1.69563,0.99866,50.94819,0.99982,0.87578,0.99249,0.99679,0.99818,99.47773,0.47,0.33,0.39,0.52,51.43,53.0,52.21,50.95,0.994,0.995,0.994,0.994,/tmpdir/crf_16.mpd,/videos/BigBuckBunny-2160.avi
8164,0.98675,1.69563,0.99856,50.81737,0.99973,0.86977,0.98897,0.99496,0.99702,98.5311,0.49,0.37,0.43,0.54,51.22,52.48,51.84,50.82,0.994,0.995,0.994,0.994,/tmpdir/crf_16.mpd,/videos/BigBuckBunny-2160.avi
8165,0.98777,1.35023,0.99859,50.89829,0.99974,0.87248,0.99018,0.99578,0.99768,98.61198,0.48,0.34,0.42,0.53,51.33,52.82,51.92,50.9,0.994,0.995,0.994,0.994,/tmpdir/crf_16.mpd,/videos/BigBuckBunny-2160.avi
8166,0.9868,1.35023,0.99853,50.83633,0.99972,0.87015,0.98959,0.99554,0.99756,98.41869,0.49,0.34,0.43,0.54,51.26,52.76,51.78,50.84,0.994,0.995,0.994,0.994,/tmpdir/crf_16.mpd,/videos/BigBuckBunny-2160.avi
8167,0.99157,1.0545,0.99872,51.22585,0.99983,0.87934,0.99313,0.9972,0.99847,99.25035,0.44,0.31,0.38,0.49,51.68,53.2,52.38,51.23,0.994,0.995,0.995,0.994,/tmpdir/crf_16.mpd,/videos/BigBuckBunny-2160.avi
8168,0.98753,1.0545,0.99861,51.09948,0.99974,0.87436,0.99011,0.99574,0.99757,98.42126,0.47,0.36,0.42,0.5,51.45,52.62,51.94,51.1,0.994,0.995,0.994,0.994,/tmpdir/crf_16.mpd,/videos/BigBuckBunny-2160.avi
8169,0.9876,0.99999,0.99863,51.04681,0.99975,0.87486,0.99058,0.99597,0.9978,98.42858,0.46,0.33,0.41,0.51,51.47,52.91,52.03,51.05,0.994,0.995,0.995,0.994,/tmpdir/crf_16.mpd,/videos/BigBuckBunny-2160.avi
8170,0.98658,0.99999,0.99855,50.95224,0.99972,0.87269,0.98982,0.99564,0.99765,98.22343,0.48,0.34,0.43,0.52,51.36,52.82,51.84,50.95,0.994,0.995,0.994,0.994,/tmpdir/crf_16.mpd,/videos/BigBuckBunny-2160.avi
8171,0.99113,0.92809,0.99872,51.26951,0.99983,0.87984,0.99309,0.99711,0.99838,99.10469,0.44,0.31,0.37,0.49,51.72,53.22,52.42,51.27,0.994,0.995,0.995,0.994,/tmpdir/crf_16.mpd,/videos/BigBuckBunny-2160.avi
8172,0.98716,0.92809,0.99859,51.07094,0.99973,0.8742,0.98997,0.99559,0.99744,98.28116,0.47,0.35,0.41,0.51,51.45,52.69,52.01,51.07,0.994,0.995,0.994,0.994,/tmpdir/crf_16.mpd,/videos/BigBuckBunny-2160.avi
8173,0.98803,0.97374,0.99862,51.08043,0.99975,0.87546,0.99046,0.99581,0.9976,98.47665,0.46,0.33,0.4,0.51,51.5,52.96,52.07,51.08,0.995,0.995,0.995,0.994,/tmpdir/crf_16.mpd,/videos/BigBuckBunny-2160.avi
8174,0.98715,0.97374,0.99856,51.03108,0.99972,0.87415,0.99025,0.99589,0.99775,98.32908,0.47,0.34,0.42,0.51,51.42,52.86,51.85,51.03,0.994,0.995,0.994,0.994,/tmpdir/crf_16.mpd,/videos/BigBuckBunny-2160.avi
8175,0.99144,1.04373,0.99872,51.30815,0.99982,0.8802,0.99313,0.99713,0.99835,99.21469,0.43,0.31,0.37,0.48,51.76,53.28,52.42,51.31,0.995,0.996,0.995,0.994,/tmpdir/crf_16.mpd,/videos/BigBuckBunny-2160.avi
8176,0.98815,1.04373,0.99859,51.13189,0.99972,0.87539,0.99015,0.99571,0.99752,98.52525,0.46,0.35,0.4,0.5,51.51,52.74,52.06,51.13,0.995,0.995,0.995,0.994,/tmpdir/crf_16.mpd,/videos/BigBuckBunny-2160.avi
8177,0.98842,1.05128,0.99863,51.15798,0.99974,0.8771,0.99066,0.9959,0.99764,98.59342,0.45,0.32,0.4,0.5,51.58,53.05,52.12,51.16,0.995,0.996,0.995,0.994,/tmpdir/crf_16.mpd,/videos/BigBuckBunny-2160.avi
8178,0.98742,1.05128,0.99855,51.05955,0.99971,0.87486,0.99008,0.99567,0.99749,98.39517,0.46,0.33,0.42,0.51,51.47,52.96,51.93,51.06,0.994,0.995,0.994,0.994,/tmpdir/crf_16.mpd,/videos/BigBuckBunny-2160.avi
8179,0.99105,1.04972,0.99874,51.43324,0.99982,0.88243,0.9931,0.99713,0.99839,99.15772,0.42,0.3,0.37,0.47,51.88,53.4,52.51,51.43,0.995,0.996,0.995,0.994,/tmpdir/crf_16.mpd,/videos/BigBuckBunny-2160.avi
8180,0.98776,1.04972,0.99859,51.22055,0.99973,0.87714,0.99034,0.99586,0.99768,98.47716,0.45,0.34,0.4,0.49,51.59,52.85,52.09,51.22,0.995,0.996,0.995,0.994,/tmpdir/crf_16.mpd,/videos/BigBuckBunny-2160.avi
8181,0.98839,0.92772,0.99864,51.27889,0.99975,0.87874,0.99086,0.99598,0.9977,98.53876,0.44,0.31,0.39,0.48,51.7,53.15,52.24,51.28,0.995,0.996,0.995,0.994,/tmpdir/crf_16.mpd,/videos/BigBuckBunny-2160.avi
8182,0.98696,0.92772,0.99859,51.24937,0.99972,0.87736,0.99001,0.99556,0.99743,98.25251,0.45,0.33,0.41,0.49,51.62,53.01,52.01,51.25,0.995,0.996,0.995,0.994,/tmpdir/crf_16.mpd,/videos/BigBuckBunny-2160.avi
8183,0.99137,0.90576,0.99876,51.55642,0.99982,0.88442,0.99309,0.99711,0.99839,99.15035,0.41,0.29,0.36,0.45,51.99,53.54,52.57,51.56,0.995,0.996,0.995,0.994,/tmpdir/crf_16.mpd,/videos/BigBuckBunny-2160.avi
8184,0.98711,0.90576,0.99861,51.34817,0.99973,0.87805,0.99029,0.9958,0.99757,98.28597,0.44,0.33,0.4,0.48,51.71,52.96,52.15,51.35,0.995,0.996,0.995,0.994,/tmpdir/crf_16.mpd,/videos/BigBuckBunny-2160.avi
8185,0.98803,0.90784,0.99864,51.32814,0.99975,0.87947,0.99076,0.99593,0.99762,98.46116,0.43,0.31,0.38,0.48,51.75,53.26,52.31,51.33,0.995,0.996,0.995,0.994,/tmpdir/crf_16.mpd,/videos/BigBuckBunny-2160.avi
8186,0.98699,0.90784,0.99858,51.27128,0.99972,0.8779,0.99021,0.99571,0.99751,98.25904,0.44,0.31,0.4,0.49,51.66,53.15,52.06,51.27,0.995,0.996,0.995,0.994,/tmpdir/crf_16.mpd,/videos/BigBuckBunny-2160.avi
8187,0.99039,0.83259,0.99875,51.5809,0.99982,0.88502,0.99297,0.99704,0.99835,98.93781,0.41,0.28,0.36,0.45,52.02,53.62,52.59,51.58,0.995,0.996,0.995,0.994,/tmpdir/crf_16.mpd,/videos/BigBuckBunny-2160.avi
8188,0.98559,0.83259,0.9986,51.33849,0.99974,0.87797,0.99023,0.99577,0.99754,97.97825,0.44,0.32,0.39,0.48,51.71,53.03,52.17,51.34,0.995,0.996,0.995,0.994,/tmpdir/crf_16.mpd,/videos/BigBuckBunny-2160.avi
8189,0.98689,0.84451,0.9986,51.2197,0.99975,0.87719,0.99053,0.9959,0.99763,98.22245,0.44,0.31,0.39,0.49,51.67,53.28,52.26,51.22,0.995,0.996,0.995,0.994,/tmpdir/crf_16.mpd,/videos/BigBuckBunny-2160.avi
8190,0.9854,0.84451,0.99847,50.97944,0.99971,0.87118,0.98959,0.99562,0.99753,97.92821,0.47,0.32,0.41,0.52,51.43,53.13,51.99,50.98,0.994,0.996,0.995,0.994,/tmpdir/crf_16.mpd,/videos/BigBuckBunny-2160.avi
8191,0.98667,1.13405,0.99848,50.82362,0.99976,0.86791,0.98992,0.99578,0.99769,98.29953,0.47,0.29,0.4,0.54,51.37,53.44,52.13,50.82,0.994,0.996,0.995,0.994,/tmpdir/crf_16.mpd,/videos/BigBuckBunny-2160.avi
8192,0.99428,20.76302,0.99862,51.83487,0.99973,0.90943,0.99303,0.99674,0.99813,100.0,0.39,0.33,0.3,0.43,52.24,52.97,53.4,51.83,0.996,0.996,0.996,0.996,/tmpdir/crf_16.mpd,/videos/BigBuckBunny-2160.avi
8193,0.99209,20.76302,0.99845,51.1005,0.99967,0.89466,0.9903,0.99539,0.9973,100.0,0.44,0.31,0.3,0.5,51.73,53.27,53.43,51.1,0.995,0.996,0.996,0.995,/tmpdir/crf_16.mpd,/videos/BigBuckBunny-2160.avi
8194,0.99197,28.52799,0.99884,52.30686,0.99979,0.90926,0.99046,0.99545,0.99734,100.0,0.33,0.25,0.23,0.38,52.89,54.21,54.53,52.31,0.996,0.997,0.997,0.996,/tmpdir/crf_16.mpd,/videos/BigBuckBunny-2160.avi
8195,0.99424,19.65741,0.99935,55.62695,0.99984,0.95572,0.9951,0.99749,0.99841,100.0,0.16,0.12,0.14,0.18,56.02,57.25,56.62,55.63,0.998,0.998,0.998,0.998,/tmpdir/crf_16.mpd,/videos/BigBuckBunny-2160.avi
8196,0.9892,19.65741,0.9994,56.22357,0.99985,0.96692,0.99664,0.9982,0.99884,100.0,0.14,0.09,0.12,0.16,56.69,58.55,57.19,56.22,0.998,0.999,0.998,0.998,/tmpdir/crf_16.mpd,/videos/BigBuckBunny-2160.avi
8197,0.99689,21.13584,0.99965,57.8635,0.99992,0.97542,0.99875,0.99939,0.99959,100.0,0.1,0.07,0.08,0.11,58.27,59.51,58.96,57.86,0.999,0.999,0.999,0.999,/tmpdir/crf_16.mpd,/videos/BigBuckBunny-2160.avi
8198,0.9936,43.03098,0.9989,53.83733,0.99979,0.9357,0.99522,0.99772,0.99864,100.0,0.23,0.16,0.17,0.27,54.43,55.97,55.9,53.84,0.997,0.998,0.998,0.997,/tmpdir/crf_16.mpd,/videos/BigBuckBunny-2160.avi
8199,0.99345,5.56407,0.99853,53.07682,0.99965,0.93077,0.9958,0.99802,0.99883,100.0,0.28,0.2,0.2,0.32,53.66,55.12,55.15,53.08,0.997,0.997,0.997,0.997,/tmpdir/crf_16.mpd,/videos/BigBuckBunny-2160.avi
8200,0.99451,1.75793,0.99875,54.63517,0.99967,0.95026,0.99736,0.99876,0.99924,100.0,0.21,0.18,0.17,0.22,54.98,55.65,55.92,54.64,0.998,0.998,0.998,0.998,/tmpdir/crf_16.mpd,/videos/BigBuckBunny-2160.avi
8201,0.9947,1.12397,0.99873,54.5474,0.99966,0.94953,0.99717,0.99864,0.99916,100.0,0.21,0.18,0.17,0.23,54.88,55.5,55.79,54.55,0.998,0.998,0.998,0.998,/tmpdir/crf_16.mpd,/videos/BigBuckBunny-2160.avi
8202,0.99488,1.12397,0.99872,54.50882,0.99966,0.94893,0.99705,0.99856,0.9991,100.0,0.21,0.18,0.17,0.23,54.85,55.49,55.78,54.51,0.998,0.998,0.998,0.998,/tmpdir/crf_16.mpd,/videos/BigBuckBunny-2160.avi
8203,0.99492,1.20145,0.99873,54.51019,0.99966,0.94862,0.99716,0.99865,0.99918,100.0,0.21,0.18,0.17,0.23,54.87,55.56,55.8,54.51,0.998,0.998,0.998,0.998,/tmpdir/crf_16.mpd,/videos/BigBuckBunny-2160.avi
8204,0.99436,1.20145,0.99873,54.51608,0.99966,0.94883,0.99699,0.99851,0.99904,100.0,0.21,0.18,0.17,0.23,54.86,55.52,55.75,54.52,0.998,0.998,0.998,0.998,/tmpdir/crf_16.mpd,/videos/BigBuckBunny-2160.avi
8205,0.99473,1.34292,0.99876,54.54717,0.99967,0.94927,0.99718,0.99861,0.99909,100.0,0.21,0.19,0.17,0.23,54.87,55.43,55.77,54.55,0.998,0.998,0.998,0.998,/tmpdir/crf_16.mpd,/videos/BigBuckBunny-2160.avi
8206,0.99441,1.34292,0.99875,54.40507,0.99967,0.94796,0.997,0.99854,0.99906,100.0,0.22,0.19,0.17,0.24,54.75,55.35,55.7,54.41,0.998,0.998,0.998,0.998,/tmpdir/crf_16.mpd,/videos/BigBuckBunny-2160.avi
8207,0.99417,0.96737,0.99875,54.46198,0.99967,0.94848,0.9972,0.99867,0.99916,99.98426,0.21,0.19,0.17,0.23,54.81,55.43,55.77,54.46,0.998,0.998,0.998,0.998,/tmpdir/crf_16.mpd,/videos/BigBuckBunny-2160.avi
8208,0.99516,0.94497,0.99875,54.51308,0.99966,0.94888,0.99723,0.99867,0.99916,100.0,0.21,0.18,0.17,0.23,54.86,55.49,55.79,54.51,0.998,0.998,0.998,0.998,/tmpdir/crf_16.mpd,/videos/BigBuckBunny-2160.avi
8209,0.997,0.81516,0.9989,56.15463,0.99968,0.96322,0.99845,0.99928,0.99957,100.0,0.14,0.11,0.1,0.16,56.65,57.72,57.96,56.15,0.998,0.999,0.999,0.998,/tmpdir/crf_16.mpd,/videos/BigBuckBunny-2160.avi
8210,0.99523,0.81516,0.99885,55.67891,0.99967,0.96023,0.9978,0.99892,0.99933,100.0,0.16,0.12,0.12,0.18,56.16,57.21,57.47,55.68,0.998,0.998,0.998,0.998,/tmpdir/crf_16.mpd,/videos/BigBuckBunny-2160.avi
8211,0.99553,0.90693,0.99886,55.71918,0.99968,0.96025,0.99774,0.99885,0.99928,100.0,0.16,0.12,0.12,0.17,56.2,57.24,57.46,55.72,0.998,0.998,0.998,0.998,/tmpdir/crf_16.mpd,/videos/BigBuckBunny-2160.avi
8212,0.99527,0.90693,0.99886,55.63326,0.99968,0.95973,0.99766,0.99884,0.9993,100.0,0.16,0.13,0.12,0.18,56.11,57.15,57.38,55.63,0.998,0.998,0.998,0.998,/tmpdir/crf_16.mpd,/videos/BigBuckBunny-2160.avi
8213,0.9954,0.80038,0.99889,55.75174,0.99968,0.9608,0.99794,0.99896,0.99933,100.0,0.16,0.12,0.12,0.17,56.23,57.23,57.5,55.75,0.998,0.998,0.998,0.998,/tmpdir/crf_16.mpd,/videos/BigBuckBunny-2160.avi
8214,0.99522,0.80038,0.99888,55.56809,0.99968,0.95967,0.99778,0.99889,0.9993,100.0,0.16,0.13,0.12,0.18,56.04,57.04,57.33,55.57,0.998,0.998,0.998,0.998,/tmpdir/crf_16.mpd,/videos/BigBuckBunny-2160.avi
8215,0.99473,0.64897,0.99887,55.49515,0.99968,0.9588,0.99778,0.99892,0.99933,99.99431,0.16,0.13,0.12,0.18,55.98,56.94,57.34,55.5,0.998,0.998,0.998,0.998,/tmpdir/crf_16.mpd,/videos/BigBuckBunny-2160.avi
8216,0.99451,0.60968,0.99887,55.52751,0.99968,0.95926,0.99782,0.99893,0.99932,99.93888,0.16,0.13,0.12,0.18,56.0,56.94,57.32,55.53,0.998,0.998,0.998,0.998,/tmpdir/crf_16.mpd,/videos/BigBuckBunny-2160.avi
8217,0.99553,0.38677,0.99887,55.76105,0.99968,0.96059,0.99794,0.99895,0.99932,100.0,0.16,0.12,0.12,0.17,56.22,57.18,57.47,55.76,0.998,0.998,0.998,0.998,/tmpdir/crf_16.mpd,/videos/BigBuckBunny-2160.avi
8218,0.99477,0.38677,0.99886,55.67292,0.99967,0.96012,0.99779,0.99886,0.99925,99.88053,0.16,0.13,0.12,0.18,56.13,57.1,57.35,55.67,0.998,0.998,0.998,0.998,/tmpdir/crf_16.mpd,/videos/BigBuckBunny-2160.avi
8219,0.99489,0.59873,0.99886,55.71611,0.99968,0.95998,0.99776,0.99884,0.99922,99.9955,0.16,0.13,0.12,0.17,56.17,57.14,57.39,55.72,0.998,0.998,0.998,0.998,/tmpdir/crf_16.mpd,/videos/BigBuckBunny-2160.avi
8220,0.99448,0.59873,0.99885,55.62328,0.99967,0.95955,0.99774,0.99887,0.99928,99.92509,0.16,0.13,0.12,0.18,56.1,57.1,57.36,55.62,0.998,0.998,0.998,0.998,/tmpdir/crf_16.mpd,/videos/BigBuckBunny-2160.avi
8221,0.99536,0.84908,0.99885,55.70959,0.99967,0.95988,0.9979,0.99899,0.99938,100.0,0.16,0.12,0.12,0.17,56.19,57.21,57.45,55.71,0.998,0.998,0.998,0.998,/tmpdir/crf_16.mpd,/videos/BigBuckBunny-2160.avi
8222,0.99511,0.84908,0.99883,55.62695,0.99967,0.95966,0.99781,0.99895,0.99938,100.0,0.16,0.13,0.12,0.18,56.1,57.13,57.32,55.63,0.998,0.998,0.998,0.998,/tmpdir/crf_16.mpd,/videos/BigBuckBunny-2160.avi
8223,0.99462,1.49655,0.99882,55.55313,0.99967,0.95924,0.99767,0.99885,0.99932,100.0,0.16,0.13,0.12,0.18,56.04,57.14,57.3,55.55,0.998,0.998,0.998,0.998,/tmpdir/crf_16.mpd,/videos/BigBuckBunny-2160.avi
8224,0.99579,2.02486,0.99884,55.5863,0.99967,0.95975,0.99801,0.99907,0.99946,100.0,0.16,0.12,0.12,0.18,56.08,57.16,57.4,55.59,0.998,0.998,0.998,0.998,/tmpdir/crf_16.mpd,/videos/BigBuckBunny-2160.avi
8225,0.99625,3.94951,0.99882,55.47966,0.99967,0.95936,0.99799,0.99903,0.9994,100.0,0.16,0.13,0.12,0.18,55.97,57.02,57.29,55.48,0.998,0.998,0.998,0.998,/tmpdir/crf_16.mpd,/videos/BigBuckBunny-2160.avi
8226,0.99595,0.00743,0.9989,56.13391,0.99968,0.96337,0.99864,0.99938,0.99963,99.97328,0.14,0.11,0.11,0.16,56.58,57.54,57.73,56.13,0.998,0.999,0.998,0.998,/tmpdir/crf_16.mpd,/videos/BigBuckBunny-2160.avi
8227,0.99596,0.00699,0.9989,56.1148,0.99968,0.96326,0.99864,0.99938,0.99964,99.97449,0.14,0.11,0.11,0.16,56.56,57.53,57.71,56.11,0.998,0.999,0.998,0.998,/tmpdir/crf_16.mpd,/videos/BigBuckBunny-2160.avi
8228,0.99594,0.00655,0.9989,56.08867,0.99968,0.96314,0.99864,0.99939,0.99965,99.97279,0.14,0.12,0.11,0.16,56.54,57.51,57.7,56.09,0.998,0.999,0.998,0.998,/tmpdir/crf_16.mpd,/videos/BigBuckBunny-2160.avi
8229,0.99593,0.00442,0.99889,56.0677,0.99968,0.96303,0.99865,0.9994,0.99966,99.96968,0.14,0.12,0.11,0.16,56.52,57.5,57.68,56.07,0.998,0.999,0.998,0.998,/tmpdir/crf_16.mpd,/videos/BigBuckBunny-2160.avi
8230,0.99594,0.00442,0.99889,56.08083,0.99968,0.9631,0.99867,0.99942,0.99969,99.97479,0.14,0.12,0.11,0.16,56.53,57.5,57.68,56.08,0.998,0.999,0.998,0.998,/tmpdir/crf_16.mpd,/videos/BigBuckBunny-2160.avi
8231,0.99594,0.00637,0.99889,56.05138,0.99968,0.96294,0.99866,0.99941,0.99968,99.97368,0.15,0.12,0.11,0.16,56.5,57.49,57.66,56.05,0.998,0.999,0.998,0.998,/tmpdir/crf_16.mpd,/videos/BigBuckBunny-2160.avi
8232,0.99589,0.00744,0.99889,56.00288,0.99968,0.96265,0.99859,0.99935,0.99962,99.95866,0.15,0.12,0.11,0.16,56.46,57.46,57.63,56.0,0.998,0.999,0.998,0.998,/tmpdir/crf_16.mpd,/videos/BigBuckBunny-2160.avi
8233,0.99594,0.00514,0.99889,56.02631,0.99968,0.9628,0.99863,0.99939,0.99966,99.97046,0.15,0.12,0.11,0.16,56.48,57.47,57.65,56.03,0.998,0.999,0.998,0.998,/tmpdir/crf_16.mpd,/videos/BigBuckBunny-2160.avi
8234,0.99591,0.00514,0.99889,55.98646,0.99968,0.96255,0.99862,0.9994,0.99968,99.96485,0.15,0.12,0.11,0.16,56.44,57.44,57.61,55.99,0.998,0.999,0.998,0.998,/tmpdir/crf_16.mpd,/videos/BigBuckBunny-2160.avi
8235,0.99591,0.00801,0.99889,55.97034,0.99968,0.96256,0.9987,0.99947,0.99975,99.97369,0.15,0.12,0.11,0.16,56.43,57.43,57.6,55.97,0.998,0.999,0.998,0.998,/tmpdir/crf_16.mpd,/videos/BigBuckBunny-2160.avi
8236,0.99587,0.00861,0.99888,55.9186,0.99968,0.96235,0.9987,0.99949,0.99978,99.96901,0.15,0.12,0.11,0.17,56.38,57.41,57.58,55.92,0.998,0.999,0.998,0.998,/tmpdir/crf_16.mpd,/videos/BigBuckBunny-2160.avi
8237,0.99592,0.00985,0.99888,55.91145,0.99968,0.96234,0.99874,0.99953,0.99982,99.98235,0.15,0.12,0.11,0.17,56.37,57.4,57.57,55.91,0.998,0.999,0.998,0.998,/tmpdir/crf_16.mpd,/videos/BigBuckBunny-2160.avi
8238,0.99589,0.01129,0.99888,55.84792,0.99968,0.96194,0.99871,0.99952,0.99982,99.97522,0.15,0.12,0.12,0.17,56.31,57.35,57.51,55.85,0.998,0.998,0.998,0.998,/tmpdir/crf_16.mpd,/videos/BigBuckBunny-2160.avi
8239,0.99587,0.01023,0.99888,55.87061,0.99968,0.96202,0.99866,0.99947,0.99977,99.96711,0.15,0.12,0.11,0.17,56.34,57.37,57.53,55.87,0.998,0.999,0.998,0.998,/tmpdir/crf_16.mpd,/videos/BigBuckBunny-2160.avi
8240,0.99588,0.01023,0.99888,55.85443,0.99968,0.96197,0.99871,0.99952,0.99982,99.97351,0.15,0.12,0.12,0.17,56.32,57.35,57.51,55.85,0.998,0.998,0.998,0.998,/tmpdir/crf_16.mpd,/videos/BigBuckBunny-2160.avi
8241,0.99585,0.01144,0.99888,55.81011,0.99968,0.96178,0.99869,0.99951,0.99982,99.96725,0.15,0.12,0.12,0.17,56.28,57.34,57.5,55.81,0.998,0.998,0.998,0.998,/tmpdir/crf_16.mpd,/videos/BigBuckBunny-2160.avi
8242,0.99583,0.01144,0.99887,55.75038,0.99968,0.96137,0.99868,0.99953,0.99985,99.9646,0.16,0.12,0.12,0.17,56.22,57.29,57.44,55.75,0.998,0.998,0.998,0.998,/tmpdir/crf_16.mpd,/videos/BigBuckBunny-2160.avi
8243,0.99577,0.01356,0.99886,55.63967,0.99968,0.96076,0.99862,0.99951,0.99986,99.95142,0.16,0.12,0.12,0.18,56.13,57.23,57.38,55.64,0.998,0.998,0.998,0.998,/tmpdir/crf_16.mpd,/videos/BigBuckBunny-2160.avi
8244,0.99586,0.01596,0.99887,55.76633,0.99968,0.9614,0.99866,0.99952,0.99985,99.97124,0.15,0.12,0.12,0.17,56.24,57.3,57.44,55.77,0.998,0.998,0.998,0.998,/tmpdir/crf_16.mpd,/videos/BigBuckBunny-2160.avi
8245,0.99576,0.01024,0.99886,55.59584,0.99968,0.96055,0.99867,0.99956,0.9999,99.95235,0.16,0.12,0.12,0.18,56.09,57.2,57.34,55.6,0.998,0.998,0.998,0.998,/tmpdir/crf_16.mpd,/videos/BigBuckBunny-2160.avi
8246,0.99581,0.00639,0.99886,55.62655,0.99968,0.96072,0.99868,0.99957,0.99991,99.9602,0.16,0.12,0.12,0.18,56.11,57.22,57.36,55.63,0.998,0.998,0.998,0.998,/tmpdir/crf_16.mpd,/videos/BigBuckBunny-2160.avi
8247,0.99579,0.00639,0.99886,55.59656,0.99968,0.96058,0.99869,0.99959,0.99993,99.9599,0.16,0.12,0.12,0.18,56.09,57.2,57.34,55.6,0.998,0.998,0.998,0.998,/tmpdir/crf_16.mpd,/videos/BigBuckBunny-2160.avi
8248,0.99581,0.00924,0.99886,55.57565,0.99968,0.96058,0.99875,0.99965,0.99999,99.96979,0.16,0.12,0.12,0.18,56.07,57.19,57.34,55.58,0.998,0.998,0.998,0.998,/tmpdir/crf_16.mpd,/videos/BigBuckBunny-2160.avi
8249,0.99588,0.00869,0.99886,55.60448,0.99968,0.96083,0.99884,0.99973,1.00007,99.99049,0.16,0.12,0.12,0.18,56.1,57.22,57.36,55.6,0.998,0.998,0.998,0.998,/tmpdir/crf_16.mpd,/videos/BigBuckBunny-2160.avi
8250,0.99586,0.00869,0.99886,55.55462,0.99968,0.96053,0.99882,0.99974,1.00009,99.98775,0.16,0.12,0.12,0.18,56.05,57.18,57.32,55.55,0.998,0.998,0.998,0.998,/tmpdir/crf_16.mpd,/videos/BigBuckBunny-2160.avi
8251,0.99579,0.00754,0.99885,55.47345,0.99967,0.96006,0.99869,0.99963,1.00001,99.96353,0.16,0.13,0.12,0.18,55.98,57.14,57.26,55.47,0.998,0.998,0.998,0.998,/tmpdir/crf_16.mpd,/videos/BigBuckBunny-2160.avi
8252,0.99579,0.00754,0.99885,55.41572,0.99967,0.95987,0.99872,0.99967,1.00005,99.9661,0.17,0.13,0.12,0.19,55.93,57.12,57.23,55.42,0.998,0.998,0.998,0.998,/tmpdir/crf_16.mpd,/videos/BigBuckBunny-2160.avi
8253,0.99578,0.00972,0.99885,55.39252,0.99967,0.9597,0.99874,0.99971,1.00008,99.96886,0.17,0.13,0.12,0.19,55.91,57.11,57.21,55.39,0.998,0.998,0.998,0.998,/tmpdir/crf_16.mpd,/videos/BigBuckBunny-2160.avi
8254,0.99581,0.01285,0.99885,55.49421,0.99967,0.96,0.9987,0.99965,1.00002,99.9707,0.16,0.13,0.12,0.18,55.99,57.14,57.27,55.49,0.998,0.998,0.998,0.998,/tmpdir/crf_16.mpd,/videos/BigBuckBunny-2160.avi
8255,0.99574,0.00027,0.99884,55.32532,0.99967,0.95934,0.99865,0.99963,1.00002,99.9495,0.17,0.13,0.12,0.19,55.84,57.06,57.17,55.33,0.998,0.998,0.998,0.998,/tmpdir/crf_16.mpd,/videos/BigBuckBunny-2160.avi
8256,0.99575,0.00026,0.99884,55.32679,0.99967,0.95935,0.99867,0.99965,1.00004,99.95245,0.17,0.13,0.12,0.19,55.84,57.06,57.17,55.33,0.998,0.998,0.998,0.998,/tmpdir/crf_16.mpd,/videos/BigBuckBunny-2160.avi
8257,0.99575,0.00021,0.99884,55.32275,0.99967,0.95931,0.99864,0.99962,1.00001,99.94982,0.17,0.13,0.12,0.19,55.84,57.06,57.17,55.32,0.998,0.998,0.998,0.998,/tmpdir/crf_16.mpd,/videos/BigBuckBunny-2160.avi
8258,0.99575,0.00014,0.99884,55.32997,0.99967,0.95932,0.99864,0.99962,1.0,99.94869,0.17,0.13,0.12,0.19,55.85,57.06,57.17,55.33,0.998,0.998,0.998,0.998,/tmpdir/crf_16.mpd,/videos/BigBuckBunny-2160.avi
8259,0.99575,0.00014,0.99884,55.32957,0.99967,0.95932,0.99864,0.99962,1.00001,99.94985,0.17,0.13,0.12,0.19,55.85,57.06,57.17,55.33,0.998,0.998,0.998,0.998,/tmpdir/crf_16.mpd,/videos/BigBuckBunny-2160.avi
8260,0.99575,0.00032,0.99884,55.32317,0.99967,0.95931,0.99864,0.99962,1.00001,99.95047,0.17,0.13,0.12,0.19,55.84,57.06,57.17,55.32,0.998,0.998,0.998,0.998,/tmpdir/crf_16.mpd,/videos/BigBuckBunny-2160.avi
8261,0.99769,0.27169,0.99955,52.49338,0.99997,0.94396,0.99773,0.99899,0.99945,100.0,0.33,0.26,0.24,0.37,52.99,54.03,54.36,52.49,0.997,0.997,0.997,0.997,/tmpdir/crf_16.mpd,/videos/BigBuckBunny-2160.avi
8262,0.99633,0.27169,0.99932,51.02026,0.9999,0.92986,0.99517,0.99754,0.99858,99.90504,0.44,0.32,0.29,0.51,51.65,53.04,53.53,51.02,0.996,0.997,0.996,0.996,/tmpdir/crf_16.mpd,/videos/BigBuckBunny-2160.avi
8263,0.99554,0.62799,0.99925,50.78062,0.99987,0.92613,0.99422,0.99694,0.99818,99.87159,0.47,0.35,0.31,0.54,51.4,52.7,53.26,50.78,0.996,0.996,0.996,0.996,/tmpdir/crf_16.mpd,/videos/BigBuckBunny-2160.avi
8264,0.99568,0.62799,0.99918,50.58084,0.99985,0.92304,0.99366,0.99669,0.99806,99.87096,0.49,0.37,0.32,0.57,51.2,52.49,53.09,50.58,0.996,0.996,0.996,0.996,/tmpdir/crf_16.mpd,/videos/BigBuckBunny-2160.avi
8265,0.99628,0.6936,0.99925,50.87139,0.99991,0.92413,0.9953,0.99772,0.99867,100.0,0.47,0.36,0.32,0.53,51.43,52.57,53.12,50.87,0.996,0.996,0.996,0.996,/tmpdir/crf_16.mpd,/videos/BigBuckBunny-2160.avi
8266,0.99576,0.6936,0.99913,50.30165,0.99985,0.91883,0.99354,0.99673,0.99812,99.90679,0.53,0.39,0.34,0.61,50.92,52.22,52.84,50.3,0.996,0.996,0.996,0.996,/tmpdir/crf_16.mpd,/videos/BigBuckBunny-2160.avi
8267,0.99525,0.53016,0.99912,50.24868,0.99985,0.91789,0.99337,0.99658,0.99803,99.72647,0.53,0.4,0.34,0.61,50.87,52.16,52.78,50.25,0.996,0.996,0.996,0.996,/tmpdir/crf_16.mpd,/videos/BigBuckBunny-2160.avi
8268,0.9954,0.53016,0.99907,50.09156,0.99984,0.91552,0.99318,0.99657,0.99805,99.74641,0.55,0.41,0.35,0.64,50.72,52.03,52.66,50.09,0.996,0.996,0.996,0.995,/tmpdir/crf_16.mpd,/videos/BigBuckBunny-2160.avi
8269,0.99602,0.58042,0.99918,50.50502,0.9999,0.91857,0.99506,0.99765,0.99866,99.96126,0.51,0.39,0.34,0.58,51.07,52.23,52.79,50.51,0.996,0.996,0.996,0.996,/tmpdir/crf_16.mpd,/videos/BigBuckBunny-2160.avi
8270,0.99513,0.58042,0.99906,49.96372,0.99985,0.91343,0.99324,0.9966,0.99805,99.71614,0.57,0.42,0.36,0.66,50.59,51.9,52.55,49.96,0.995,0.996,0.996,0.995,/tmpdir/crf_16.mpd,/videos/BigBuckBunny-2160.avi
8271,0.99505,0.68455,0.99908,50.04041,0.99985,0.91409,0.9931,0.99643,0.99789,99.73729,0.56,0.42,0.36,0.64,50.65,51.91,52.54,50.04,0.995,0.996,0.996,0.995,/tmpdir/crf_16.mpd,/videos/BigBuckBunny-2160.avi
8272,0.99496,0.66679,0.99904,49.863,0.99984,0.91157,0.99292,0.9964,0.99788,99.70344,0.58,0.43,0.37,0.67,50.49,51.8,52.47,49.86,0.995,0.995,0.995,0.995,/tmpdir/crf_16.mpd,/videos/BigBuckBunny-2160.avi
8273,0.99582,0.50253,0.99916,50.36951,0.9999,0.91637,0.995,0.99761,0.9986,99.87744,0.53,0.41,0.36,0.6,50.92,52.03,52.58,50.37,0.996,0.996,0.996,0.996,/tmpdir/crf_16.mpd,/videos/BigBuckBunny-2160.avi
8274,0.99468,0.50253,0.99905,49.90726,0.99985,0.91213,0.99314,0.99655,0.99795,99.58793,0.58,0.44,0.38,0.66,50.51,51.74,52.35,49.91,0.995,0.995,0.995,0.995,/tmpdir/crf_16.mpd,/videos/BigBuckBunny-2160.avi
8275,0.99489,0.64066,0.99906,49.98809,0.99985,0.91287,0.99299,0.99629,0.99773,99.66906,0.57,0.43,0.38,0.65,50.57,51.75,52.34,49.99,0.995,0.995,0.995,0.995,/tmpdir/crf_16.mpd,/videos/BigBuckBunny-2160.avi
8276,0.99485,0.69899,0.99903,49.93133,0.99984,0.91184,0.9926,0.99614,0.99768,99.67763,0.58,0.44,0.38,0.66,50.51,51.68,52.3,49.93,0.995,0.995,0.995,0.995,/tmpdir/crf_16.mpd,/videos/BigBuckBunny-2160.avi
8277,0.99596,0.81252,0.99916,50.43147,0.9999,0.91614,0.99492,0.99754,0.99853,100.0,0.52,0.42,0.37,0.59,50.95,51.95,52.48,50.43,0.995,0.996,0.995,0.995,/tmpdir/crf_16.mpd,/videos/BigBuckBunny-2160.avi
8278,0.99498,0.81252,0.99904,49.92181,0.99984,0.91125,0.99289,0.99639,0.9979,99.77601,0.58,0.45,0.39,0.66,50.49,51.63,52.26,49.92,0.995,0.995,0.995,0.995,/tmpdir/crf_16.mpd,/videos/BigBuckBunny-2160.avi
8279,0.9948,0.62426,0.99904,49.857,0.99985,0.9105,0.99293,0.99634,0.99779,99.64414,0.59,0.45,0.39,0.67,50.44,51.6,52.24,49.86,0.995,0.995,0.995,0.995,/tmpdir/crf_16.mpd,/videos/BigBuckBunny-2160.avi
8280,0.99479,0.62426,0.999,49.77144,0.99984,0.90887,0.99263,0.99623,0.99775,99.63023,0.6,0.45,0.39,0.69,50.36,51.56,52.2,49.77,0.995,0.995,0.995,0.995,/tmpdir/crf_16.mpd,/videos/BigBuckBunny-2160.avi
8281,0.99606,0.70831,0.99913,50.28201,0.9999,0.91394,0.99491,0.99758,0.99856,100.0,0.54,0.43,0.38,0.61,50.81,51.84,52.36,50.28,0.995,0.995,0.995,0.995,/tmpdir/crf_16.mpd,/videos/BigBuckBunny-2160.avi
8282,0.99511,0.70831,0.99902,49.83825,0.99985,0.9098,0.99289,0.99637,0.99783,99.7383,0.59,0.45,0.39,0.67,50.42,51.58,52.18,49.84,0.995,0.995,0.995,0.995,/tmpdir/crf_16.mpd,/videos/BigBuckBunny-2160.avi
8283,0.99466,0.57641,0.99902,49.76386,0.99984,0.90887,0.99279,0.99621,0.99763,99.57648,0.6,0.45,0.39,0.69,50.36,51.58,52.18,49.76,0.995,0.995,0.995,0.995,/tmpdir/crf_16.mpd,/videos/BigBuckBunny-2160.avi
8284,0.99454,0.57641,0.99898,49.65431,0.99984,0.90733,0.99262,0.99623,0.99775,99.55946,0.61,0.46,0.4,0.7,50.26,51.51,52.12,49.65,0.995,0.995,0.995,0.995,/tmpdir/crf_16.mpd,/videos/BigBuckBunny-2160.avi
8285,0.99588,0.51661,0.99913,50.23736,0.9999,0.91306,0.995,0.99763,0.99858,99.8831,0.55,0.43,0.38,0.62,50.77,51.81,52.34,50.24,0.995,0.995,0.995,0.995,/tmpdir/crf_16.mpd,/videos/BigBuckBunny-2160.avi
8286,0.99441,0.51661,0.999,49.67176,0.99984,0.90753,0.99277,0.99634,0.99785,99.5183,0.61,0.46,0.4,0.7,50.28,51.52,52.15,49.67,0.995,0.995,0.995,0.995,/tmpdir/crf_16.mpd,/videos/BigBuckBunny-2160.avi
8287,0.99458,0.47898,0.99902,49.75677,0.99984,0.9087,0.99287,0.99627,0.99772,99.52372,0.6,0.46,0.39,0.69,50.35,51.55,52.17,49.76,0.995,0.995,0.995,0.995,/tmpdir/crf_16.mpd,/videos/BigBuckBunny-2160.avi
8288,0.99455,0.47898,0.999,49.69766,0.99984,0.90744,0.99272,0.9963,0.99782,99.52163,0.61,0.46,0.4,0.7,50.29,51.5,52.11,49.7,0.995,0.995,0.995,0.995,/tmpdir/crf_16.mpd,/videos/BigBuckBunny-2160.avi
8289,0.99609,0.30832,0.99914,50.23677,0.99991,0.91297,0.99517,0.99772,0.99867,99.83244,0.55,0.43,0.39,0.62,50.75,51.75,52.28,50.24,0.995,0.995,0.995,0.995,/tmpdir/crf_16.mpd,/videos/BigBuckBunny-2160.avi
8290,0.99478,0.30832,0.99902,49.71423,0.99984,0.90797,0.99301,0.99644,0.9979,99.49421,0.61,0.46,0.4,0.69,50.31,51.51,52.12,49.71,0.995,0.995,0.995,0.995,/tmpdir/crf_16.mpd,/videos/BigBuckBunny-2160.avi
8291,0.99497,0.26177,0.99902,49.71612,0.99984,0.90805,0.99287,0.99627,0.99775,99.49188,0.61,0.46,0.4,0.69,50.31,51.53,52.12,49.72,0.995,0.995,0.995,0.995,/tmpdir/crf_16.mpd,/videos/BigBuckBunny-2160.avi
8292,0.99477,0.26177,0.99899,49.63629,0.99984,0.90665,0.99265,0.99618,0.99768,99.44462,0.62,0.46,0.4,0.71,50.24,51.46,52.08,49.64,0.995,0.995,0.995,0.995,/tmpdir/crf_16.mpd,/videos/BigBuckBunny-2160.avi
8293,0.99576,0.32583,0.99911,50.06826,0.9999,0.91093,0.99499,0.9976,0.99857,99.76485,0.56,0.44,0.39,0.64,50.61,51.71,52.24,50.07,0.995,0.995,0.995,0.995,/tmpdir/crf_16.mpd,/videos/BigBuckBunny-2160.avi
8294,0.99473,0.32583,0.999,49.65849,0.99984,0.90706,0.99286,0.99634,0.99781,99.48122,0.61,0.47,0.4,0.7,50.25,51.45,52.07,49.66,0.995,0.995,0.995,0.995,/tmpdir/crf_16.mpd,/videos/BigBuckBunny-2160.avi
8295,0.99457,0.39724,0.99901,49.67337,0.99984,0.90736,0.99284,0.99625,0.99769,99.47652,0.61,0.46,0.4,0.7,50.27,51.48,52.08,49.67,0.995,0.995,0.995,0.995,/tmpdir/crf_16.mpd,/videos/BigBuckBunny-2160.avi
8296,0.99447,0.39724,0.99898,49.58513,0.99984,0.9059,0.99264,0.99622,0.99774,99.45591,0.62,0.47,0.41,0.72,50.19,51.42,52.04,49.59,0.995,0.995,0.995,0.995,/tmpdir/crf_16.mpd,/videos/BigBuckBunny-2160.avi
8297,0.99596,0.47992,0.99911,50.13365,0.9999,0.91137,0.99493,0.99755,0.99853,99.86836,0.56,0.44,0.39,0.63,50.66,51.71,52.21,50.13,0.995,0.995,0.995,0.995,/tmpdir/crf_16.mpd,/videos/BigBuckBunny-2160.avi
8298,0.9945,0.47992,0.99901,49.71894,0.99984,0.90727,0.99282,0.99625,0.9977,99.50352,0.61,0.47,0.41,0.69,50.29,51.45,52.04,49.72,0.995,0.995,0.995,0.995,/tmpdir/crf_16.mpd,/videos/BigBuckBunny-2160.avi
8299,0.99447,0.2083,0.999,49.65981,0.99984,0.90677,0.99275,0.99618,0.99763,99.36378,0.61,0.47,0.41,0.7,50.25,51.45,52.04,49.66,0.995,0.995,0.995,0.995,/tmpdir/crf_16.mpd,/videos/BigBuckBunny-2160.avi
8300,0.99432,0.2083,0.99897,49.53078,0.99984,0.9046,0.99252,0.99609,0.99758,99.32536,0.63,0.47,0.41,0.72,50.14,51.39,52.0,49.53,0.995,0.995,0.995,0.995,/tmpdir/crf_16.mpd,/videos/BigBuckBunny-2160.avi
8301,0.99559,0.28024,0.99907,49.91519,0.9999,0.90853,0.99476,0.99753,0.99856,99.70233,0.58,0.45,0.4,0.66,50.48,51.63,52.14,49.92,0.995,0.995,0.995,0.995,/tmpdir/crf_16.mpd,/videos/BigBuckBunny-2160.avi
8302,0.99502,0.50869,0.99899,49.72094,0.99984,0.90718,0.99273,0.99629,0.99781,99.61682,0.61,0.47,0.41,0.69,50.29,51.44,52.03,49.72,0.995,0.995,0.995,0.995,/tmpdir/crf_16.mpd,/videos/BigBuckBunny-2160.avi
8303,0.99478,0.46115,0.99901,49.68773,0.99984,0.90697,0.99271,0.99614,0.99761,99.53509,0.61,0.47,0.41,0.7,50.27,51.45,52.03,49.69,0.995,0.995,0.995,0.995,/tmpdir/crf_16.mpd,/videos/BigBuckBunny-2160.avi
8304,0.99478,0.46115,0.99897,49.60238,0.99984,0.90562,0.99257,0.99613,0.99765,99.53292,0.62,0.47,0.41,0.71,50.2,51.41,52.02,49.6,0.995,0.995,0.995,0.995,/tmpdir/crf_16.mpd,/videos/BigBuckBunny-2160.avi
8305,0.9958,0.38777,0.99911,50.12057,0.9999,0.91091,0.99494,0.99758,0.99857,99.79827,0.56,0.44,0.39,0.63,50.64,51.67,52.17,50.12,0.995,0.995,0.995,0.995,/tmpdir/crf_16.mpd,/videos/BigBuckBunny-2160.avi
8306,0.99479,0.38777,0.99899,49.63291,0.99984,0.90603,0.99279,0.9963,0.99778,99.51453,0.62,0.47,0.41,0.71,50.22,51.42,52.03,49.63,0.995,0.995,0.995,0.995,/tmpdir/crf_16.mpd,/videos/BigBuckBunny-2160.avi
8307,0.99482,0.39636,0.999,49.66754,0.99984,0.90661,0.99277,0.99621,0.99767,99.51547,0.61,0.47,0.41,0.7,50.25,51.43,52.04,49.67,0.995,0.995,0.995,0.995,/tmpdir/crf_16.mpd,/videos/BigBuckBunny-2160.avi
8308,0.99459,0.39636,0.99897,49.55715,0.99984,0.90475,0.99247,0.99616,0.99775,99.47302,0.63,0.47,0.41,0.72,50.15,51.37,51.99,49.56,0.995,0.995,0.995,0.995,/tmpdir/crf_16.mpd,/videos/BigBuckBunny-2160.avi
8309,0.99585,0.35091,0.99911,50.14275,0.9999,0.91093,0.99491,0.99757,0.99856,99.79073,0.56,0.45,0.39,0.63,50.65,51.64,52.17,50.14,0.995,0.995,0.995,0.995,/tmpdir/crf_16.mpd,/videos/BigBuckBunny-2160.avi
8310,0.99436,0.35091,0.99899,49.63568,0.99984,0.90591,0.99282,0.99635,0.99782,99.42488,0.62,0.47,0.41,0.71,50.22,51.4,52.0,49.64,0.995,0.995,0.995,0.995,/tmpdir/crf_16.mpd,/videos/BigBuckBunny-2160.avi
8311,0.99401,0.22975,0.999,49.62392,0.99984,0.90582,0.99245,0.99598,0.9975,99.27435,0.62,0.47,0.41,0.71,50.21,51.39,52.01,49.62,0.995,0.995,0.995,0.995,/tmpdir/crf_16.mpd,/videos/BigBuckBunny-2160.avi
8312,0.99425,0.22975,0.99898,49.59552,0.99984,0.90505,0.99247,0.99607,0.9976,99.32323,0.62,0.48,0.41,0.71,50.18,51.36,51.99,49.6,0.995,0.995,0.995,0.995,/tmpdir/crf_16.mpd,/videos/BigBuckBunny-2160.avi
8313,0.99568,0.18706,0.9991,50.07766,0.9999,0.90987,0.99483,0.99751,0.99852,99.67706,0.57,0.45,0.4,0.64,50.59,51.6,52.13,50.08,0.995,0.995,0.995,0.995,/tmpdir/crf_16.mpd,/videos/BigBuckBunny-2160.avi
8314,0.99467,0.18706,0.99902,49.7305,0.99986,0.90602,0.99301,0.99634,0.99771,99.39662,0.61,0.46,0.41,0.69,50.31,51.49,52.04,49.73,0.995,0.995,0.995,0.995,/tmpdir/crf_16.mpd,/videos/BigBuckBunny-2160.avi
8315,0.99468,0.19406,0.99899,49.64706,0.99985,0.90535,0.99303,0.99647,0.99789,99.41575,0.62,0.47,0.41,0.71,50.23,51.4,51.99,49.65,0.995,0.995,0.995,0.995,/tmpdir/crf_16.mpd,/videos/BigBuckBunny-2160.avi
8316,0.99558,0.19406,0.99908,49.98262,0.99989,0.90863,0.99467,0.99743,0.99847,99.65342,0.58,0.46,0.4,0.65,50.51,51.53,52.08,49.98,0.995,0.995,0.995,0.995,/tmpdir/crf_16.mpd,/videos/BigBuckBunny-2160.avi
8317,0.99761,0.19208,0.99953,52.48423,0.99996,0.94295,0.99775,0.999,0.99946,100.0,0.33,0.26,0.24,0.37,52.96,53.91,54.31,52.48,0.997,0.997,0.997,0.997,/tmpdir/crf_16.mpd,/videos/BigBuckBunny-2160.avi
8318,0.99579,0.19208,0.99929,51.032,0.99989,0.92806,0.995,0.99748,0.99856,99.76301,0.44,0.33,0.29,0.51,51.66,53.01,53.54,51.03,0.996,0.996,0.996,0.996,/tmpdir/crf_16.mpd,/videos/BigBuckBunny-2160.avi
8319,0.99523,0.2054,0.99922,50.65417,0.99987,0.92354,0.99436,0.9971,0.99831,99.62716,0.48,0.35,0.31,0.56,51.3,52.69,53.28,50.65,0.996,0.996,0.996,0.996,/tmpdir/crf_16.mpd,/videos/BigBuckBunny-2160.avi
8320,0.99517,0.2054,0.99916,50.38931,0.99986,0.91952,0.99391,0.99697,0.99828,99.59546,0.51,0.37,0.32,0.59,51.04,52.44,53.09,50.39,0.996,0.996,0.996,0.996,/tmpdir/crf_16.mpd,/videos/BigBuckBunny-2160.avi
8321,0.99593,0.23001,0.99921,50.64634,0.9999,0.92053,0.99527,0.99775,0.99868,99.79439,0.49,0.37,0.32,0.56,51.24,52.45,53.07,50.65,0.996,0.996,0.996,0.996,/tmpdir/crf_16.mpd,/videos/BigBuckBunny-2160.avi
8322,0.9949,0.23001,0.9991,50.1586,0.99985,0.91567,0.9934,0.99666,0.99804,99.52057,0.54,0.4,0.34,0.63,50.8,52.13,52.81,50.16,0.996,0.996,0.996,0.996,/tmpdir/crf_16.mpd,/videos/BigBuckBunny-2160.avi
8323,0.9945,0.26291,0.99908,50.06875,0.99984,0.91444,0.99306,0.9964,0.99784,99.44135,0.55,0.41,0.35,0.64,50.7,52.0,52.7,50.07,0.996,0.996,0.996,0.995,/tmpdir/crf_16.mpd,/videos/BigBuckBunny-2160.avi
8324,0.9943,0.26291,0.99905,49.94396,0.99984,0.91232,0.99277,0.99627,0.99779,99.39168,0.57,0.42,0.36,0.66,50.58,51.89,52.6,49.94,0.995,0.996,0.996,0.995,/tmpdir/crf_16.mpd,/videos/BigBuckBunny-2160.avi
8325,0.99558,0.2507,0.99914,50.32853,0.99989,0.91537,0.99474,0.99748,0.99854,99.70726,0.53,0.4,0.35,0.6,50.91,52.06,52.69,50.33,0.996,0.996,0.996,0.995,/tmpdir/crf_16.mpd,/videos/BigBuckBunny-2160.avi
8326,0.99467,0.2507,0.99903,49.88183,0.99984,0.911,0.99302,0.99655,0.99806,99.47097,0.58,0.43,0.37,0.67,50.51,51.8,52.48,49.88,0.995,0.995,0.995,0.995,/tmpdir/crf_16.mpd,/videos/BigBuckBunny-2160.avi
8327,0.9949,0.25974,0.99902,49.79884,0.99984,0.91005,0.99274,0.99629,0.99783,99.49034,0.59,0.44,0.37,0.68,50.43,51.74,52.42,49.8,0.995,0.995,0.995,0.995,/tmpdir/crf_16.mpd,/videos/BigBuckBunny-2160.avi
8328,0.99486,0.25974,0.99896,49.62744,0.99983,0.90752,0.99236,0.99615,0.99778,99.46859,0.61,0.45,0.38,0.71,50.27,51.61,52.32,49.63,0.995,0.995,0.995,0.995,/tmpdir/crf_16.mpd,/videos/BigBuckBunny-2160.avi
8329,0.99561,0.496,0.99904,49.95986,0.99988,0.91007,0.9941,0.99717,0.99835,99.78699,0.57,0.44,0.38,0.66,50.55,51.74,52.37,49.96,0.995,0.995,0.995,0.995,/tmpdir/crf_16.mpd,/videos/BigBuckBunny-2160.avi
8330,0.99455,0.496,0.99892,49.51356,0.99983,0.90525,0.99193,0.9959,0.99759,99.49686,0.63,0.48,0.4,0.73,50.13,51.34,52.08,49.51,0.995,0.995,0.995,0.995,/tmpdir/crf_16.mpd,/videos/BigBuckBunny-2160.avi
8331,0.99419,0.86764,0.9989,49.50638,0.99981,0.90448,0.99103,0.99524,0.99707,99.55181,0.64,0.5,0.41,0.73,50.08,51.13,51.95,49.51,0.995,0.995,0.995,0.995,/tmpdir/crf_16.mpd,/videos/BigBuckBunny-2160.avi
8332,0.99354,0.89764,0.99882,49.208,0.99979,0.89949,0.98983,0.99465,0.99672,99.39554,0.68,0.54,0.44,0.78,49.79,50.81,51.73,49.21,0.995,0.995,0.995,0.995,/tmpdir/crf_16.mpd,/videos/BigBuckBunny-2160.avi
8333,0.99446,2.60307,0.99887,49.36889,0.99986,0.89789,0.99231,0.99632,0.99782,100.0,0.66,0.52,0.43,0.75,49.93,50.95,51.78,49.37,0.995,0.995,0.995,0.994,/tmpdir/crf_16.mpd,/videos/BigBuckBunny-2160.avi
8334,0.99147,3.08105,0.99859,48.50636,0.99974,0.88529,0.98696,0.99324,0.99594,100.0,0.81,0.67,0.51,0.92,49.06,49.88,51.05,48.51,0.994,0.993,0.994,0.994,/tmpdir/crf_16.mpd,/videos/BigBuckBunny-2160.avi
8335,0.99188,5.0109,0.99864,48.62701,0.99976,0.88638,0.98786,0.99363,0.99609,100.0,0.79,0.67,0.52,0.89,49.14,49.89,50.97,48.63,0.994,0.993,0.994,0.994,/tmpdir/crf_16.mpd,/videos/BigBuckBunny-2160.avi
8336,0.99103,5.0109,0.99851,48.28228,0.99973,0.88061,0.98627,0.99282,0.99563,100.0,0.86,0.74,0.56,0.97,48.78,49.41,50.64,48.28,0.993,0.993,0.994,0.993,/tmpdir/crf_16.mpd,/videos/BigBuckBunny-2160.avi
8337,0.99428,6.05026,0.99878,48.9897,0.99985,0.89097,0.99175,0.99606,0.9977,100.0,0.73,0.59,0.49,0.82,49.52,50.43,51.26,48.99,0.994,0.994,0.994,0.994,/tmpdir/crf_16.mpd,/videos/BigBuckBunny-2160.avi
8338,0.99167,6.05026,0.99849,48.14409,0.99973,0.87822,0.98615,0.99291,0.99576,100.0,0.88,0.73,0.57,1.0,48.68,49.48,50.6,48.14,0.993,0.993,0.993,0.993,/tmpdir/crf_16.mpd,/videos/BigBuckBunny-2160.avi
8339,0.9916,6.52923,0.99856,48.36846,0.99975,0.88136,0.9873,0.99351,0.99615,100.0,0.85,0.73,0.57,0.95,48.85,49.5,50.56,48.37,0.993,0.993,0.993,0.994,/tmpdir/crf_16.mpd,/videos/BigBuckBunny-2160.avi
8340,0.99069,6.52923,0.99841,47.94342,0.99972,0.87379,0.98549,0.99255,0.99551,100.0,0.93,0.78,0.6,1.04,48.47,49.2,50.37,47.94,0.993,0.992,0.993,0.993,/tmpdir/crf_16.mpd,/videos/BigBuckBunny-2160.avi
8341,0.99416,7.10432,0.99873,48.83508,0.99985,0.88735,0.99134,0.99585,0.99759,100.0,0.76,0.63,0.52,0.85,49.33,50.15,50.96,48.84,0.994,0.993,0.994,0.994,/tmpdir/crf_16.mpd,/videos/BigBuckBunny-2160.avi
8342,0.99101,7.10432,0.99842,48.04608,0.99972,0.87527,0.98539,0.99244,0.99538,100.0,0.91,0.78,0.61,1.02,48.54,49.23,50.31,48.05,0.993,0.992,0.993,0.993,/tmpdir/crf_16.mpd,/videos/BigBuckBunny-2160.avi
8343,0.99083,7.64199,0.9985,48.27882,0.99975,0.87809,0.98663,0.99311,0.99587,100.0,0.87,0.75,0.6,0.97,48.73,49.35,50.34,48.28,0.993,0.993,0.993,0.993,/tmpdir/crf_16.mpd,/videos/BigBuckBunny-2160.avi
8344,0.99057,7.64199,0.99838,47.99159,0.9997,0.87329,0.98506,0.99228,0.99533,100.0,0.93,0.79,0.63,1.03,48.47,49.13,50.16,47.99,0.993,0.992,0.993,0.993,/tmpdir/crf_16.mpd,/videos/BigBuckBunny-2160.avi
8345,0.99404,8.06652,0.99869,48.72633,0.99984,0.88453,0.99101,0.99566,0.99744,100.0,0.78,0.65,0.55,0.87,49.2,49.99,50.74,48.73,0.994,0.993,0.993,0.994,/tmpdir/crf_16.mpd,/videos/BigBuckBunny-2160.avi
8346,0.99064,8.06652,0.99837,47.90179,0.99971,0.87115,0.98484,0.99222,0.99533,100.0,0.95,0.82,0.64,1.05,48.37,48.97,50.08,47.9,0.993,0.992,0.993,0.993,/tmpdir/crf_16.mpd,/videos/BigBuckBunny-2160.avi
8347,0.99066,8.2744,0.99846,48.15612,0.99974,0.87511,0.98646,0.99306,0.9958,100.0,0.9,0.78,0.62,0.99,48.61,49.23,50.18,48.16,0.993,0.992,0.993,0.993,/tmpdir/crf_16.mpd,/videos/BigBuckBunny-2160.avi
8348,0.99048,8.2744,0.99834,47.80763,0.9997,0.8695,0.98492,0.99238,0.99548,100.0,0.97,0.85,0.66,1.08,48.26,48.84,49.94,47.81,0.993,0.992,0.992,0.993,/tmpdir/crf_16.mpd,/videos/BigBuckBunny-2160.avi
8349,0.99403,8.19128,0.99869,48.64097,0.99984,0.88263,0.99106,0.99575,0.99754,100.0,0.8,0.67,0.57,0.89,49.11,49.88,50.61,48.64,0.993,0.993,0.993,0.994,/tmpdir/crf_16.mpd,/videos/BigBuckBunny-2160.avi
8350,0.98988,8.19128,0.99834,47.76133,0.99971,0.86802,0.98484,0.99226,0.99538,100.0,0.98,0.84,0.66,1.09,48.24,48.9,49.92,47.76,0.993,0.992,0.992,0.993,/tmpdir/crf_16.mpd,/videos/BigBuckBunny-2160.avi
8351,0.99086,8.25406,0.99844,48.0101,0.99973,0.872,0.98632,0.99298,0.99574,100.0,0.92,0.79,0.64,1.03,48.48,49.18,50.1,48.01,0.993,0.992,0.993,0.993,/tmpdir/crf_16.mpd,/videos/BigBuckBunny-2160.avi
8352,0.99031,8.25406,0.99832,47.70539,0.9997,0.86662,0.98464,0.99215,0.9953,100.0,0.99,0.83,0.67,1.1,48.19,48.92,49.9,47.71,0.993,0.992,0.992,0.993,/tmpdir/crf_16.mpd,/videos/BigBuckBunny-2160.avi
8353,0.99394,8.57875,0.99867,48.49919,0.99984,0.87968,0.99075,0.99556,0.99733,100.0,0.82,0.68,0.58,0.92,48.98,49.8,50.51,48.5,0.993,0.993,0.993,0.993,/tmpdir/crf_16.mpd,/videos/BigBuckBunny-2160.avi
8354,0.99031,8.57875,0.99833,47.71339,0.9997,0.86644,0.98452,0.99209,0.99526,100.0,0.98,0.83,0.66,1.1,48.21,48.93,49.92,47.71,0.993,0.992,0.992,0.993,/tmpdir/crf_16.mpd,/videos/BigBuckBunny-2160.avi
8355,0.99074,8.85622,0.99842,47.95599,0.99973,0.8702,0.98592,0.99271,0.99553,100.0,0.94,0.8,0.65,1.04,48.41,49.08,49.98,47.96,0.993,0.992,0.992,0.993,/tmpdir/crf_16.mpd,/videos/BigBuckBunny-2160.avi
8356,0.99012,8.85622,0.99831,47.65269,0.9997,0.86523,0.98425,0.99191,0.99512,100.0,1.0,0.86,0.68,1.12,48.12,48.78,49.8,47.65,0.992,0.992,0.992,0.993,/tmpdir/crf_16.mpd,/videos/BigBuckBunny-2160.avi
8357,0.99384,8.86906,0.99868,48.46187,0.99984,0.87937,0.99072,0.99556,0.99738,100.0,0.83,0.7,0.6,0.93,48.92,49.67,50.37,48.46,0.993,0.993,0.993,0.993,/tmpdir/crf_16.mpd,/videos/BigBuckBunny-2160.avi
8358,0.98991,8.86906,0.99833,47.6472,0.9997,0.86549,0.98456,0.99211,0.99526,100.0,1.0,0.86,0.68,1.12,48.12,48.78,49.81,47.65,0.992,0.992,0.992,0.993,/tmpdir/crf_16.mpd,/videos/BigBuckBunny-2160.avi
8359,0.99062,8.88615,0.99843,47.92444,0.99974,0.8697,0.98614,0.99289,0.9957,100.0,0.95,0.82,0.67,1.05,48.37,48.98,49.9,47.92,0.993,0.992,0.992,0.993,/tmpdir/crf_16.mpd,/videos/BigBuckBunny-2160.avi
8360,0.98986,8.88615,0.99832,47.63984,0.9997,0.86469,0.9845,0.9921,0.99528,100.0,1.01,0.87,0.69,1.12,48.11,48.75,49.75,47.64,0.992,0.992,0.992,0.993,/tmpdir/crf_16.mpd,/videos/BigBuckBunny-2160.avi
8361,0.99385,8.86065,0.99868,48.48272,0.99985,0.87946,0.9909,0.99566,0.99746,100.0,0.83,0.7,0.6,0.92,48.94,49.69,50.38,48.48,0.993,0.993,0.993,0.993,/tmpdir/crf_16.mpd,/videos/BigBuckBunny-2160.avi
8362,0.98986,8.86065,0.99834,47.70832,0.9997,0.86599,0.98451,0.992,0.99515,100.0,0.99,0.86,0.68,1.1,48.17,48.79,49.8,47.71,0.992,0.992,0.992,0.993,/tmpdir/crf_16.mpd,/videos/BigBuckBunny-2160.avi
8363,0.99061,8.89262,0.99842,47.89882,0.99973,0.86899,0.98611,0.99288,0.99571,100.0,0.95,0.81,0.66,1.05,48.36,49.04,49.9,47.9,0.993,0.992,0.992,0.993,/tmpdir/crf_16.mpd,/videos/BigBuckBunny-2160.avi
8364,0.98988,8.89262,0.99832,47.61466,0.99971,0.86392,0.98463,0.99215,0.99529,100.0,1.01,0.87,0.69,1.13,48.09,48.75,49.74,47.61,0.992,0.992,0.992,0.993,/tmpdir/crf_16.mpd,/videos/BigBuckBunny-2160.avi
8365,0.99378,8.81197,0.99866,48.4519,0.99985,0.87834,0.99097,0.99569,0.99743,100.0,0.84,0.7,0.6,0.93,48.91,49.67,50.33,48.45,0.993,0.993,0.993,0.993,/tmpdir/crf_16.mpd,/videos/BigBuckBunny-2160.avi
8366,0.98974,8.81197,0.99833,47.64753,0.9997,0.86485,0.98473,0.99216,0.99527,100.0,1.0,0.86,0.69,1.12,48.11,48.76,49.75,47.65,0.992,0.992,0.992,0.993,/tmpdir/crf_16.mpd,/videos/BigBuckBunny-2160.avi
8367,0.99036,8.90246,0.99841,47.85984,0.99973,0.86831,0.98612,0.99289,0.99571,100.0,0.96,0.82,0.67,1.06,48.32,49.01,49.87,47.86,0.993,0.992,0.992,0.993,/tmpdir/crf_16.mpd,/videos/BigBuckBunny-2160.avi
8368,0.98965,8.90246,0.9983,47.56156,0.99969,0.86306,0.98463,0.99214,0.99532,100.0,1.02,0.88,0.69,1.14,48.04,48.71,49.71,47.56,0.992,0.991,0.992,0.993,/tmpdir/crf_16.mpd,/videos/BigBuckBunny-2160.avi
8369,0.99366,9.02422,0.99864,48.36516,0.99984,0.87673,0.99087,0.99559,0.9974,100.0,0.85,0.71,0.61,0.95,48.83,49.63,50.28,48.37,0.993,0.993,0.993,0.993,/tmpdir/crf_16.mpd,/videos/BigBuckBunny-2160.avi
8370,0.98988,9.02422,0.9983,47.5881,0.9997,0.86354,0.98465,0.99211,0.99526,100.0,1.02,0.88,0.7,1.13,48.05,48.71,49.69,47.59,0.992,0.991,0.992,0.993,/tmpdir/crf_16.mpd,/videos/BigBuckBunny-2160.avi
8371,0.99022,9.11615,0.9984,47.83554,0.99973,0.86761,0.98606,0.99283,0.99566,100.0,0.97,0.84,0.67,1.07,48.28,48.88,49.84,47.84,0.993,0.992,0.992,0.993,/tmpdir/crf_16.mpd,/videos/BigBuckBunny-2160.avi
8372,0.98964,9.11615,0.99829,47.55735,0.9997,0.86264,0.98462,0.99218,0.99532,100.0,1.02,0.88,0.7,1.14,48.03,48.67,49.69,47.56,0.992,0.991,0.992,0.992,/tmpdir/crf_16.mpd,/videos/BigBuckBunny-2160.avi
8373,0.99343,9.15418,0.99861,48.28425,0.99984,0.87504,0.99072,0.99554,0.99741,100.0,0.87,0.72,0.61,0.97,48.76,49.54,50.26,48.28,0.993,0.992,0.993,0.993,/tmpdir/crf_16.mpd,/videos/BigBuckBunny-2160.avi
8374,0.99024,9.15418,0.99836,47.73428,0.99974,0.86489,0.98548,0.99254,0.99551,100.0,0.98,0.82,0.67,1.1,48.23,49.0,49.89,47.73,0.992,0.992,0.992,0.993,/tmpdir/crf_16.mpd,/videos/BigBuckBunny-2160.avi
8375,0.99011,9.12798,0.99829,47.55283,0.9997,0.86234,0.98461,0.99217,0.99533,100.0,1.02,0.87,0.69,1.14,48.04,48.75,49.72,47.55,0.992,0.991,0.992,0.992,/tmpdir/crf_16.mpd,/videos/BigBuckBunny-2160.avi
8376,0.99344,9.12798,0.99858,48.17907,0.99983,0.87357,0.99036,0.99538,0.99729,100.0,0.89,0.74,0.62,0.99,48.65,49.43,50.18,48.18,0.993,0.992,0.993,0.993,/tmpdir/crf_16.mpd,/videos/BigBuckBunny-2160.avi
8377,0.98924,9.20039,0.99823,47.4892,0.99968,0.86142,0.98361,0.99149,0.99482,100.0,1.04,0.9,0.72,1.16,47.95,48.57,49.58,47.49,0.992,0.991,0.992,0.992,/tmpdir/crf_16.mpd,/videos/BigBuckBunny-2160.avi
8378,0.99056,9.20039,0.99836,47.74728,0.99972,0.86572,0.98573,0.99265,0.99555,100.0,0.98,0.84,0.68,1.09,48.21,48.89,49.79,47.75,0.992,0.992,0.992,0.993,/tmpdir/crf_16.mpd,/videos/BigBuckBunny-2160.avi
8379,0.98994,9.25331,0.99824,47.38821,0.99969,0.85928,0.98441,0.99207,0.9952,100.0,1.05,0.88,0.7,1.19,47.9,48.71,49.67,47.39,0.992,0.991,0.992,0.992,/tmpdir/crf_16.mpd,/videos/BigBuckBunny-2160.avi
8380,0.993,9.25331,0.99856,48.06297,0.99983,0.87084,0.99024,0.99529,0.99719,100.0,0.91,0.75,0.63,1.02,48.55,49.38,50.13,48.06,0.993,0.992,0.992,0.993,/tmpdir/crf_16.mpd,/videos/BigBuckBunny-2160.avi
8381,0.98946,9.27011,0.99823,47.49676,0.99967,0.86131,0.98383,0.99173,0.99505,100.0,1.04,0.91,0.72,1.16,47.95,48.54,49.57,47.5,0.992,0.991,0.992,0.992,/tmpdir/crf_16.mpd,/videos/BigBuckBunny-2160.avi
8382,0.99058,9.27011,0.99833,47.73047,0.99972,0.86557,0.98563,0.99268,0.99556,100.0,0.99,0.85,0.69,1.1,48.18,48.81,49.73,47.73,0.992,0.991,0.992,0.993,/tmpdir/crf_16.mpd,/videos/BigBuckBunny-2160.avi
8383,0.98995,9.36163,0.99822,47.51441,0.99969,0.86059,0.98432,0.99203,0.99521,100.0,1.03,0.88,0.7,1.15,47.99,48.69,49.66,47.51,0.992,0.991,0.992,0.992,/tmpdir/crf_16.mpd,/videos/BigBuckBunny-2160.avi
8384,0.9931,9.36163,0.99853,48.129,0.99983,0.87138,0.98986,0.99515,0.99714,100.0,0.9,0.75,0.64,1.0,48.59,49.35,50.1,48.13,0.993,0.992,0.992,0.993,/tmpdir/crf_16.mpd,/videos/BigBuckBunny-2160.avi
8385,0.9893,10.07924,0.99824,47.5494,0.99968,0.86186,0.98355,0.99153,0.99488,100.0,1.04,0.93,0.74,1.14,47.96,48.46,49.46,47.55,0.992,0.991,0.992,0.992,/tmpdir/crf_16.mpd,/videos/BigBuckBunny-2160.avi
8386,0.9902,10.07924,0.99835,47.78725,0.99973,0.86572,0.98538,0.99253,0.99547,100.0,0.98,0.87,0.71,1.08,48.2,48.72,49.64,47.79,0.992,0.991,0.992,0.993,/tmpdir/crf_16.mpd,/videos/BigBuckBunny-2160.avi
8387,0.99047,9.84361,0.99821,47.4156,0.99969,0.85855,0.98422,0.99197,0.99511,100.0,1.05,0.88,0.72,1.18,47.91,48.67,49.57,47.42,0.992,0.991,0.992,0.992,/tmpdir/crf_16.mpd,/videos/BigBuckBunny-2160.avi
8388,0.9934,9.84361,0.99853,48.06732,0.99983,0.87006,0.98997,0.99519,0.99715,100.0,0.91,0.76,0.65,1.01,48.54,49.33,50.03,48.07,0.993,0.992,0.992,0.993,/tmpdir/crf_16.mpd,/videos/BigBuckBunny-2160.avi
8389,0.98992,9.54392,0.99819,47.38767,0.99968,0.85837,0.98365,0.9917,0.99504,100.0,1.07,0.94,0.75,1.19,47.83,48.4,49.39,47.39,0.992,0.991,0.992,0.992,/tmpdir/crf_16.mpd,/videos/BigBuckBunny-2160.avi
8390,0.99059,9.54392,0.99832,47.66951,0.99973,0.86351,0.98551,0.99266,0.99558,100.0,1.01,0.88,0.72,1.11,48.1,48.68,49.58,47.67,0.992,0.991,0.992,0.993,/tmpdir/crf_16.mpd,/videos/BigBuckBunny-2160.avi
8391,0.99044,9.61614,0.99817,47.34712,0.99969,0.85661,0.98396,0.99182,0.99505,100.0,1.07,0.9,0.73,1.2,47.84,48.57,49.52,47.35,0.992,0.991,0.992,0.992,/tmpdir/crf_16.mpd,/videos/BigBuckBunny-2160.avi
8392,0.99337,9.61614,0.9985,48.00283,0.99983,0.86857,0.98978,0.99513,0.99714,100.0,0.92,0.77,0.66,1.03,48.47,49.26,49.97,48.0,0.992,0.992,0.992,0.993,/tmpdir/crf_16.mpd,/videos/BigBuckBunny-2160.avi
8393,0.98948,9.56722,0.99817,47.40625,0.99967,0.85859,0.98334,0.99146,0.99487,100.0,1.07,0.95,0.75,1.18,47.83,48.36,49.38,47.41,0.992,0.991,0.992,0.992,/tmpdir/crf_16.mpd,/videos/BigBuckBunny-2160.avi
8394,0.99054,9.56722,0.99831,47.71558,0.99972,0.86404,0.98527,0.99248,0.99545,100.0,1.0,0.88,0.72,1.1,48.13,48.71,49.56,47.72,0.992,0.991,0.992,0.993,/tmpdir/crf_16.mpd,/videos/BigBuckBunny-2160.avi
8395,0.99011,9.5402,0.99815,47.29784,0.99968,0.85599,0.98376,0.99171,0.99494,100.0,1.08,0.92,0.74,1.21,47.78,48.5,49.43,47.3,0.992,0.991,0.992,0.992,/tmpdir/crf_16.mpd,/videos/BigBuckBunny-2160.avi
8396,0.99342,9.5402,0.99847,47.92583,0.99982,0.86698,0.98957,0.99503,0.9971,100.0,0.94,0.78,0.67,1.05,48.39,49.2,49.84,47.93,0.992,0.992,0.992,0.993,/tmpdir/crf_16.mpd,/videos/BigBuckBunny-2160.avi
8397,0.99032,10.09514,0.99828,47.63097,0.99972,0.86148,0.98451,0.992,0.99511,100.0,1.02,0.89,0.72,1.12,48.06,48.66,49.54,47.63,0.992,0.991,0.992,0.992,/tmpdir/crf_16.mpd,/videos/BigBuckBunny-2160.avi
8398,0.98988,10.09514,0.9982,47.41335,0.99968,0.85874,0.98346,0.99154,0.99495,100.0,1.07,0.96,0.76,1.18,47.82,48.3,49.31,47.41,0.992,0.991,0.991,0.992,/tmpdir/crf_16.mpd,/videos/BigBuckBunny-2160.avi
8399,0.9932,9.92061,0.99849,47.95568,0.99982,0.86764,0.98957,0.99501,0.99706,100.0,0.94,0.8,0.69,1.04,48.39,49.11,49.76,47.96,0.992,0.992,0.992,0.993,/tmpdir/crf_16.mpd,/videos/BigBuckBunny-2160.avi
8400,0.98949,9.92061,0.99818,47.36979,0.99966,0.85785,0.98316,0.99131,0.99468,100.0,1.08,0.97,0.77,1.19,47.78,48.25,49.26,47.37,0.992,0.991,0.991,0.992,/tmpdir/crf_16.mpd,/videos/BigBuckBunny-2160.avi
8401,0.98966,9.82843,0.99829,47.59089,0.99971,0.86119,0.98462,0.99206,0.99512,100.0,1.03,0.91,0.75,1.13,48.0,48.54,49.4,47.59,0.992,0.991,0.992,0.992,/tmpdir/crf_16.mpd,/videos/BigBuckBunny-2160.avi
8402,0.98921,9.82843,0.99814,47.30931,0.99965,0.85603,0.98297,0.99127,0.99471,100.0,1.1,0.97,0.77,1.21,47.73,48.25,49.24,47.31,0.992,0.991,0.991,0.992,/tmpdir/crf_16.mpd,/videos/BigBuckBunny-2160.avi
8403,0.99264,9.9205,0.99847,47.86523,0.99982,0.86487,0.98917,0.99487,0.99704,100.0,0.96,0.81,0.7,1.06,48.31,49.03,49.69,47.87,0.992,0.992,0.992,0.993,/tmpdir/crf_16.mpd,/videos/BigBuckBunny-2160.avi
8404,0.9896,9.9205,0.9982,47.44696,0.9997,0.85638,0.9838,0.99175,0.99504,100.0,1.06,0.92,0.75,1.17,47.89,48.5,49.4,47.45,0.992,0.991,0.991,0.992,/tmpdir/crf_16.mpd,/videos/BigBuckBunny-2160.avi
8405,0.98879,9.95163,0.99814,47.28427,0.99967,0.85362,0.98286,0.99123,0.99473,100.0,1.1,0.98,0.77,1.22,47.71,48.24,49.27,47.28,0.992,0.99,0.991,0.992,/tmpdir/crf_16.mpd,/videos/BigBuckBunny-2160.avi
8406,0.99235,9.95163,0.99841,47.73037,0.99981,0.86158,0.98845,0.99444,0.99673,100.0,0.99,0.83,0.7,1.1,48.19,48.95,49.65,47.73,0.992,0.991,0.992,0.992,/tmpdir/crf_16.mpd,/videos/BigBuckBunny-2160.avi
8407,0.9893,9.90986,0.99818,47.40697,0.9997,0.85451,0.98349,0.99161,0.99498,100.0,1.07,0.92,0.75,1.18,47.85,48.49,49.4,47.41,0.992,0.991,0.991,0.992,/tmpdir/crf_16.mpd,/videos/BigBuckBunny-2160.avi
8408,0.98907,9.90986,0.99812,47.26895,0.99966,0.85325,0.98274,0.99122,0.99479,100.0,1.11,0.98,0.78,1.22,47.69,48.2,49.21,47.27,0.992,0.99,0.991,0.992,/tmpdir/crf_16.mpd,/videos/BigBuckBunny-2160.avi
8409,0.99245,9.9765,0.99838,47.75919,0.99981,0.86098,0.98843,0.99448,0.99678,100.0,0.98,0.83,0.71,1.09,48.21,48.94,49.64,47.76,0.992,0.991,0.992,0.992,/tmpdir/crf_16.mpd,/videos/BigBuckBunny-2160.avi
8410,0.98904,9.9765,0.99816,47.38537,0.9997,0.85364,0.98335,0.9915,0.99487,100.0,1.07,0.94,0.76,1.19,47.82,48.41,49.33,47.39,0.992,0.99,0.991,0.992,/tmpdir/crf_16.mpd,/videos/BigBuckBunny-2160.avi
8411,0.98881,10.01423,0.99809,47.21046,0.99967,0.85124,0.98269,0.99121,0.99471,100.0,1.12,1.0,0.79,1.24,47.63,48.14,49.13,47.21,0.991,0.99,0.991,0.992,/tmpdir/crf_16.mpd,/videos/BigBuckBunny-2160.avi
8412,0.99156,10.01423,0.99831,47.55026,0.99979,0.85669,0.98754,0.99403,0.99648,100.0,1.03,0.87,0.73,1.14,48.0,48.73,49.47,47.55,0.992,0.991,0.991,0.992,/tmpdir/crf_16.mpd,/videos/BigBuckBunny-2160.avi
8413,0.9885,10.06818,0.99809,47.20949,0.99969,0.84949,0.98244,0.991,0.99449,100.0,1.12,0.97,0.79,1.24,47.65,48.27,49.15,47.21,0.991,0.99,0.991,0.992,/tmpdir/crf_16.mpd,/videos/BigBuckBunny-2160.avi
8414,0.98737,10.06818,0.99802,47.0234,0.99965,0.84726,0.98175,0.99078,0.99441,100.0,1.17,1.05,0.84,1.29,47.43,47.92,48.9,47.02,0.991,0.99,0.991,0.992,/tmpdir/crf_16.mpd,/videos/BigBuckBunny-2160.avi
8415,0.99045,10.22112,0.99821,47.25748,0.99977,0.85025,0.98626,0.99347,0.99619,100.0,1.1,0.94,0.78,1.22,47.71,48.42,49.2,47.26,0.991,0.99,0.991,0.992,/tmpdir/crf_16.mpd,/videos/BigBuckBunny-2160.avi
8416,0.98658,10.22112,0.99788,46.68122,0.99963,0.83842,0.9793,0.98935,0.99353,100.0,1.25,1.08,0.86,1.4,47.15,47.82,48.78,46.68,0.991,0.989,0.99,0.991,/tmpdir/crf_16.mpd,/videos/BigBuckBunny-2160.avi
8417,0.9854,11.16855,0.99773,46.45304,0.99959,0.83284,0.97759,0.98864,0.99316,100.0,1.33,1.18,0.92,1.47,46.89,47.42,48.48,46.45,0.99,0.988,0.99,0.991,/tmpdir/crf_16.mpd,/videos/BigBuckBunny-2160.avi
8418,0.98794,11.16855,0.99778,46.75192,0.99966,0.83411,0.98187,0.99153,0.99533,100.0,1.22,1.01,0.83,1.37,47.26,48.08,48.93,46.75,0.99,0.989,0.99,0.991,/tmpdir/crf_16.mpd,/videos/BigBuckBunny-2160.avi
8419,0.99179,14.13161,0.99896,50.4551,0.99988,0.89493,0.99277,0.99667,0.99819,100.0,0.53,0.46,0.4,0.59,50.87,51.54,52.16,50.46,0.995,0.994,0.995,0.995,/tmpdir/crf_16.mpd,/videos/BigBuckBunny-2160.avi
8420,0.99059,13.54921,0.99855,49.75926,0.99975,0.87991,0.98823,0.9942,0.99668,100.0,0.6,0.48,0.38,0.69,50.34,51.33,52.35,49.76,0.994,0.994,0.995,0.994,/tmpdir/crf_16.mpd,/videos/BigBuckBunny-2160.avi
8421,0.99459,13.54921,0.99845,48.77365,0.99981,0.8641,0.98862,0.99467,0.99702,100.0,0.75,0.57,0.45,0.86,49.41,50.57,51.6,48.77,0.993,0.994,0.994,0.993,/tmpdir/crf_16.mpd,/videos/BigBuckBunny-2160.avi
8422,0.99069,10.44038,0.998,47.93691,0.99967,0.84048,0.98318,0.99178,0.99525,100.0,0.89,0.7,0.48,1.05,48.62,49.66,51.34,47.94,0.992,0.993,0.994,0.991,/tmpdir/crf_16.mpd,/videos/BigBuckBunny-2160.avi
8423,0.98892,10.44038,0.99779,47.3651,0.99959,0.82929,0.98042,0.99047,0.99448,100.0,1.02,0.83,0.54,1.19,48.03,48.93,50.85,47.37,0.991,0.992,0.993,0.991,/tmpdir/crf_16.mpd,/videos/BigBuckBunny-2160.avi
8424,0.99345,13.98961,0.99831,48.41779,0.99979,0.85677,0.98792,0.99436,0.99683,100.0,0.81,0.63,0.48,0.94,49.05,50.12,51.29,48.42,0.993,0.993,0.994,0.992,/tmpdir/crf_16.mpd,/videos/BigBuckBunny-2160.avi
8425,0.99694,9.53178,0.9992,51.11482,0.99993,0.91237,0.99538,0.99791,0.99888,100.0,0.44,0.34,0.29,0.5,51.69,52.77,53.5,51.11,0.996,0.996,0.996,0.995,/tmpdir/crf_16.mpd,/videos/BigBuckBunny-2160.avi
8426,0.98995,9.53178,0.99823,47.66489,0.99968,0.84653,0.98433,0.99226,0.9955,100.0,0.94,0.68,0.47,1.11,48.42,49.78,51.37,47.66,0.993,0.993,0.994,0.992,/tmpdir/crf_16.mpd,/videos/BigBuckBunny-2160.avi
8427,0.99069,11.19095,0.99829,48.00885,0.99969,0.8525,0.98533,0.99274,0.99575,100.0,0.87,0.64,0.47,1.03,48.73,50.06,51.38,48.01,0.993,0.993,0.994,0.992,/tmpdir/crf_16.mpd,/videos/BigBuckBunny-2160.avi
8428,0.98971,10.76731,0.99812,47.68077,0.99965,0.84377,0.98317,0.99157,0.99505,100.0,0.94,0.73,0.5,1.11,48.38,49.49,51.15,47.68,0.992,0.993,0.994,0.992,/tmpdir/crf_16.mpd,/videos/BigBuckBunny-2160.avi
8429,0.99479,8.35797,0.99864,49.19184,0.99983,0.87543,0.99082,0.99569,0.99754,100.0,0.68,0.52,0.4,0.78,49.83,50.97,52.06,49.19,0.994,0.994,0.995,0.993,/tmpdir/crf_16.mpd,/videos/BigBuckBunny-2160.avi
8430,0.99094,8.35797,0.9983,48.24184,0.99971,0.85651,0.98556,0.99276,0.99569,100.0,0.83,0.64,0.46,0.97,48.92,50.04,51.52,48.24,0.993,0.993,0.994,0.992,/tmpdir/crf_16.mpd,/videos/BigBuckBunny-2160.avi
8431,0.9905,7.90342,0.99827,48.12742,0.99969,0.85587,0.98526,0.99263,0.99562,100.0,0.86,0.67,0.47,1.0,48.8,49.88,51.39,48.13,0.993,0.993,0.994,0.992,/tmpdir/crf_16.mpd,/videos/BigBuckBunny-2160.avi
8432,0.99456,7.90342,0.99859,49.07469,0.99983,0.87342,0.99069,0.99559,0.99745,100.0,0.7,0.54,0.43,0.8,49.7,50.83,51.84,49.07,0.994,0.994,0.994,0.993,/tmpdir/crf_16.mpd,/videos/BigBuckBunny-2160.avi
8433,0.99031,7.93732,0.99829,48.22016,0.99969,0.85796,0.98508,0.99247,0.99551,100.0,0.85,0.69,0.49,0.98,48.84,49.76,51.25,48.22,0.993,0.993,0.994,0.992,/tmpdir/crf_16.mpd,/videos/BigBuckBunny-2160.avi
8434,0.99157,7.93732,0.9984,48.4572,0.99973,0.86255,0.98684,0.99338,0.99609,100.0,0.8,0.64,0.47,0.93,49.08,50.06,51.4,48.46,0.993,0.993,0.994,0.993,/tmpdir/crf_16.mpd,/videos/BigBuckBunny-2160.avi
8435,0.99064,7.94236,0.9983,48.19712,0.99969,0.85779,0.98554,0.99269,0.99563,100.0,0.85,0.67,0.48,0.98,48.85,49.88,51.32,48.2,0.993,0.993,0.994,0.992,/tmpdir/crf_16.mpd,/videos/BigBuckBunny-2160.avi
8436,0.99445,7.94236,0.99861,49.07707,0.99983,0.87383,0.9909,0.99565,0.99746,100.0,0.7,0.55,0.44,0.8,49.68,50.76,51.74,49.08,0.993,0.994,0.994,0.993,/tmpdir/crf_16.mpd,/videos/BigBuckBunny-2160.avi
8437,0.9911,7.83194,0.99839,48.49668,0.99974,0.86136,0.98608,0.99291,0.99578,100.0,0.8,0.63,0.47,0.92,49.12,50.11,51.43,48.5,0.993,0.993,0.994,0.993,/tmpdir/crf_16.mpd,/videos/BigBuckBunny-2160.avi
8438,0.99065,7.83194,0.99831,48.25389,0.99969,0.85842,0.98517,0.99244,0.99546,100.0,0.84,0.68,0.49,0.97,48.87,49.78,51.21,48.25,0.993,0.993,0.994,0.993,/tmpdir/crf_16.mpd,/videos/BigBuckBunny-2160.avi
8439,0.99444,7.8233,0.99861,49.02391,0.99983,0.87337,0.99099,0.99571,0.99746,100.0,0.71,0.55,0.44,0.81,49.63,50.72,51.68,49.02,0.993,0.994,0.994,0.993,/tmpdir/crf_16.mpd,/videos/BigBuckBunny-2160.avi
8440,0.99058,7.8233,0.99829,48.18748,0.99968,0.85798,0.98507,0.99244,0.99552,100.0,0.86,0.69,0.5,0.99,48.8,49.73,51.13,48.19,0.993,0.993,0.994,0.992,/tmpdir/crf_16.mpd,/videos/BigBuckBunny-2160.avi
8441,0.99103,7.83835,0.9984,48.45494,0.99972,0.86286,0.98635,0.99295,0.99575,100.0,0.81,0.66,0.49,0.93,49.05,49.96,51.22,48.45,0.993,0.993,0.994,0.993,/tmpdir/crf_16.mpd,/videos/BigBuckBunny-2160.avi
8442,0.99055,7.83835,0.9983,48.2124,0.99969,0.85855,0.98522,0.9925,0.99559,100.0,0.86,0.7,0.51,0.98,48.81,49.69,51.06,48.21,0.993,0.993,0.994,0.992,/tmpdir/crf_16.mpd,/videos/BigBuckBunny-2160.avi
8443,0.99459,7.79556,0.99863,49.06285,0.99984,0.87474,0.99111,0.99571,0.99749,100.0,0.71,0.56,0.45,0.81,49.64,50.68,51.59,49.06,0.993,0.994,0.994,0.993,/tmpdir/crf_16.mpd,/videos/BigBuckBunny-2160.avi
8444,0.9906,7.79556,0.9983,48.18859,0.99969,0.85869,0.98526,0.9925,0.99553,100.0,0.86,0.7,0.51,0.99,48.79,49.69,51.03,48.19,0.993,0.993,0.994,0.993,/tmpdir/crf_16.mpd,/videos/BigBuckBunny-2160.avi
8445,0.99108,7.7821,0.9984,48.43304,0.99973,0.86295,0.9865,0.99308,0.99587,100.0,0.82,0.67,0.5,0.93,49.01,49.86,51.12,48.43,0.993,0.993,0.994,0.993,/tmpdir/crf_16.mpd,/videos/BigBuckBunny-2160.avi
8446,0.99058,7.7821,0.9983,48.19646,0.99969,0.85871,0.98521,0.99253,0.99562,100.0,0.86,0.71,0.52,0.98,48.78,49.64,50.99,48.2,0.993,0.993,0.994,0.992,/tmpdir/crf_16.mpd,/videos/BigBuckBunny-2160.avi
8447,0.99432,7.81424,0.99862,49.00064,0.99984,0.87353,0.99104,0.99565,0.99743,100.0,0.72,0.57,0.46,0.82,49.57,50.55,51.48,49.0,0.993,0.994,0.994,0.993,/tmpdir/crf_16.mpd,/videos/BigBuckBunny-2160.avi
8448,0.99046,7.81424,0.9983,48.16099,0.99968,0.8584,0.98506,0.9923,0.99534,100.0,0.87,0.71,0.52,0.99,48.74,49.59,50.93,48.16,0.993,0.993,0.994,0.992,/tmpdir/crf_16.mpd,/videos/BigBuckBunny-2160.avi
8449,0.99105,7.82989,0.99838,48.3753,0.99973,0.86191,0.98627,0.99297,0.99581,100.0,0.83,0.68,0.51,0.95,48.94,49.79,51.01,48.38,0.993,0.993,0.994,0.993,/tmpdir/crf_16.mpd,/videos/BigBuckBunny-2160.avi
8450,0.99086,7.82989,0.99828,48.11712,0.99969,0.85736,0.98515,0.99249,0.99559,100.0,0.88,0.72,0.53,1.0,48.69,49.53,50.86,48.12,0.993,0.993,0.993,0.992,/tmpdir/crf_16.mpd,/videos/BigBuckBunny-2160.avi
8451,0.99419,7.7933,0.9986,48.8783,0.99984,0.8716,0.99099,0.99569,0.9975,100.0,0.74,0.59,0.48,0.84,49.45,50.45,51.35,48.88,0.993,0.994,0.994,0.993,/tmpdir/crf_16.mpd,/videos/BigBuckBunny-2160.avi
8452,0.99016,7.7933,0.99828,48.11837,0.99968,0.85776,0.98497,0.9923,0.9954,100.0,0.88,0.72,0.54,1.0,48.69,49.54,50.84,48.12,0.993,0.993,0.993,0.992,/tmpdir/crf_16.mpd,/videos/BigBuckBunny-2160.avi
8453,0.99081,7.81599,0.99839,48.36526,0.99973,0.86199,0.98625,0.99286,0.99566,100.0,0.83,0.69,0.53,0.95,48.91,49.72,50.92,48.37,0.993,0.993,0.994,0.993,/tmpdir/crf_16.mpd,/videos/BigBuckBunny-2160.avi
8454,0.99019,7.81599,0.99827,48.10573,0.99968,0.85734,0.98475,0.99215,0.99526,100.0,0.88,0.73,0.55,1.01,48.67,49.48,50.76,48.11,0.993,0.993,0.993,0.992,/tmpdir/crf_16.mpd,/videos/BigBuckBunny-2160.avi
8455,0.99402,7.82852,0.99859,48.84118,0.99984,0.87114,0.99093,0.99563,0.99742,100.0,0.75,0.6,0.49,0.85,49.4,50.37,51.24,48.84,0.993,0.993,0.994,0.993,/tmpdir/crf_16.mpd,/videos/BigBuckBunny-2160.avi
8456,0.99024,7.82852,0.99826,48.07157,0.99967,0.85725,0.98462,0.99214,0.99532,100.0,0.89,0.74,0.55,1.01,48.63,49.46,50.71,48.07,0.993,0.993,0.993,0.992,/tmpdir/crf_16.mpd,/videos/BigBuckBunny-2160.avi
8457,0.99094,7.80575,0.99836,48.31302,0.99972,0.86155,0.98601,0.99276,0.99566,100.0,0.85,0.7,0.54,0.96,48.86,49.68,50.81,48.31,0.993,0.993,0.993,0.993,/tmpdir/crf_16.mpd,/videos/BigBuckBunny-2160.avi
8458,0.99034,7.80575,0.99824,48.06188,0.99967,0.85696,0.98459,0.99214,0.99537,100.0,0.9,0.75,0.56,1.02,48.61,49.4,50.64,48.06,0.992,0.992,0.993,0.992,/tmpdir/crf_16.mpd,/videos/BigBuckBunny-2160.avi
8459,0.99399,7.82037,0.99857,48.78441,0.99983,0.87033,0.99093,0.99566,0.99744,100.0,0.76,0.61,0.5,0.86,49.33,50.28,51.13,48.78,0.993,0.993,0.994,0.993,/tmpdir/crf_16.mpd,/videos/BigBuckBunny-2160.avi
8460,0.98982,7.82037,0.99824,48.03768,0.99967,0.85692,0.98457,0.99209,0.99527,100.0,0.9,0.75,0.57,1.02,48.58,49.37,50.58,48.04,0.992,0.992,0.993,0.992,/tmpdir/crf_16.mpd,/videos/BigBuckBunny-2160.avi
8461,0.99053,7.80096,0.99834,48.2612,0.99971,0.86055,0.98574,0.99258,0.99549,100.0,0.86,0.71,0.56,0.97,48.8,49.61,50.68,48.26,0.993,0.993,0.993,0.993,/tmpdir/crf_16.mpd,/videos/BigBuckBunny-2160.avi
8462,0.98988,7.80096,0.99821,47.97903,0.99966,0.85537,0.98433,0.99196,0.9952,100.0,0.91,0.76,0.58,1.04,48.52,49.31,50.51,47.98,0.992,0.992,0.993,0.992,/tmpdir/crf_16.mpd,/videos/BigBuckBunny-2160.avi
8463,0.99362,7.7802,0.99852,48.63564,0.99983,0.86742,0.99072,0.9956,0.99748,100.0,0.78,0.63,0.52,0.89,49.18,50.16,50.96,48.64,0.993,0.993,0.993,0.993,/tmpdir/crf_16.mpd,/videos/BigBuckBunny-2160.avi
8464,0.99027,7.7802,0.99828,48.13237,0.99972,0.85638,0.98485,0.99211,0.99523,100.0,0.88,0.71,0.56,1.0,48.7,49.62,50.65,48.13,0.992,0.992,0.993,0.992,/tmpdir/crf_16.mpd,/videos/BigBuckBunny-2160.avi
8465,0.99003,7.8527,0.99819,47.90149,0.99968,0.85315,0.98451,0.99215,0.99536,100.0,0.93,0.76,0.59,1.05,48.45,49.31,50.41,47.9,0.992,0.992,0.993,0.992,/tmpdir/crf_16.mpd,/videos/BigBuckBunny-2160.avi
8466,0.99358,7.8527,0.99845,48.42948,0.99982,0.86343,0.98993,0.99518,0.99716,100.0,0.82,0.65,0.54,0.93,48.99,50.01,50.79,48.43,0.993,0.993,0.993,0.992,/tmpdir/crf_16.mpd,/videos/BigBuckBunny-2160.avi
8467,0.99032,7.9131,0.99822,48.04571,0.99971,0.85402,0.98427,0.99188,0.99512,100.0,0.9,0.74,0.58,1.02,48.59,49.46,50.5,48.05,0.992,0.992,0.993,0.992,/tmpdir/crf_16.mpd,/videos/BigBuckBunny-2160.avi
8468,0.9899,7.9131,0.99812,47.8072,0.99965,0.8511,0.98324,0.99134,0.99475,100.0,0.95,0.79,0.61,1.08,48.34,49.13,50.26,47.81,0.992,0.992,0.993,0.992,/tmpdir/crf_16.mpd,/videos/BigBuckBunny-2160.avi
8469,0.99392,7.89842,0.99847,48.49168,0.99982,0.86408,0.98988,0.9952,0.99723,100.0,0.81,0.66,0.55,0.92,49.02,49.96,50.74,48.49,0.993,0.993,0.993,0.992,/tmpdir/crf_16.mpd,/videos/BigBuckBunny-2160.avi
8470,0.98993,7.89842,0.9981,47.80929,0.99964,0.85155,0.98309,0.99133,0.99482,100.0,0.95,0.8,0.62,1.08,48.33,49.1,50.19,47.81,0.992,0.992,0.993,0.992,/tmpdir/crf_16.mpd,/videos/BigBuckBunny-2160.avi
8471,0.99062,8.15286,0.99823,48.09248,0.99969,0.85624,0.9844,0.9919,0.99509,100.0,0.9,0.76,0.6,1.01,48.59,49.35,50.32,48.09,0.992,0.992,0.993,0.992,/tmpdir/crf_16.mpd,/videos/BigBuckBunny-2160.avi
8472,0.98955,8.15286,0.99809,47.839,0.99964,0.85133,0.98276,0.99111,0.99466,100.0,0.95,0.81,0.63,1.07,48.34,49.07,50.15,47.84,0.992,0.992,0.993,0.992,/tmpdir/crf_16.mpd,/videos/BigBuckBunny-2160.avi
8473,0.99362,8.34082,0.99845,48.49058,0.99982,0.86334,0.98941,0.99493,0.99707,100.0,0.82,0.66,0.55,0.92,49.01,49.93,50.69,48.49,0.993,0.993,0.993,0.992,/tmpdir/crf_16.mpd,/videos/BigBuckBunny-2160.avi
8474,0.98979,8.34082,0.99807,47.79197,0.99963,0.85058,0.98282,0.99133,0.99492,100.0,0.96,0.81,0.63,1.08,48.3,49.04,50.13,47.79,0.992,0.992,0.993,0.992,/tmpdir/crf_16.mpd,/videos/BigBuckBunny-2160.avi
8475,0.99011,8.34909,0.99819,47.98687,0.99968,0.8542,0.9842,0.9919,0.99513,100.0,0.92,0.77,0.62,1.03,48.49,49.25,50.24,47.99,0.992,0.992,0.993,0.992,/tmpdir/crf_16.mpd,/videos/BigBuckBunny-2160.avi
8476,0.98933,8.34909,0.99805,47.70688,0.99963,0.84919,0.98262,0.99114,0.99468,100.0,0.98,0.83,0.65,1.1,48.21,48.94,50.03,47.71,0.992,0.992,0.992,0.992,/tmpdir/crf_16.mpd,/videos/BigBuckBunny-2160.avi
8477,0.99289,8.49442,0.9984,48.36459,0.99981,0.86155,0.98932,0.99496,0.99708,100.0,0.84,0.68,0.57,0.95,48.89,49.82,50.56,48.36,0.992,0.993,0.993,0.992,/tmpdir/crf_16.mpd,/videos/BigBuckBunny-2160.avi
8478,0.98936,8.49442,0.99814,47.91196,0.99969,0.85147,0.98341,0.99144,0.99485,100.0,0.93,0.76,0.61,1.05,48.45,49.3,50.28,47.91,0.992,0.992,0.993,0.992,/tmpdir/crf_16.mpd,/videos/BigBuckBunny-2160.avi
8479,0.9896,8.56891,0.99807,47.72992,0.99965,0.8496,0.98297,0.99129,0.99479,100.0,0.97,0.82,0.64,1.1,48.24,49.01,50.06,47.73,0.992,0.992,0.992,0.992,/tmpdir/crf_16.mpd,/videos/BigBuckBunny-2160.avi
8480,0.99297,8.56891,0.99837,48.28127,0.99981,0.86007,0.98917,0.99496,0.99717,100.0,0.85,0.68,0.58,0.97,48.82,49.79,50.52,48.28,0.992,0.992,0.993,0.992,/tmpdir/crf_16.mpd,/videos/BigBuckBunny-2160.avi
8481,0.98981,8.46762,0.99813,47.86295,0.99969,0.8504,0.98348,0.99155,0.99494,100.0,0.94,0.78,0.62,1.06,48.39,49.2,50.2,47.86,0.992,0.992,0.992,0.992,/tmpdir/crf_16.mpd,/videos/BigBuckBunny-2160.avi
8482,0.98904,8.46762,0.99807,47.68203,0.99965,0.84877,0.98278,0.99125,0.99479,100.0,0.99,0.84,0.65,1.11,48.19,48.9,49.99,47.68,0.992,0.992,0.992,0.992,/tmpdir/crf_16.mpd,/videos/BigBuckBunny-2160.avi
8483,0.99265,8.51349,0.99841,48.29033,0.99982,0.86122,0.98973,0.99524,0.99729,100.0,0.85,0.68,0.58,0.96,48.82,49.78,50.48,48.29,0.992,0.992,0.993,0.992,/tmpdir/crf_16.mpd,/videos/BigBuckBunny-2160.avi
8484,0.98847,8.51349,0.99803,47.5938,0.99964,0.8481,0.98267,0.99117,0.99476,100.0,1.0,0.84,0.66,1.13,48.11,48.87,49.95,47.59,0.992,0.991,0.992,0.992,/tmpdir/crf_16.mpd,/videos/BigBuckBunny-2160.avi
8485,0.9892,8.52295,0.99817,47.83639,0.99969,0.85278,0.9842,0.99191,0.99515,100.0,0.95,0.8,0.64,1.07,48.34,49.1,50.08,47.84,0.992,0.992,0.992,0.992,/tmpdir/crf_16.mpd,/videos/BigBuckBunny-2160.avi
8486,0.9887,8.52295,0.99801,47.54076,0.99964,0.84742,0.98247,0.99111,0.99473,100.0,1.02,0.86,0.67,1.15,48.05,48.78,49.87,47.54,0.992,0.991,0.992,0.992,/tmpdir/crf_16.mpd,/videos/BigBuckBunny-2160.avi
8487,0.99225,8.73785,0.99836,48.18124,0.99981,0.85968,0.98925,0.99496,0.99712,100.0,0.88,0.7,0.6,0.99,48.71,49.66,50.36,48.18,0.992,0.992,0.993,0.992,/tmpdir/crf_16.mpd,/videos/BigBuckBunny-2160.avi
8488,0.98965,8.73785,0.99814,47.8094,0.9997,0.8517,0.98377,0.99171,0.9951,100.0,0.96,0.8,0.64,1.08,48.32,49.11,50.09,47.81,0.992,0.992,0.992,0.992,/tmpdir/crf_16.mpd,/videos/BigBuckBunny-2160.avi
8489,0.98922,8.5134,0.99804,47.54315,0.99965,0.84802,0.98296,0.99137,0.99488,100.0,1.02,0.86,0.67,1.14,48.06,48.81,49.89,47.54,0.992,0.991,0.992,0.992,/tmpdir/crf_16.mpd,/videos/BigBuckBunny-2160.avi
8490,0.99248,8.5134,0.99835,48.16445,0.9998,0.85994,0.98919,0.99498,0.99717,100.0,0.88,0.71,0.6,0.99,48.68,49.61,50.33,48.16,0.992,0.992,0.993,0.992,/tmpdir/crf_16.mpd,/videos/BigBuckBunny-2160.avi
8491,0.98953,8.74976,0.99807,47.59365,0.99967,0.84983,0.98358,0.99167,0.99501,100.0,1.0,0.83,0.66,1.13,48.12,48.94,49.94,47.59,0.992,0.991,0.992,0.992,/tmpdir/crf_16.mpd,/videos/BigBuckBunny-2160.avi
8492,0.99291,8.74976,0.99834,48.13888,0.9998,0.86047,0.98921,0.99497,0.99716,100.0,0.89,0.71,0.61,1.0,48.66,49.59,50.29,48.14,0.992,0.992,0.993,0.992,/tmpdir/crf_16.mpd,/videos/BigBuckBunny-2160.avi
8493,0.98965,8.61759,0.99804,47.47087,0.99966,0.8485,0.98343,0.99153,0.99487,100.0,1.03,0.84,0.67,1.16,48.01,48.88,49.86,47.47,0.992,0.991,0.992,0.991,/tmpdir/crf_16.mpd,/videos/BigBuckBunny-2160.avi
8494,0.99281,8.61759,0.99832,48.00944,0.9998,0.8584,0.98914,0.99493,0.99712,100.0,0.91,0.73,0.62,1.03,48.54,49.5,50.18,48.01,0.992,0.992,0.992,0.992,/tmpdir/crf_16.mpd,/videos/BigBuckBunny-2160.avi
8495,0.98755,8.71052,0.99778,47.01148,0.99958,0.83892,0.97912,0.98919,0.99355,100.0,1.15,0.97,0.75,1.29,47.53,48.28,49.4,47.01,0.991,0.99,0.991,0.991,/tmpdir/crf_16.mpd,/videos/BigBuckBunny-2160.avi
8496,0.98812,8.71052,0.99789,47.19315,0.99961,0.84235,0.98103,0.99011,0.99398,100.0,1.1,0.91,0.72,1.24,47.72,48.54,49.55,47.19,0.991,0.991,0.992,0.991,/tmpdir/crf_16.mpd,/videos/BigBuckBunny-2160.avi
8497,0.98784,8.9422,0.99773,46.86864,0.99958,0.83574,0.97938,0.98947,0.99365,100.0,1.18,0.97,0.75,1.34,47.42,48.28,49.35,46.87,0.991,0.99,0.991,0.991,/tmpdir/crf_16.mpd,/videos/BigBuckBunny-2160.avi
8498,0.99206,8.9422,0.99809,47.47742,0.99976,0.84762,0.98641,0.99352,0.99624,100.0,1.03,0.83,0.7,1.16,48.0,48.95,49.68,47.48,0.991,0.991,0.992,0.991,/tmpdir/crf_16.mpd,/videos/BigBuckBunny-2160.avi
8499,0.98809,9.47653,0.99779,47.00664,0.99962,0.83764,0.97953,0.98942,0.99367,100.0,1.15,0.95,0.75,1.3,47.53,48.36,49.36,47.01,0.991,0.99,0.991,0.991,/tmpdir/crf_16.mpd,/videos/BigBuckBunny-2160.avi
8500,0.98764,9.47653,0.99774,46.85245,0.99958,0.83695,0.97883,0.98905,0.99342,100.0,1.2,1.03,0.79,1.34,47.35,48.02,49.16,46.85,0.991,0.99,0.991,0.991,/tmpdir/crf_16.mpd,/videos/BigBuckBunny-2160.avi
8501,0.9919,9.42328,0.99806,47.35798,0.99976,0.84608,0.98658,0.99373,0.9964,100.0,1.06,0.86,0.72,1.19,47.87,48.76,49.53,47.36,0.991,0.991,0.991,0.991,/tmpdir/crf_16.mpd,/videos/BigBuckBunny-2160.avi
8502,0.98809,9.42328,0.99777,46.9007,0.99963,0.83655,0.97962,0.98951,0.99368,100.0,1.18,0.99,0.78,1.33,47.41,48.19,49.19,46.9,0.991,0.99,0.991,0.991,/tmpdir/crf_16.mpd,/videos/BigBuckBunny-2160.avi
8503,0.98801,9.92523,0.99766,46.66264,0.99958,0.83316,0.97861,0.98906,0.99347,100.0,1.25,1.05,0.81,1.4,47.18,47.91,49.03,46.66,0.99,0.99,0.991,0.99,/tmpdir/crf_16.mpd,/videos/BigBuckBunny-2160.avi
8504,0.99152,9.92523,0.99797,47.18237,0.99975,0.84277,0.98568,0.99324,0.9961,100.0,1.11,0.9,0.76,1.24,47.69,48.57,49.35,47.18,0.991,0.991,0.991,0.991,/tmpdir/crf_16.mpd,/videos/BigBuckBunny-2160.avi
8505,0.98843,10.08422,0.99762,46.54535,0.99958,0.83103,0.97884,0.98921,0.9935,100.0,1.27,1.06,0.83,1.44,47.08,47.9,48.96,46.55,0.99,0.99,0.99,0.99,/tmpdir/crf_16.mpd,/videos/BigBuckBunny-2160.avi
8506,0.9912,10.08422,0.99787,46.95587,0.99973,0.83857,0.98506,0.99298,0.99591,100.0,1.16,0.93,0.77,1.31,47.49,48.43,49.24,46.96,0.991,0.99,0.991,0.991,/tmpdir/crf_16.mpd,/videos/BigBuckBunny-2160.avi
8507,0.98723,10.18313,0.99751,46.37725,0.99954,0.82791,0.97649,0.98795,0.99277,100.0,1.34,1.17,0.89,1.5,46.86,47.46,48.65,46.38,0.99,0.989,0.99,0.99,/tmpdir/crf_16.mpd,/videos/BigBuckBunny-2160.avi
8508,0.98739,10.18313,0.99766,46.63405,0.99959,0.83265,0.97878,0.98907,0.99338,100.0,1.26,1.09,0.85,1.41,47.11,47.76,48.82,46.63,0.99,0.989,0.99,0.99,/tmpdir/crf_16.mpd,/videos/BigBuckBunny-2160.avi
8509,0.98751,10.42789,0.99752,46.35339,0.99955,0.827,0.97713,0.98835,0.99303,100.0,1.34,1.14,0.88,1.51,46.86,47.56,48.7,46.35,0.99,0.989,0.99,0.99,/tmpdir/crf_16.mpd,/videos/BigBuckBunny-2160.avi
8510,0.99116,10.42789,0.99787,46.92144,0.99973,0.83777,0.9844,0.99264,0.9958,100.0,1.18,0.98,0.81,1.32,47.41,48.21,49.03,46.92,0.99,0.99,0.99,0.991,/tmpdir/crf_16.mpd,/videos/BigBuckBunny-2160.avi
8511,0.98758,10.67635,0.99758,46.54684,0.99959,0.83012,0.97751,0.98853,0.99319,100.0,1.29,1.1,0.87,1.44,47.03,47.7,48.75,46.55,0.99,0.989,0.99,0.99,/tmpdir/crf_16.mpd,/videos/BigBuckBunny-2160.avi
8512,0.98708,10.67635,0.99751,46.37213,0.99954,0.82828,0.9762,0.98767,0.99259,100.0,1.35,1.19,0.91,1.5,46.83,47.38,48.56,46.37,0.99,0.989,0.99,0.99,/tmpdir/crf_16.mpd,/videos/BigBuckBunny-2160.avi
8513,0.99118,10.74043,0.99782,46.82558,0.99972,0.83633,0.98399,0.99248,0.99568,100.0,1.21,1.01,0.84,1.35,47.31,48.09,48.88,46.83,0.99,0.99,0.99,0.99,/tmpdir/crf_16.mpd,/videos/BigBuckBunny-2160.avi
8514,0.98807,10.74043,0.99758,46.5488,0.99959,0.83049,0.97765,0.98863,0.99327,100.0,1.3,1.13,0.89,1.44,47.01,47.61,48.66,46.55,0.99,0.989,0.99,0.99,/tmpdir/crf_16.mpd,/videos/BigBuckBunny-2160.avi
8515,0.98772,10.78382,0.99752,46.38257,0.99955,0.82793,0.97682,0.98812,0.99294,100.0,1.34,1.18,0.91,1.5,46.84,47.41,48.56,46.38,0.99,0.989,0.989,0.99,/tmpdir/crf_16.mpd,/videos/BigBuckBunny-2160.avi
8516,0.99142,10.78382,0.99784,46.88897,0.99972,0.83752,0.98417,0.99256,0.99574,100.0,1.2,1.02,0.85,1.33,47.35,48.06,48.86,46.89,0.99,0.99,0.99,0.991,/tmpdir/crf_16.mpd,/videos/BigBuckBunny-2160.avi
8517,0.98841,10.69089,0.99758,46.40751,0.99957,0.83012,0.97834,0.98903,0.9935,100.0,1.33,1.14,0.89,1.49,46.89,47.57,48.64,46.41,0.99,0.989,0.99,0.99,/tmpdir/crf_16.mpd,/videos/BigBuckBunny-2160.avi
8518,0.99135,10.69089,0.99788,46.88718,0.99974,0.83874,0.9851,0.99308,0.99607,100.0,1.19,1.0,0.83,1.33,47.37,48.15,48.93,46.89,0.99,0.99,0.99,0.991,/tmpdir/crf_16.mpd,/videos/BigBuckBunny-2160.avi
8519,0.98835,10.51007,0.99756,46.39239,0.99957,0.82957,0.9782,0.98893,0.99337,100.0,1.34,1.15,0.89,1.49,46.87,47.53,48.61,46.39,0.99,0.989,0.99,0.99,/tmpdir/crf_16.mpd,/videos/BigBuckBunny-2160.avi
8520,0.99109,10.51007,0.99782,46.78391,0.99972,0.83652,0.98443,0.99272,0.99583,100.0,1.22,1.02,0.84,1.36,47.27,48.07,48.87,46.78,0.99,0.99,0.99,0.99,/tmpdir/crf_16.mpd,/videos/BigBuckBunny-2160.avi
8521,0.9881,10.52721,0.99763,46.5635,0.9996,0.83227,0.97845,0.98907,0.9935,100.0,1.29,1.13,0.89,1.43,47.01,47.59,48.64,46.56,0.99,0.989,0.989,0.99,/tmpdir/crf_16.mpd,/videos/BigBuckBunny-2160.avi
8522,0.98748,10.52721,0.9976,46.41725,0.99956,0.8317,0.97727,0.9883,0.99302,100.0,1.34,1.2,0.92,1.48,46.85,47.34,48.5,46.42,0.99,0.988,0.989,0.99,/tmpdir/crf_16.mpd,/videos/BigBuckBunny-2160.avi
8523,0.99181,10.59273,0.998,47.03288,0.99976,0.84305,0.98617,0.99348,0.99621,100.0,1.16,0.99,0.83,1.29,47.48,48.19,48.93,47.03,0.991,0.99,0.99,0.991,/tmpdir/crf_16.mpd,/videos/BigBuckBunny-2160.avi
8524,0.9883,10.59273,0.99776,46.70764,0.99964,0.83662,0.98002,0.98987,0.99398,100.0,1.26,1.11,0.88,1.39,47.14,47.69,48.71,46.71,0.99,0.989,0.99,0.991,/tmpdir/crf_16.mpd,/videos/BigBuckBunny-2160.avi
8525,0.9884,10.45124,0.99767,46.48646,0.99959,0.83311,0.97888,0.98917,0.99341,100.0,1.32,1.17,0.9,1.46,46.93,47.45,48.57,46.49,0.99,0.989,0.989,0.99,/tmpdir/crf_16.mpd,/videos/BigBuckBunny-2160.avi
8526,0.99165,10.45124,0.99796,46.95895,0.99975,0.84167,0.98563,0.99326,0.99613,100.0,1.18,1.0,0.84,1.31,47.41,48.14,48.89,46.96,0.991,0.99,0.99,0.991,/tmpdir/crf_16.mpd,/videos/BigBuckBunny-2160.avi
8527,0.98885,10.43442,0.99768,46.46716,0.9996,0.83338,0.97958,0.98962,0.99371,100.0,1.32,1.15,0.9,1.47,46.93,47.53,48.58,46.47,0.99,0.989,0.99,0.99,/tmpdir/crf_16.mpd,/videos/BigBuckBunny-2160.avi
8528,0.99132,10.43442,0.99794,46.85802,0.99975,0.84003,0.98551,0.99327,0.99619,100.0,1.2,1.01,0.85,1.34,47.33,48.09,48.85,46.86,0.99,0.99,0.99,0.991,/tmpdir/crf_16.mpd,/videos/BigBuckBunny-2160.avi
8529,0.98808,10.37227,0.99771,46.59926,0.99963,0.83421,0.97968,0.98975,0.99395,100.0,1.28,1.12,0.89,1.42,47.05,47.63,48.63,46.6,0.99,0.989,0.989,0.991,/tmpdir/crf_16.mpd,/videos/BigBuckBunny-2160.avi
8530,0.98765,10.37227,0.99766,46.38585,0.99958,0.83185,0.97862,0.98902,0.99331,100.0,1.35,1.2,0.92,1.49,46.83,47.36,48.48,46.39,0.99,0.989,0.989,0.99,/tmpdir/crf_16.mpd,/videos/BigBuckBunny-2160.avi
8531,0.99158,10.0861,0.99802,46.98489,0.99976,0.8424,0.98641,0.99369,0.9964,100.0,1.17,0.99,0.84,1.3,47.44,48.18,48.91,46.98,0.991,0.99,0.99,0.991,/tmpdir/crf_16.mpd,/videos/BigBuckBunny-2160.avi
8532,0.99102,10.0861,0.99791,46.79343,0.99973,0.8394,0.98559,0.99334,0.99617,100.0,1.21,1.0,0.84,1.36,47.29,48.14,48.87,46.79,0.99,0.99,0.99,0.991,/tmpdir/crf_16.mpd,/videos/BigBuckBunny-2160.avi
8533,0.9951,10.07724,0.99896,49.31668,0.99991,0.8953,0.99366,0.99709,0.99842,100.0,0.69,0.58,0.52,0.76,49.74,50.48,51.0,49.32,0.994,0.994,0.994,0.994,/tmpdir/crf_16.mpd,/videos/BigBuckBunny-2160.avi
8534,0.99073,10.07724,0.99836,47.79299,0.99973,0.86808,0.98566,0.99272,0.99577,100.0,0.95,0.77,0.62,1.08,48.34,49.27,50.19,47.79,0.993,0.992,0.993,0.993,/tmpdir/crf_16.mpd,/videos/BigBuckBunny-2160.avi
8535,0.98993,10.18,0.99816,47.37821,0.99967,0.85974,0.98318,0.99148,0.99504,100.0,1.05,0.88,0.68,1.19,47.91,48.68,49.81,47.38,0.992,0.991,0.992,0.992,/tmpdir/crf_16.mpd,/videos/BigBuckBunny-2160.avi
8536,0.99224,10.18,0.99837,47.82209,0.99978,0.86564,0.98757,0.99394,0.99648,100.0,0.95,0.75,0.63,1.07,48.37,49.35,50.15,47.82,0.992,0.992,0.992,0.993,/tmpdir/crf_16.mpd,/videos/BigBuckBunny-2160.avi
8537,0.98967,9.79929,0.99808,47.22889,0.99965,0.85508,0.98244,0.9911,0.99474,100.0,1.09,0.9,0.71,1.23,47.76,48.59,49.62,47.23,0.992,0.991,0.992,0.992,/tmpdir/crf_16.mpd,/videos/BigBuckBunny-2160.avi
8538,0.99202,9.79929,0.99833,47.68257,0.99978,0.86218,0.98745,0.99404,0.99655,100.0,0.98,0.79,0.66,1.11,48.22,49.17,49.94,47.68,0.992,0.992,0.992,0.992,/tmpdir/crf_16.mpd,/videos/BigBuckBunny-2160.avi
8539,0.98921,9.66514,0.99803,47.14246,0.99967,0.85028,0.98194,0.99087,0.99453,100.0,1.11,0.92,0.73,1.26,47.67,48.51,49.51,47.14,0.991,0.991,0.991,0.992,/tmpdir/crf_16.mpd,/videos/BigBuckBunny-2160.avi
8540,0.98802,9.66514,0.99783,46.72331,0.99959,0.84246,0.97926,0.98945,0.99365,100.0,1.22,1.02,0.79,1.38,47.26,48.07,49.15,46.72,0.991,0.99,0.991,0.991,/tmpdir/crf_16.mpd,/videos/BigBuckBunny-2160.avi
8541,0.99343,11.74288,0.99835,48.57375,0.99976,0.86602,0.98891,0.99472,0.99688,100.0,0.8,0.66,0.54,0.9,49.09,49.96,50.77,48.57,0.993,0.993,0.993,0.993,/tmpdir/crf_16.mpd,/videos/BigBuckBunny-2160.avi
8542,0.99285,11.74288,0.99832,48.09042,0.99978,0.86156,0.98723,0.99384,0.99641,100.0,0.89,0.74,0.57,1.01,48.63,49.45,50.55,48.09,0.992,0.992,0.993,0.992,/tmpdir/crf_16.mpd,/videos/BigBuckBunny-2160.avi
8543,0.99343,9.9828,0.99849,48.77791,0.99983,0.87119,0.98974,0.99508,0.99714,100.0,0.77,0.67,0.52,0.86,49.25,49.87,50.97,48.78,0.993,0.993,0.993,0.993,/tmpdir/crf_16.mpd,/videos/BigBuckBunny-2160.avi
8544,0.98879,9.9828,0.99768,46.87642,0.99956,0.83132,0.97809,0.98905,0.9936,100.0,1.16,0.96,0.64,1.33,47.5,48.32,50.04,46.88,0.991,0.991,0.992,0.99,/tmpdir/crf_16.mpd,/videos/BigBuckBunny-2160.avi
8545,0.98927,8.24653,0.99768,46.69219,0.9996,0.82691,0.97966,0.99014,0.99427,100.0,1.21,0.98,0.72,1.39,47.3,48.22,49.58,46.69,0.99,0.99,0.991,0.99,/tmpdir/crf_16.mpd,/videos/BigBuckBunny-2160.avi
8546,0.98813,8.24653,0.99739,46.20794,0.99951,0.81675,0.97555,0.98804,0.99302,100.0,1.35,1.11,0.78,1.56,46.82,47.66,49.21,46.21,0.99,0.989,0.99,0.989,/tmpdir/crf_16.mpd,/videos/BigBuckBunny-2160.avi
8547,0.99351,10.92218,0.99847,48.49711,0.99983,0.8675,0.99049,0.99559,0.99743,100.0,0.82,0.69,0.54,0.92,49.0,49.73,50.81,48.5,0.993,0.993,0.993,0.992,/tmpdir/crf_16.mpd,/videos/BigBuckBunny-2160.avi
8548,0.98917,6.66341,0.99797,47.00417,0.99965,0.83855,0.98218,0.99119,0.99485,100.0,1.13,0.92,0.67,1.3,47.6,48.48,49.9,47.0,0.991,0.991,0.992,0.991,/tmpdir/crf_16.mpd,/videos/BigBuckBunny-2160.avi
8549,0.99086,0.5485,0.99825,47.92403,0.99972,0.85899,0.98626,0.99316,0.99599,98.55025,0.92,0.76,0.56,1.05,48.5,49.35,50.67,47.92,0.992,0.992,0.993,0.992,/tmpdir/crf_16.mpd,/videos/BigBuckBunny-2160.avi
8550,0.9901,0.5485,0.99825,47.89419,0.99973,0.85934,0.98656,0.99344,0.99623,98.4404,0.93,0.8,0.56,1.06,48.44,49.11,50.64,47.89,0.992,0.992,0.993,0.992,/tmpdir/crf_16.mpd,/videos/BigBuckBunny-2160.avi
8551,0.99344,0.77535,0.99848,48.47857,0.99983,0.86834,0.99088,0.99578,0.9976,99.31893,0.82,0.68,0.53,0.92,49.0,49.79,50.85,48.48,0.993,0.993,0.993,0.992,/tmpdir/crf_16.mpd,/videos/BigBuckBunny-2160.avi
8552,0.98986,0.77535,0.99827,47.91556,0.99973,0.86065,0.98662,0.99336,0.99613,98.50104,0.93,0.79,0.56,1.05,48.47,49.15,50.65,47.92,0.992,0.992,0.993,0.992,/tmpdir/crf_16.mpd,/videos/BigBuckBunny-2160.avi
8553,0.99131,1.01746,0.9983,48.03262,0.99973,0.86196,0.98741,0.9938,0.99641,98.91066,0.9,0.75,0.56,1.02,48.59,49.36,50.68,48.03,0.992,0.992,0.993,0.992,/tmpdir/crf_16.mpd,/videos/BigBuckBunny-2160.avi
8554,0.98995,1.01746,0.99822,47.8152,0.99971,0.85839,0.98594,0.99298,0.99585,98.60013,0.95,0.81,0.57,1.08,48.37,49.07,50.59,47.82,0.992,0.992,0.993,0.992,/tmpdir/crf_16.mpd,/videos/BigBuckBunny-2160.avi
8555,0.99338,1.28353,0.99846,48.39159,0.99983,0.86693,0.9906,0.99559,0.99742,99.53589,0.83,0.7,0.54,0.94,48.92,49.7,50.8,48.39,0.992,0.993,0.993,0.992,/tmpdir/crf_16.mpd,/videos/BigBuckBunny-2160.avi
8556,0.99016,1.28353,0.99823,47.83097,0.99971,0.85918,0.98628,0.99325,0.99608,98.7942,0.94,0.8,0.57,1.07,48.38,49.09,50.56,47.83,0.992,0.992,0.993,0.992,/tmpdir/crf_16.mpd,/videos/BigBuckBunny-2160.avi
8557,0.9908,1.56373,0.9983,48.00209,0.99973,0.86167,0.98753,0.99383,0.99631,99.08382,0.91,0.76,0.56,1.03,48.55,49.32,50.62,48.0,0.992,0.992,0.993,0.992,/tmpdir/crf_16.mpd,/videos/BigBuckBunny-2160.avi
8558,0.98968,1.56373,0.9982,47.8053,0.9997,0.85828,0.98597,0.99298,0.99576,98.81779,0.95,0.81,0.58,1.08,48.35,49.05,50.51,47.81,0.992,0.992,0.992,0.992,/tmpdir/crf_16.mpd,/videos/BigBuckBunny-2160.avi
8559,0.99356,1.84841,0.99847,48.4203,0.99983,0.86809,0.99079,0.99574,0.99757,99.86623,0.83,0.7,0.54,0.94,48.94,49.69,50.78,48.42,0.993,0.993,0.993,0.992,/tmpdir/crf_16.mpd,/videos/BigBuckBunny-2160.avi
8560,0.99007,1.84841,0.99823,47.89076,0.9997,0.86042,0.9861,0.99304,0.99586,99.04458,0.93,0.8,0.57,1.06,48.43,49.1,50.55,47.89,0.992,0.992,0.993,0.992,/tmpdir/crf_16.mpd,/videos/BigBuckBunny-2160.avi
8561,0.99107,2.12615,0.99831,48.09526,0.99973,0.86343,0.98756,0.99383,0.99633,99.4229,0.89,0.76,0.57,1.01,48.62,49.35,50.59,48.1,0.992,0.992,0.993,0.992,/tmpdir/crf_16.mpd,/videos/BigBuckBunny-2160.avi
8562,0.98989,2.12615,0.99821,47.87243,0.99969,0.86001,0.98597,0.99296,0.99583,99.14954,0.94,0.8,0.58,1.06,48.41,49.1,50.5,47.87,0.992,0.992,0.992,0.992,/tmpdir/crf_16.mpd,/videos/BigBuckBunny-2160.avi
8563,0.99347,2.40562,0.99848,48.47957,0.99983,0.86947,0.99076,0.9957,0.99751,100.0,0.82,0.7,0.54,0.92,48.98,49.71,50.78,48.48,0.993,0.993,0.993,0.993,/tmpdir/crf_16.mpd,/videos/BigBuckBunny-2160.avi
8564,0.99019,2.40562,0.99825,47.99618,0.9997,0.86232,0.98643,0.99318,0.99586,99.36025,0.91,0.78,0.57,1.03,48.52,49.19,50.55,48.0,0.992,0.992,0.993,0.992,/tmpdir/crf_16.mpd,/videos/BigBuckBunny-2160.avi
8565,0.99083,2.68131,0.99834,48.20344,0.99974,0.86525,0.98755,0.99378,0.99631,99.66982,0.87,0.75,0.56,0.98,48.72,49.41,50.61,48.2,0.992,0.992,0.993,0.992,/tmpdir/crf_16.mpd,/videos/BigBuckBunny-2160.avi
8566,0.98977,2.68131,0.99823,47.98873,0.9997,0.86196,0.98607,0.99295,0.99571,99.41408,0.92,0.79,0.58,1.03,48.51,49.16,50.52,47.99,0.992,0.992,0.993,0.992,/tmpdir/crf_16.mpd,/videos/BigBuckBunny-2160.avi
8567,0.99353,2.9354,0.99851,48.58317,0.99984,0.87162,0.9908,0.9957,0.99753,100.0,0.81,0.69,0.54,0.9,49.07,49.76,50.8,48.58,0.993,0.993,0.993,0.993,/tmpdir/crf_16.mpd,/videos/BigBuckBunny-2160.avi
8568,0.99021,2.9354,0.99828,48.1047,0.99971,0.86393,0.98642,0.99316,0.99591,99.65089,0.89,0.77,0.57,1.01,48.61,49.26,50.55,48.1,0.992,0.992,0.993,0.992,/tmpdir/crf_16.mpd,/videos/BigBuckBunny-2160.avi
8569,0.99126,3.18925,0.99836,48.32144,0.99975,0.86653,0.98765,0.99395,0.99643,100.0,0.85,0.73,0.56,0.96,48.82,49.49,50.66,48.32,0.993,0.992,0.993,0.992,/tmpdir/crf_16.mpd,/videos/BigBuckBunny-2160.avi
8570,0.99078,3.18925,0.99825,48.11589,0.9997,0.86319,0.98616,0.99309,0.99584,99.87828,0.89,0.77,0.58,1.0,48.62,49.25,50.53,48.12,0.992,0.992,0.993,0.992,/tmpdir/crf_16.mpd,/videos/BigBuckBunny-2160.avi
8571,0.99298,3.54018,0.99848,48.55134,0.99983,0.86976,0.98997,0.9953,0.9973,100.0,0.81,0.7,0.54,0.91,49.04,49.71,50.79,48.55,0.993,0.993,0.993,0.993,/tmpdir/crf_16.mpd,/videos/BigBuckBunny-2160.avi
8572,0.99058,3.54018,0.99825,48.14838,0.9997,0.86344,0.98578,0.99281,0.99569,100.0,0.89,0.77,0.58,1.0,48.65,49.28,50.52,48.15,0.992,0.992,0.993,0.992,/tmpdir/crf_16.mpd,/videos/BigBuckBunny-2160.avi
8573,0.991,3.85434,0.99834,48.29482,0.99975,0.86525,0.98695,0.9935,0.99613,100.0,0.86,0.74,0.57,0.96,48.78,49.43,50.58,48.29,0.992,0.992,0.993,0.992,/tmpdir/crf_16.mpd,/videos/BigBuckBunny-2160.avi
8574,0.99008,3.85434,0.99822,48.07339,0.9997,0.8616,0.98548,0.99278,0.99569,100.0,0.9,0.78,0.59,1.01,48.57,49.22,50.44,48.07,0.992,0.992,0.992,0.992,/tmpdir/crf_16.mpd,/videos/BigBuckBunny-2160.avi
8575,0.99175,4.12263,0.99847,48.55474,0.99982,0.86887,0.9891,0.9948,0.99699,100.0,0.81,0.71,0.55,0.91,49.02,49.64,50.71,48.55,0.993,0.992,0.993,0.993,/tmpdir/crf_16.mpd,/videos/BigBuckBunny-2160.avi
8576,0.98972,4.12263,0.99824,48.14493,0.9997,0.86279,0.98575,0.99291,0.99571,100.0,0.89,0.77,0.59,1.0,48.64,49.29,50.43,48.14,0.992,0.992,0.993,0.992,/tmpdir/crf_16.mpd,/videos/BigBuckBunny-2160.avi
8577,0.99,4.52593,0.99833,48.3344,0.99974,0.86573,0.98686,0.99353,0.99623,100.0,0.85,0.73,0.57,0.95,48.82,49.48,50.55,48.33,0.992,0.992,0.993,0.993,/tmpdir/crf_16.mpd,/videos/BigBuckBunny-2160.avi
8578,0.98926,4.52593,0.99821,48.13446,0.9997,0.86237,0.98566,0.99293,0.99581,100.0,0.89,0.76,0.59,1.0,48.64,49.34,50.43,48.13,0.992,0.992,0.993,0.992,/tmpdir/crf_16.mpd,/videos/BigBuckBunny-2160.avi
8579,0.99088,5.28214,0.99845,48.60617,0.99981,0.86952,0.9882,0.99424,0.99663,100.0,0.81,0.7,0.56,0.9,49.06,49.67,50.68,48.61,0.993,0.992,0.993,0.993,/tmpdir/crf_16.mpd,/videos/BigBuckBunny-2160.avi
8580,0.98953,5.28214,0.99826,48.16501,0.99971,0.86428,0.98598,0.99305,0.99593,100.0,0.88,0.75,0.58,0.99,48.67,49.37,50.47,48.17,0.992,0.992,0.993,0.992,/tmpdir/crf_16.mpd,/videos/BigBuckBunny-2160.avi
8581,0.9899,6.43897,0.99839,48.3917,0.99975,0.86851,0.98686,0.99346,0.99614,100.0,0.84,0.73,0.57,0.94,48.87,49.51,50.57,48.39,0.993,0.992,0.993,0.993,/tmpdir/crf_16.mpd,/videos/BigBuckBunny-2160.avi
8582,0.98963,6.43897,0.99832,48.29468,0.99973,0.86725,0.98626,0.99317,0.99593,100.0,0.86,0.74,0.58,0.96,48.78,49.43,50.5,48.29,0.993,0.992,0.993,0.993,/tmpdir/crf_16.mpd,/videos/BigBuckBunny-2160.avi
8583,0.99072,7.85521,0.99855,48.87415,0.99981,0.87708,0.98876,0.99442,0.99668,100.0,0.76,0.65,0.54,0.84,49.32,49.99,50.81,48.87,0.993,0.993,0.993,0.993,/tmpdir/crf_16.mpd,/videos/BigBuckBunny-2160.avi
8584,0.98994,7.85521,0.99846,48.66644,0.99977,0.87494,0.98809,0.99413,0.99655,100.0,0.79,0.67,0.55,0.88,49.14,49.9,50.72,48.67,0.993,0.993,0.993,0.993,/tmpdir/crf_16.mpd,/videos/BigBuckBunny-2160.avi
8585,0.99187,8.98142,0.99867,49.31662,0.99984,0.88384,0.98998,0.99502,0.997,100.0,0.69,0.58,0.5,0.76,49.76,50.47,51.18,49.32,0.994,0.993,0.994,0.994,/tmpdir/crf_16.mpd,/videos/BigBuckBunny-2160.avi
8586,0.99348,8.98142,0.99883,49.9605,0.99986,0.89452,0.99221,0.99617,0.99769,100.0,0.59,0.5,0.44,0.66,50.39,51.12,51.71,49.96,0.994,0.994,0.994,0.994,/tmpdir/crf_16.mpd,/videos/BigBuckBunny-2160.avi
8587,0.98874,6.75035,0.99828,47.7576,0.99969,0.85677,0.98352,0.99167,0.9951,100.0,0.95,0.75,0.61,1.09,48.33,49.37,50.25,47.76,0.992,0.992,0.993,0.992,/tmpdir/crf_16.mpd,/videos/BigBuckBunny-2160.avi
8588,0.99025,6.75035,0.99834,48.06777,0.99972,0.86046,0.98584,0.99294,0.99588,100.0,0.9,0.73,0.6,1.01,48.6,49.5,50.33,48.07,0.993,0.992,0.993,0.993,/tmpdir/crf_16.mpd,/videos/BigBuckBunny-2160.avi
8589,0.98905,6.38086,0.99818,47.4859,0.99969,0.85056,0.98401,0.99214,0.99541,100.0,1.01,0.79,0.65,1.16,48.07,49.15,50.01,47.49,0.992,0.992,0.992,0.992,/tmpdir/crf_16.mpd,/videos/BigBuckBunny-2160.avi
8590,0.9941,5.03015,0.99892,49.97093,0.99989,0.89724,0.99302,0.99664,0.99804,100.0,0.6,0.51,0.44,0.65,50.39,51.03,51.71,49.97,0.994,0.994,0.994,0.994,/tmpdir/crf_16.mpd,/videos/BigBuckBunny-2160.avi
8591,0.99142,1.46007,0.99866,48.93279,0.99978,0.88328,0.98915,0.99462,0.99685,99.25474,0.73,0.59,0.48,0.83,49.48,50.41,51.28,48.93,0.994,0.994,0.994,0.994,/tmpdir/crf_16.mpd,/videos/BigBuckBunny-2160.avi
8592,0.99284,1.40348,0.99877,49.22816,0.99982,0.8871,0.99081,0.99552,0.99739,99.54974,0.69,0.56,0.46,0.78,49.75,50.66,51.47,49.23,0.994,0.994,0.994,0.994,/tmpdir/crf_16.mpd,/videos/BigBuckBunny-2160.avi
8593,0.99232,0.85404,0.99877,49.25172,0.99982,0.88857,0.99079,0.99553,0.99744,99.19733,0.68,0.56,0.45,0.77,49.78,50.66,51.57,49.25,0.994,0.994,0.994,0.994,/tmpdir/crf_16.mpd,/videos/BigBuckBunny-2160.avi
8594,0.99506,0.85404,0.99901,50.10575,0.99991,0.90075,0.99446,0.99745,0.99856,99.84876,0.58,0.49,0.42,0.63,50.53,51.22,51.87,50.11,0.995,0.994,0.994,0.995,/tmpdir/crf_16.mpd,/videos/BigBuckBunny-2160.avi
8595,0.99246,0.55717,0.99882,49.41405,0.99983,0.89177,0.99109,0.99564,0.99745,99.0959,0.66,0.55,0.45,0.74,49.92,50.71,51.64,49.41,0.994,0.994,0.994,0.994,/tmpdir/crf_16.mpd,/videos/BigBuckBunny-2160.avi
8596,0.99332,0.55717,0.99887,49.5602,0.99984,0.89332,0.99181,0.99596,0.99761,99.27213,0.64,0.53,0.44,0.72,50.06,50.89,51.72,49.56,0.994,0.994,0.994,0.994,/tmpdir/crf_16.mpd,/videos/BigBuckBunny-2160.avi
8597,0.99289,0.27911,0.99886,49.5389,0.99984,0.89291,0.99173,0.9959,0.99759,99.06113,0.64,0.53,0.44,0.72,50.05,50.88,51.73,49.54,0.994,0.994,0.994,0.994,/tmpdir/crf_16.mpd,/videos/BigBuckBunny-2160.avi
8598,0.99527,0.27911,0.999,50.0428,0.9999,0.89977,0.9945,0.99741,0.99845,99.60583,0.58,0.49,0.42,0.64,50.48,51.21,51.86,50.04,0.994,0.994,0.994,0.995,/tmpdir/crf_16.mpd,/videos/BigBuckBunny-2160.avi
8599,0.99339,0.19656,0.99887,49.52997,0.99985,0.89346,0.99216,0.99623,0.99783,99.13965,0.65,0.53,0.44,0.72,50.03,50.86,51.7,49.53,0.994,0.994,0.994,0.994,/tmpdir/crf_16.mpd,/videos/BigBuckBunny-2160.avi
8600,0.99161,0.19656,0.99882,49.17083,0.99985,0.88591,0.9919,0.99609,0.99773,98.7892,0.69,0.54,0.45,0.79,49.74,50.78,51.62,49.17,0.994,0.994,0.994,0.994,/tmpdir/crf_16.mpd,/videos/BigBuckBunny-2160.avi
8601,0.99347,0.27204,0.99886,49.56728,0.99985,0.89331,0.99201,0.99607,0.9977,99.17391,0.64,0.53,0.44,0.72,50.06,50.87,51.69,49.57,0.994,0.994,0.994,0.994,/tmpdir/crf_16.mpd,/videos/BigBuckBunny-2160.avi
8602,0.99445,0.29988,0.99894,49.81919,0.99989,0.89622,0.99355,0.99689,0.99813,99.42137,0.61,0.5,0.43,0.68,50.3,51.12,51.81,49.82,0.994,0.994,0.994,0.994,/tmpdir/crf_16.mpd,/videos/BigBuckBunny-2160.avi
8603,0.99193,0.50806,0.99876,49.19194,0.99981,0.88805,0.99019,0.99505,0.99707,98.92401,0.69,0.58,0.46,0.78,49.72,50.53,51.53,49.19,0.994,0.994,0.994,0.994,/tmpdir/crf_16.mpd,/videos/BigBuckBunny-2160.avi
8604,0.99239,0.50806,0.99873,49.144,0.99981,0.8867,0.99038,0.9952,0.99714,99.01229,0.7,0.57,0.46,0.79,49.68,50.58,51.51,49.14,0.994,0.994,0.994,0.994,/tmpdir/crf_16.mpd,/videos/BigBuckBunny-2160.avi
8605,0.99062,0.72205,0.99862,48.82749,0.99978,0.88159,0.9886,0.99423,0.9965,98.71559,0.75,0.6,0.48,0.85,49.39,50.34,51.34,48.83,0.994,0.994,0.994,0.994,/tmpdir/crf_16.mpd,/videos/BigBuckBunny-2160.avi
8606,0.99331,0.72205,0.99871,49.15027,0.99984,0.88512,0.99156,0.99602,0.9977,99.33195,0.7,0.56,0.47,0.79,49.69,50.62,51.45,49.15,0.994,0.994,0.994,0.994,/tmpdir/crf_16.mpd,/videos/BigBuckBunny-2160.avi
8607,0.98995,0.87347,0.99857,48.68601,0.99976,0.87916,0.98809,0.99405,0.99649,98.65659,0.77,0.63,0.5,0.88,49.24,50.12,51.18,48.69,0.993,0.993,0.994,0.993,/tmpdir/crf_16.mpd,/videos/BigBuckBunny-2160.avi
8608,0.99079,0.87347,0.99861,48.82176,0.99978,0.88044,0.98908,0.9945,0.9967,98.83527,0.75,0.61,0.49,0.85,49.37,50.26,51.22,48.82,0.993,0.993,0.994,0.993,/tmpdir/crf_16.mpd,/videos/BigBuckBunny-2160.avi
8609,0.98996,0.90405,0.99851,48.58967,0.99975,0.87677,0.98793,0.99391,0.99627,98.64882,0.79,0.63,0.5,0.9,49.16,50.14,51.14,48.59,0.993,0.993,0.994,0.993,/tmpdir/crf_16.mpd,/videos/BigBuckBunny-2160.avi
8610,0.99343,0.90405,0.99869,49.16553,0.99984,0.88394,0.99177,0.99618,0.99779,99.44691,0.7,0.58,0.48,0.79,49.67,50.5,51.3,49.17,0.994,0.993,0.994,0.994,/tmpdir/crf_16.mpd,/videos/BigBuckBunny-2160.avi
8611,0.99035,0.80656,0.99853,48.64193,0.99975,0.87746,0.98812,0.9941,0.99649,98.69191,0.78,0.64,0.51,0.89,49.19,50.09,51.09,48.64,0.993,0.993,0.994,0.993,/tmpdir/crf_16.mpd,/videos/BigBuckBunny-2160.avi
8612,0.99146,0.80656,0.99858,48.81389,0.99977,0.87989,0.98954,0.9949,0.99699,98.9511,0.75,0.62,0.5,0.85,49.35,50.24,51.17,48.81,0.993,0.993,0.994,0.993,/tmpdir/crf_16.mpd,/videos/BigBuckBunny-2160.avi
8613,0.99087,0.64005,0.99854,48.70461,0.99977,0.87772,0.98849,0.99423,0.99647,98.7068,0.77,0.62,0.5,0.88,49.27,50.21,51.18,48.7,0.993,0.993,0.994,0.993,/tmpdir/crf_16.mpd,/videos/BigBuckBunny-2160.avi
8614,0.99381,0.64005,0.99874,49.31417,0.99986,0.88579,0.99226,0.99637,0.99787,99.40468,0.68,0.57,0.48,0.76,49.79,50.58,51.35,49.31,0.994,0.994,0.994,0.994,/tmpdir/crf_16.mpd,/videos/BigBuckBunny-2160.avi
8615,0.99133,0.45817,0.99859,48.81161,0.99978,0.87973,0.98891,0.99453,0.99678,98.73782,0.76,0.63,0.49,0.85,49.34,50.16,51.19,48.81,0.993,0.993,0.994,0.993,/tmpdir/crf_16.mpd,/videos/BigBuckBunny-2160.avi
8616,0.99163,0.45817,0.99862,48.93082,0.99979,0.88106,0.98975,0.99487,0.99687,98.80983,0.74,0.6,0.49,0.83,49.46,50.32,51.22,48.93,0.993,0.993,0.994,0.993,/tmpdir/crf_16.mpd,/videos/BigBuckBunny-2160.avi
8617,0.99139,0.2845,0.99861,48.8879,0.99979,0.88008,0.98957,0.99487,0.99697,98.68953,0.74,0.61,0.49,0.84,49.42,50.29,51.23,48.89,0.993,0.993,0.994,0.993,/tmpdir/crf_16.mpd,/videos/BigBuckBunny-2160.avi
8618,0.99372,0.2845,0.99875,49.34326,0.99986,0.88634,0.99251,0.99649,0.99797,99.23395,0.68,0.57,0.48,0.76,49.81,50.58,51.31,49.34,0.994,0.994,0.994,0.994,/tmpdir/crf_16.mpd,/videos/BigBuckBunny-2160.avi
8619,0.99226,0.16,0.99865,49.01387,0.9998,0.88221,0.99043,0.99544,0.99746,98.83968,0.72,0.59,0.49,0.82,49.53,50.39,51.23,49.01,0.994,0.993,0.994,0.994,/tmpdir/crf_16.mpd,/videos/BigBuckBunny-2160.avi
8620,0.99178,0.12093,0.99863,48.88005,0.9998,0.88022,0.99041,0.99535,0.9973,98.71747,0.74,0.6,0.5,0.84,49.42,50.33,51.18,48.88,0.993,0.993,0.994,0.993,/tmpdir/crf_16.mpd,/videos/BigBuckBunny-2160.avi
8621,0.99146,0.12093,0.99859,48.81318,0.99979,0.87906,0.9898,0.99502,0.99707,98.63382,0.75,0.61,0.5,0.85,49.35,50.28,51.14,48.81,0.993,0.993,0.994,0.993,/tmpdir/crf_16.mpd,/videos/BigBuckBunny-2160.avi
8622,0.99327,0.17035,0.99869,49.14731,0.99984,0.88302,0.99177,0.99612,0.99774,99.06466,0.71,0.58,0.49,0.79,49.64,50.46,51.23,49.15,0.994,0.993,0.994,0.994,/tmpdir/crf_16.mpd,/videos/BigBuckBunny-2160.avi
8623,0.99161,0.31245,0.9986,48.9174,0.99979,0.88022,0.98971,0.99498,0.99706,98.75137,0.74,0.62,0.5,0.83,49.42,50.19,51.12,48.92,0.993,0.993,0.994,0.993,/tmpdir/crf_16.mpd,/videos/BigBuckBunny-2160.avi
8624,0.99197,0.31245,0.99859,48.86714,0.99979,0.87917,0.98966,0.99494,0.99699,98.80567,0.75,0.62,0.5,0.84,49.38,50.21,51.12,48.87,0.993,0.993,0.994,0.993,/tmpdir/crf_16.mpd,/videos/BigBuckBunny-2160.avi
8625,0.99099,0.37473,0.99852,48.68101,0.99978,0.8757,0.98837,0.99423,0.99654,98.60075,0.78,0.65,0.51,0.88,49.2,50.02,51.02,48.68,0.993,0.993,0.993,0.993,/tmpdir/crf_16.mpd,/videos/BigBuckBunny-2160.avi
8626,0.9928,0.37473,0.99857,48.84749,0.99981,0.8774,0.99003,0.99518,0.9971,98.99039,0.75,0.62,0.51,0.85,49.36,50.21,51.08,48.85,0.993,0.993,0.993,0.993,/tmpdir/crf_16.mpd,/videos/BigBuckBunny-2160.avi
8627,0.98993,4.03495,0.99822,48.01801,0.99968,0.86099,0.98391,0.99182,0.99507,100.0,0.91,0.76,0.57,1.03,48.56,49.33,50.56,48.02,0.992,0.992,0.993,0.992,/tmpdir/crf_16.mpd,/videos/BigBuckBunny-2160.avi
8628,0.99133,9.39874,0.99819,47.99289,0.99972,0.85775,0.98549,0.99293,0.99582,100.0,0.91,0.74,0.59,1.03,48.54,49.42,50.45,47.99,0.992,0.992,0.993,0.992,/tmpdir/crf_16.mpd,/videos/BigBuckBunny-2160.avi
8629,0.99082,14.56847,0.99805,47.71467,0.99971,0.84837,0.98418,0.99251,0.99575,100.0,0.97,0.8,0.63,1.1,48.26,49.11,50.15,47.71,0.992,0.991,0.992,0.992,/tmpdir/crf_16.mpd,/videos/BigBuckBunny-2160.avi
8630,0.9899,14.67496,0.99782,47.24815,0.99967,0.83644,0.98142,0.99114,0.99492,100.0,1.08,0.87,0.68,1.23,47.82,48.72,49.82,47.25,0.991,0.991,0.992,0.991,/tmpdir/crf_16.mpd,/videos/BigBuckBunny-2160.avi
8631,0.99321,17.6038,0.99861,48.64287,0.99986,0.86738,0.98963,0.99517,0.99737,100.0,0.81,0.72,0.61,0.89,49.02,49.57,50.26,48.64,0.993,0.992,0.992,0.993,/tmpdir/crf_16.mpd,/videos/BigBuckBunny-2160.avi
8632,0.98858,17.6038,0.99772,46.95232,0.99965,0.82775,0.97895,0.98985,0.99417,100.0,1.15,0.92,0.72,1.31,47.53,48.51,49.54,46.95,0.991,0.99,0.991,0.991,/tmpdir/crf_16.mpd,/videos/BigBuckBunny-2160.avi
8633,0.98677,19.57348,0.99742,46.46773,0.99958,0.81256,0.97487,0.98803,0.99327,100.0,1.3,1.11,0.85,1.47,46.98,47.67,48.86,46.47,0.99,0.989,0.99,0.99,/tmpdir/crf_16.mpd,/videos/BigBuckBunny-2160.avi
8634,0.98855,19.57348,0.99747,46.43794,0.99964,0.809,0.97627,0.9887,0.99369,100.0,1.3,1.08,0.83,1.48,46.98,47.81,48.92,46.44,0.99,0.989,0.99,0.99,/tmpdir/crf_16.mpd,/videos/BigBuckBunny-2160.avi
8635,0.99257,20.44575,0.99844,48.21244,0.99983,0.85337,0.98744,0.99405,0.99667,100.0,0.89,0.77,0.63,0.98,48.64,49.26,50.11,48.21,0.992,0.992,0.992,0.993,/tmpdir/crf_16.mpd,/videos/BigBuckBunny-2160.avi
8636,0.9889,20.44575,0.99759,46.47515,0.99966,0.80819,0.97743,0.98926,0.99399,100.0,1.27,1.0,0.75,1.46,47.1,48.14,49.36,46.48,0.99,0.99,0.991,0.99,/tmpdir/crf_16.mpd,/videos/BigBuckBunny-2160.avi
8637,0.98907,23.98623,0.99744,46.12062,0.99968,0.79666,0.9764,0.98874,0.99377,100.0,1.39,1.12,0.84,1.59,46.71,47.64,48.87,46.12,0.989,0.988,0.99,0.989,/tmpdir/crf_16.mpd,/videos/BigBuckBunny-2160.avi
8638,0.98747,23.98623,0.99726,45.58608,0.99964,0.78609,0.97534,0.98837,0.99346,100.0,1.56,1.25,0.92,1.8,46.2,47.17,48.49,45.59,0.988,0.988,0.989,0.988,/tmpdir/crf_16.mpd,/videos/BigBuckBunny-2160.avi
8639,0.98833,24.65985,0.99744,45.70143,0.99968,0.79488,0.9774,0.98941,0.99416,100.0,1.55,1.31,0.97,1.75,46.24,46.97,48.27,45.7,0.989,0.987,0.989,0.989,/tmpdir/crf_16.mpd,/videos/BigBuckBunny-2160.avi
8640,0.98681,24.65985,0.99714,44.971,0.99962,0.78113,0.97376,0.98767,0.99308,100.0,1.82,1.52,1.11,2.07,45.53,46.32,47.67,44.97,0.987,0.986,0.987,0.988,/tmpdir/crf_16.mpd,/videos/BigBuckBunny-2160.avi
8641,0.99694,22.90281,0.99902,49.3042,0.99991,0.8984,0.99347,0.99695,0.9983,100.0,0.69,0.58,0.49,0.76,49.76,50.48,51.25,49.3,0.995,0.994,0.994,0.995,/tmpdir/crf_16.mpd,/videos/BigBuckBunny-2160.avi
8642,0.9952,21.82827,0.99867,47.79679,0.99985,0.87222,0.98977,0.99507,0.99712,100.0,0.96,0.79,0.63,1.08,48.32,49.14,50.11,47.8,0.993,0.993,0.993,0.993,/tmpdir/crf_16.mpd,/videos/BigBuckBunny-2160.avi
8643,0.99217,10.61149,0.9987,47.94256,0.99978,0.8775,0.98767,0.99374,0.99633,100.0,0.91,0.75,0.53,1.04,48.55,49.41,50.88,47.94,0.994,0.993,0.994,0.994,/tmpdir/crf_16.mpd,/videos/BigBuckBunny-2160.avi
8644,0.99679,0.16989,0.99925,50.19369,0.99994,0.91276,0.99632,0.99838,0.99911,99.94062,0.56,0.46,0.4,0.62,50.67,51.51,52.13,50.19,0.995,0.995,0.995,0.995,/tmpdir/crf_16.mpd,/videos/BigBuckBunny-2160.avi
8645,0.99615,0.12223,0.99918,49.89748,0.99991,0.90975,0.99489,0.9976,0.99871,99.74497,0.59,0.48,0.41,0.67,50.4,51.28,52.0,49.9,0.995,0.995,0.995,0.995,/tmpdir/crf_16.mpd,/videos/BigBuckBunny-2160.avi
8646,0.99602,0.12223,0.99918,49.88252,0.99991,0.90968,0.99493,0.99758,0.99866,99.71802,0.59,0.48,0.41,0.67,50.39,51.29,51.99,49.88,0.995,0.995,0.995,0.995,/tmpdir/crf_16.mpd,/videos/BigBuckBunny-2160.avi
8647,0.9961,0.12024,0.99918,49.82681,0.99991,0.90829,0.99477,0.99749,0.99859,99.71867,0.6,0.49,0.41,0.68,50.33,51.23,51.95,49.83,0.995,0.995,0.995,0.995,/tmpdir/crf_16.mpd,/videos/BigBuckBunny-2160.avi
8648,0.99662,0.12024,0.99921,49.99548,0.99993,0.91008,0.99579,0.99806,0.9989,99.85447,0.58,0.48,0.41,0.65,50.48,51.31,52.0,50.0,0.995,0.995,0.995,0.995,/tmpdir/crf_16.mpd,/videos/BigBuckBunny-2160.avi
8649,0.99573,0.14312,0.99917,49.77714,0.99991,0.90812,0.99449,0.99735,0.99855,99.65768,0.61,0.5,0.42,0.68,50.29,51.17,51.92,49.78,0.995,0.995,0.995,0.995,/tmpdir/crf_16.mpd,/videos/BigBuckBunny-2160.avi
8650,0.99562,0.14312,0.99917,49.79231,0.99991,0.90842,0.99467,0.99742,0.99854,99.64081,0.61,0.49,0.42,0.68,50.3,51.19,51.93,49.79,0.995,0.995,0.995,0.995,/tmpdir/crf_16.mpd,/videos/BigBuckBunny-2160.avi
8651,0.99572,0.16745,0.99916,49.73195,0.99991,0.90708,0.99451,0.99737,0.99852,99.66086,0.61,0.5,0.42,0.69,50.24,51.14,51.89,49.73,0.995,0.995,0.995,0.995,/tmpdir/crf_16.mpd,/videos/BigBuckBunny-2160.avi
8652,0.99648,0.16745,0.9992,49.93741,0.99993,0.90929,0.99556,0.99792,0.9988,99.83733,0.59,0.49,0.42,0.66,50.42,51.25,51.95,49.94,0.995,0.995,0.995,0.995,/tmpdir/crf_16.mpd,/videos/BigBuckBunny-2160.avi
8653,0.99545,0.17636,0.99915,49.70768,0.9999,0.90714,0.9944,0.99733,0.99853,99.61835,0.62,0.51,0.42,0.7,50.22,51.1,51.86,49.71,0.995,0.995,0.995,0.995,/tmpdir/crf_16.mpd,/videos/BigBuckBunny-2160.avi
8654,0.99548,0.17636,0.99915,49.69638,0.9999,0.90711,0.9944,0.9973,0.99852,99.62021,0.62,0.5,0.42,0.7,50.21,51.1,51.86,49.7,0.995,0.995,0.995,0.995,/tmpdir/crf_16.mpd,/videos/BigBuckBunny-2160.avi
8655,0.99575,0.31542,0.99912,49.61708,0.9999,0.9054,0.99423,0.99723,0.99842,99.71755,0.63,0.51,0.43,0.71,50.14,51.05,51.82,49.62,0.995,0.995,0.995,0.995,/tmpdir/crf_16.mpd,/videos/BigBuckBunny-2160.avi
8656,0.9963,0.34482,0.99917,49.7978,0.99992,0.90721,0.99537,0.99787,0.99878,99.87814,0.61,0.5,0.42,0.68,50.3,51.17,51.88,49.8,0.995,0.995,0.995,0.995,/tmpdir/crf_16.mpd,/videos/BigBuckBunny-2160.avi
8657,0.99526,0.37744,0.9991,49.51052,0.99989,0.90448,0.99401,0.99715,0.99841,99.65365,0.64,0.52,0.43,0.73,50.05,51.0,51.78,49.51,0.995,0.995,0.995,0.995,/tmpdir/crf_16.mpd,/videos/BigBuckBunny-2160.avi
8658,0.99539,0.37744,0.99911,49.52198,0.9999,0.9046,0.99412,0.99715,0.99838,99.67619,0.64,0.51,0.43,0.73,50.06,51.02,51.77,49.52,0.995,0.995,0.995,0.995,/tmpdir/crf_16.mpd,/videos/BigBuckBunny-2160.avi
8659,0.99536,0.37719,0.99908,49.41833,0.9999,0.90274,0.99395,0.9971,0.99837,99.66147,0.65,0.52,0.44,0.74,49.97,50.98,51.73,49.42,0.995,0.995,0.995,0.995,/tmpdir/crf_16.mpd,/videos/BigBuckBunny-2160.avi
8660,0.99621,0.37719,0.99914,49.66613,0.99992,0.90524,0.99515,0.99777,0.99873,99.86518,0.62,0.51,0.43,0.7,50.18,51.08,51.79,49.67,0.995,0.995,0.995,0.995,/tmpdir/crf_16.mpd,/videos/BigBuckBunny-2160.avi
8661,0.99547,0.44143,0.99907,49.39397,0.99989,0.90246,0.99385,0.99708,0.9984,99.71185,0.66,0.52,0.44,0.75,49.94,50.94,51.69,49.39,0.995,0.995,0.995,0.995,/tmpdir/crf_16.mpd,/videos/BigBuckBunny-2160.avi
8662,0.99548,0.44143,0.99908,49.40063,0.99989,0.90257,0.99388,0.99704,0.99833,99.70859,0.66,0.52,0.44,0.75,49.95,50.97,51.71,49.4,0.995,0.995,0.995,0.995,/tmpdir/crf_16.mpd,/videos/BigBuckBunny-2160.avi
8663,0.99539,0.47093,0.99905,49.29974,0.99989,0.90066,0.99369,0.99697,0.99829,99.69505,0.67,0.53,0.44,0.76,49.86,50.91,51.67,49.3,0.995,0.995,0.995,0.995,/tmpdir/crf_16.mpd,/videos/BigBuckBunny-2160.avi
8664,0.99615,0.47093,0.9991,49.4906,0.99992,0.90255,0.99484,0.99761,0.99864,99.87753,0.65,0.52,0.44,0.73,50.03,50.99,51.73,49.49,0.995,0.995,0.995,0.995,/tmpdir/crf_16.mpd,/videos/BigBuckBunny-2160.avi
8665,0.99539,0.49845,0.99903,49.24542,0.99989,0.89992,0.99346,0.99682,0.99821,99.69603,0.68,0.54,0.45,0.77,49.81,50.85,51.63,49.25,0.995,0.995,0.995,0.995,/tmpdir/crf_16.mpd,/videos/BigBuckBunny-2160.avi
8666,0.99534,0.49845,0.99903,49.26309,0.99989,0.89991,0.99353,0.99686,0.9982,99.68848,0.68,0.53,0.45,0.77,49.82,50.85,51.63,49.26,0.995,0.995,0.995,0.995,/tmpdir/crf_16.mpd,/videos/BigBuckBunny-2160.avi
8667,0.9954,0.42072,0.99899,49.16086,0.99988,0.898,0.99334,0.99684,0.99822,99.65751,0.69,0.54,0.45,0.79,49.74,50.81,51.59,49.16,0.995,0.995,0.994,0.995,/tmpdir/crf_16.mpd,/videos/BigBuckBunny-2160.avi
8668,0.99586,0.42072,0.99904,49.28946,0.99991,0.89878,0.99427,0.99734,0.99848,99.77216,0.67,0.53,0.45,0.77,49.84,50.86,51.62,49.29,0.995,0.995,0.994,0.995,/tmpdir/crf_16.mpd,/videos/BigBuckBunny-2160.avi
8669,0.99218,1.89652,0.99877,48.3042,0.99981,0.88431,0.9891,0.99442,0.99672,99.59589,0.88,0.86,0.57,0.96,48.7,48.8,50.6,48.3,0.994,0.993,0.994,0.994,/tmpdir/crf_16.mpd,/videos/BigBuckBunny-2160.avi
8670,0.99279,2.54034,0.99878,48.31544,0.99982,0.88374,0.9899,0.99485,0.99697,100.0,0.85,0.71,0.52,0.96,48.86,49.6,50.94,48.32,0.994,0.994,0.994,0.994,/tmpdir/crf_16.mpd,/videos/BigBuckBunny-2160.avi
8671,0.99244,4.64418,0.99869,48.04198,0.9998,0.8788,0.98858,0.99418,0.99654,100.0,0.91,0.8,0.56,1.02,48.55,49.09,50.61,48.04,0.994,0.993,0.994,0.994,/tmpdir/crf_16.mpd,/videos/BigBuckBunny-2160.avi
8672,0.99532,4.64418,0.99888,48.85353,0.99988,0.89017,0.99283,0.9966,0.99805,100.0,0.75,0.6,0.49,0.85,49.4,50.34,51.2,48.85,0.994,0.994,0.994,0.994,/tmpdir/crf_16.mpd,/videos/BigBuckBunny-2160.avi
8673,0.99169,6.02821,0.99861,47.88951,0.99977,0.87538,0.9874,0.99348,0.99604,100.0,0.95,0.87,0.61,1.06,48.35,48.72,50.28,47.89,0.993,0.993,0.993,0.994,/tmpdir/crf_16.mpd,/videos/BigBuckBunny-2160.avi
8674,0.99224,6.02821,0.99869,48.12493,0.9998,0.87858,0.98871,0.99426,0.99659,100.0,0.9,0.82,0.58,1.0,48.58,49.01,50.47,48.12,0.994,0.993,0.993,0.994,/tmpdir/crf_16.mpd,/videos/BigBuckBunny-2160.avi
8675,0.99131,7.33106,0.99858,47.81485,0.99978,0.87288,0.98727,0.99347,0.99606,100.0,0.96,0.86,0.61,1.08,48.3,48.81,50.29,47.81,0.993,0.993,0.993,0.993,/tmpdir/crf_16.mpd,/videos/BigBuckBunny-2160.avi
8676,0.99523,7.33106,0.99883,48.67017,0.99987,0.88573,0.99221,0.99628,0.99783,100.0,0.79,0.65,0.53,0.88,49.18,50.0,50.86,48.67,0.994,0.994,0.994,0.994,/tmpdir/crf_16.mpd,/videos/BigBuckBunny-2160.avi
8677,0.99071,8.23919,0.99849,47.58233,0.99975,0.86848,0.98596,0.99278,0.99565,100.0,1.02,0.93,0.65,1.13,48.05,48.45,50.02,47.58,0.993,0.992,0.993,0.993,/tmpdir/crf_16.mpd,/videos/BigBuckBunny-2160.avi
8678,0.99141,8.23919,0.99858,47.85779,0.99978,0.87239,0.98751,0.9936,0.99619,100.0,0.96,0.87,0.63,1.06,48.31,48.76,50.15,47.86,0.993,0.993,0.993,0.993,/tmpdir/crf_16.mpd,/videos/BigBuckBunny-2160.avi
8679,0.99064,8.97315,0.99846,47.41841,0.99976,0.86453,0.98584,0.99275,0.99566,100.0,1.06,0.96,0.67,1.18,47.89,48.29,49.88,47.42,0.993,0.992,0.993,0.993,/tmpdir/crf_16.mpd,/videos/BigBuckBunny-2160.avi
8680,0.99469,8.97315,0.99873,48.28403,0.99987,0.87825,0.99133,0.99586,0.99759,100.0,0.86,0.71,0.58,0.97,48.79,49.6,50.51,48.28,0.993,0.993,0.993,0.994,/tmpdir/crf_16.mpd,/videos/BigBuckBunny-2160.avi
8681,0.98978,9.62583,0.99835,47.1403,0.99974,0.85917,0.98428,0.99192,0.99517,100.0,1.13,1.04,0.71,1.26,47.6,47.97,49.6,47.14,0.992,0.992,0.992,0.993,/tmpdir/crf_16.mpd,/videos/BigBuckBunny-2160.avi
8682,0.99069,9.62583,0.99844,47.44859,0.99977,0.8636,0.98597,0.99288,0.99579,100.0,1.06,0.96,0.69,1.17,47.9,48.3,49.74,47.45,0.993,0.992,0.992,0.993,/tmpdir/crf_16.mpd,/videos/BigBuckBunny-2160.avi
8683,0.98994,10.34347,0.9983,46.99882,0.99974,0.85513,0.98403,0.99193,0.99529,100.0,1.16,1.04,0.73,1.3,47.49,47.97,49.52,47.0,0.992,0.991,0.992,0.992,/tmpdir/crf_16.mpd,/videos/BigBuckBunny-2160.avi
8684,0.9939,10.34347,0.99859,47.80246,0.99984,0.86854,0.98988,0.99518,0.9972,100.0,0.96,0.79,0.64,1.08,48.32,49.15,50.09,47.8,0.993,0.993,0.993,0.993,/tmpdir/crf_16.mpd,/videos/BigBuckBunny-2160.avi
8685,0.98903,10.75957,0.9982,46.79136,0.99971,0.85149,0.98245,0.99101,0.99462,100.0,1.22,1.12,0.78,1.36,47.25,47.64,49.23,46.79,0.992,0.991,0.992,0.992,/tmpdir/crf_16.mpd,/videos/BigBuckBunny-2160.avi
8686,0.99008,10.75957,0.9983,47.06605,0.99974,0.85541,0.9843,0.99201,0.9952,100.0,1.15,1.05,0.74,1.28,47.52,47.93,49.43,47.07,0.992,0.991,0.992,0.992,/tmpdir/crf_16.mpd,/videos/BigBuckBunny-2160.avi
8687,0.9893,11.43405,0.99816,46.74572,0.99971,0.84866,0.98211,0.99084,0.99451,100.0,1.23,1.1,0.76,1.38,47.24,47.71,49.3,46.75,0.992,0.991,0.992,0.992,/tmpdir/crf_16.mpd,/videos/BigBuckBunny-2160.avi
8688,0.99328,11.43405,0.99844,47.41972,0.99983,0.8601,0.98842,0.99454,0.99687,100.0,1.04,0.87,0.68,1.18,47.94,48.74,49.78,47.42,0.992,0.992,0.992,0.992,/tmpdir/crf_16.mpd,/videos/BigBuckBunny-2160.avi
8689,0.98811,11.64538,0.99803,46.4249,0.99968,0.84263,0.98044,0.99008,0.99409,100.0,1.33,1.22,0.82,1.48,46.9,47.28,48.97,46.42,0.991,0.99,0.991,0.991,/tmpdir/crf_16.mpd,/videos/BigBuckBunny-2160.avi
8690,0.98913,11.64538,0.99811,46.63503,0.99972,0.84493,0.98256,0.99126,0.99482,100.0,1.26,1.12,0.8,1.41,47.13,47.65,49.12,46.64,0.991,0.991,0.991,0.992,/tmpdir/crf_16.mpd,/videos/BigBuckBunny-2160.avi
8691,0.98789,12.10929,0.99797,46.28184,0.99968,0.83768,0.98033,0.99001,0.99402,100.0,1.36,1.2,0.82,1.53,46.8,47.35,48.97,46.28,0.991,0.99,0.991,0.991,/tmpdir/crf_16.mpd,/videos/BigBuckBunny-2160.avi
8692,0.99235,12.10929,0.99829,47.00353,0.9998,0.85022,0.98676,0.99372,0.99637,100.0,1.15,0.96,0.75,1.3,47.53,48.32,49.4,47.0,0.992,0.991,0.991,0.992,/tmpdir/crf_16.mpd,/videos/BigBuckBunny-2160.avi
8693,0.98735,12.35504,0.9979,46.23505,0.99965,0.83648,0.97858,0.98906,0.9934,100.0,1.39,1.27,0.88,1.55,46.7,47.08,48.7,46.24,0.991,0.99,0.991,0.991,/tmpdir/crf_16.mpd,/videos/BigBuckBunny-2160.avi
8694,0.98827,12.35504,0.99799,46.44582,0.9997,0.83933,0.98081,0.99037,0.9943,100.0,1.32,1.17,0.85,1.47,46.93,47.44,48.85,46.45,0.991,0.99,0.991,0.991,/tmpdir/crf_16.mpd,/videos/BigBuckBunny-2160.avi
8695,0.98738,12.71604,0.99784,46.07336,0.99965,0.83168,0.97823,0.98888,0.99337,100.0,1.44,1.3,0.9,1.61,46.55,46.99,48.59,46.07,0.99,0.989,0.99,0.991,/tmpdir/crf_16.mpd,/videos/BigBuckBunny-2160.avi
8696,0.99154,12.71604,0.99812,46.61602,0.99978,0.8407,0.98504,0.99293,0.99591,100.0,1.26,1.05,0.82,1.42,47.14,47.93,49.0,46.62,0.991,0.991,0.991,0.991,/tmpdir/crf_16.mpd,/videos/BigBuckBunny-2160.avi
8697,0.98726,12.93402,0.99782,46.07362,0.99967,0.82949,0.9786,0.98922,0.99356,100.0,1.43,1.25,0.9,1.61,46.58,47.18,48.59,46.07,0.99,0.989,0.99,0.991,/tmpdir/crf_16.mpd,/videos/BigBuckBunny-2160.avi
8698,0.98682,12.93402,0.99772,45.82576,0.99963,0.8256,0.97693,0.9883,0.99309,100.0,1.52,1.37,0.95,1.7,46.31,46.77,48.35,45.83,0.99,0.989,0.99,0.99,/tmpdir/crf_16.mpd,/videos/BigBuckBunny-2160.avi
8699,0.99107,13.12899,0.998,46.33672,0.99976,0.83367,0.98402,0.9925,0.9957,100.0,1.34,1.11,0.86,1.51,46.87,47.69,48.77,46.34,0.991,0.99,0.99,0.991,/tmpdir/crf_16.mpd,/videos/BigBuckBunny-2160.avi
8700,0.98668,13.12899,0.99767,45.71386,0.99963,0.82294,0.97687,0.98837,0.99322,100.0,1.55,1.34,0.97,1.74,46.23,46.86,48.26,45.71,0.99,0.989,0.99,0.99,/tmpdir/crf_16.mpd,/videos/BigBuckBunny-2160.avi
8701,0.99011,13.11059,0.99787,46.04982,0.99974,0.82714,0.98276,0.99198,0.99545,100.0,1.42,1.18,0.91,1.61,46.6,47.42,48.55,46.05,0.99,0.99,0.99,0.99,/tmpdir/crf_16.mpd,/videos/BigBuckBunny-2160.avi
8702,0.98556,13.11059,0.99757,45.52763,0.99961,0.81788,0.9759,0.98778,0.99269,100.0,1.62,1.43,1.01,1.82,46.04,46.59,48.1,45.53,0.989,0.988,0.989,0.99,/tmpdir/crf_16.mpd,/videos/BigBuckBunny-2160.avi
8703,0.99023,13.2371,0.99782,45.9846,0.99973,0.82474,0.98245,0.9919,0.99543,100.0,1.45,1.22,0.94,1.64,46.51,47.28,48.42,45.98,0.99,0.989,0.99,0.99,/tmpdir/crf_16.mpd,/videos/BigBuckBunny-2160.avi
8704,0.98632,13.2371,0.99751,45.54179,0.99962,0.81489,0.97574,0.98792,0.99294,100.0,1.61,1.41,1.01,1.82,46.05,46.63,48.07,45.54,0.989,0.988,0.989,0.989,/tmpdir/crf_16.mpd,/videos/BigBuckBunny-2160.avi
8705,0.98535,13.14829,0.99737,45.23664,0.99958,0.80825,0.97384,0.98694,0.99239,100.0,1.72,1.5,1.06,1.95,45.77,46.38,47.88,45.24,0.989,0.988,0.989,0.989,/tmpdir/crf_16.mpd,/videos/BigBuckBunny-2160.avi
8706,0.98923,13.14829,0.99767,45.69997,0.99971,0.81713,0.98128,0.99127,0.99506,100.0,1.54,1.29,0.98,1.75,46.24,47.04,48.21,45.7,0.989,0.989,0.989,0.99,/tmpdir/crf_16.mpd,/videos/BigBuckBunny-2160.avi
8707,0.98512,13.33299,0.99724,45.00249,0.99956,0.80276,0.97293,0.98647,0.99209,100.0,1.81,1.52,1.1,2.06,45.56,46.31,47.7,45.0,0.988,0.987,0.988,0.988,/tmpdir/crf_16.mpd,/videos/BigBuckBunny-2160.avi
8708,0.98866,13.33299,0.99752,45.46819,0.99968,0.8116,0.9794,0.99039,0.99458,100.0,1.63,1.35,1.04,1.85,46.01,46.82,47.98,45.47,0.989,0.988,0.989,0.989,/tmpdir/crf_16.mpd,/videos/BigBuckBunny-2160.avi
8709,0.98509,13.34504,0.99723,44.97704,0.99955,0.80185,0.97242,0.98622,0.9919,100.0,1.83,1.57,1.13,2.07,45.51,46.18,47.6,44.98,0.988,0.987,0.988,0.988,/tmpdir/crf_16.mpd,/videos/BigBuckBunny-2160.avi
8710,0.989,13.34504,0.99753,45.4768,0.99969,0.81102,0.97962,0.99062,0.99478,100.0,1.63,1.36,1.06,1.84,46.01,46.81,47.89,45.48,0.989,0.988,0.989,0.989,/tmpdir/crf_16.mpd,/videos/BigBuckBunny-2160.avi
8711,0.98424,13.34138,0.997,44.67843,0.9995,0.79372,0.96925,0.98459,0.99094,100.0,1.95,1.65,1.19,2.21,45.23,45.95,47.36,44.68,0.988,0.986,0.988,0.988,/tmpdir/crf_16.mpd,/videos/BigBuckBunny-2160.avi
8712,0.98722,13.34138,0.99722,44.97707,0.99963,0.79819,0.97576,0.98869,0.99365,100.0,1.81,1.48,1.13,2.07,45.55,46.44,47.59,44.98,0.988,0.987,0.988,0.988,/tmpdir/crf_16.mpd,/videos/BigBuckBunny-2160.avi
8713,0.98392,13.65268,0.99686,44.44877,0.99948,0.78727,0.96843,0.98424,0.99076,100.0,2.04,1.69,1.23,2.33,45.03,45.85,47.22,44.45,0.987,0.986,0.987,0.987,/tmpdir/crf_16.mpd,/videos/BigBuckBunny-2160.avi
8714,0.98743,13.65268,0.99711,44.8301,0.99962,0.79342,0.97539,0.98857,0.99356,100.0,1.87,1.52,1.16,2.14,45.41,46.32,47.48,44.83,0.987,0.987,0.988,0.988,/tmpdir/crf_16.mpd,/videos/BigBuckBunny-2160.avi
8715,0.9867,14.03135,0.99704,44.70121,0.99961,0.79003,0.97488,0.98848,0.99358,100.0,1.93,1.56,1.2,2.2,45.28,46.21,47.36,44.7,0.987,0.986,0.987,0.987,/tmpdir/crf_16.mpd,/videos/BigBuckBunny-2160.avi
8716,0.98357,14.03135,0.99672,44.26521,0.99948,0.7812,0.96737,0.98374,0.9905,100.0,2.13,1.75,1.29,2.44,44.85,45.71,47.04,44.27,0.986,0.985,0.987,0.987,/tmpdir/crf_16.mpd,/videos/BigBuckBunny-2160.avi
8717,0.98643,13.95852,0.99696,44.63157,0.99961,0.78595,0.97435,0.98813,0.99339,100.0,1.96,1.57,1.21,2.24,45.22,46.17,47.31,44.63,0.987,0.986,0.987,0.987,/tmpdir/crf_16.mpd,/videos/BigBuckBunny-2160.avi
8718,0.98228,13.95852,0.99654,44.08393,0.99945,0.77417,0.96615,0.98312,0.99013,100.0,2.21,1.76,1.31,2.54,44.7,45.67,46.94,44.08,0.986,0.985,0.986,0.986,/tmpdir/crf_16.mpd,/videos/BigBuckBunny-2160.avi
8719,0.98564,14.07186,0.99675,44.40353,0.99957,0.77788,0.97282,0.98738,0.99293,100.0,2.05,1.61,1.24,2.36,45.02,46.07,47.2,44.4,0.986,0.985,0.987,0.986,/tmpdir/crf_16.mpd,/videos/BigBuckBunny-2160.avi
8720,0.9848,14.07186,0.9966,44.21371,0.99954,0.77341,0.97117,0.98662,0.99248,100.0,2.13,1.65,1.28,2.46,44.84,45.95,47.06,44.21,0.986,0.985,0.986,0.986,/tmpdir/crf_16.mpd,/videos/BigBuckBunny-2160.avi
8721,0.98592,14.29765,0.99672,44.36214,0.99958,0.77609,0.9728,0.98742,0.99293,100.0,2.07,1.61,1.27,2.38,44.98,46.06,47.09,44.36,0.986,0.985,0.986,0.986,/tmpdir/crf_16.mpd,/videos/BigBuckBunny-2160.avi
8722,0.98515,14.29765,0.99654,44.10275,0.99954,0.76984,0.97029,0.98622,0.99232,100.0,2.19,1.69,1.33,2.53,44.73,45.85,46.89,44.1,0.985,0.985,0.986,0.985,/tmpdir/crf_16.mpd,/videos/BigBuckBunny-2160.avi
8723,0.98255,14.24349,0.99622,43.70832,0.9994,0.75977,0.96397,0.98218,0.98964,100.0,2.39,1.83,1.41,2.77,44.35,45.51,46.63,43.71,0.984,0.984,0.985,0.984,/tmpdir/crf_16.mpd,/videos/BigBuckBunny-2160.avi
8724,0.98552,14.24349,0.99658,44.22805,0.99956,0.77017,0.9716,0.98685,0.99271,100.0,2.13,1.66,1.31,2.46,44.84,45.94,46.96,44.23,0.985,0.985,0.986,0.985,/tmpdir/crf_16.mpd,/videos/BigBuckBunny-2160.avi
8725,0.98511,14.58389,0.99646,44.05849,0.99954,0.76546,0.97067,0.98647,0.99243,100.0,2.21,1.69,1.35,2.55,44.69,45.85,46.84,44.06,0.985,0.984,0.986,0.985,/tmpdir/crf_16.mpd,/videos/BigBuckBunny-2160.avi
8726,0.98418,14.58389,0.99629,43.84342,0.99951,0.75961,0.96891,0.98565,0.99203,100.0,2.31,1.75,1.39,2.68,44.49,45.71,46.71,43.84,0.984,0.984,0.985,0.984,/tmpdir/crf_16.mpd,/videos/BigBuckBunny-2160.avi
8727,0.98435,14.73822,0.99638,43.98707,0.99954,0.76258,0.97095,0.98674,0.99265,100.0,2.24,1.71,1.36,2.6,44.62,45.81,46.79,43.99,0.985,0.984,0.986,0.984,/tmpdir/crf_16.mpd,/videos/BigBuckBunny-2160.avi
8728,0.98311,14.73822,0.99619,43.77806,0.9995,0.757,0.96891,0.98569,0.9921,100.0,2.34,1.74,1.4,2.72,44.44,45.72,46.67,43.78,0.984,0.984,0.985,0.984,/tmpdir/crf_16.mpd,/videos/BigBuckBunny-2160.avi
8729,0.98397,14.97465,0.99632,43.91399,0.99953,0.76043,0.9705,0.98645,0.99247,100.0,2.28,1.72,1.4,2.64,44.55,45.77,46.68,43.91,0.984,0.984,0.985,0.984,/tmpdir/crf_16.mpd,/videos/BigBuckBunny-2160.avi
8730,0.98374,14.97465,0.99612,43.66582,0.99949,0.75423,0.96829,0.98538,0.99185,100.0,2.4,1.79,1.45,2.8,44.32,45.6,46.52,43.67,0.984,0.983,0.985,0.984,/tmpdir/crf_16.mpd,/videos/BigBuckBunny-2160.avi
8731,0.9799,15.04523,0.99573,43.17117,0.99935,0.74225,0.96118,0.98089,0.98905,100.0,2.67,1.97,1.55,3.13,43.86,45.2,46.24,43.17,0.983,0.982,0.984,0.982,/tmpdir/crf_16.mpd,/videos/BigBuckBunny-2160.avi
8732,0.98394,15.04523,0.99616,43.7395,0.99951,0.75529,0.96922,0.98582,0.99212,100.0,2.37,1.79,1.45,2.75,44.38,45.6,46.51,43.74,0.984,0.983,0.984,0.984,/tmpdir/crf_16.mpd,/videos/BigBuckBunny-2160.avi
8733,0.98332,15.11925,0.99599,43.54883,0.99947,0.74988,0.96723,0.9848,0.9915,100.0,2.47,1.85,1.5,2.87,44.2,45.45,46.38,43.55,0.983,0.983,0.984,0.983,/tmpdir/crf_16.mpd,/videos/BigBuckBunny-2160.avi
8734,0.98318,15.11925,0.99597,43.52411,0.99947,0.74914,0.96722,0.98488,0.99148,100.0,2.49,1.87,1.5,2.89,44.17,45.4,46.38,43.52,0.983,0.983,0.984,0.983,/tmpdir/crf_16.mpd,/videos/BigBuckBunny-2160.avi
8735,0.98354,15.24842,0.99604,43.6071,0.99949,0.75088,0.96842,0.98559,0.992,100.0,2.45,1.86,1.5,2.83,44.24,45.44,46.37,43.61,0.983,0.983,0.984,0.983,/tmpdir/crf_16.mpd,/videos/BigBuckBunny-2160.avi
8736,0.98322,15.24842,0.996,43.56531,0.99948,0.74981,0.96808,0.98541,0.99184,100.0,2.47,1.87,1.52,2.86,44.2,45.42,46.32,43.57,0.983,0.983,0.984,0.983,/tmpdir/crf_16.mpd,/videos/BigBuckBunny-2160.avi
8737,0.98384,15.43449,0.99606,43.62154,0.99949,0.75091,0.96886,0.98575,0.99207,100.0,2.44,1.85,1.5,2.82,44.25,45.46,46.36,43.62,0.983,0.983,0.984,0.983,/tmpdir/crf_16.mpd,/videos/BigBuckBunny-2160.avi
8738,0.98273,15.43449,0.99586,43.39706,0.99945,0.74453,0.96658,0.98459,0.99138,100.0,2.56,1.91,1.53,2.97,44.05,45.32,46.28,43.4,0.983,0.983,0.984,0.982,/tmpdir/crf_16.mpd,/videos/BigBuckBunny-2160.avi
8739,0.98353,15.45775,0.99601,43.56227,0.99949,0.74839,0.96884,0.98586,0.99227,100.0,2.47,1.86,1.52,2.86,44.2,45.44,46.32,43.56,0.983,0.983,0.984,0.983,/tmpdir/crf_16.mpd,/videos/BigBuckBunny-2160.avi
8740,0.98346,15.45775,0.99604,43.56467,0.9995,0.74917,0.96888,0.98575,0.99205,100.0,2.47,1.85,1.51,2.86,44.21,45.47,46.35,43.56,0.983,0.983,0.984,0.983,/tmpdir/crf_16.mpd,/videos/BigBuckBunny-2160.avi
8741,0.98063,15.42137,0.99557,43.0307,0.99935,0.73426,0.9622,0.98171,0.98952,100.0,2.75,1.96,1.57,3.24,43.75,45.21,46.17,43.03,0.982,0.982,0.983,0.981,/tmpdir/crf_16.mpd,/videos/BigBuckBunny-2160.avi
8742,0.98331,15.42137,0.99594,43.49176,0.99949,0.74488,0.96904,0.98589,0.99218,100.0,2.49,1.81,1.5,2.91,44.17,45.55,46.37,43.49,0.983,0.983,0.984,0.982,/tmpdir/crf_16.mpd,/videos/BigBuckBunny-2160.avi
8743,0.98268,15.46669,0.99581,43.34946,0.99947,0.74039,0.96811,0.98542,0.99186,100.0,2.56,1.83,1.51,3.01,44.05,45.51,46.33,43.35,0.982,0.983,0.983,0.982,/tmpdir/crf_16.mpd,/videos/BigBuckBunny-2160.avi
8744,0.98293,15.46669,0.99596,43.47492,0.9995,0.74489,0.96955,0.98621,0.99241,100.0,2.5,1.8,1.5,2.92,44.16,45.58,46.36,43.47,0.983,0.983,0.984,0.982,/tmpdir/crf_16.mpd,/videos/BigBuckBunny-2160.avi
8745,0.98343,15.50894,0.99594,43.45255,0.9995,0.74362,0.96967,0.98627,0.99244,100.0,2.51,1.79,1.51,2.94,44.14,45.61,46.35,43.45,0.983,0.983,0.984,0.982,/tmpdir/crf_16.mpd,/videos/BigBuckBunny-2160.avi
8746,0.98281,15.50894,0.99581,43.29418,0.99947,0.73891,0.96794,0.9854,0.99194,100.0,2.59,1.82,1.54,3.05,44.0,45.53,46.26,43.29,0.982,0.983,0.983,0.982,/tmpdir/crf_16.mpd,/videos/BigBuckBunny-2160.avi
8747,0.98378,15.44748,0.99595,43.47955,0.9995,0.74318,0.97014,0.98654,0.99254,100.0,2.49,1.75,1.5,2.92,44.17,45.71,46.37,43.48,0.983,0.984,0.984,0.982,/tmpdir/crf_16.mpd,/videos/BigBuckBunny-2160.avi
8748,0.98409,15.44748,0.99602,43.53624,0.99951,0.74528,0.97087,0.98689,0.99282,100.0,2.46,1.73,1.48,2.88,44.23,45.75,46.42,43.54,0.983,0.984,0.984,0.983,/tmpdir/crf_16.mpd,/videos/BigBuckBunny-2160.avi
8749,0.99109,15.89162,0.99804,46.29603,0.9998,0.82884,0.98607,0.99357,0.99648,100.0,1.34,1.01,0.91,1.53,46.87,48.09,48.54,46.3,0.99,0.99,0.99,0.99,/tmpdir/crf_16.mpd,/videos/BigBuckBunny-2160.avi
8750,0.98535,15.89162,0.99674,44.14391,0.99955,0.77384,0.97341,0.9873,0.99287,100.0,2.07,1.28,1.11,2.5,44.97,47.06,47.66,44.14,0.986,0.988,0.988,0.985,/tmpdir/crf_16.mpd,/videos/BigBuckBunny-2160.avi
8751,0.98665,16.26789,0.99685,44.37392,0.99961,0.77718,0.97658,0.98923,0.99398,100.0,1.99,1.3,1.14,2.38,45.14,46.99,47.55,44.37,0.986,0.988,0.987,0.986,/tmpdir/crf_16.mpd,/videos/BigBuckBunny-2160.avi
8752,0.98619,16.26789,0.99667,44.09629,0.99959,0.76929,0.97553,0.98885,0.99384,100.0,2.12,1.38,1.21,2.53,44.87,46.74,47.32,44.1,0.985,0.987,0.987,0.985,/tmpdir/crf_16.mpd,/videos/BigBuckBunny-2160.avi
8753,0.98533,16.46246,0.99648,43.83023,0.99957,0.76075,0.9744,0.98831,0.99356,100.0,2.25,1.45,1.27,2.69,44.61,46.51,47.09,43.83,0.985,0.986,0.986,0.984,/tmpdir/crf_16.mpd,/videos/BigBuckBunny-2160.avi
8754,0.9852,16.46246,0.99627,43.5578,0.99953,0.75313,0.97237,0.98735,0.99295,100.0,2.39,1.53,1.35,2.87,44.35,46.28,46.84,43.56,0.984,0.986,0.985,0.983,/tmpdir/crf_16.mpd,/videos/BigBuckBunny-2160.avi
8755,0.98542,16.73413,0.99627,43.56711,0.99955,0.75296,0.97314,0.98777,0.99327,100.0,2.4,1.57,1.37,2.86,44.34,46.18,46.76,43.57,0.984,0.985,0.985,0.983,/tmpdir/crf_16.mpd,/videos/BigBuckBunny-2160.avi
8756,0.98603,16.73413,0.99637,43.67314,0.99956,0.75679,0.97416,0.98823,0.99346,100.0,2.35,1.56,1.39,2.79,44.42,46.2,46.71,43.67,0.984,0.985,0.985,0.983,/tmpdir/crf_16.mpd,/videos/BigBuckBunny-2160.avi
8757,0.98581,16.79534,0.99631,43.58035,0.99955,0.75427,0.97379,0.98799,0.9933,100.0,2.4,1.58,1.41,2.85,44.33,46.14,46.64,43.58,0.984,0.985,0.985,0.983,/tmpdir/crf_16.mpd,/videos/BigBuckBunny-2160.avi
8758,0.98611,16.79534,0.99627,43.54194,0.99954,0.75317,0.97308,0.9876,0.99301,100.0,2.43,1.61,1.44,2.88,44.28,46.07,46.55,43.54,0.984,0.985,0.985,0.983,/tmpdir/crf_16.mpd,/videos/BigBuckBunny-2160.avi
8759,0.98625,16.69987,0.9963,43.61379,0.99955,0.75524,0.97371,0.98795,0.99325,100.0,2.39,1.59,1.43,2.83,44.35,46.11,46.58,43.61,0.984,0.985,0.985,0.983,/tmpdir/crf_16.mpd,/videos/BigBuckBunny-2160.avi
8760,0.98701,16.69987,0.99658,43.98338,0.9996,0.76717,0.97603,0.98904,0.99385,100.0,2.22,1.52,1.39,2.6,44.67,46.3,46.71,43.98,0.985,0.986,0.985,0.985,/tmpdir/crf_16.mpd,/videos/BigBuckBunny-2160.avi
8761,0.98725,16.62611,0.99661,44.00427,0.9996,0.76801,0.97604,0.98901,0.99384,100.0,2.21,1.52,1.37,2.59,44.69,46.32,46.75,44.0,0.985,0.986,0.985,0.985,/tmpdir/crf_16.mpd,/videos/BigBuckBunny-2160.avi
8762,0.98177,16.62611,0.9961,43.35583,0.99942,0.75206,0.968,0.98411,0.9907,100.0,2.53,1.7,1.47,3.0,44.1,45.84,46.47,43.36,0.983,0.985,0.985,0.983,/tmpdir/crf_16.mpd,/videos/BigBuckBunny-2160.avi
8763,0.98811,16.41259,0.99663,44.12765,0.99962,0.77048,0.97704,0.98945,0.99409,100.0,2.14,1.47,1.34,2.51,44.82,46.47,46.86,44.13,0.985,0.986,0.986,0.985,/tmpdir/crf_16.mpd,/videos/BigBuckBunny-2160.avi
8764,0.98881,16.41259,0.99697,44.49753,0.99967,0.7832,0.97952,0.99074,0.99481,100.0,1.98,1.37,1.28,2.31,45.16,46.75,47.06,44.5,0.986,0.987,0.986,0.986,/tmpdir/crf_16.mpd,/videos/BigBuckBunny-2160.avi
8765,0.98899,16.07003,0.99695,44.43779,0.99966,0.78198,0.97922,0.99056,0.99476,100.0,2.01,1.38,1.28,2.34,45.11,46.72,47.05,44.44,0.986,0.987,0.986,0.986,/tmpdir/crf_16.mpd,/videos/BigBuckBunny-2160.avi
8766,0.98299,16.07003,0.99644,43.72818,0.99947,0.76412,0.97063,0.98529,0.99132,100.0,2.33,1.55,1.37,2.76,44.47,46.22,46.75,43.73,0.985,0.986,0.986,0.984,/tmpdir/crf_16.mpd,/videos/BigBuckBunny-2160.avi
8767,0.99043,16.01625,0.99722,44.81327,0.9997,0.79295,0.98143,0.99151,0.99526,100.0,1.85,1.29,1.21,2.15,45.47,47.04,47.31,44.81,0.987,0.988,0.987,0.987,/tmpdir/crf_16.mpd,/videos/BigBuckBunny-2160.avi
8768,0.98368,16.01625,0.9965,43.7655,0.99946,0.76565,0.97078,0.98519,0.9912,100.0,2.29,1.47,1.33,2.73,44.54,46.46,46.89,43.77,0.985,0.987,0.986,0.984,/tmpdir/crf_16.mpd,/videos/BigBuckBunny-2160.avi
8769,0.99077,15.42137,0.99731,44.95297,0.99972,0.79619,0.98274,0.99213,0.99567,100.0,1.78,1.21,1.17,2.08,45.62,47.3,47.45,44.95,0.987,0.988,0.987,0.987,/tmpdir/crf_16.mpd,/videos/BigBuckBunny-2160.avi
8770,0.98349,15.42137,0.99656,43.9118,0.99946,0.77055,0.97228,0.98587,0.99159,100.0,2.2,1.38,1.25,2.64,44.71,46.74,47.14,43.91,0.985,0.988,0.987,0.984,/tmpdir/crf_16.mpd,/videos/BigBuckBunny-2160.avi
8771,0.99147,14.03919,0.99762,45.63287,0.99976,0.81296,0.98686,0.99414,0.99677,100.0,1.52,1.03,1.01,1.78,46.3,48.02,48.09,45.63,0.988,0.99,0.989,0.988,/tmpdir/crf_16.mpd,/videos/BigBuckBunny-2160.avi
8772,0.98514,11.71948,0.99681,44.24122,0.99952,0.78045,0.97544,0.98788,0.99297,100.0,2.03,1.22,1.16,2.45,45.06,47.27,47.5,44.24,0.986,0.989,0.988,0.985,/tmpdir/crf_16.mpd,/videos/BigBuckBunny-2160.avi
8773,0.98784,0.89547,0.99724,44.91167,0.99963,0.79987,0.98257,0.99168,0.99516,97.96595,1.71,0.94,0.93,2.1,45.8,48.4,48.43,44.91,0.988,0.991,0.989,0.986,/tmpdir/crf_16.mpd,/videos/BigBuckBunny-2160.avi
8774,0.98848,0.89547,0.99731,45.02334,0.99965,0.80346,0.98413,0.99247,0.99559,98.13592,1.67,0.92,0.92,2.05,45.9,48.49,48.5,45.02,0.988,0.991,0.989,0.987,/tmpdir/crf_16.mpd,/videos/BigBuckBunny-2160.avi
8775,0.9922,0.55466,0.99798,46.25705,0.99981,0.82974,0.99012,0.99574,0.99765,98.9038,1.32,0.87,0.88,1.54,46.93,48.73,48.69,46.26,0.99,0.991,0.99,0.989,/tmpdir/crf_16.mpd,/videos/BigBuckBunny-2160.avi
8776,0.98978,0.4527,0.99765,45.58281,0.99972,0.81809,0.9869,0.99398,0.99666,98.28625,1.49,0.88,0.87,1.8,46.4,48.71,48.72,45.58,0.989,0.991,0.99,0.988,/tmpdir/crf_16.mpd,/videos/BigBuckBunny-2160.avi
8777,0.98959,0.26508,0.99763,45.4901,0.99971,0.81652,0.98695,0.99393,0.99652,98.1484,1.52,0.87,0.87,1.84,46.32,48.72,48.72,45.49,0.989,0.991,0.99,0.988,/tmpdir/crf_16.mpd,/videos/BigBuckBunny-2160.avi
8778,0.98936,0.24542,0.99759,45.38718,0.99971,0.81467,0.98667,0.99392,0.99661,98.10078,1.55,0.88,0.88,1.88,46.23,48.68,48.68,45.39,0.989,0.991,0.99,0.988,/tmpdir/crf_16.mpd,/videos/BigBuckBunny-2160.avi
8779,0.99152,0.18453,0.99798,46.14553,0.99981,0.82778,0.98996,0.99564,0.99755,98.59073,1.34,0.87,0.87,1.58,46.85,48.74,48.72,46.15,0.99,0.991,0.99,0.989,/tmpdir/crf_16.mpd,/videos/BigBuckBunny-2160.avi
8780,0.98978,0.18453,0.99779,45.659,0.99975,0.82163,0.98784,0.99439,0.99682,98.18729,1.46,0.85,0.85,1.77,46.48,48.84,48.83,45.66,0.989,0.991,0.99,0.989,/tmpdir/crf_16.mpd,/videos/BigBuckBunny-2160.avi
8781,0.99039,0.16191,0.99783,45.78754,0.99976,0.82317,0.98818,0.99447,0.99676,98.28528,1.43,0.85,0.85,1.72,46.59,48.85,48.83,45.79,0.989,0.991,0.99,0.989,/tmpdir/crf_16.mpd,/videos/BigBuckBunny-2160.avi
8782,0.99053,0.16163,0.99785,45.84487,0.99976,0.82372,0.98834,0.99464,0.99695,98.32759,1.41,0.85,0.85,1.69,46.63,48.83,48.82,45.84,0.989,0.991,0.99,0.989,/tmpdir/crf_16.mpd,/videos/BigBuckBunny-2160.avi
8783,0.99105,0.13726,0.99795,46.09491,0.9998,0.82815,0.99016,0.99574,0.99761,98.49328,1.35,0.84,0.85,1.6,46.84,48.87,48.84,46.09,0.99,0.991,0.99,0.989,/tmpdir/crf_16.mpd,/videos/BigBuckBunny-2160.avi
8784,0.9906,0.13726,0.99795,45.96526,0.99977,0.83023,0.98899,0.99495,0.99716,98.36563,1.36,0.78,0.8,1.65,46.79,49.19,49.09,45.97,0.99,0.992,0.99,0.989,/tmpdir/crf_16.mpd,/videos/BigBuckBunny-2160.avi
8785,0.99034,0.17077,0.99792,45.85275,0.99976,0.83015,0.98896,0.99484,0.99699,98.32142,1.38,0.76,0.78,1.69,46.72,49.31,49.19,45.85,0.99,0.992,0.991,0.989,/tmpdir/crf_16.mpd,/videos/BigBuckBunny-2160.avi
8786,0.99093,0.17077,0.99804,46.18559,0.99977,0.83681,0.98932,0.995,0.99709,98.45196,1.3,0.75,0.77,1.57,47.0,49.36,49.25,46.19,0.99,0.992,0.991,0.99,/tmpdir/crf_16.mpd,/videos/BigBuckBunny-2160.avi
8787,0.99371,0.18616,0.99844,47.18295,0.99987,0.8549,0.99312,0.99701,0.99828,99.13286,1.07,0.72,0.74,1.24,47.83,49.57,49.44,47.18,0.992,0.992,0.991,0.991,/tmpdir/crf_16.mpd,/videos/BigBuckBunny-2160.avi
8788,0.99161,0.18616,0.99818,46.56053,0.99978,0.8469,0.99046,0.99561,0.99753,98.64998,1.19,0.7,0.71,1.44,47.37,49.71,49.59,46.56,0.991,0.993,0.991,0.991,/tmpdir/crf_16.mpd,/videos/BigBuckBunny-2160.avi
8789,0.99189,0.19651,0.99825,46.79178,0.99979,0.85049,0.99074,0.99562,0.99745,98.70887,1.14,0.68,0.7,1.36,47.57,49.82,49.67,46.79,0.991,0.993,0.992,0.991,/tmpdir/crf_16.mpd,/videos/BigBuckBunny-2160.avi
8790,0.99179,0.19651,0.99822,46.70611,0.99978,0.84936,0.99066,0.99563,0.99747,98.68927,1.15,0.67,0.69,1.39,47.51,49.85,49.73,46.71,0.991,0.993,0.992,0.991,/tmpdir/crf_16.mpd,/videos/BigBuckBunny-2160.avi
8791,0.99475,0.21253,0.99869,47.91019,0.9999,0.87156,0.99441,0.99758,0.99863,99.41383,0.92,0.64,0.66,1.05,48.51,50.07,49.96,47.91,0.993,0.993,0.992,0.993,/tmpdir/crf_16.mpd,/videos/BigBuckBunny-2160.avi
8792,0.99255,0.21253,0.99835,47.06919,0.9998,0.85842,0.99151,0.9961,0.99781,98.89212,1.06,0.63,0.65,1.28,47.86,50.16,50.03,47.07,0.992,0.993,0.992,0.991,/tmpdir/crf_16.mpd,/videos/BigBuckBunny-2160.avi
8793,0.99266,0.22494,0.99844,47.34675,0.99981,0.86323,0.99164,0.99606,0.99776,98.92499,1.01,0.62,0.64,1.2,48.1,50.22,50.07,47.35,0.992,0.993,0.992,0.992,/tmpdir/crf_16.mpd,/videos/BigBuckBunny-2160.avi
8794,0.99259,0.22494,0.99836,47.14766,0.99979,0.8599,0.99144,0.996,0.9977,98.89863,1.05,0.62,0.64,1.25,47.94,50.22,50.09,47.15,0.992,0.993,0.992,0.991,/tmpdir/crf_16.mpd,/videos/BigBuckBunny-2160.avi
8795,0.99524,0.23582,0.99886,48.46253,0.99991,0.88322,0.99526,0.99794,0.99884,99.57054,0.81,0.58,0.59,0.93,49.03,50.5,50.39,48.46,0.993,0.994,0.993,0.993,/tmpdir/crf_16.mpd,/videos/BigBuckBunny-2160.avi
8796,0.99295,0.23582,0.99844,47.3513,0.99981,0.86403,0.99205,0.99636,0.99802,99.00818,1.0,0.6,0.62,1.2,48.13,50.34,50.22,47.35,0.992,0.994,0.993,0.992,/tmpdir/crf_16.mpd,/videos/BigBuckBunny-2160.avi
8797,0.9932,0.23925,0.99854,47.58717,0.99982,0.86823,0.99225,0.99636,0.9979,99.05919,0.96,0.6,0.62,1.13,48.31,50.33,50.19,47.59,0.993,0.994,0.993,0.992,/tmpdir/crf_16.mpd,/videos/BigBuckBunny-2160.avi
8798,0.99293,0.23925,0.99841,47.26912,0.9998,0.86238,0.99166,0.9961,0.99776,98.97814,1.02,0.61,0.62,1.22,48.05,50.29,50.18,47.27,0.992,0.994,0.992,0.992,/tmpdir/crf_16.mpd,/videos/BigBuckBunny-2160.avi
8799,0.99519,0.24339,0.99884,48.42835,0.99991,0.88242,0.99514,0.99788,0.99878,99.55678,0.82,0.58,0.59,0.93,49.01,50.5,50.41,48.43,0.993,0.994,0.993,0.993,/tmpdir/crf_16.mpd,/videos/BigBuckBunny-2160.avi
8800,0.99311,0.24339,0.99846,47.38116,0.99981,0.86517,0.99211,0.99635,0.99792,99.03795,0.99,0.59,0.61,1.19,48.16,50.4,50.3,47.38,0.992,0.994,0.993,0.992,/tmpdir/crf_16.mpd,/videos/BigBuckBunny-2160.avi
8801,0.99331,0.25386,0.99856,47.62865,0.99982,0.86927,0.99218,0.9963,0.99785,99.08334,0.95,0.59,0.61,1.12,48.36,50.4,50.28,47.63,0.993,0.994,0.993,0.992,/tmpdir/crf_16.mpd,/videos/BigBuckBunny-2160.avi
8802,0.99325,0.25386,0.99843,47.33783,0.9998,0.8642,0.99181,0.99616,0.9978,99.0507,1.0,0.59,0.61,1.2,48.13,50.39,50.28,47.34,0.992,0.994,0.993,0.992,/tmpdir/crf_16.mpd,/videos/BigBuckBunny-2160.avi
8803,0.99538,0.23437,0.9989,48.59466,0.99991,0.88582,0.99542,0.99801,0.99889,99.60786,0.79,0.56,0.58,0.9,49.16,50.62,50.53,48.59,0.993,0.994,0.993,0.993,/tmpdir/crf_16.mpd,/videos/BigBuckBunny-2160.avi
8804,0.99302,0.23437,0.9985,47.4872,0.99982,0.86743,0.99232,0.99644,0.99801,99.03104,0.97,0.59,0.6,1.16,48.26,50.45,50.34,47.49,0.992,0.994,0.993,0.992,/tmpdir/crf_16.mpd,/videos/BigBuckBunny-2160.avi
8805,0.99314,0.22379,0.99857,47.65945,0.99983,0.87004,0.9924,0.99639,0.99792,99.048,0.94,0.59,0.6,1.11,48.39,50.46,50.33,47.66,0.993,0.994,0.993,0.992,/tmpdir/crf_16.mpd,/videos/BigBuckBunny-2160.avi
8806,0.99304,0.22379,0.99846,47.40109,0.99981,0.86559,0.99199,0.99624,0.99781,99.00717,0.99,0.59,0.6,1.18,48.19,50.44,50.33,47.4,0.992,0.994,0.993,0.992,/tmpdir/crf_16.mpd,/videos/BigBuckBunny-2160.avi
8807,0.99523,0.2111,0.99888,48.53109,0.99991,0.88468,0.99529,0.99793,0.99882,99.55885,0.8,0.56,0.57,0.91,49.11,50.63,50.54,48.53,0.993,0.994,0.993,0.993,/tmpdir/crf_16.mpd,/videos/BigBuckBunny-2160.avi
8808,0.99305,0.2111,0.9985,47.46463,0.99981,0.86719,0.9923,0.99644,0.998,99.02519,0.97,0.58,0.6,1.17,48.24,50.47,50.36,47.46,0.992,0.994,0.993,0.992,/tmpdir/crf_16.mpd,/videos/BigBuckBunny-2160.avi
8809,0.99302,0.19575,0.99857,47.60102,0.99983,0.86908,0.99252,0.99645,0.99797,99.0163,0.95,0.58,0.6,1.13,48.35,50.46,50.34,47.6,0.993,0.994,0.993,0.992,/tmpdir/crf_16.mpd,/videos/BigBuckBunny-2160.avi
8810,0.99301,0.19575,0.99846,47.37043,0.99981,0.86538,0.99214,0.99638,0.998,99.00459,0.99,0.59,0.61,1.19,48.16,50.44,50.31,47.37,0.992,0.994,0.993,0.992,/tmpdir/crf_16.mpd,/videos/BigBuckBunny-2160.avi
8811,0.99502,0.187,0.99883,48.33142,0.9999,0.88125,0.99507,0.99786,0.99883,99.49991,0.83,0.57,0.58,0.95,48.95,50.6,50.47,48.33,0.993,0.994,0.993,0.993,/tmpdir/crf_16.mpd,/videos/BigBuckBunny-2160.avi
8812,0.99295,0.187,0.99848,47.29633,0.99982,0.86474,0.99227,0.99644,0.99801,98.98952,1.01,0.59,0.6,1.21,48.1,50.44,50.32,47.3,0.992,0.994,0.993,0.992,/tmpdir/crf_16.mpd,/videos/BigBuckBunny-2160.avi
8813,0.99301,0.17157,0.99852,47.35046,0.99983,0.86457,0.99235,0.99643,0.99796,98.99053,1.0,0.6,0.61,1.2,48.13,50.39,50.24,47.35,0.992,0.994,0.993,0.992,/tmpdir/crf_16.mpd,/videos/BigBuckBunny-2160.avi
8814,0.99256,0.17157,0.99832,46.80468,0.9998,0.85556,0.99162,0.99613,0.99782,98.86875,1.11,0.6,0.62,1.36,47.68,50.33,50.19,46.8,0.992,0.993,0.992,0.991,/tmpdir/crf_16.mpd,/videos/BigBuckBunny-2160.avi
8815,0.99493,0.27644,0.99871,48.11049,0.99989,0.87879,0.99452,0.99756,0.99859,99.49257,0.86,0.57,0.58,1.0,48.78,50.6,50.49,48.11,0.993,0.994,0.993,0.993,/tmpdir/crf_16.mpd,/videos/BigBuckBunny-2160.avi
8816,0.99324,0.45249,0.99832,47.17124,0.99978,0.86267,0.99106,0.99573,0.99753,99.10979,1.03,0.6,0.61,1.25,47.99,50.38,50.28,47.17,0.992,0.994,0.993,0.991,/tmpdir/crf_16.mpd,/videos/BigBuckBunny-2160.avi
8817,0.99342,1.45661,0.99843,47.44505,0.99981,0.8659,0.99148,0.99591,0.9976,99.6464,0.98,0.59,0.6,1.17,48.22,50.39,50.32,47.45,0.992,0.994,0.993,0.992,/tmpdir/crf_16.mpd,/videos/BigBuckBunny-2160.avi
8818,0.99338,1.45661,0.99831,47.18337,0.99979,0.86009,0.99099,0.99574,0.99755,99.61767,1.03,0.6,0.61,1.24,47.99,50.33,50.25,47.18,0.992,0.994,0.993,0.991,/tmpdir/crf_16.mpd,/videos/BigBuckBunny-2160.avi
8819,0.99515,1.54093,0.99878,48.37646,0.99989,0.8816,0.99466,0.99767,0.99869,100.0,0.82,0.56,0.58,0.95,48.99,50.61,50.52,48.38,0.993,0.994,0.993,0.993,/tmpdir/crf_16.mpd,/videos/BigBuckBunny-2160.avi
8820,0.99267,1.54093,0.99817,46.87855,0.99976,0.85438,0.99019,0.99537,0.99735,99.49594,1.1,0.62,0.62,1.33,47.73,50.23,50.2,46.88,0.991,0.993,0.993,0.991,/tmpdir/crf_16.mpd,/videos/BigBuckBunny-2160.avi
8821,0.99263,0.46722,0.99825,47.04066,0.99978,0.85793,0.99051,0.99553,0.99742,98.98214,1.06,0.61,0.62,1.29,47.87,50.27,50.23,47.04,0.992,0.994,0.993,0.991,/tmpdir/crf_16.mpd,/videos/BigBuckBunny-2160.avi
8822,0.99245,0.46722,0.99826,47.08947,0.99977,0.8592,0.99006,0.99529,0.99727,98.93701,1.05,0.62,0.62,1.27,47.91,50.21,50.24,47.09,0.992,0.993,0.993,0.991,/tmpdir/crf_16.mpd,/videos/BigBuckBunny-2160.avi
8823,0.99454,0.38446,0.99878,48.26628,0.99989,0.87935,0.99423,0.99743,0.99857,99.47203,0.84,0.59,0.58,0.97,48.88,50.44,50.47,48.27,0.993,0.994,0.993,0.993,/tmpdir/crf_16.mpd,/videos/BigBuckBunny-2160.avi
8824,0.99225,0.38446,0.99829,47.14536,0.99977,0.8599,0.99056,0.99559,0.99752,98.88867,1.04,0.62,0.61,1.25,47.95,50.23,50.25,47.15,0.992,0.994,0.993,0.991,/tmpdir/crf_16.mpd,/videos/BigBuckBunny-2160.avi
8825,0.99212,0.29567,0.99832,47.04114,0.99979,0.85669,0.99079,0.99556,0.99741,98.80759,1.06,0.62,0.62,1.29,47.87,50.23,50.23,47.04,0.992,0.994,0.993,0.991,/tmpdir/crf_16.mpd,/videos/BigBuckBunny-2160.avi
8826,0.99183,0.29567,0.99825,46.84081,0.99978,0.85343,0.99043,0.99551,0.99746,98.74985,1.1,0.62,0.62,1.35,47.7,50.22,50.22,46.84,0.992,0.993,0.993,0.991,/tmpdir/crf_16.mpd,/videos/BigBuckBunny-2160.avi
8827,0.99438,0.42463,0.99868,47.94017,0.99988,0.87278,0.99394,0.99731,0.99847,99.43327,0.9,0.6,0.6,1.04,48.61,50.37,50.35,47.94,0.993,0.994,0.993,0.992,/tmpdir/crf_16.mpd,/videos/BigBuckBunny-2160.avi
8828,0.99175,0.42463,0.99817,46.66622,0.99978,0.84956,0.99009,0.99535,0.99733,98.77416,1.15,0.64,0.64,1.4,47.53,50.05,50.05,46.67,0.991,0.993,0.992,0.991,/tmpdir/crf_16.mpd,/videos/BigBuckBunny-2160.avi
8829,0.99164,0.51009,0.99826,46.81887,0.99979,0.85203,0.99064,0.99561,0.99748,98.81794,1.12,0.65,0.65,1.35,47.65,50.02,49.99,46.82,0.991,0.993,0.992,0.991,/tmpdir/crf_16.mpd,/videos/BigBuckBunny-2160.avi
8830,0.99148,0.51009,0.99815,46.62973,0.99977,0.84889,0.9899,0.9953,0.99732,98.7643,1.16,0.66,0.66,1.41,47.48,49.96,49.96,46.63,0.991,0.993,0.992,0.991,/tmpdir/crf_16.mpd,/videos/BigBuckBunny-2160.avi
8831,0.99395,0.56851,0.99861,47.71975,0.99988,0.86769,0.99349,0.99717,0.99843,99.40435,0.94,0.62,0.63,1.1,48.39,50.18,50.12,47.72,0.992,0.993,0.992,0.992,/tmpdir/crf_16.mpd,/videos/BigBuckBunny-2160.avi
8832,0.99183,0.56851,0.99815,46.68939,0.99977,0.84969,0.98992,0.99535,0.99734,98.85767,1.15,0.66,0.66,1.39,47.53,49.94,49.94,46.69,0.991,0.993,0.992,0.991,/tmpdir/crf_16.mpd,/videos/BigBuckBunny-2160.avi
8833,0.99168,0.7931,0.99821,46.78204,0.99978,0.8508,0.99003,0.99537,0.99739,98.94665,1.13,0.66,0.67,1.36,47.6,49.92,49.9,46.78,0.991,0.993,0.992,0.991,/tmpdir/crf_16.mpd,/videos/BigBuckBunny-2160.avi
8834,0.99183,0.7931,0.9981,46.60597,0.99975,0.84777,0.98927,0.99497,0.99712,98.93684,1.17,0.67,0.67,1.42,47.44,49.85,49.84,46.61,0.991,0.993,0.992,0.991,/tmpdir/crf_16.mpd,/videos/BigBuckBunny-2160.avi
8835,0.99388,0.75171,0.9985,47.45346,0.99986,0.86223,0.9927,0.99679,0.99821,99.43881,1.0,0.65,0.66,1.17,48.14,50.01,49.94,47.45,0.992,0.993,0.992,0.992,/tmpdir/crf_16.mpd,/videos/BigBuckBunny-2160.avi
8836,0.99145,0.75171,0.99814,46.64773,0.99977,0.8488,0.98948,0.99513,0.99727,98.86601,1.17,0.68,0.68,1.41,47.47,49.8,49.78,46.65,0.991,0.993,0.992,0.991,/tmpdir/crf_16.mpd,/videos/BigBuckBunny-2160.avi
8837,0.99156,0.70091,0.99816,46.68151,0.99977,0.84864,0.9895,0.99501,0.99713,98.84784,1.16,0.68,0.69,1.4,47.49,49.79,49.74,46.68,0.991,0.993,0.992,0.991,/tmpdir/crf_16.mpd,/videos/BigBuckBunny-2160.avi
8838,0.99123,0.70091,0.99806,46.47281,0.99975,0.84496,0.98896,0.99483,0.99703,98.76897,1.21,0.69,0.7,1.46,47.31,49.73,49.7,46.47,0.991,0.993,0.992,0.99,/tmpdir/crf_16.mpd,/videos/BigBuckBunny-2160.avi
8839,0.99357,0.76644,0.99847,47.36739,0.99986,0.86038,0.99255,0.99668,0.99814,99.37826,1.02,0.66,0.68,1.19,48.05,49.91,49.83,47.37,0.992,0.993,0.992,0.992,/tmpdir/crf_16.mpd,/videos/BigBuckBunny-2160.avi
8840,0.99114,0.76644,0.99807,46.49236,0.99976,0.8448,0.98898,0.9948,0.99705,98.78611,1.2,0.69,0.7,1.46,47.32,49.72,49.67,46.49,0.991,0.993,0.992,0.99,/tmpdir/crf_16.mpd,/videos/BigBuckBunny-2160.avi
8841,0.99116,0.79461,0.99812,46.60545,0.99976,0.84614,0.98909,0.99476,0.99693,98.79745,1.18,0.7,0.71,1.42,47.41,49.71,49.64,46.61,0.991,0.993,0.992,0.99,/tmpdir/crf_16.mpd,/videos/BigBuckBunny-2160.avi
8842,0.9908,0.79461,0.99798,46.32591,0.99974,0.84071,0.98824,0.99441,0.99677,98.70111,1.25,0.71,0.72,1.52,47.17,49.63,49.57,46.33,0.991,0.993,0.992,0.99,/tmpdir/crf_16.mpd,/videos/BigBuckBunny-2160.avi
8843,0.99323,0.92609,0.99841,47.22048,0.99986,0.85664,0.99218,0.99656,0.99809,99.38062,1.05,0.68,0.69,1.23,47.92,49.82,49.73,47.22,0.992,0.993,0.992,0.991,/tmpdir/crf_16.mpd,/videos/BigBuckBunny-2160.avi
8844,0.99119,0.92609,0.99797,46.33769,0.99975,0.84027,0.98854,0.9946,0.99692,98.84756,1.25,0.71,0.72,1.51,47.18,49.63,49.57,46.34,0.991,0.993,0.992,0.99,/tmpdir/crf_16.mpd,/videos/BigBuckBunny-2160.avi
8845,0.99114,0.98894,0.99801,46.40966,0.99975,0.84102,0.98851,0.99451,0.99681,98.86178,1.23,0.71,0.73,1.49,47.23,49.62,49.52,46.41,0.991,0.993,0.991,0.99,/tmpdir/crf_16.mpd,/videos/BigBuckBunny-2160.avi
8846,0.99097,0.98894,0.99786,46.11058,0.99973,0.83512,0.98783,0.99424,0.99667,98.80291,1.3,0.72,0.73,1.59,46.98,49.56,49.48,46.11,0.99,0.993,0.991,0.989,/tmpdir/crf_16.mpd,/videos/BigBuckBunny-2160.avi
8847,0.99298,0.69593,0.99833,46.99778,0.99985,0.85154,0.99174,0.99631,0.99792,99.1926,1.1,0.69,0.7,1.3,47.72,49.72,49.66,47.0,0.991,0.993,0.992,0.991,/tmpdir/crf_16.mpd,/videos/BigBuckBunny-2160.avi
8848,0.99054,0.69593,0.99787,46.08029,0.99973,0.83431,0.98751,0.99396,0.99638,98.55411,1.32,0.74,0.74,1.6,46.94,49.44,49.46,46.08,0.99,0.992,0.991,0.989,/tmpdir/crf_16.mpd,/videos/BigBuckBunny-2160.avi
8849,0.99013,0.73672,0.99787,46.05441,0.99973,0.8321,0.98678,0.99365,0.99628,98.4816,1.33,0.77,0.75,1.61,46.89,49.26,49.35,46.05,0.99,0.992,0.991,0.989,/tmpdir/crf_16.mpd,/videos/BigBuckBunny-2160.avi
8850,0.98771,0.73672,0.99762,45.48147,0.99968,0.81961,0.98422,0.99241,0.99566,97.95247,1.5,0.82,0.79,1.84,46.38,49.02,49.14,45.48,0.989,0.992,0.991,0.988,/tmpdir/crf_16.mpd,/videos/BigBuckBunny-2160.avi
8851,0.99209,1.31737,0.99808,46.43866,0.99981,0.83818,0.99004,0.99549,0.99742,99.25378,1.23,0.74,0.76,1.48,47.22,49.42,49.35,46.44,0.991,0.992,0.991,0.99,/tmpdir/crf_16.mpd,/videos/BigBuckBunny-2160.avi
8852,0.98729,1.31737,0.99751,45.30072,0.99965,0.81523,0.98319,0.99173,0.99514,98.10707,1.58,0.93,0.88,1.92,46.14,48.42,48.67,45.3,0.989,0.991,0.99,0.988,/tmpdir/crf_16.mpd,/videos/BigBuckBunny-2160.avi
8853,0.98963,2.09415,0.99768,45.75379,0.99969,0.82368,0.98468,0.99244,0.99556,98.98111,1.46,0.96,0.86,1.73,46.5,48.29,48.76,45.75,0.989,0.991,0.99,0.989,/tmpdir/crf_16.mpd,/videos/BigBuckBunny-2160.avi
8854,0.98918,2.09415,0.99741,45.28833,0.99964,0.81351,0.98276,0.99153,0.99506,98.82776,1.62,1.08,0.94,1.92,46.04,47.78,48.41,45.29,0.988,0.991,0.99,0.988,/tmpdir/crf_16.mpd,/videos/BigBuckBunny-2160.avi
8855,0.99261,2.34887,0.998,46.52459,0.9998,0.83954,0.98956,0.99527,0.99733,99.86428,1.21,0.74,0.75,1.45,47.29,49.44,49.36,46.52,0.99,0.992,0.991,0.99,/tmpdir/crf_16.mpd,/videos/BigBuckBunny-2160.avi
8856,0.99198,2.34887,0.99797,46.51689,0.99979,0.83998,0.98938,0.99522,0.99727,99.74823,1.22,0.74,0.76,1.45,47.28,49.43,49.34,46.52,0.99,0.992,0.991,0.99,/tmpdir/crf_16.mpd,/videos/BigBuckBunny-2160.avi
8857,0.99576,2.83571,0.99899,49.16779,0.99992,0.897,0.99551,0.99807,0.99896,100.0,0.68,0.45,0.47,0.79,49.82,51.58,51.44,49.17,0.994,0.995,0.994,0.994,/tmpdir/crf_16.mpd,/videos/BigBuckBunny-2160.avi
8858,0.99073,2.83571,0.99796,46.4675,0.9997,0.84522,0.98587,0.99309,0.99601,99.65523,1.22,0.77,0.67,1.47,47.28,49.26,49.88,46.47,0.991,0.993,0.993,0.99,/tmpdir/crf_16.mpd,/videos/BigBuckBunny-2160.avi
8859,0.99092,3.39668,0.99813,46.69108,0.99976,0.84815,0.98769,0.99403,0.99658,100.0,1.17,0.76,0.69,1.39,47.45,49.31,49.76,46.69,0.991,0.993,0.992,0.991,/tmpdir/crf_16.mpd,/videos/BigBuckBunny-2160.avi
8860,0.98946,3.39668,0.99778,46.06089,0.99969,0.83479,0.9849,0.99256,0.99567,99.67989,1.32,0.76,0.73,1.61,46.92,49.35,49.49,46.06,0.99,0.993,0.992,0.989,/tmpdir/crf_16.mpd,/videos/BigBuckBunny-2160.avi
8861,0.99358,3.87669,0.99828,47.07335,0.99984,0.85463,0.99124,0.99607,0.9978,100.0,1.06,0.63,0.64,1.28,47.87,50.12,50.08,47.07,0.992,0.993,0.993,0.991,/tmpdir/crf_16.mpd,/videos/BigBuckBunny-2160.avi
8862,0.98983,3.87669,0.9975,45.60949,0.99964,0.82378,0.98251,0.99132,0.99484,99.90887,1.48,0.9,0.81,1.79,46.44,48.6,49.06,45.61,0.989,0.992,0.991,0.988,/tmpdir/crf_16.mpd,/videos/BigBuckBunny-2160.avi
8863,0.99038,4.48591,0.99774,45.98756,0.99971,0.83062,0.98476,0.99247,0.9955,100.0,1.36,0.82,0.78,1.64,46.8,48.97,49.19,45.99,0.99,0.992,0.992,0.989,/tmpdir/crf_16.mpd,/videos/BigBuckBunny-2160.avi
8864,0.98895,4.48591,0.99742,45.5636,0.99964,0.82056,0.98229,0.99119,0.99471,100.0,1.51,0.97,0.87,1.81,46.34,48.26,48.73,45.56,0.989,0.992,0.991,0.988,/tmpdir/crf_16.mpd,/videos/BigBuckBunny-2160.avi
8865,0.99313,4.73807,0.99802,46.62181,0.9998,0.84302,0.98946,0.99526,0.99737,100.0,1.18,0.72,0.71,1.42,47.4,49.57,49.59,46.62,0.991,0.993,0.992,0.99,/tmpdir/crf_16.mpd,/videos/BigBuckBunny-2160.avi
8866,0.9888,4.73807,0.99718,45.24235,0.99959,0.81268,0.98003,0.99001,0.994,100.0,1.6,0.94,0.88,1.94,46.09,48.4,48.7,45.24,0.988,0.991,0.991,0.987,/tmpdir/crf_16.mpd,/videos/BigBuckBunny-2160.avi
8867,0.98929,4.64648,0.99747,45.55921,0.99967,0.81954,0.98292,0.99155,0.99494,100.0,1.52,0.99,0.9,1.81,46.31,48.15,48.61,45.56,0.989,0.991,0.991,0.988,/tmpdir/crf_16.mpd,/videos/BigBuckBunny-2160.avi
8868,0.9886,4.64648,0.99712,45.12151,0.99958,0.80948,0.9797,0.98988,0.994,100.0,1.67,1.07,0.94,2.0,45.91,47.82,48.4,45.12,0.988,0.991,0.99,0.987,/tmpdir/crf_16.mpd,/videos/BigBuckBunny-2160.avi
8869,0.99258,4.83068,0.99783,46.20815,0.99978,0.8331,0.98839,0.99478,0.99709,100.0,1.3,0.8,0.78,1.56,46.98,49.1,49.19,46.21,0.99,0.992,0.991,0.989,/tmpdir/crf_16.mpd,/videos/BigBuckBunny-2160.avi
8870,0.98816,4.83068,0.99703,44.97428,0.99954,0.80632,0.97865,0.98923,0.99351,100.0,1.71,1.04,0.94,2.07,45.81,47.97,48.41,44.97,0.988,0.991,0.99,0.987,/tmpdir/crf_16.mpd,/videos/BigBuckBunny-2160.avi
8871,0.98887,5.15639,0.99735,45.3268,0.99964,0.81378,0.98165,0.99088,0.99455,100.0,1.6,1.01,0.94,1.91,46.1,48.07,48.41,45.33,0.989,0.991,0.99,0.988,/tmpdir/crf_16.mpd,/videos/BigBuckBunny-2160.avi
8872,0.98776,5.15639,0.99701,44.88082,0.99954,0.80382,0.97835,0.98906,0.99332,100.0,1.75,1.08,0.98,2.11,45.69,47.81,48.2,44.88,0.988,0.99,0.99,0.987,/tmpdir/crf_16.mpd,/videos/BigBuckBunny-2160.avi
8873,0.9924,5.74517,0.99781,46.13884,0.99977,0.83094,0.98752,0.99434,0.99682,100.0,1.34,0.86,0.84,1.58,46.87,48.79,48.9,46.14,0.99,0.992,0.991,0.989,/tmpdir/crf_16.mpd,/videos/BigBuckBunny-2160.avi
8874,0.98822,5.74517,0.99709,45.03183,0.99955,0.80757,0.97859,0.98923,0.99347,100.0,1.73,1.18,1.03,2.04,45.75,47.4,48.0,45.03,0.988,0.99,0.99,0.987,/tmpdir/crf_16.mpd,/videos/BigBuckBunny-2160.avi
8875,0.98898,5.8255,0.99732,45.3254,0.99962,0.81302,0.98108,0.99059,0.99443,100.0,1.62,1.08,0.98,1.91,46.05,47.79,48.23,45.33,0.988,0.99,0.99,0.988,/tmpdir/crf_16.mpd,/videos/BigBuckBunny-2160.avi
8876,0.98732,5.8255,0.9971,44.986,0.99955,0.80578,0.97814,0.98898,0.9934,100.0,1.75,1.2,1.04,2.06,45.7,47.33,47.96,44.99,0.988,0.99,0.989,0.987,/tmpdir/crf_16.mpd,/videos/BigBuckBunny-2160.avi
8877,0.99255,6.09306,0.99789,46.2296,0.99978,0.83289,0.98787,0.99447,0.99687,100.0,1.32,0.89,0.86,1.55,46.91,48.64,48.78,46.23,0.99,0.991,0.991,0.99,/tmpdir/crf_16.mpd,/videos/BigBuckBunny-2160.avi
8878,0.98719,6.09306,0.99722,44.99382,0.99958,0.8069,0.9789,0.98941,0.99372,100.0,1.75,1.24,1.05,2.06,45.69,47.21,47.91,44.99,0.988,0.989,0.989,0.987,/tmpdir/crf_16.mpd,/videos/BigBuckBunny-2160.avi
8879,0.98845,6.36725,0.99734,45.1668,0.99962,0.80937,0.9812,0.99067,0.99446,100.0,1.67,1.11,1.01,1.98,45.9,47.67,48.11,45.17,0.988,0.99,0.99,0.987,/tmpdir/crf_16.mpd,/videos/BigBuckBunny-2160.avi
8880,0.98794,6.36725,0.99715,44.79254,0.99958,0.80092,0.97898,0.9895,0.9938,100.0,1.82,1.23,1.06,2.16,45.53,47.22,47.88,44.79,0.988,0.989,0.989,0.987,/tmpdir/crf_16.mpd,/videos/BigBuckBunny-2160.avi
8881,0.99221,6.57549,0.99781,45.98632,0.99978,0.82731,0.98775,0.9945,0.99691,100.0,1.39,0.92,0.89,1.64,46.69,48.5,48.66,45.99,0.99,0.991,0.99,0.989,/tmpdir/crf_16.mpd,/videos/BigBuckBunny-2160.avi
8882,0.98735,6.57549,0.99718,44.8383,0.99958,0.80278,0.97898,0.9896,0.99391,100.0,1.8,1.19,1.05,2.13,45.59,47.37,47.93,44.84,0.988,0.989,0.989,0.987,/tmpdir/crf_16.mpd,/videos/BigBuckBunny-2160.avi
8883,0.98841,6.85551,0.99735,45.14593,0.99963,0.80832,0.98107,0.99055,0.99438,100.0,1.68,1.13,1.02,1.99,45.87,47.61,48.05,45.15,0.988,0.99,0.989,0.987,/tmpdir/crf_16.mpd,/videos/BigBuckBunny-2160.avi
8884,0.98746,6.85551,0.99709,44.72109,0.99957,0.79823,0.97866,0.98934,0.99361,100.0,1.83,1.16,1.04,2.19,45.51,47.5,47.96,44.72,0.987,0.989,0.989,0.986,/tmpdir/crf_16.mpd,/videos/BigBuckBunny-2160.avi
8885,0.99217,7.06807,0.99779,45.99651,0.99977,0.8263,0.98754,0.99435,0.99685,100.0,1.39,0.92,0.89,1.63,46.7,48.49,48.65,46.0,0.99,0.991,0.99,0.989,/tmpdir/crf_16.mpd,/videos/BigBuckBunny-2160.avi
8886,0.98721,7.06807,0.99712,44.78301,0.99957,0.79979,0.97867,0.98929,0.99365,100.0,1.81,1.15,1.04,2.16,45.56,47.53,47.95,44.78,0.988,0.99,0.989,0.987,/tmpdir/crf_16.mpd,/videos/BigBuckBunny-2160.avi
8887,0.98848,7.2329,0.99733,45.16143,0.99963,0.80752,0.981,0.99059,0.99441,100.0,1.68,1.13,1.01,1.98,45.88,47.61,48.07,45.16,0.988,0.99,0.99,0.987,/tmpdir/crf_16.mpd,/videos/BigBuckBunny-2160.avi
8888,0.98679,7.2329,0.99711,44.75372,0.99957,0.79827,0.97857,0.98936,0.9937,100.0,1.82,1.18,1.06,2.18,45.52,47.4,47.88,44.75,0.987,0.99,0.989,0.986,/tmpdir/crf_16.mpd,/videos/BigBuckBunny-2160.avi
8889,0.9924,7.15194,0.99786,46.1166,0.99978,0.82873,0.98782,0.99448,0.99687,100.0,1.36,0.93,0.9,1.59,46.78,48.45,48.6,46.12,0.99,0.991,0.99,0.989,/tmpdir/crf_16.mpd,/videos/BigBuckBunny-2160.avi
8890,0.9875,7.15194,0.99716,44.78523,0.99957,0.79985,0.97871,0.98939,0.99375,100.0,1.82,1.2,1.07,2.16,45.54,47.35,47.85,44.79,0.988,0.989,0.989,0.987,/tmpdir/crf_16.mpd,/videos/BigBuckBunny-2160.avi
8891,0.98793,7.24452,0.99731,45.09149,0.99961,0.80521,0.98017,0.99007,0.99399,100.0,1.7,1.14,1.03,2.01,45.82,47.55,48.01,45.09,0.988,0.99,0.989,0.987,/tmpdir/crf_16.mpd,/videos/BigBuckBunny-2160.avi
8892,0.98675,7.24452,0.99712,44.73013,0.99957,0.79753,0.97859,0.98927,0.99361,100.0,1.85,1.24,1.09,2.19,45.47,47.18,47.77,44.73,0.987,0.989,0.989,0.986,/tmpdir/crf_16.mpd,/videos/BigBuckBunny-2160.avi
8893,0.99247,7.3732,0.99788,46.14148,0.99978,0.82856,0.98767,0.99439,0.99685,100.0,1.36,0.95,0.91,1.58,46.78,48.35,48.53,46.14,0.99,0.991,0.99,0.989,/tmpdir/crf_16.mpd,/videos/BigBuckBunny-2160.avi
8894,0.98739,7.3732,0.99719,44.92239,0.99957,0.80211,0.97893,0.98958,0.99391,100.0,1.78,1.25,1.08,2.09,45.62,47.17,47.8,44.92,0.988,0.989,0.989,0.987,/tmpdir/crf_16.mpd,/videos/BigBuckBunny-2160.avi
8895,0.98785,7.45517,0.99734,45.16027,0.99961,0.80619,0.98028,0.99011,0.9941,100.0,1.68,1.15,1.03,1.98,45.87,47.54,48.0,45.16,0.988,0.99,0.989,0.988,/tmpdir/crf_16.mpd,/videos/BigBuckBunny-2160.avi
8896,0.98693,7.45517,0.99713,44.78331,0.99957,0.79786,0.97849,0.98926,0.99361,100.0,1.83,1.25,1.09,2.16,45.5,47.15,47.74,44.78,0.987,0.989,0.989,0.987,/tmpdir/crf_16.mpd,/videos/BigBuckBunny-2160.avi
8897,0.99217,7.39403,0.99791,46.15348,0.99978,0.82874,0.98797,0.99456,0.99696,100.0,1.36,0.95,0.92,1.58,46.79,48.34,48.51,46.15,0.99,0.991,0.99,0.99,/tmpdir/crf_16.mpd,/videos/BigBuckBunny-2160.avi
8898,0.9866,7.39403,0.99719,44.84033,0.99957,0.80064,0.97879,0.98938,0.99369,100.0,1.82,1.29,1.1,2.13,45.53,47.03,47.71,44.84,0.988,0.989,0.989,0.987,/tmpdir/crf_16.mpd,/videos/BigBuckBunny-2160.avi
8899,0.98726,7.44773,0.99734,45.10128,0.9996,0.80542,0.98056,0.99027,0.9942,100.0,1.71,1.18,1.04,2.01,45.8,47.42,47.95,45.1,0.988,0.989,0.989,0.988,/tmpdir/crf_16.mpd,/videos/BigBuckBunny-2160.avi
8900,0.98649,7.44773,0.99715,44.73594,0.99956,0.79748,0.97843,0.98921,0.99363,100.0,1.84,1.23,1.09,2.19,45.47,47.22,47.75,44.74,0.988,0.989,0.989,0.987,/tmpdir/crf_16.mpd,/videos/BigBuckBunny-2160.avi
8901,0.99217,7.5604,0.9979,46.1132,0.99977,0.82745,0.98786,0.9945,0.99687,100.0,1.38,0.96,0.92,1.59,46.75,48.29,48.47,46.11,0.99,0.991,0.99,0.99,/tmpdir/crf_16.mpd,/videos/BigBuckBunny-2160.avi
8902,0.98604,7.5604,0.99713,44.67828,0.99956,0.79641,0.97824,0.98908,0.99353,100.0,1.87,1.28,1.11,2.21,45.4,47.07,47.69,44.68,0.987,0.989,0.989,0.987,/tmpdir/crf_16.mpd,/videos/BigBuckBunny-2160.avi
8903,0.98742,7.64563,0.9973,45.04161,0.9996,0.80264,0.98034,0.99014,0.99406,100.0,1.73,1.18,1.05,2.04,45.75,47.41,47.91,45.04,0.988,0.989,0.989,0.987,/tmpdir/crf_16.mpd,/videos/BigBuckBunny-2160.avi
8904,0.98639,7.64563,0.99706,44.62959,0.99955,0.79323,0.97781,0.98892,0.99345,100.0,1.88,1.24,1.1,2.24,45.38,47.2,47.7,44.63,0.987,0.989,0.989,0.987,/tmpdir/crf_16.mpd,/videos/BigBuckBunny-2160.avi
8905,0.99179,7.63395,0.99784,46.01304,0.99977,0.82356,0.98733,0.99421,0.99668,100.0,1.41,0.98,0.95,1.63,46.65,48.2,48.37,46.01,0.99,0.99,0.99,0.989,/tmpdir/crf_16.mpd,/videos/BigBuckBunny-2160.avi
8906,0.98651,7.63395,0.99714,44.70217,0.99956,0.79521,0.97851,0.98931,0.99369,100.0,1.87,1.29,1.1,2.2,45.42,47.04,47.7,44.7,0.987,0.989,0.989,0.987,/tmpdir/crf_16.mpd,/videos/BigBuckBunny-2160.avi
8907,0.9869,7.47993,0.99726,44.93881,0.99959,0.79911,0.97958,0.98968,0.99379,100.0,1.76,1.18,1.04,2.09,45.68,47.43,47.96,44.94,0.988,0.989,0.989,0.987,/tmpdir/crf_16.mpd,/videos/BigBuckBunny-2160.avi
8908,0.98679,7.47993,0.99703,44.51925,0.99955,0.78965,0.9782,0.98926,0.9937,100.0,1.92,1.25,1.09,2.3,45.29,47.18,47.74,44.52,0.987,0.989,0.989,0.986,/tmpdir/crf_16.mpd,/videos/BigBuckBunny-2160.avi
8909,0.99163,7.78814,0.99784,45.98752,0.99977,0.82322,0.98768,0.99441,0.99685,100.0,1.41,0.98,0.94,1.64,46.63,48.21,48.42,45.99,0.99,0.99,0.99,0.989,/tmpdir/crf_16.mpd,/videos/BigBuckBunny-2160.avi
8910,0.98642,7.78814,0.99713,44.56271,0.99956,0.79172,0.97867,0.98933,0.99364,100.0,1.91,1.27,1.1,2.27,45.32,47.1,47.72,44.56,0.987,0.989,0.989,0.986,/tmpdir/crf_16.mpd,/videos/BigBuckBunny-2160.avi
8911,0.9872,7.82647,0.99724,44.76139,0.9996,0.79498,0.98014,0.9901,0.99412,100.0,1.82,1.17,1.05,2.17,45.53,47.44,47.9,44.76,0.988,0.989,0.989,0.987,/tmpdir/crf_16.mpd,/videos/BigBuckBunny-2160.avi
8912,0.98633,7.82647,0.99701,44.40061,0.99955,0.78693,0.9779,0.98902,0.99352,100.0,1.97,1.25,1.1,2.36,45.19,47.16,47.7,44.4,0.987,0.989,0.989,0.986,/tmpdir/crf_16.mpd,/videos/BigBuckBunny-2160.avi
8913,0.99188,7.78044,0.9978,45.86188,0.99977,0.82007,0.98752,0.99435,0.99681,100.0,1.45,0.99,0.95,1.69,46.53,48.19,48.35,45.86,0.989,0.99,0.99,0.989,/tmpdir/crf_16.mpd,/videos/BigBuckBunny-2160.avi
8914,0.98641,7.78044,0.99715,44.47858,0.99958,0.78977,0.97875,0.98943,0.9938,100.0,1.94,1.27,1.1,2.32,45.25,47.1,47.71,44.48,0.987,0.989,0.989,0.986,/tmpdir/crf_16.mpd,/videos/BigBuckBunny-2160.avi
8915,0.9876,7.75755,0.99726,44.70949,0.9996,0.79497,0.98039,0.99022,0.99417,100.0,1.84,1.19,1.07,2.2,45.48,47.38,47.86,44.71,0.988,0.989,0.989,0.987,/tmpdir/crf_16.mpd,/videos/BigBuckBunny-2160.avi
8916,0.9864,7.75755,0.99706,44.34799,0.99956,0.78714,0.97814,0.98898,0.99342,100.0,1.99,1.26,1.11,2.39,45.15,47.12,47.69,44.35,0.987,0.989,0.988,0.986,/tmpdir/crf_16.mpd,/videos/BigBuckBunny-2160.avi
8917,0.9921,7.4144,0.99785,45.90046,0.99977,0.82211,0.98805,0.99459,0.99693,100.0,1.43,0.98,0.94,1.67,46.57,48.23,48.4,45.9,0.989,0.99,0.99,0.989,/tmpdir/crf_16.mpd,/videos/BigBuckBunny-2160.avi
8918,0.98609,7.4144,0.99718,44.51719,0.99958,0.79148,0.97916,0.98962,0.99389,100.0,1.92,1.26,1.08,2.3,45.29,47.14,47.79,44.52,0.987,0.989,0.989,0.986,/tmpdir/crf_16.mpd,/videos/BigBuckBunny-2160.avi
8919,0.98722,7.60579,0.99731,44.84158,0.9996,0.7978,0.98067,0.99032,0.99423,100.0,1.79,1.17,1.03,2.13,45.61,47.47,47.99,44.84,0.988,0.99,0.989,0.987,/tmpdir/crf_16.mpd,/videos/BigBuckBunny-2160.avi
8920,0.98635,7.60579,0.99713,44.52139,0.99956,0.79031,0.97873,0.98937,0.99369,100.0,1.91,1.23,1.07,2.3,45.31,47.24,47.82,44.52,0.987,0.989,0.989,0.986,/tmpdir/crf_16.mpd,/videos/BigBuckBunny-2160.avi
8921,0.99209,7.45693,0.99785,45.9351,0.99977,0.8229,0.98816,0.99461,0.99694,100.0,1.42,0.97,0.92,1.66,46.61,48.28,48.48,45.94,0.989,0.991,0.99,0.989,/tmpdir/crf_16.mpd,/videos/BigBuckBunny-2160.avi
8922,0.98615,7.45693,0.99725,44.67174,0.99958,0.79577,0.97949,0.98971,0.99394,100.0,1.86,1.23,1.06,2.22,45.43,47.23,47.87,44.67,0.988,0.989,0.989,0.987,/tmpdir/crf_16.mpd,/videos/BigBuckBunny-2160.avi
8923,0.98727,7.40308,0.99736,45.05537,0.9996,0.80321,0.98068,0.99033,0.99432,100.0,1.71,1.14,1.01,2.03,45.8,47.57,48.09,45.06,0.988,0.99,0.989,0.987,/tmpdir/crf_16.mpd,/videos/BigBuckBunny-2160.avi
8924,0.98655,7.40308,0.99723,44.8093,0.99957,0.79766,0.97942,0.98974,0.994,100.0,1.81,1.21,1.05,2.15,45.56,47.31,47.91,44.81,0.988,0.989,0.989,0.987,/tmpdir/crf_16.mpd,/videos/BigBuckBunny-2160.avi
8925,0.99231,7.50323,0.99792,46.14809,0.99978,0.82816,0.98858,0.99485,0.99714,100.0,1.36,0.95,0.91,1.58,46.79,48.36,48.56,46.15,0.99,0.991,0.99,0.989,/tmpdir/crf_16.mpd,/videos/BigBuckBunny-2160.avi
8926,0.98622,7.50323,0.99717,44.70411,0.99956,0.79567,0.97853,0.9892,0.99365,100.0,1.86,1.28,1.08,2.2,45.43,47.05,47.78,44.7,0.987,0.989,0.989,0.987,/tmpdir/crf_16.mpd,/videos/BigBuckBunny-2160.avi
8927,0.98633,7.20298,0.99726,44.89922,0.99958,0.79877,0.97961,0.98969,0.99377,100.0,1.78,1.21,1.06,2.1,45.62,47.31,47.88,44.9,0.988,0.989,0.989,0.987,/tmpdir/crf_16.mpd,/videos/BigBuckBunny-2160.avi
8928,0.98542,7.20298,0.99707,44.57722,0.99954,0.79117,0.97732,0.98852,0.99316,100.0,1.91,1.3,1.11,2.27,45.31,46.97,47.67,44.58,0.987,0.989,0.989,0.986,/tmpdir/crf_16.mpd,/videos/BigBuckBunny-2160.avi
8929,0.99101,7.34038,0.99765,45.6732,0.99974,0.81549,0.98628,0.99369,0.9964,100.0,1.51,1.03,0.97,1.76,46.35,48.01,48.27,45.67,0.989,0.99,0.989,0.988,/tmpdir/crf_16.mpd,/videos/BigBuckBunny-2160.avi
8930,0.98593,7.34038,0.99707,44.58204,0.99954,0.79196,0.97761,0.98868,0.99325,100.0,1.92,1.34,1.12,2.26,45.3,46.85,47.63,44.58,0.987,0.989,0.988,0.986,/tmpdir/crf_16.mpd,/videos/BigBuckBunny-2160.avi
8931,0.98655,7.20992,0.99713,44.73965,0.99955,0.79451,0.97894,0.98942,0.99367,100.0,1.84,1.23,1.08,2.18,45.48,47.22,47.81,44.74,0.987,0.989,0.989,0.987,/tmpdir/crf_16.mpd,/videos/BigBuckBunny-2160.avi
8932,0.98532,7.20992,0.997,44.44647,0.99953,0.78753,0.97706,0.98847,0.99321,100.0,1.96,1.3,1.12,2.34,45.21,46.98,47.64,44.45,0.987,0.989,0.988,0.986,/tmpdir/crf_16.mpd,/videos/BigBuckBunny-2160.avi
8933,0.99134,7.24263,0.99773,45.80293,0.99975,0.81796,0.98681,0.994,0.9966,100.0,1.47,1.01,0.97,1.71,46.46,48.08,48.28,45.8,0.989,0.99,0.989,0.989,/tmpdir/crf_16.mpd,/videos/BigBuckBunny-2160.avi
8934,0.98649,7.24263,0.9971,44.58762,0.99954,0.79164,0.97804,0.98896,0.99346,100.0,1.92,1.34,1.13,2.26,45.3,46.86,47.59,44.59,0.987,0.989,0.988,0.986,/tmpdir/crf_16.mpd,/videos/BigBuckBunny-2160.avi
8935,0.98698,7.17567,0.9972,44.77232,0.99957,0.79479,0.97898,0.98949,0.99381,100.0,1.83,1.21,1.09,2.17,45.51,47.29,47.77,44.77,0.987,0.989,0.989,0.987,/tmpdir/crf_16.mpd,/videos/BigBuckBunny-2160.avi
8936,0.9859,7.17567,0.99706,44.48557,0.99953,0.78848,0.97739,0.98866,0.99335,100.0,1.95,1.32,1.13,2.31,45.23,46.92,47.59,44.49,0.987,0.989,0.988,0.986,/tmpdir/crf_16.mpd,/videos/BigBuckBunny-2160.avi
8937,0.99143,6.92297,0.99774,45.78795,0.99975,0.81687,0.98694,0.99411,0.99671,100.0,1.48,1.02,0.98,1.72,46.44,48.06,48.22,45.79,0.989,0.99,0.989,0.989,/tmpdir/crf_16.mpd,/videos/BigBuckBunny-2160.avi
8938,0.98589,6.92297,0.99709,44.32899,0.99956,0.78485,0.97812,0.9891,0.99358,100.0,2.01,1.31,1.14,2.4,45.1,46.96,47.56,44.33,0.987,0.989,0.988,0.986,/tmpdir/crf_16.mpd,/videos/BigBuckBunny-2160.avi
8939,0.98668,6.7654,0.99711,44.45308,0.99958,0.78668,0.97902,0.98953,0.99386,100.0,1.94,1.21,1.09,2.33,45.26,47.31,47.74,44.45,0.987,0.989,0.989,0.986,/tmpdir/crf_16.mpd,/videos/BigBuckBunny-2160.avi
8940,0.98588,6.7654,0.99696,44.12736,0.99955,0.77969,0.97782,0.98901,0.99359,100.0,2.08,1.28,1.13,2.51,44.96,47.05,47.61,44.13,0.986,0.989,0.988,0.985,/tmpdir/crf_16.mpd,/videos/BigBuckBunny-2160.avi
8941,0.99136,6.32853,0.99769,45.66067,0.99974,0.81385,0.98684,0.99407,0.99665,100.0,1.51,1.01,0.98,1.77,46.34,48.07,48.22,45.66,0.989,0.99,0.989,0.989,/tmpdir/crf_16.mpd,/videos/BigBuckBunny-2160.avi
8942,0.98609,6.32853,0.99702,44.16931,0.99957,0.78128,0.97843,0.98922,0.99365,100.0,2.06,1.25,1.13,2.49,45.0,47.15,47.61,44.17,0.986,0.989,0.988,0.985,/tmpdir/crf_16.mpd,/videos/BigBuckBunny-2160.avi
8943,0.98701,6.3659,0.99716,44.58854,0.99959,0.78993,0.97973,0.98995,0.9941,100.0,1.89,1.21,1.09,2.26,45.37,47.32,47.77,44.59,0.987,0.989,0.989,0.986,/tmpdir/crf_16.mpd,/videos/BigBuckBunny-2160.avi
8944,0.98594,6.3659,0.99704,44.26534,0.99956,0.78241,0.9782,0.98921,0.99372,100.0,2.01,1.22,1.12,2.44,45.09,47.25,47.65,44.27,0.987,0.989,0.988,0.986,/tmpdir/crf_16.mpd,/videos/BigBuckBunny-2160.avi
8945,0.99131,6.28766,0.99771,45.747,0.99975,0.81561,0.98721,0.99427,0.99678,100.0,1.48,1.0,0.97,1.73,46.42,48.13,48.28,45.75,0.989,0.99,0.989,0.989,/tmpdir/crf_16.mpd,/videos/BigBuckBunny-2160.avi
8946,0.98623,6.28766,0.99711,44.36972,0.99957,0.78721,0.97879,0.98941,0.99375,100.0,1.97,1.22,1.11,2.38,45.18,47.27,47.67,44.37,0.987,0.989,0.989,0.986,/tmpdir/crf_16.mpd,/videos/BigBuckBunny-2160.avi
8947,0.9871,5.82899,0.99721,44.73996,0.99958,0.79519,0.98013,0.99005,0.99405,100.0,1.83,1.16,1.06,2.18,45.52,47.49,47.88,44.74,0.988,0.989,0.989,0.987,/tmpdir/crf_16.mpd,/videos/BigBuckBunny-2160.avi
8948,0.98624,5.82899,0.99711,44.47707,0.99956,0.78994,0.97882,0.98952,0.99387,100.0,1.94,1.25,1.1,2.32,45.26,47.17,47.7,44.48,0.987,0.989,0.989,0.986,/tmpdir/crf_16.mpd,/videos/BigBuckBunny-2160.avi
8949,0.99211,5.8538,0.99783,46.03359,0.99977,0.82446,0.98817,0.99464,0.99694,100.0,1.39,0.95,0.92,1.62,46.69,48.34,48.5,46.03,0.989,0.99,0.99,0.989,/tmpdir/crf_16.mpd,/videos/BigBuckBunny-2160.avi
8950,0.98636,5.8538,0.99724,44.76672,0.99958,0.79625,0.97943,0.98967,0.99391,100.0,1.83,1.22,1.08,2.17,45.51,47.25,47.81,44.77,0.988,0.989,0.989,0.987,/tmpdir/crf_16.mpd,/videos/BigBuckBunny-2160.avi
8951,0.98797,5.45666,0.99734,45.03288,0.9996,0.80222,0.98102,0.99045,0.99422,100.0,1.71,1.11,1.02,2.04,45.79,47.69,48.07,45.03,0.988,0.99,0.989,0.987,/tmpdir/crf_16.mpd,/videos/BigBuckBunny-2160.avi
8952,0.98671,5.45666,0.99725,44.79606,0.99959,0.79701,0.97999,0.98995,0.99402,100.0,1.81,1.21,1.05,2.16,45.55,47.32,47.93,44.8,0.988,0.989,0.989,0.987,/tmpdir/crf_16.mpd,/videos/BigBuckBunny-2160.avi
8953,0.99251,5.15069,0.99794,46.33118,0.99978,0.83105,0.98913,0.99507,0.99714,100.0,1.3,0.9,0.87,1.51,46.98,48.61,48.73,46.33,0.99,0.991,0.99,0.99,/tmpdir/crf_16.mpd,/videos/BigBuckBunny-2160.avi
8954,0.98726,5.15069,0.99739,45.11563,0.9996,0.80571,0.98082,0.9904,0.9943,100.0,1.7,1.17,1.02,2.0,45.83,47.44,48.05,45.12,0.988,0.99,0.989,0.988,/tmpdir/crf_16.mpd,/videos/BigBuckBunny-2160.avi
8955,0.98827,4.97093,0.99748,45.36737,0.99963,0.81025,0.98231,0.9911,0.99465,100.0,1.6,1.05,0.96,1.89,46.1,47.92,48.29,45.37,0.989,0.99,0.99,0.988,/tmpdir/crf_16.mpd,/videos/BigBuckBunny-2160.avi
8956,0.98717,4.97093,0.99737,45.07885,0.9996,0.80418,0.98065,0.99028,0.99421,99.98199,1.69,1.06,0.98,2.02,45.86,47.88,48.23,45.08,0.988,0.99,0.99,0.987,/tmpdir/crf_16.mpd,/videos/BigBuckBunny-2160.avi
8957,0.99282,4.5362,0.99807,46.63546,0.9998,0.8379,0.99018,0.99551,0.99736,100.0,1.22,0.84,0.82,1.41,47.28,48.9,48.99,46.64,0.99,0.991,0.991,0.99,/tmpdir/crf_16.mpd,/videos/BigBuckBunny-2160.avi
8958,0.98768,4.5362,0.99749,45.26355,0.99963,0.80994,0.98222,0.9911,0.99475,99.87687,1.63,1.07,0.98,1.94,46.0,47.82,48.23,45.26,0.989,0.99,0.99,0.988,/tmpdir/crf_16.mpd,/videos/BigBuckBunny-2160.avi
8959,0.98862,4.3624,0.99759,45.53234,0.99965,0.81509,0.98349,0.99169,0.99498,99.97752,1.53,0.97,0.91,1.82,46.3,48.27,48.55,45.53,0.989,0.991,0.99,0.988,/tmpdir/crf_16.mpd,/videos/BigBuckBunny-2160.avi
8960,0.98749,4.3624,0.99748,45.22928,0.99963,0.80885,0.98214,0.99111,0.99471,99.73948,1.63,1.03,0.94,1.95,46.01,47.99,48.4,45.23,0.989,0.99,0.99,0.988,/tmpdir/crf_16.mpd,/videos/BigBuckBunny-2160.avi
8961,0.99311,4.11835,0.99816,46.85889,0.99981,0.84326,0.99099,0.99592,0.99763,100.0,1.16,0.79,0.78,1.34,47.5,49.14,49.22,46.86,0.991,0.992,0.991,0.99,/tmpdir/crf_16.mpd,/videos/BigBuckBunny-2160.avi
8962,0.98806,4.11835,0.99774,45.80894,0.9997,0.82144,0.98472,0.99237,0.99542,99.79369,1.43,0.9,0.85,1.71,46.58,48.61,48.85,45.81,0.99,0.991,0.991,0.989,/tmpdir/crf_16.mpd,/videos/BigBuckBunny-2160.avi
8963,0.9882,3.73279,0.99757,45.36259,0.99965,0.81265,0.98329,0.99165,0.99503,99.54581,1.56,0.91,0.86,1.89,46.21,48.55,48.8,45.36,0.989,0.991,0.991,0.988,/tmpdir/crf_16.mpd,/videos/BigBuckBunny-2160.avi
8964,0.9933,3.73279,0.99823,47.00423,0.99982,0.84714,0.99149,0.99616,0.99782,100.0,1.11,0.76,0.75,1.3,47.66,49.35,49.39,47.0,0.991,0.992,0.991,0.991,/tmpdir/crf_16.mpd,/videos/BigBuckBunny-2160.avi
8965,0.99638,3.38981,0.99914,49.85726,0.99993,0.90889,0.9963,0.9984,0.99917,100.0,0.59,0.42,0.41,0.67,50.45,51.93,51.95,49.86,0.995,0.995,0.995,0.995,/tmpdir/crf_16.mpd,/videos/BigBuckBunny-2160.avi
8966,0.99069,3.38981,0.99823,46.50443,0.99974,0.8485,0.9884,0.99442,0.9969,100.0,1.18,0.63,0.61,1.45,47.43,50.11,50.31,46.5,0.992,0.994,0.993,0.991,/tmpdir/crf_16.mpd,/videos/BigBuckBunny-2160.avi
8967,0.99084,3.07402,0.99824,46.61369,0.99973,0.84912,0.98849,0.99435,0.99682,99.89505,1.15,0.64,0.6,1.42,47.52,50.1,50.31,46.61,0.992,0.994,0.993,0.991,/tmpdir/crf_16.mpd,/videos/BigBuckBunny-2160.avi
8968,0.98958,3.07402,0.9981,46.18682,0.99971,0.84072,0.98715,0.99368,0.99641,99.61278,1.27,0.7,0.66,1.56,47.09,49.67,49.95,46.19,0.991,0.993,0.993,0.99,/tmpdir/crf_16.mpd,/videos/BigBuckBunny-2160.avi
8969,0.99478,2.60757,0.99877,48.36186,0.99987,0.88056,0.9942,0.9974,0.99856,100.0,0.81,0.55,0.54,0.95,49.03,50.75,50.82,48.36,0.993,0.994,0.994,0.993,/tmpdir/crf_16.mpd,/videos/BigBuckBunny-2160.avi
8970,0.98967,2.60757,0.99813,46.15352,0.99973,0.84017,0.98775,0.99403,0.99659,99.39898,1.3,0.78,0.69,1.58,47.01,49.24,49.74,46.15,0.991,0.993,0.992,0.99,/tmpdir/crf_16.mpd,/videos/BigBuckBunny-2160.avi
8971,0.99055,2.12218,0.99822,46.44263,0.99974,0.84487,0.98842,0.99429,0.9967,99.32459,1.22,0.75,0.67,1.48,47.27,49.39,49.87,46.44,0.991,0.993,0.993,0.991,/tmpdir/crf_16.mpd,/videos/BigBuckBunny-2160.avi
8972,0.99095,2.12218,0.99828,46.59433,0.99975,0.84765,0.98793,0.99394,0.99647,99.37548,1.19,0.77,0.68,1.42,47.37,49.24,49.82,46.59,0.992,0.993,0.993,0.991,/tmpdir/crf_16.mpd,/videos/BigBuckBunny-2160.avi
8973,0.99486,1.71947,0.99876,48.34232,0.99988,0.88008,0.9944,0.99748,0.99854,100.0,0.82,0.55,0.54,0.95,49.01,50.75,50.78,48.34,0.993,0.994,0.993,0.993,/tmpdir/crf_16.mpd,/videos/BigBuckBunny-2160.avi
8974,0.99038,1.71947,0.99822,46.41352,0.99975,0.84599,0.98863,0.99444,0.99681,99.10205,1.25,0.86,0.72,1.49,47.15,48.81,49.53,46.41,0.991,0.992,0.992,0.991,/tmpdir/crf_16.mpd,/videos/BigBuckBunny-2160.avi
8975,0.99082,1.32052,0.99828,46.63636,0.99974,0.84929,0.98866,0.9943,0.99662,98.97002,1.16,0.67,0.63,1.41,47.5,49.88,50.11,46.64,0.992,0.993,0.993,0.991,/tmpdir/crf_16.mpd,/videos/BigBuckBunny-2160.avi
8976,0.99006,1.32052,0.99823,46.54548,0.99974,0.84856,0.9879,0.99396,0.9965,98.8163,1.22,0.84,0.72,1.44,47.26,48.9,49.53,46.55,0.992,0.992,0.992,0.991,/tmpdir/crf_16.mpd,/videos/BigBuckBunny-2160.avi
8977,0.99538,0.90481,0.99887,48.75246,0.9999,0.88858,0.99509,0.99777,0.9987,99.91152,0.75,0.52,0.52,0.87,49.37,50.95,50.97,48.75,0.994,0.994,0.994,0.994,/tmpdir/crf_16.mpd,/videos/BigBuckBunny-2160.avi
8978,0.99137,0.90481,0.99817,46.41343,0.99973,0.84518,0.98818,0.99421,0.9967,98.85563,1.24,0.79,0.71,1.49,47.2,49.18,49.64,46.41,0.991,0.993,0.992,0.991,/tmpdir/crf_16.mpd,/videos/BigBuckBunny-2160.avi
8979,0.9915,0.51527,0.99823,46.73827,0.99972,0.85147,0.98832,0.99417,0.99658,98.69583,1.17,0.79,0.7,1.38,47.46,49.17,49.71,46.74,0.992,0.993,0.992,0.991,/tmpdir/crf_16.mpd,/videos/BigBuckBunny-2160.avi
8980,0.98984,0.47247,0.99821,46.56306,0.99973,0.84896,0.98796,0.99409,0.99665,98.37609,1.18,0.71,0.66,1.43,47.39,49.64,49.91,46.56,0.992,0.993,0.993,0.991,/tmpdir/crf_16.mpd,/videos/BigBuckBunny-2160.avi
8981,0.9947,0.21854,0.99868,48.1337,0.99987,0.87622,0.99361,0.99703,0.99826,99.38105,0.86,0.58,0.57,1.0,48.8,50.52,50.59,48.13,0.993,0.994,0.993,0.993,/tmpdir/crf_16.mpd,/videos/BigBuckBunny-2160.avi
8982,0.99229,0.21854,0.99833,47.15004,0.99977,0.85903,0.99022,0.99535,0.99737,98.79843,1.04,0.61,0.59,1.25,47.98,50.29,50.39,47.15,0.992,0.994,0.993,0.992,/tmpdir/crf_16.mpd,/videos/BigBuckBunny-2160.avi
8983,0.992,0.20808,0.99831,47.11831,0.99976,0.85763,0.98999,0.99514,0.99716,98.71976,1.04,0.61,0.6,1.26,47.95,50.25,50.36,47.12,0.992,0.994,0.993,0.991,/tmpdir/crf_16.mpd,/videos/BigBuckBunny-2160.avi
8984,0.99129,0.20808,0.99823,46.91433,0.99975,0.85353,0.98941,0.99486,0.99701,98.56443,1.09,0.62,0.6,1.32,47.77,50.19,50.31,46.91,0.992,0.993,0.993,0.991,/tmpdir/crf_16.mpd,/videos/BigBuckBunny-2160.avi
8985,0.99401,0.24252,0.99856,47.81155,0.99985,0.86906,0.99274,0.99663,0.99805,99.22367,0.92,0.6,0.59,1.08,48.52,50.35,50.45,47.81,0.993,0.994,0.993,0.992,/tmpdir/crf_16.mpd,/videos/BigBuckBunny-2160.avi
8986,0.99209,0.24252,0.99827,47.05603,0.99976,0.85691,0.98971,0.99505,0.99716,98.74776,1.06,0.62,0.6,1.28,47.89,50.21,50.32,47.06,0.992,0.994,0.993,0.991,/tmpdir/crf_16.mpd,/videos/BigBuckBunny-2160.avi
8987,0.99208,0.30425,0.99831,47.14364,0.99977,0.85798,0.98985,0.99502,0.99704,98.76792,1.04,0.61,0.6,1.26,47.96,50.24,50.35,47.14,0.992,0.994,0.993,0.991,/tmpdir/crf_16.mpd,/videos/BigBuckBunny-2160.avi
8988,0.99157,0.30425,0.99823,46.99544,0.99975,0.85519,0.98955,0.99498,0.99709,98.67219,1.07,0.62,0.6,1.3,47.84,50.22,50.32,47.0,0.992,0.994,0.993,0.991,/tmpdir/crf_16.mpd,/videos/BigBuckBunny-2160.avi
8989,0.99462,0.28017,0.99873,48.29547,0.99988,0.87814,0.99399,0.99729,0.99846,99.42091,0.83,0.58,0.57,0.96,48.92,50.5,50.57,48.3,0.993,0.994,0.993,0.993,/tmpdir/crf_16.mpd,/videos/BigBuckBunny-2160.avi
8990,0.99215,0.28017,0.99832,47.196,0.99977,0.85896,0.99055,0.99558,0.99752,98.81958,1.03,0.61,0.6,1.24,48.01,50.25,50.35,47.2,0.992,0.994,0.993,0.992,/tmpdir/crf_16.mpd,/videos/BigBuckBunny-2160.avi
8991,0.99211,0.2571,0.99834,47.20383,0.99978,0.85856,0.99049,0.99548,0.99744,98.79319,1.03,0.62,0.6,1.24,48.01,50.22,50.33,47.2,0.992,0.994,0.993,0.991,/tmpdir/crf_16.mpd,/videos/BigBuckBunny-2160.avi
8992,0.99185,0.2571,0.99828,47.04783,0.99977,0.8556,0.99004,0.99529,0.99738,98.72992,1.06,0.62,0.61,1.28,47.87,50.19,50.28,47.05,0.992,0.993,0.993,0.991,/tmpdir/crf_16.mpd,/videos/BigBuckBunny-2160.avi
8993,0.99448,0.23444,0.9987,48.17099,0.99987,0.87533,0.99367,0.99715,0.99842,99.36081,0.86,0.6,0.59,0.99,48.8,50.36,50.45,48.17,0.993,0.994,0.993,0.993,/tmpdir/crf_16.mpd,/videos/BigBuckBunny-2160.avi
8994,0.99178,0.23444,0.99834,47.14685,0.99978,0.85806,0.99052,0.99555,0.99752,98.7288,1.04,0.62,0.6,1.25,47.96,50.21,50.32,47.15,0.992,0.994,0.993,0.992,/tmpdir/crf_16.mpd,/videos/BigBuckBunny-2160.avi
8995,0.99209,0.22693,0.99838,47.1978,0.99978,0.85868,0.99056,0.99546,0.99739,98.77141,1.03,0.62,0.61,1.24,48.0,50.2,50.31,47.2,0.992,0.993,0.993,0.992,/tmpdir/crf_16.mpd,/videos/BigBuckBunny-2160.avi
8996,0.99133,0.22693,0.99833,47.01587,0.99978,0.85566,0.99022,0.99536,0.99735,98.62234,1.07,0.62,0.61,1.29,47.85,50.18,50.28,47.02,0.992,0.993,0.993,0.991,/tmpdir/crf_16.mpd,/videos/BigBuckBunny-2160.avi
8997,0.99456,0.2012,0.99876,48.27483,0.99988,0.87744,0.99397,0.99732,0.99851,99.37619,0.84,0.6,0.59,0.97,48.88,50.38,50.44,48.27,0.993,0.994,0.993,0.993,/tmpdir/crf_16.mpd,/videos/BigBuckBunny-2160.avi
8998,0.99157,0.2012,0.99842,47.22261,0.9998,0.85962,0.99092,0.99577,0.99765,98.69572,1.03,0.62,0.61,1.23,48.02,50.21,50.31,47.22,0.992,0.994,0.993,0.992,/tmpdir/crf_16.mpd,/videos/BigBuckBunny-2160.avi
8999,0.99174,0.19543,0.99845,47.28312,0.9998,0.86,0.99089,0.99564,0.99752,98.71205,1.02,0.62,0.61,1.22,48.06,50.18,50.28,47.28,0.992,0.993,0.993,0.992,/tmpdir/crf_16.mpd,/videos/BigBuckBunny-2160.avi
9000,0.99161,0.19543,0.99839,47.15158,0.99979,0.85758,0.99055,0.99555,0.99752,98.67917,1.04,0.63,0.61,1.25,47.95,50.14,50.25,47.15,0.992,0.993,0.993,0.992,/tmpdir/crf_16.mpd,/videos/BigBuckBunny-2160.avi
9001,0.99428,0.18215,0.99874,48.14938,0.99988,0.87495,0.99355,0.99707,0.99834,99.29202,0.87,0.61,0.6,1.0,48.76,50.28,50.36,48.15,0.993,0.994,0.993,0.993,/tmpdir/crf_16.mpd,/videos/BigBuckBunny-2160.avi
9002,0.99188,0.18215,0.99842,47.24114,0.9998,0.85922,0.99078,0.99567,0.99759,98.73239,1.03,0.63,0.62,1.23,48.02,50.11,50.23,47.24,0.992,0.993,0.993,0.992,/tmpdir/crf_16.mpd,/videos/BigBuckBunny-2160.avi
9003,0.99174,0.17538,0.99842,47.17457,0.9998,0.85762,0.99061,0.99549,0.9974,98.68267,1.04,0.64,0.63,1.25,47.95,50.05,50.17,47.17,0.992,0.993,0.993,0.992,/tmpdir/crf_16.mpd,/videos/BigBuckBunny-2160.avi
9004,0.9915,0.17538,0.99835,46.99765,0.99979,0.85438,0.99018,0.99536,0.99733,98.62431,1.08,0.65,0.63,1.3,47.8,49.99,50.13,47.0,0.992,0.993,0.993,0.992,/tmpdir/crf_16.mpd,/videos/BigBuckBunny-2160.avi
9005,0.99355,0.17642,0.99863,47.76142,0.99986,0.86679,0.99266,0.99663,0.99807,99.10581,0.94,0.64,0.63,1.09,48.41,50.06,50.16,47.76,0.993,0.993,0.993,0.993,/tmpdir/crf_16.mpd,/videos/BigBuckBunny-2160.avi
9006,0.99132,0.17642,0.99834,46.93897,0.99979,0.85285,0.99004,0.99528,0.99732,98.58575,1.1,0.66,0.65,1.32,47.73,49.91,50.03,46.94,0.992,0.993,0.992,0.992,/tmpdir/crf_16.mpd,/videos/BigBuckBunny-2160.avi
9007,0.99136,0.171,0.99833,46.88713,0.99978,0.85116,0.98986,0.99517,0.99725,98.57809,1.11,0.67,0.66,1.33,47.68,49.85,49.97,46.89,0.992,0.993,0.992,0.991,/tmpdir/crf_16.mpd,/videos/BigBuckBunny-2160.avi
9008,0.99107,0.171,0.99825,46.6997,0.99977,0.84769,0.98949,0.9951,0.99723,98.51542,1.15,0.68,0.66,1.39,47.52,49.79,49.92,46.7,0.992,0.993,0.992,0.991,/tmpdir/crf_16.mpd,/videos/BigBuckBunny-2160.avi
9009,0.99271,0.1712,0.99849,47.34777,0.99984,0.85809,0.99153,0.9961,0.99776,98.89527,1.02,0.68,0.66,1.2,48.04,49.81,49.92,47.35,0.992,0.993,0.992,0.992,/tmpdir/crf_16.mpd,/videos/BigBuckBunny-2160.avi
9010,0.99019,0.1712,0.99819,46.56093,0.99976,0.84348,0.98902,0.99495,0.9972,98.34187,1.19,0.71,0.68,1.44,47.38,49.61,49.78,46.56,0.991,0.993,0.992,0.991,/tmpdir/crf_16.mpd,/videos/BigBuckBunny-2160.avi
9011,0.99012,0.17003,0.99815,46.46124,0.99975,0.84038,0.98814,0.9944,0.99679,98.28089,1.22,0.74,0.7,1.47,47.27,49.46,49.68,46.46,0.991,0.993,0.992,0.991,/tmpdir/crf_16.mpd,/videos/BigBuckBunny-2160.avi
9012,0.98955,0.17003,0.99799,46.11973,0.99972,0.83365,0.98702,0.99391,0.99652,98.13254,1.3,0.76,0.71,1.59,46.98,49.34,49.6,46.12,0.991,0.992,0.992,0.99,/tmpdir/crf_16.mpd,/videos/BigBuckBunny-2160.avi
9013,0.99036,0.2133,0.99803,46.23989,0.99974,0.83428,0.98704,0.99393,0.99652,98.29877,1.28,0.78,0.73,1.55,47.06,49.23,49.52,46.24,0.991,0.992,0.991,0.99,/tmpdir/crf_16.mpd,/videos/BigBuckBunny-2160.avi
9014,0.98689,6.78945,0.99745,44.76308,0.99962,0.79458,0.97953,0.99018,0.99423,100.0,1.82,1.17,1.08,2.17,45.52,47.46,47.8,44.76,0.988,0.989,0.989,0.988,/tmpdir/crf_16.mpd,/videos/BigBuckBunny-2160.avi
9015,0.98743,32.01037,0.99709,44.40867,0.99967,0.77338,0.97858,0.9902,0.99459,100.0,1.99,1.3,1.21,2.36,45.14,46.99,47.29,44.41,0.987,0.988,0.987,0.986,/tmpdir/crf_16.mpd,/videos/BigBuckBunny-2160.avi
9016,0.98807,32.66957,0.99717,44.8075,0.99968,0.77852,0.97873,0.99019,0.99465,100.0,1.82,1.2,1.13,2.15,45.53,47.32,47.6,44.81,0.987,0.988,0.988,0.987,/tmpdir/crf_16.mpd,/videos/BigBuckBunny-2160.avi
9017,0.98964,26.14053,0.99784,46.16304,0.99973,0.81434,0.9806,0.99048,0.99469,100.0,1.39,1.07,1.0,1.57,46.69,47.86,48.14,46.16,0.99,0.989,0.989,0.99,/tmpdir/crf_16.mpd,/videos/BigBuckBunny-2160.avi
9018,0.9956,18.0133,0.99904,49.17087,0.99991,0.89313,0.99391,0.99721,0.99847,100.0,0.71,0.56,0.54,0.79,49.63,50.64,50.81,49.17,0.994,0.994,0.994,0.995,/tmpdir/crf_16.mpd,/videos/BigBuckBunny-2160.avi
9019,0.99273,0.12269,0.99858,47.27244,0.99981,0.86037,0.9897,0.99504,0.99703,98.80465,0.98,0.52,0.5,1.22,48.2,50.93,51.13,47.27,0.993,0.994,0.994,0.993,/tmpdir/crf_16.mpd,/videos/BigBuckBunny-2160.avi
9020,0.99374,0.12269,0.99878,48.13712,0.99985,0.87315,0.99214,0.99624,0.99774,99.09963,0.83,0.49,0.48,1.0,48.95,51.19,51.35,48.14,0.994,0.994,0.994,0.993,/tmpdir/crf_16.mpd,/videos/BigBuckBunny-2160.avi
9021,0.99397,0.12917,0.99887,48.53998,0.99987,0.8808,0.99314,0.99683,0.99814,99.20933,0.76,0.47,0.45,0.91,49.32,51.42,51.57,48.54,0.994,0.995,0.994,0.994,/tmpdir/crf_16.mpd,/videos/BigBuckBunny-2160.avi
9022,0.99597,0.12917,0.99909,49.77242,0.99992,0.89964,0.99589,0.99822,0.99896,99.7174,0.6,0.43,0.42,0.69,50.35,51.76,51.89,49.77,0.995,0.995,0.995,0.995,/tmpdir/crf_16.mpd,/videos/BigBuckBunny-2160.avi
9023,0.99383,0.12668,0.99888,48.54392,0.99987,0.88146,0.99306,0.99675,0.99816,99.18577,0.76,0.47,0.45,0.91,49.33,51.44,51.58,48.54,0.994,0.995,0.994,0.994,/tmpdir/crf_16.mpd,/videos/BigBuckBunny-2160.avi
9024,0.99375,0.12668,0.9989,48.64011,0.99987,0.88218,0.99321,0.99676,0.99813,99.17052,0.75,0.47,0.46,0.89,49.39,51.4,51.54,48.64,0.994,0.995,0.994,0.994,/tmpdir/crf_16.mpd,/videos/BigBuckBunny-2160.avi
9025,0.99371,0.12987,0.99886,48.50433,0.99987,0.88017,0.99305,0.99678,0.99821,99.16494,0.77,0.48,0.47,0.92,49.26,51.29,51.41,48.5,0.994,0.994,0.994,0.994,/tmpdir/crf_16.mpd,/videos/BigBuckBunny-2160.avi
9026,0.99561,0.12987,0.99904,49.45514,0.99991,0.8939,0.99532,0.99791,0.99881,99.61647,0.65,0.47,0.46,0.74,50.02,51.37,51.48,49.46,0.994,0.995,0.994,0.994,/tmpdir/crf_16.mpd,/videos/BigBuckBunny-2160.avi
9027,0.99334,0.1271,0.99884,48.36127,0.99986,0.87801,0.99275,0.99663,0.99811,99.08148,0.8,0.5,0.48,0.95,49.12,51.15,51.28,48.36,0.994,0.994,0.994,0.994,/tmpdir/crf_16.mpd,/videos/BigBuckBunny-2160.avi
9028,0.99359,0.1271,0.99887,48.53361,0.99987,0.88011,0.99286,0.99659,0.99805,99.12682,0.77,0.5,0.48,0.91,49.26,51.17,51.29,48.53,0.994,0.994,0.994,0.994,/tmpdir/crf_16.mpd,/videos/BigBuckBunny-2160.avi
9029,0.99389,0.13076,0.99883,48.45229,0.99986,0.87894,0.99258,0.99651,0.99805,99.17634,0.78,0.5,0.49,0.93,49.19,51.11,51.25,48.45,0.994,0.994,0.994,0.994,/tmpdir/crf_16.mpd,/videos/BigBuckBunny-2160.avi
9030,0.99542,0.13076,0.999,49.32145,0.99991,0.89185,0.99478,0.99757,0.99857,99.55168,0.67,0.49,0.47,0.76,49.89,51.25,51.37,49.32,0.994,0.994,0.994,0.994,/tmpdir/crf_16.mpd,/videos/BigBuckBunny-2160.avi
9031,0.99348,0.133,0.99881,48.36987,0.99986,0.87779,0.9922,0.9963,0.99791,99.08582,0.8,0.51,0.5,0.95,49.1,51.01,51.14,48.37,0.994,0.994,0.994,0.994,/tmpdir/crf_16.mpd,/videos/BigBuckBunny-2160.avi
9032,0.99353,0.133,0.99883,48.45671,0.99986,0.87848,0.99221,0.99621,0.99782,99.08657,0.79,0.52,0.5,0.93,49.16,50.99,51.13,48.46,0.994,0.994,0.994,0.994,/tmpdir/crf_16.mpd,/videos/BigBuckBunny-2160.avi
9033,0.99332,0.14231,0.99878,48.2807,0.99985,0.87583,0.99192,0.99612,0.99777,99.04185,0.82,0.53,0.51,0.97,49.01,50.91,51.05,48.28,0.994,0.994,0.994,0.994,/tmpdir/crf_16.mpd,/videos/BigBuckBunny-2160.avi
9034,0.99466,0.14231,0.99892,48.98191,0.99989,0.88621,0.99397,0.99715,0.99833,99.37515,0.72,0.51,0.5,0.82,49.58,51.02,51.16,48.98,0.994,0.994,0.994,0.994,/tmpdir/crf_16.mpd,/videos/BigBuckBunny-2160.avi
9035,0.99289,0.15863,0.99873,48.13737,0.99984,0.87318,0.99127,0.9958,0.99764,98.94595,0.84,0.55,0.53,1.0,48.86,50.75,50.9,48.14,0.994,0.994,0.994,0.993,/tmpdir/crf_16.mpd,/videos/BigBuckBunny-2160.avi
9036,0.99295,0.15863,0.99872,48.15436,0.99983,0.87311,0.99096,0.99551,0.99732,98.92906,0.84,0.55,0.53,0.99,48.87,50.7,50.88,48.15,0.994,0.994,0.994,0.993,/tmpdir/crf_16.mpd,/videos/BigBuckBunny-2160.avi
9037,0.99131,4.72775,0.99846,47.57071,0.99978,0.85984,0.9876,0.99384,0.99636,100.0,0.97,0.66,0.61,1.14,48.26,49.94,50.24,47.57,0.993,0.993,0.993,0.993,/tmpdir/crf_16.mpd,/videos/BigBuckBunny-2160.avi
9038,0.99385,4.25131,0.99869,48.53575,0.99986,0.87533,0.99232,0.9964,0.99796,100.0,0.8,0.58,0.56,0.91,49.12,50.47,50.68,48.54,0.993,0.994,0.993,0.993,/tmpdir/crf_16.mpd,/videos/BigBuckBunny-2160.avi
9039,0.99114,2.16322,0.99847,47.53854,0.99978,0.8605,0.98879,0.99459,0.99683,99.50006,0.96,0.62,0.58,1.15,48.29,50.22,50.48,47.54,0.993,0.993,0.993,0.992,/tmpdir/crf_16.mpd,/videos/BigBuckBunny-2160.avi
9040,0.99236,2.16322,0.99858,47.96214,0.99981,0.86755,0.98953,0.99487,0.99697,99.74968,0.89,0.6,0.57,1.04,48.65,50.36,50.56,47.96,0.993,0.993,0.993,0.993,/tmpdir/crf_16.mpd,/videos/BigBuckBunny-2160.avi
9041,0.9917,1.44356,0.99846,47.74615,0.99978,0.8625,0.98866,0.99434,0.99664,99.2205,0.93,0.6,0.58,1.09,48.47,50.33,50.5,47.75,0.993,0.993,0.993,0.992,/tmpdir/crf_16.mpd,/videos/BigBuckBunny-2160.avi
9042,0.9939,1.44356,0.99877,48.74338,0.99987,0.87909,0.99277,0.99664,0.9981,99.81392,0.76,0.56,0.55,0.87,49.3,50.62,50.76,48.74,0.993,0.994,0.993,0.993,/tmpdir/crf_16.mpd,/videos/BigBuckBunny-2160.avi
9043,0.99055,1.29799,0.9984,47.56354,0.99976,0.85937,0.9881,0.99414,0.99652,98.92407,0.96,0.63,0.6,1.14,48.29,50.16,50.34,47.56,0.993,0.993,0.993,0.992,/tmpdir/crf_16.mpd,/videos/BigBuckBunny-2160.avi
9044,0.99112,1.29799,0.99853,47.8805,0.9998,0.86441,0.98982,0.99504,0.99705,99.09657,0.91,0.62,0.59,1.06,48.55,50.21,50.41,47.88,0.993,0.993,0.993,0.993,/tmpdir/crf_16.mpd,/videos/BigBuckBunny-2160.avi
9045,0.99168,0.85101,0.99848,47.75237,0.99979,0.86222,0.98879,0.99446,0.99671,98.93303,0.93,0.62,0.6,1.09,48.44,50.2,50.35,47.75,0.993,0.993,0.993,0.993,/tmpdir/crf_16.mpd,/videos/BigBuckBunny-2160.avi
9046,0.9931,0.85101,0.99872,48.48608,0.99986,0.87377,0.99197,0.99621,0.99782,99.33715,0.81,0.61,0.58,0.92,49.03,50.3,50.47,48.49,0.993,0.993,0.993,0.993,/tmpdir/crf_16.mpd,/videos/BigBuckBunny-2160.avi
9047,0.99037,0.53572,0.99838,47.38206,0.99976,0.85549,0.98787,0.99407,0.99649,98.50654,1.01,0.66,0.63,1.19,48.1,49.93,50.12,47.38,0.992,0.993,0.992,0.992,/tmpdir/crf_16.mpd,/videos/BigBuckBunny-2160.avi
9048,0.99068,0.53572,0.99843,47.50322,0.99978,0.85654,0.98873,0.99449,0.99672,98.59009,0.99,0.67,0.64,1.16,48.18,49.88,50.06,47.5,0.992,0.993,0.992,0.992,/tmpdir/crf_16.mpd,/videos/BigBuckBunny-2160.avi
9049,0.99042,0.27149,0.99833,47.18264,0.99976,0.85038,0.98757,0.99395,0.99644,98.36995,1.06,0.69,0.66,1.24,47.9,49.72,49.91,47.18,0.992,0.992,0.992,0.992,/tmpdir/crf_16.mpd,/videos/BigBuckBunny-2160.avi
9050,0.99096,0.27149,0.9984,47.3711,0.99978,0.85258,0.98867,0.99452,0.99677,98.5082,1.02,0.7,0.67,1.19,48.03,49.66,49.85,47.37,0.992,0.992,0.992,0.992,/tmpdir/crf_16.mpd,/videos/BigBuckBunny-2160.avi
9051,0.9896,0.62295,0.99819,46.75263,0.99973,0.84236,0.98613,0.99326,0.99602,98.3279,1.16,0.74,0.7,1.37,47.5,49.45,49.67,46.75,0.991,0.992,0.992,0.991,/tmpdir/crf_16.mpd,/videos/BigBuckBunny-2160.avi
9052,0.99832,0.08,0.99779,55.39206,0.99842,0.95851,0.99872,0.99947,0.99973,100.0,0.17,0.14,0.14,0.19,55.8,56.74,56.8,55.39,0.999,0.999,0.999,0.999,/tmpdir/crf_16.mpd,/videos/BigBuckBunny-2160.avi
9053,0.99693,0.06327,0.99772,53.22929,0.99841,0.93855,0.99627,0.99853,0.99938,100.0,0.27,0.18,0.17,0.31,53.89,55.55,55.72,53.23,0.999,0.998,0.998,0.999,/tmpdir/crf_16.mpd,/videos/BigBuckBunny-2160.avi
9054,0.99702,0.06327,0.99772,53.26415,0.99841,0.93779,0.99687,0.99867,0.9993,100.0,0.27,0.19,0.18,0.31,53.9,55.43,55.63,53.26,0.999,0.998,0.998,0.999,/tmpdir/crf_16.mpd,/videos/BigBuckBunny-2160.avi
9055,0.99612,0.06357,0.99767,52.4154,0.9984,0.93026,0.99528,0.99832,0.99951,99.85954,0.32,0.21,0.2,0.37,53.11,54.85,55.09,52.42,0.998,0.998,0.998,0.999,/tmpdir/crf_16.mpd,/videos/BigBuckBunny-2160.avi
9056,0.99593,0.06357,0.99767,52.3307,0.9984,0.9292,0.99502,0.99807,0.9993,99.79927,0.32,0.21,0.2,0.38,53.05,54.85,55.09,52.33,0.998,0.998,0.998,0.999,/tmpdir/crf_16.mpd,/videos/BigBuckBunny-2160.avi
9057,0.99581,0.11572,0.99765,52.03143,0.9984,0.92503,0.99465,0.99784,0.9991,99.76663,0.35,0.23,0.22,0.41,52.73,54.45,54.75,52.03,0.998,0.998,0.998,0.998,/tmpdir/crf_16.mpd,/videos/BigBuckBunny-2160.avi
9058,0.99655,0.25944,0.99768,52.71634,0.99841,0.93092,0.99655,0.99848,0.99921,100.0,0.31,0.23,0.21,0.35,53.28,54.55,54.85,52.72,0.998,0.998,0.998,0.998,/tmpdir/crf_16.mpd,/videos/BigBuckBunny-2160.avi
9059,0.99676,0.18599,0.99769,52.65299,0.99841,0.93021,0.99654,0.99843,0.99913,100.0,0.31,0.23,0.22,0.35,53.21,54.46,54.78,52.65,0.998,0.998,0.998,0.998,/tmpdir/crf_16.mpd,/videos/BigBuckBunny-2160.avi
9060,0.99678,0.16755,0.99769,52.6103,0.99842,0.92966,0.99655,0.99845,0.99913,100.0,0.31,0.24,0.22,0.36,53.16,54.39,54.7,52.61,0.998,0.998,0.998,0.998,/tmpdir/crf_16.mpd,/videos/BigBuckBunny-2160.avi
9061,0.99686,0.12719,0.99769,52.61023,0.99842,0.92948,0.99666,0.9985,0.99913,99.99675,0.32,0.24,0.23,0.36,53.13,54.25,54.58,52.61,0.998,0.998,0.998,0.998,/tmpdir/crf_16.mpd,/videos/BigBuckBunny-2160.avi
9062,0.99683,0.12719,0.99769,52.53818,0.99842,0.92857,0.99662,0.99848,0.99911,99.98644,0.32,0.25,0.23,0.36,53.06,54.17,54.49,52.54,0.998,0.998,0.998,0.998,/tmpdir/crf_16.mpd,/videos/BigBuckBunny-2160.avi
9063,0.99631,0.10976,0.99767,52.14256,0.99842,0.92473,0.99546,0.99809,0.99909,99.85888,0.35,0.26,0.24,0.4,52.7,53.93,54.26,52.14,0.998,0.998,0.998,0.998,/tmpdir/crf_16.mpd,/videos/BigBuckBunny-2160.avi
9064,0.99688,0.10976,0.99769,52.55478,0.99842,0.92863,0.99688,0.99864,0.99926,100.0,0.33,0.26,0.24,0.36,53.01,53.92,54.25,52.55,0.998,0.998,0.998,0.998,/tmpdir/crf_16.mpd,/videos/BigBuckBunny-2160.avi
9065,0.99621,0.09711,0.99767,52.13713,0.99841,0.92465,0.99551,0.99812,0.99913,99.8393,0.35,0.27,0.25,0.4,52.65,53.74,54.07,52.14,0.998,0.998,0.998,0.998,/tmpdir/crf_16.mpd,/videos/BigBuckBunny-2160.avi
9066,0.99683,0.09711,0.99769,52.5433,0.99842,0.92849,0.99686,0.99863,0.99926,99.9869,0.33,0.27,0.25,0.36,52.95,53.77,54.07,52.54,0.998,0.998,0.998,0.998,/tmpdir/crf_16.mpd,/videos/BigBuckBunny-2160.avi
9067,0.99579,0.09,0.99766,52.1014,0.99841,0.92369,0.9949,0.9977,0.99877,99.72223,0.36,0.28,0.26,0.4,52.6,53.66,53.95,52.1,0.998,0.998,0.997,0.998,/tmpdir/crf_16.mpd,/videos/BigBuckBunny-2160.avi
9068,0.99597,0.09,0.99765,51.95719,0.99841,0.92305,0.995,0.99798,0.99916,99.78495,0.37,0.29,0.27,0.41,52.45,53.51,53.81,51.96,0.998,0.998,0.997,0.998,/tmpdir/crf_16.mpd,/videos/BigBuckBunny-2160.avi
9069,0.99657,0.08775,0.99769,52.54627,0.99842,0.92841,0.9967,0.9985,0.99915,99.92414,0.33,0.29,0.27,0.36,52.9,53.57,53.87,52.55,0.998,0.998,0.997,0.998,/tmpdir/crf_16.mpd,/videos/BigBuckBunny-2160.avi
9070,0.99582,0.08775,0.99766,52.15512,0.99841,0.92423,0.99511,0.99775,0.99876,99.72845,0.36,0.29,0.27,0.4,52.59,53.49,53.78,52.16,0.998,0.998,0.997,0.998,/tmpdir/crf_16.mpd,/videos/BigBuckBunny-2160.avi
9071,0.99602,0.08187,0.99765,51.98992,0.99841,0.92269,0.99518,0.99795,0.99901,99.77837,0.37,0.3,0.28,0.41,52.42,53.3,53.6,51.99,0.998,0.997,0.997,0.998,/tmpdir/crf_16.mpd,/videos/BigBuckBunny-2160.avi
9072,0.99661,0.08187,0.99768,52.49174,0.99842,0.92769,0.99674,0.99852,0.99914,99.92725,0.34,0.3,0.28,0.37,52.81,53.38,53.67,52.49,0.998,0.997,0.997,0.998,/tmpdir/crf_16.mpd,/videos/BigBuckBunny-2160.avi
9073,0.99844,0.08024,0.99781,55.61404,0.99843,0.96027,0.99879,0.99948,0.99972,100.0,0.16,0.13,0.13,0.18,56.03,56.97,57.03,55.61,0.999,0.999,0.999,0.999,/tmpdir/crf_16.mpd,/videos/BigBuckBunny-2160.avi
9074,0.99701,0.08024,0.99774,53.65922,0.99842,0.94316,0.99645,0.99844,0.99918,100.0,0.24,0.17,0.16,0.28,54.3,55.9,56.06,53.66,0.999,0.998,0.998,0.999,/tmpdir/crf_16.mpd,/videos/BigBuckBunny-2160.avi
9075,0.9967,0.07747,0.99771,52.90927,0.99841,0.93485,0.99589,0.99841,0.99936,99.97846,0.28,0.19,0.18,0.33,53.61,55.38,55.6,52.91,0.999,0.998,0.998,0.999,/tmpdir/crf_16.mpd,/videos/BigBuckBunny-2160.avi
9076,0.99712,0.07747,0.99773,53.20436,0.99842,0.93691,0.99707,0.99878,0.99936,100.0,0.27,0.19,0.18,0.31,53.84,55.34,55.59,53.2,0.999,0.998,0.998,0.999,/tmpdir/crf_16.mpd,/videos/BigBuckBunny-2160.avi
9077,0.99641,0.07385,0.99769,52.55558,0.99841,0.93049,0.99579,0.99834,0.99931,99.90372,0.31,0.21,0.2,0.36,53.24,54.9,55.18,52.56,0.998,0.998,0.998,0.999,/tmpdir/crf_16.mpd,/videos/BigBuckBunny-2160.avi
9078,0.99696,0.07385,0.99771,52.92861,0.99842,0.93345,0.99695,0.99871,0.99934,100.0,0.29,0.21,0.2,0.33,53.53,54.92,55.21,52.93,0.998,0.998,0.998,0.999,/tmpdir/crf_16.mpd,/videos/BigBuckBunny-2160.avi
9079,0.99582,0.07252,0.99768,52.3795,0.99841,0.9277,0.99497,0.99777,0.99885,99.74055,0.32,0.22,0.21,0.38,53.05,54.68,54.98,52.38,0.998,0.998,0.998,0.999,/tmpdir/crf_16.mpd,/videos/BigBuckBunny-2160.avi
9080,0.99588,0.07252,0.99767,52.19742,0.99841,0.92662,0.99502,0.998,0.99917,99.77466,0.34,0.23,0.22,0.39,52.86,54.44,54.77,52.2,0.998,0.998,0.998,0.998,/tmpdir/crf_16.mpd,/videos/BigBuckBunny-2160.avi
9081,0.99647,0.07166,0.9977,52.79373,0.99842,0.93176,0.99667,0.9985,0.99919,99.9151,0.3,0.23,0.21,0.34,53.33,54.49,54.84,52.79,0.998,0.998,0.998,0.999,/tmpdir/crf_16.mpd,/videos/BigBuckBunny-2160.avi
9082,0.99586,0.07166,0.99767,52.36661,0.99841,0.92714,0.9952,0.99781,0.9988,99.74296,0.33,0.24,0.22,0.38,52.97,54.32,54.67,52.37,0.998,0.998,0.998,0.998,/tmpdir/crf_16.mpd,/videos/BigBuckBunny-2160.avi
9083,0.99587,0.07006,0.99766,52.11117,0.99841,0.92454,0.99508,0.99789,0.99896,99.74907,0.35,0.26,0.24,0.4,52.71,54.03,54.41,52.11,0.998,0.998,0.998,0.998,/tmpdir/crf_16.mpd,/videos/BigBuckBunny-2160.avi
9084,0.99638,0.07006,0.99769,52.56276,0.99842,0.9287,0.99652,0.9984,0.99908,99.87625,0.32,0.25,0.23,0.36,53.06,54.08,54.46,52.56,0.998,0.998,0.998,0.998,/tmpdir/crf_16.mpd,/videos/BigBuckBunny-2160.avi
9085,0.99548,0.07065,0.99766,52.05882,0.99841,0.92319,0.99463,0.99755,0.99868,99.64544,0.35,0.27,0.24,0.4,52.63,53.88,54.25,52.06,0.998,0.998,0.998,0.998,/tmpdir/crf_16.mpd,/videos/BigBuckBunny-2160.avi
9086,0.99572,0.07065,0.99765,51.90666,0.99841,0.92221,0.9947,0.99779,0.99901,99.7131,0.37,0.28,0.26,0.42,52.46,53.67,54.04,51.91,0.998,0.998,0.998,0.998,/tmpdir/crf_16.mpd,/videos/BigBuckBunny-2160.avi
9087,0.9964,0.07175,0.99768,52.42061,0.99842,0.92686,0.99639,0.99834,0.99906,99.87142,0.34,0.28,0.26,0.37,52.85,53.68,54.05,52.42,0.998,0.998,0.998,0.998,/tmpdir/crf_16.mpd,/videos/BigBuckBunny-2160.avi
9088,0.99567,0.07175,0.99766,52.04975,0.99841,0.92285,0.99492,0.99767,0.99875,99.68714,0.36,0.29,0.26,0.41,52.55,53.57,53.94,52.05,0.998,0.998,0.998,0.998,/tmpdir/crf_16.mpd,/videos/BigBuckBunny-2160.avi
9089,0.99566,0.06916,0.99765,51.82058,0.99841,0.92054,0.99487,0.99781,0.99894,99.69157,0.38,0.3,0.27,0.43,52.32,53.35,53.75,51.82,0.998,0.998,0.997,0.998,/tmpdir/crf_16.mpd,/videos/BigBuckBunny-2160.avi
9090,0.99623,0.06916,0.99767,52.2273,0.99841,0.92434,0.99623,0.99829,0.99903,99.82692,0.35,0.3,0.27,0.39,52.63,53.38,53.77,52.23,0.998,0.998,0.997,0.998,/tmpdir/crf_16.mpd,/videos/BigBuckBunny-2160.avi
9091,0.99573,0.06893,0.99765,51.78495,0.99841,0.91949,0.99492,0.99776,0.99884,99.69367,0.39,0.31,0.29,0.43,52.25,53.19,53.56,51.78,0.998,0.997,0.997,0.998,/tmpdir/crf_16.mpd,/videos/BigBuckBunny-2160.avi
9092,0.99615,0.06893,0.99766,52.053,0.99841,0.92203,0.99604,0.99819,0.99898,99.79796,0.37,0.31,0.29,0.41,52.45,53.19,53.55,52.05,0.998,0.997,0.997,0.998,/tmpdir/crf_16.mpd,/videos/BigBuckBunny-2160.avi
9093,0.99567,0.06905,0.99764,51.68052,0.99841,0.91821,0.99484,0.99776,0.99888,99.68023,0.4,0.33,0.3,0.44,52.12,53.0,53.36,51.68,0.998,0.997,0.997,0.998,/tmpdir/crf_16.mpd,/videos/BigBuckBunny-2160.avi
9094,0.99602,0.06905,0.99766,51.93903,0.99841,0.92054,0.996,0.99822,0.99902,99.77424,0.38,0.33,0.3,0.42,52.31,52.98,53.35,51.94,0.998,0.997,0.997,0.998,/tmpdir/crf_16.mpd,/videos/BigBuckBunny-2160.avi
9095,0.99561,0.06748,0.99763,51.59565,0.9984,0.91702,0.99474,0.99768,0.99882,99.65889,0.41,0.34,0.31,0.45,52.02,52.84,53.19,51.6,0.998,0.997,0.997,0.998,/tmpdir/crf_16.mpd,/videos/BigBuckBunny-2160.avi
9096,0.99586,0.06748,0.99765,51.82729,0.99841,0.91908,0.9958,0.9981,0.99893,99.73103,0.39,0.34,0.31,0.43,52.18,52.81,53.16,51.83,0.998,0.997,0.997,0.998,/tmpdir/crf_16.mpd,/videos/BigBuckBunny-2160.avi
9097,0.99547,0.0675,0.99763,51.48505,0.9984,0.91548,0.99462,0.99765,0.99882,99.62834,0.42,0.35,0.33,0.46,51.89,52.66,53.01,51.49,0.998,0.997,0.997,0.998,/tmpdir/crf_16.mpd,/videos/BigBuckBunny-2160.avi
9098,0.99579,0.0675,0.99764,51.687,0.99841,0.91715,0.99561,0.998,0.99886,99.70373,0.41,0.36,0.33,0.44,52.03,52.62,52.98,51.69,0.998,0.997,0.997,0.998,/tmpdir/crf_16.mpd,/videos/BigBuckBunny-2160.avi
9099,0.99533,0.06803,0.99762,51.38497,0.9984,0.91399,0.99448,0.99761,0.9988,99.5954,0.43,0.37,0.34,0.47,51.76,52.46,52.83,51.38,0.998,0.997,0.997,0.998,/tmpdir/crf_16.mpd,/videos/BigBuckBunny-2160.avi
9100,0.99557,0.06803,0.99763,51.55717,0.99841,0.91535,0.9954,0.99794,0.99885,99.65557,0.42,0.37,0.34,0.45,51.88,52.44,52.79,51.56,0.998,0.997,0.997,0.998,/tmpdir/crf_16.mpd,/videos/BigBuckBunny-2160.avi
9101,0.99513,0.06726,0.99761,51.25455,0.9984,0.9122,0.99431,0.99753,0.99874,99.5475,0.45,0.39,0.35,0.49,51.62,52.26,52.63,51.25,0.998,0.997,0.997,0.998,/tmpdir/crf_16.mpd,/videos/BigBuckBunny-2160.avi
9102,0.9954,0.06726,0.99762,51.39269,0.9984,0.91308,0.99516,0.99784,0.9988,99.61052,0.44,0.39,0.36,0.47,51.7,52.22,52.59,51.39,0.998,0.997,0.997,0.998,/tmpdir/crf_16.mpd,/videos/BigBuckBunny-2160.avi
9103,0.99455,0.06744,0.9976,51.15132,0.9984,0.91025,0.99361,0.99711,0.99843,99.40466,0.46,0.4,0.37,0.5,51.49,52.09,52.45,51.15,0.998,0.997,0.997,0.998,/tmpdir/crf_16.mpd,/videos/BigBuckBunny-2160.avi
9104,0.99461,0.06744,0.99759,50.99899,0.99839,0.90888,0.99362,0.99736,0.99878,99.44093,0.48,0.42,0.38,0.52,51.34,51.92,52.3,51.0,0.998,0.997,0.996,0.998,/tmpdir/crf_16.mpd,/videos/BigBuckBunny-2160.avi
9105,0.99478,0.06707,0.99761,51.15958,0.9984,0.9097,0.99473,0.99766,0.99869,99.47659,0.47,0.43,0.39,0.5,51.43,51.83,52.23,51.16,0.998,0.997,0.996,0.998,/tmpdir/crf_16.mpd,/videos/BigBuckBunny-2160.avi
9106,0.99424,0.06707,0.99759,50.97371,0.9984,0.90743,0.99361,0.9971,0.99838,99.33766,0.49,0.44,0.4,0.52,51.27,51.74,52.14,50.97,0.998,0.996,0.996,0.998,/tmpdir/crf_16.mpd,/videos/BigBuckBunny-2160.avi
9107,0.99411,0.06634,0.99757,50.68892,0.99839,0.90382,0.99317,0.99708,0.99854,99.3103,0.52,0.46,0.42,0.55,51.01,51.53,51.94,50.69,0.997,0.996,0.996,0.998,/tmpdir/crf_16.mpd,/videos/BigBuckBunny-2160.avi
9108,0.99414,0.06634,0.99758,50.72347,0.9984,0.90334,0.99371,0.99717,0.99839,99.30743,0.51,0.46,0.42,0.55,51.01,51.46,51.87,50.72,0.997,0.996,0.996,0.998,/tmpdir/crf_16.mpd,/videos/BigBuckBunny-2160.avi
9109,0.99354,0.06699,0.99755,50.4157,0.99839,0.89938,0.99256,0.99671,0.99824,99.16557,0.55,0.48,0.44,0.59,50.74,51.28,51.7,50.42,0.997,0.996,0.996,0.998,/tmpdir/crf_16.mpd,/videos/BigBuckBunny-2160.avi
9110,0.99361,0.06699,0.99755,50.30962,0.99839,0.89735,0.99249,0.99662,0.9981,99.16032,0.56,0.5,0.45,0.61,50.64,51.18,51.61,50.31,0.997,0.996,0.996,0.998,/tmpdir/crf_16.mpd,/videos/BigBuckBunny-2160.avi
9111,0.99306,0.06721,0.99752,50.03204,0.99839,0.89387,0.99153,0.9963,0.99807,99.03886,0.6,0.52,0.47,0.65,50.38,50.97,51.41,50.03,0.997,0.996,0.996,0.998,/tmpdir/crf_16.mpd,/videos/BigBuckBunny-2160.avi
9112,0.99265,0.06721,0.99751,49.82231,0.99839,0.89017,0.99108,0.99605,0.99782,98.93077,0.62,0.53,0.48,0.68,50.2,50.86,51.31,49.82,0.997,0.996,0.996,0.998,/tmpdir/crf_16.mpd,/videos/BigBuckBunny-2160.avi
9113,0.99155,0.06628,0.99746,49.42118,0.99838,0.88446,0.98883,0.99492,0.99721,98.64608,0.67,0.56,0.5,0.74,49.86,50.67,51.14,49.42,0.997,0.996,0.995,0.998,/tmpdir/crf_16.mpd,/videos/BigBuckBunny-2160.avi
9114,0.9909,0.06628,0.99743,49.06125,0.99837,0.87929,0.9872,0.99419,0.99687,98.47165,0.72,0.58,0.52,0.81,49.55,50.51,51.0,49.06,0.997,0.996,0.995,0.997,/tmpdir/crf_16.mpd,/videos/BigBuckBunny-2160.avi
9115,0.98905,0.07435,0.99736,48.38018,0.99835,0.86819,0.98302,0.99196,0.99556,97.96769,0.82,0.6,0.53,0.94,49.0,50.36,50.87,48.38,0.997,0.995,0.995,0.997,/tmpdir/crf_16.mpd,/videos/BigBuckBunny-2160.avi
9116,0.99798,0.14614,0.99962,53.25089,0.99997,0.94821,0.99813,0.99914,0.99952,100.0,0.27,0.21,0.2,0.31,53.77,55.0,55.11,53.25,0.997,0.997,0.997,0.997,/tmpdir/crf_16.mpd,/videos/BigBuckBunny-2160.avi
9117,0.99616,0.11455,0.99939,50.88414,0.99992,0.92443,0.99557,0.99791,0.99888,99.81456,0.44,0.27,0.26,0.53,51.69,53.9,54.01,50.88,0.997,0.997,0.997,0.997,/tmpdir/crf_16.mpd,/videos/BigBuckBunny-2160.avi
9118,0.99619,0.11455,0.99937,50.74898,0.99992,0.92195,0.99534,0.99773,0.99871,99.79439,0.46,0.28,0.27,0.55,51.54,53.7,53.81,50.75,0.996,0.997,0.997,0.996,/tmpdir/crf_16.mpd,/videos/BigBuckBunny-2160.avi
9119,0.99622,0.11125,0.99932,50.46882,0.99991,0.91803,0.99505,0.99766,0.99873,99.78442,0.49,0.3,0.29,0.58,51.25,53.35,53.46,50.47,0.996,0.996,0.996,0.996,/tmpdir/crf_16.mpd,/videos/BigBuckBunny-2160.avi
9120,0.99692,0.11125,0.99941,51.3552,0.99994,0.92627,0.99664,0.99842,0.99911,99.98561,0.42,0.3,0.29,0.48,51.95,53.4,53.49,51.36,0.996,0.996,0.996,0.997,/tmpdir/crf_16.mpd,/videos/BigBuckBunny-2160.avi
9121,0.99572,0.11335,0.99928,50.15851,0.9999,0.91398,0.9946,0.99743,0.99865,99.67045,0.53,0.33,0.32,0.63,50.92,52.97,53.09,50.16,0.996,0.996,0.996,0.996,/tmpdir/crf_16.mpd,/videos/BigBuckBunny-2160.avi
9122,0.99578,0.11335,0.99928,50.25481,0.99991,0.91441,0.9947,0.99739,0.99853,99.67356,0.52,0.33,0.32,0.61,51.0,52.97,53.09,50.25,0.996,0.996,0.996,0.996,/tmpdir/crf_16.mpd,/videos/BigBuckBunny-2160.avi
9123,0.99556,0.10902,0.99927,50.17556,0.99991,0.91322,0.9947,0.99746,0.9986,99.6344,0.53,0.34,0.33,0.62,50.92,52.87,52.99,50.18,0.996,0.996,0.996,0.996,/tmpdir/crf_16.mpd,/videos/BigBuckBunny-2160.avi
9124,0.99657,0.10902,0.99937,51.11421,0.99994,0.92284,0.99646,0.99831,0.99904,99.90246,0.44,0.32,0.31,0.5,51.69,53.08,53.19,51.11,0.996,0.996,0.996,0.996,/tmpdir/crf_16.mpd,/videos/BigBuckBunny-2160.avi
9125,0.99566,0.1144,0.99925,50.04868,0.9999,0.91169,0.99449,0.99733,0.99852,99.64167,0.54,0.35,0.34,0.64,50.79,52.74,52.87,50.05,0.996,0.996,0.996,0.996,/tmpdir/crf_16.mpd,/videos/BigBuckBunny-2160.avi
9126,0.9956,0.1144,0.99925,50.10607,0.9999,0.91191,0.99454,0.99729,0.99844,99.62398,0.54,0.35,0.33,0.63,50.83,52.73,52.88,50.11,0.996,0.996,0.996,0.996,/tmpdir/crf_16.mpd,/videos/BigBuckBunny-2160.avi
9127,0.99566,0.10662,0.99924,50.07068,0.9999,0.91109,0.99446,0.9973,0.99846,99.62944,0.54,0.35,0.34,0.64,50.79,52.67,52.83,50.07,0.996,0.996,0.996,0.996,/tmpdir/crf_16.mpd,/videos/BigBuckBunny-2160.avi
9128,0.99653,0.10662,0.99935,50.96543,0.99994,0.92048,0.99627,0.99821,0.99894,99.87542,0.46,0.34,0.33,0.52,51.53,52.86,53.01,50.97,0.996,0.996,0.996,0.996,/tmpdir/crf_16.mpd,/videos/BigBuckBunny-2160.avi
9129,0.99547,0.11855,0.99923,49.95444,0.9999,0.90999,0.99436,0.99732,0.99855,99.60489,0.56,0.36,0.35,0.66,50.68,52.57,52.72,49.95,0.996,0.996,0.996,0.996,/tmpdir/crf_16.mpd,/videos/BigBuckBunny-2160.avi
9130,0.99545,0.11855,0.99923,50.01333,0.9999,0.91014,0.99431,0.99716,0.99835,99.5835,0.55,0.36,0.35,0.65,50.73,52.58,52.74,50.01,0.996,0.996,0.996,0.996,/tmpdir/crf_16.mpd,/videos/BigBuckBunny-2160.avi
9131,0.99544,0.11396,0.99922,49.9529,0.9999,0.90917,0.99436,0.99731,0.99852,99.5921,0.56,0.36,0.35,0.66,50.68,52.55,52.7,49.95,0.996,0.996,0.996,0.996,/tmpdir/crf_16.mpd,/videos/BigBuckBunny-2160.avi
9132,0.9965,0.11396,0.99932,50.82929,0.99993,0.91838,0.99622,0.9982,0.99896,99.86695,0.47,0.34,0.33,0.54,51.4,52.77,52.89,50.83,0.996,0.996,0.996,0.996,/tmpdir/crf_16.mpd,/videos/BigBuckBunny-2160.avi
9133,0.99506,0.11329,0.99916,49.68907,0.99989,0.90532,0.99396,0.99705,0.99837,99.49347,0.59,0.37,0.36,0.7,50.45,52.45,52.59,49.69,0.996,0.996,0.996,0.995,/tmpdir/crf_16.mpd,/videos/BigBuckBunny-2160.avi
9134,0.99508,0.11329,0.99915,49.718,0.99989,0.90509,0.99405,0.99706,0.99831,99.49398,0.58,0.37,0.36,0.69,50.47,52.49,52.62,49.72,0.996,0.996,0.996,0.995,/tmpdir/crf_16.mpd,/videos/BigBuckBunny-2160.avi
9135,0.99537,0.12109,0.99914,49.67294,0.99989,0.9042,0.99408,0.99715,0.99841,99.55438,0.59,0.37,0.36,0.7,50.43,52.44,52.59,49.67,0.995,0.996,0.996,0.995,/tmpdir/crf_16.mpd,/videos/BigBuckBunny-2160.avi
9136,0.99644,0.12109,0.99929,50.67818,0.99993,0.91606,0.9962,0.99823,0.99899,99.85411,0.49,0.35,0.34,0.56,51.26,52.66,52.79,50.68,0.996,0.996,0.996,0.996,/tmpdir/crf_16.mpd,/videos/BigBuckBunny-2160.avi
9137,0.99465,0.12327,0.99912,49.55472,0.99988,0.90275,0.99394,0.99713,0.99844,99.42335,0.6,0.38,0.37,0.72,50.32,52.36,52.5,49.55,0.995,0.996,0.995,0.995,/tmpdir/crf_16.mpd,/videos/BigBuckBunny-2160.avi
9138,0.99483,0.12327,0.99913,49.63696,0.99989,0.9033,0.99398,0.99705,0.99832,99.44885,0.6,0.38,0.37,0.71,50.38,52.37,52.5,49.64,0.995,0.996,0.995,0.995,/tmpdir/crf_16.mpd,/videos/BigBuckBunny-2160.avi
9139,0.99486,0.12563,0.9991,49.57146,0.99988,0.90234,0.99392,0.99708,0.99836,99.45363,0.6,0.38,0.37,0.72,50.33,52.34,52.45,49.57,0.995,0.996,0.995,0.995,/tmpdir/crf_16.mpd,/videos/BigBuckBunny-2160.avi
9140,0.99633,0.12563,0.99926,50.56691,0.99993,0.91425,0.99605,0.99813,0.99889,99.82176,0.5,0.36,0.35,0.57,51.14,52.55,52.63,50.57,0.996,0.996,0.996,0.996,/tmpdir/crf_16.mpd,/videos/BigBuckBunny-2160.avi
9141,0.99464,0.13231,0.99908,49.44473,0.99988,0.90055,0.99362,0.99693,0.99826,99.40207,0.62,0.39,0.38,0.74,50.21,52.27,52.35,49.44,0.995,0.996,0.995,0.995,/tmpdir/crf_16.mpd,/videos/BigBuckBunny-2160.avi
9142,0.99471,0.13231,0.9991,49.56635,0.99988,0.90163,0.99378,0.9969,0.99816,99.41011,0.61,0.39,0.38,0.72,50.3,52.25,52.34,49.57,0.995,0.996,0.995,0.995,/tmpdir/crf_16.mpd,/videos/BigBuckBunny-2160.avi
9143,0.99464,0.13343,0.99908,49.47616,0.99988,0.90038,0.99371,0.99695,0.99826,99.4019,0.62,0.39,0.38,0.73,50.23,52.25,52.33,49.48,0.995,0.996,0.995,0.995,/tmpdir/crf_16.mpd,/videos/BigBuckBunny-2160.avi
9144,0.99614,0.13343,0.99925,50.5021,0.99993,0.91316,0.99593,0.99805,0.99886,99.7829,0.51,0.37,0.36,0.58,51.07,52.47,52.53,50.5,0.996,0.996,0.995,0.996,/tmpdir/crf_16.mpd,/videos/BigBuckBunny-2160.avi
9145,0.99469,0.13484,0.99907,49.39363,0.99988,0.89929,0.99361,0.99691,0.99825,99.40597,0.63,0.39,0.39,0.75,50.15,52.18,52.26,49.39,0.995,0.995,0.995,0.995,/tmpdir/crf_16.mpd,/videos/BigBuckBunny-2160.avi
9146,0.9948,0.13484,0.99909,49.52193,0.99988,0.90042,0.99373,0.99689,0.99818,99.42433,0.61,0.39,0.39,0.73,50.25,52.19,52.26,49.52,0.995,0.995,0.995,0.995,/tmpdir/crf_16.mpd,/videos/BigBuckBunny-2160.avi
9147,0.99471,0.14589,0.99906,49.41956,0.99988,0.89903,0.99361,0.99692,0.99825,99.41493,0.63,0.39,0.39,0.74,50.17,52.17,52.24,49.42,0.995,0.995,0.995,0.995,/tmpdir/crf_16.mpd,/videos/BigBuckBunny-2160.avi
9148,0.99604,0.14589,0.99923,50.41652,0.99993,0.91192,0.99589,0.99806,0.99889,99.7692,0.52,0.37,0.37,0.59,50.99,52.4,52.46,50.42,0.995,0.996,0.995,0.995,/tmpdir/crf_16.mpd,/videos/BigBuckBunny-2160.avi
9149,0.99463,0.19227,0.99903,49.27271,0.99987,0.89747,0.99342,0.99686,0.99824,99.41499,0.64,0.4,0.39,0.77,50.04,52.11,52.17,49.27,0.995,0.995,0.995,0.995,/tmpdir/crf_16.mpd,/videos/BigBuckBunny-2160.avi
9150,0.99461,0.23561,0.99905,49.39081,0.99988,0.89861,0.99335,0.99669,0.99809,99.41992,0.63,0.4,0.4,0.75,50.13,52.1,52.16,49.39,0.995,0.995,0.995,0.995,/tmpdir/crf_16.mpd,/videos/BigBuckBunny-2160.avi
9151,0.99446,0.22155,0.99901,49.25744,0.99987,0.89648,0.9933,0.99673,0.99814,99.38384,0.65,0.4,0.4,0.77,50.02,52.08,52.15,49.26,0.995,0.995,0.995,0.995,/tmpdir/crf_16.mpd,/videos/BigBuckBunny-2160.avi
9152,0.99618,0.22155,0.99922,50.38999,0.99993,0.91119,0.99586,0.99803,0.99883,99.82087,0.52,0.38,0.38,0.59,50.95,52.32,52.38,50.39,0.995,0.996,0.995,0.995,/tmpdir/crf_16.mpd,/videos/BigBuckBunny-2160.avi
9153,0.99436,0.17315,0.99901,49.14403,0.99987,0.89505,0.99341,0.99687,0.99825,99.35078,0.66,0.41,0.4,0.79,49.91,52.01,52.08,49.14,0.995,0.995,0.995,0.995,/tmpdir/crf_16.mpd,/videos/BigBuckBunny-2160.avi
9154,0.99443,0.17315,0.99904,49.29915,0.99988,0.89666,0.99344,0.99674,0.99807,99.3533,0.64,0.41,0.4,0.76,50.04,52.03,52.1,49.3,0.995,0.995,0.995,0.995,/tmpdir/crf_16.mpd,/videos/BigBuckBunny-2160.avi
9155,0.99432,0.16463,0.99901,49.23121,0.99987,0.89538,0.99357,0.99692,0.99824,99.34118,0.65,0.41,0.4,0.78,49.99,52.04,52.12,49.23,0.995,0.995,0.995,0.995,/tmpdir/crf_16.mpd,/videos/BigBuckBunny-2160.avi
9156,0.99575,0.16463,0.99918,50.18816,0.99992,0.90798,0.99561,0.99794,0.9988,99.70423,0.54,0.39,0.38,0.62,50.78,52.23,52.3,50.19,0.995,0.995,0.995,0.995,/tmpdir/crf_16.mpd,/videos/BigBuckBunny-2160.avi
9157,0.99412,0.15853,0.99899,49.099,0.99987,0.8938,0.99324,0.99672,0.99812,99.28576,0.67,0.41,0.41,0.8,49.87,51.96,52.05,49.1,0.995,0.995,0.995,0.995,/tmpdir/crf_16.mpd,/videos/BigBuckBunny-2160.avi
9158,0.99419,0.15853,0.99901,49.19749,0.99987,0.89484,0.9933,0.9967,0.99807,99.29678,0.66,0.41,0.41,0.78,49.95,51.95,52.05,49.2,0.995,0.995,0.995,0.995,/tmpdir/crf_16.mpd,/videos/BigBuckBunny-2160.avi
9159,0.99391,0.15091,0.99897,49.03325,0.99987,0.89216,0.9932,0.99674,0.99816,99.24299,0.68,0.42,0.41,0.81,49.81,51.94,52.04,49.03,0.995,0.995,0.995,0.994,/tmpdir/crf_16.mpd,/videos/BigBuckBunny-2160.avi
9160,0.99525,0.15091,0.99912,49.87141,0.99992,0.90338,0.99526,0.99779,0.99875,99.5862,0.58,0.4,0.39,0.67,50.51,52.13,52.2,49.87,0.995,0.995,0.995,0.995,/tmpdir/crf_16.mpd,/videos/BigBuckBunny-2160.avi
9161,0.99376,0.14299,0.99894,48.90429,0.99987,0.89054,0.99295,0.9966,0.99809,99.19828,0.7,0.42,0.42,0.84,49.7,51.88,51.94,48.9,0.995,0.995,0.995,0.994,/tmpdir/crf_16.mpd,/videos/BigBuckBunny-2160.avi
9162,0.99393,0.14299,0.99895,48.9871,0.99987,0.89145,0.99298,0.99653,0.99798,99.22119,0.69,0.42,0.42,0.82,49.76,51.87,51.94,48.99,0.995,0.995,0.995,0.994,/tmpdir/crf_16.mpd,/videos/BigBuckBunny-2160.avi
9163,0.9943,0.20469,0.99889,48.93168,0.99985,0.89184,0.99236,0.99621,0.99774,99.29188,0.7,0.43,0.42,0.83,49.71,51.84,51.9,48.93,0.995,0.995,0.995,0.994,/tmpdir/crf_16.mpd,/videos/BigBuckBunny-2160.avi
9164,0.99505,0.85739,0.99893,49.35784,0.99989,0.89744,0.99398,0.99717,0.99834,99.81624,0.64,0.42,0.41,0.75,50.07,51.94,52.0,49.36,0.994,0.995,0.995,0.994,/tmpdir/crf_16.mpd,/videos/BigBuckBunny-2160.avi
9165,0.99449,2.52115,0.99885,49.00148,0.99985,0.89043,0.99152,0.99587,0.99762,100.0,0.69,0.45,0.44,0.82,49.72,51.61,51.67,49.0,0.994,0.995,0.995,0.994,/tmpdir/crf_16.mpd,/videos/BigBuckBunny-2160.avi
9166,0.99474,2.6582,0.99891,49.22155,0.99986,0.8926,0.9918,0.99596,0.99764,100.0,0.67,0.45,0.44,0.78,49.9,51.63,51.72,49.22,0.995,0.995,0.995,0.994,/tmpdir/crf_16.mpd,/videos/BigBuckBunny-2160.avi
9167,0.99426,3.12742,0.99887,49.06826,0.99985,0.8907,0.99132,0.99575,0.9975,100.0,0.69,0.46,0.45,0.81,49.75,51.51,51.62,49.07,0.994,0.995,0.995,0.994,/tmpdir/crf_16.mpd,/videos/BigBuckBunny-2160.avi
9168,0.99558,3.12742,0.99904,49.89299,0.9999,0.90121,0.9938,0.99707,0.99834,100.0,0.59,0.43,0.42,0.67,50.45,51.81,51.91,49.89,0.995,0.995,0.995,0.995,/tmpdir/crf_16.mpd,/videos/BigBuckBunny-2160.avi
9169,0.99306,2.94294,0.99885,48.81568,0.99985,0.8882,0.991,0.99567,0.9975,100.0,0.73,0.49,0.47,0.85,49.5,51.27,51.39,48.82,0.994,0.995,0.994,0.994,/tmpdir/crf_16.mpd,/videos/BigBuckBunny-2160.avi
9170,0.99388,2.94294,0.99888,48.97144,0.99986,0.88917,0.99156,0.99587,0.99761,100.0,0.71,0.48,0.46,0.82,49.65,51.34,51.51,48.97,0.994,0.995,0.994,0.994,/tmpdir/crf_16.mpd,/videos/BigBuckBunny-2160.avi
9171,0.99414,1.17533,0.99882,48.73208,0.99984,0.88722,0.9914,0.99584,0.99758,99.69044,0.74,0.48,0.46,0.87,49.45,51.31,51.5,48.73,0.994,0.995,0.994,0.994,/tmpdir/crf_16.mpd,/videos/BigBuckBunny-2160.avi
9172,0.99513,1.17533,0.99905,49.68766,0.9999,0.89855,0.99443,0.99742,0.99852,100.0,0.62,0.45,0.44,0.7,50.24,51.55,51.69,49.69,0.995,0.995,0.995,0.995,/tmpdir/crf_16.mpd,/videos/BigBuckBunny-2160.avi
9173,0.99288,1.03295,0.9988,48.52007,0.99984,0.88304,0.99164,0.99605,0.99778,99.40435,0.77,0.49,0.48,0.91,49.25,51.19,51.32,48.52,0.994,0.994,0.994,0.994,/tmpdir/crf_16.mpd,/videos/BigBuckBunny-2160.avi
9174,0.99363,1.03295,0.99887,48.74778,0.99986,0.88577,0.99223,0.99623,0.99783,99.55309,0.74,0.49,0.48,0.87,49.44,51.2,51.35,48.75,0.994,0.994,0.994,0.994,/tmpdir/crf_16.mpd,/videos/BigBuckBunny-2160.avi
9175,0.99311,0.65262,0.99882,48.57031,0.99984,0.88357,0.99156,0.99591,0.99764,99.25159,0.76,0.49,0.48,0.9,49.3,51.21,51.34,48.57,0.994,0.994,0.994,0.994,/tmpdir/crf_16.mpd,/videos/BigBuckBunny-2160.avi
9176,0.99557,0.52041,0.99907,49.67783,0.9999,0.89881,0.9945,0.99743,0.99855,99.77498,0.62,0.47,0.45,0.7,50.21,51.44,51.58,49.68,0.995,0.995,0.994,0.995,/tmpdir/crf_16.mpd,/videos/BigBuckBunny-2160.avi
9177,0.99315,0.2772,0.99883,48.55825,0.99985,0.88366,0.99159,0.99595,0.99772,99.08838,0.77,0.5,0.49,0.91,49.27,51.11,51.25,48.56,0.994,0.994,0.994,0.994,/tmpdir/crf_16.mpd,/videos/BigBuckBunny-2160.avi
9178,0.9936,0.2772,0.99888,48.74628,0.99985,0.8856,0.992,0.99607,0.99771,99.17685,0.74,0.5,0.49,0.87,49.42,51.11,51.26,48.75,0.994,0.994,0.994,0.994,/tmpdir/crf_16.mpd,/videos/BigBuckBunny-2160.avi
9179,0.99323,0.22558,0.99881,48.5107,0.99984,0.88191,0.9914,0.99585,0.99765,99.0651,0.78,0.51,0.5,0.92,49.21,51.02,51.17,48.51,0.994,0.994,0.994,0.994,/tmpdir/crf_16.mpd,/videos/BigBuckBunny-2160.avi
9180,0.99499,0.22558,0.99895,49.17767,0.99988,0.89055,0.99347,0.9969,0.99822,99.47286,0.69,0.5,0.49,0.79,49.75,51.12,51.25,49.18,0.994,0.994,0.994,0.994,/tmpdir/crf_16.mpd,/videos/BigBuckBunny-2160.avi
9181,0.99673,0.19001,0.99928,50.85692,0.99995,0.91586,0.99629,0.99834,0.99911,99.94814,0.48,0.38,0.37,0.53,51.31,52.31,52.5,50.86,0.996,0.995,0.995,0.996,/tmpdir/crf_16.mpd,/videos/BigBuckBunny-2160.avi
9182,0.99403,0.19001,0.99898,49.10879,0.99988,0.89099,0.99331,0.99685,0.99827,99.28876,0.67,0.43,0.42,0.8,49.84,51.75,51.94,49.11,0.995,0.995,0.995,0.994,/tmpdir/crf_16.mpd,/videos/BigBuckBunny-2160.avi
9183,0.99415,0.16174,0.99893,48.85259,0.99987,0.88618,0.99237,0.99626,0.99783,99.23589,0.72,0.47,0.45,0.85,49.57,51.42,51.62,48.85,0.994,0.995,0.994,0.994,/tmpdir/crf_16.mpd,/videos/BigBuckBunny-2160.avi
9184,0.99344,0.16174,0.99883,48.33823,0.99984,0.87862,0.99136,0.99583,0.99762,99.06078,0.8,0.5,0.48,0.95,49.11,51.16,51.35,48.34,0.994,0.994,0.994,0.994,/tmpdir/crf_16.mpd,/videos/BigBuckBunny-2160.avi
9185,0.99364,0.13558,0.99878,48.20593,0.99984,0.87435,0.99114,0.99565,0.99743,99.0536,0.83,0.53,0.5,0.98,48.96,50.92,51.15,48.21,0.994,0.994,0.994,0.994,/tmpdir/crf_16.mpd,/videos/BigBuckBunny-2160.avi
9186,0.99235,0.13558,0.9986,47.45046,0.9998,0.86262,0.98891,0.99455,0.99678,98.71956,0.96,0.56,0.53,1.17,48.3,50.67,50.89,47.45,0.993,0.994,0.994,0.993,/tmpdir/crf_16.mpd,/videos/BigBuckBunny-2160.avi
9187,0.99663,0.03691,0.99951,53.2178,0.99996,0.94593,0.99797,0.99908,0.99948,100.0,0.27,0.2,0.19,0.31,53.8,55.2,55.32,53.22,0.997,0.997,0.997,0.997,/tmpdir/crf_16.mpd,/videos/BigBuckBunny-2160.avi
9188,0.99665,0.03691,0.99947,53.08736,0.99994,0.94541,0.99785,0.99901,0.99944,100.0,0.28,0.2,0.2,0.32,53.67,55.05,55.22,53.09,0.997,0.997,0.997,0.997,/tmpdir/crf_16.mpd,/videos/BigBuckBunny-2160.avi
9189,0.99717,0.1152,0.99937,52.59685,0.99992,0.94475,0.99748,0.99881,0.99931,100.0,0.31,0.21,0.2,0.36,53.27,54.96,55.14,52.6,0.997,0.997,0.997,0.997,/tmpdir/crf_16.mpd,/videos/BigBuckBunny-2160.avi
9190,0.99445,0.88189,0.99915,51.47546,0.99988,0.93107,0.99514,0.99759,0.99851,99.85559,0.38,0.23,0.23,0.46,52.28,54.49,54.59,51.48,0.996,0.997,0.997,0.996,/tmpdir/crf_16.mpd,/videos/BigBuckBunny-2160.avi
9191,0.99477,1.86029,0.99923,51.83257,0.99991,0.93085,0.99612,0.99824,0.99903,100.0,0.37,0.25,0.24,0.43,52.5,54.22,54.28,51.83,0.996,0.997,0.997,0.996,/tmpdir/crf_16.mpd,/videos/BigBuckBunny-2160.avi
9192,0.99386,0.99642,0.99908,51.06998,0.99988,0.92343,0.9948,0.99753,0.99857,99.78144,0.43,0.26,0.26,0.51,51.83,53.9,53.98,51.07,0.996,0.997,0.997,0.996,/tmpdir/crf_16.mpd,/videos/BigBuckBunny-2160.avi
9193,0.99387,0.41843,0.99913,51.17493,0.99989,0.92412,0.99555,0.99794,0.99883,99.54324,0.42,0.26,0.26,0.5,51.92,53.94,54.01,51.17,0.996,0.997,0.997,0.996,/tmpdir/crf_16.mpd,/videos/BigBuckBunny-2160.avi
9194,0.99347,0.40724,0.99915,51.36795,0.99989,0.92583,0.99548,0.99789,0.99876,99.46811,0.4,0.26,0.26,0.47,52.07,53.91,54.02,51.37,0.996,0.997,0.997,0.996,/tmpdir/crf_16.mpd,/videos/BigBuckBunny-2160.avi
9195,0.99483,0.19893,0.99929,51.8674,0.99992,0.93069,0.99664,0.99845,0.9991,99.66954,0.37,0.26,0.25,0.42,52.49,54.05,54.15,51.87,0.996,0.997,0.997,0.996,/tmpdir/crf_16.mpd,/videos/BigBuckBunny-2160.avi
9196,0.99368,0.19881,0.99918,51.44867,0.99989,0.92664,0.99579,0.99804,0.99886,99.42448,0.4,0.26,0.26,0.47,52.15,53.96,54.05,51.45,0.996,0.997,0.997,0.996,/tmpdir/crf_16.mpd,/videos/BigBuckBunny-2160.avi
9197,0.99356,0.17546,0.99916,51.29927,0.99989,0.92493,0.9957,0.998,0.99885,99.38393,0.41,0.26,0.26,0.48,52.02,53.94,54.04,51.3,0.996,0.997,0.997,0.996,/tmpdir/crf_16.mpd,/videos/BigBuckBunny-2160.avi
9198,0.99302,0.17546,0.99914,51.1983,0.99989,0.92364,0.99555,0.99795,0.9988,99.27919,0.42,0.26,0.26,0.49,51.94,53.9,53.99,51.2,0.996,0.997,0.997,0.996,/tmpdir/crf_16.mpd,/videos/BigBuckBunny-2160.avi
9199,0.99389,0.24619,0.99916,51.35492,0.9999,0.92536,0.99575,0.99801,0.99882,99.47404,0.4,0.26,0.25,0.48,52.08,53.97,54.08,51.35,0.996,0.997,0.997,0.996,/tmpdir/crf_16.mpd,/videos/BigBuckBunny-2160.avi
9200,0.994,0.6095,0.99908,51.05141,0.99989,0.92269,0.99519,0.9978,0.99874,99.64055,0.43,0.26,0.26,0.51,51.82,53.91,53.99,51.05,0.996,0.997,0.997,0.995,/tmpdir/crf_16.mpd,/videos/BigBuckBunny-2160.avi
9201,0.99388,1.77763,0.99908,51.18061,0.99988,0.92388,0.99456,0.99741,0.99848,100.0,0.42,0.27,0.27,0.5,51.89,53.78,53.85,51.18,0.996,0.996,0.997,0.996,/tmpdir/crf_16.mpd,/videos/BigBuckBunny-2160.avi
9202,0.99431,1.99936,0.99918,51.63899,0.9999,0.92798,0.99532,0.9978,0.99873,100.0,0.38,0.26,0.26,0.45,52.29,53.94,54.03,51.64,0.996,0.997,0.997,0.996,/tmpdir/crf_16.mpd,/videos/BigBuckBunny-2160.avi
9203,0.99331,2.16671,0.99909,51.14247,0.99987,0.92359,0.99399,0.99697,0.99818,100.0,0.43,0.28,0.28,0.5,51.84,53.67,53.72,51.14,0.996,0.996,0.997,0.996,/tmpdir/crf_16.mpd,/videos/BigBuckBunny-2160.avi
9204,0.99306,2.16671,0.99912,51.16995,0.99988,0.92398,0.99424,0.99706,0.99821,100.0,0.42,0.28,0.28,0.5,51.86,53.64,53.71,51.17,0.996,0.996,0.997,0.996,/tmpdir/crf_16.mpd,/videos/BigBuckBunny-2160.avi
9205,0.99306,1.21178,0.99908,50.82567,0.99988,0.91985,0.99451,0.99738,0.99847,99.71846,0.45,0.29,0.28,0.54,51.57,53.55,53.65,50.83,0.996,0.996,0.996,0.995,/tmpdir/crf_16.mpd,/videos/BigBuckBunny-2160.avi
9206,0.99513,1.09872,0.99926,51.7873,0.99992,0.92945,0.99623,0.99822,0.99896,100.0,0.38,0.27,0.26,0.43,52.39,53.87,53.96,51.79,0.996,0.997,0.997,0.996,/tmpdir/crf_16.mpd,/videos/BigBuckBunny-2160.avi
9207,0.99368,0.5263,0.99912,51.07189,0.99988,0.92247,0.99495,0.99758,0.99857,99.52632,0.43,0.28,0.28,0.51,51.78,53.65,53.72,51.07,0.996,0.996,0.996,0.996,/tmpdir/crf_16.mpd,/videos/BigBuckBunny-2160.avi
9208,0.99386,0.50927,0.99919,51.30147,0.9999,0.92472,0.99557,0.99789,0.99878,99.5814,0.41,0.28,0.27,0.48,51.98,53.73,53.81,51.3,0.996,0.996,0.997,0.996,/tmpdir/crf_16.mpd,/videos/BigBuckBunny-2160.avi
9209,0.99358,0.30781,0.99918,51.34607,0.99989,0.92561,0.99539,0.99779,0.9987,99.4341,0.41,0.28,0.27,0.48,52.02,53.72,53.85,51.35,0.996,0.996,0.997,0.996,/tmpdir/crf_16.mpd,/videos/BigBuckBunny-2160.avi
9210,0.99528,0.30781,0.99931,51.90941,0.99993,0.93126,0.99668,0.99843,0.99908,99.80046,0.37,0.27,0.26,0.42,52.49,53.88,53.99,51.91,0.996,0.997,0.997,0.996,/tmpdir/crf_16.mpd,/videos/BigBuckBunny-2160.avi
9211,0.99356,0.15546,0.99921,51.40621,0.99989,0.92619,0.99568,0.99792,0.99878,99.37209,0.4,0.27,0.27,0.47,52.07,53.76,53.88,51.41,0.996,0.996,0.997,0.996,/tmpdir/crf_16.mpd,/videos/BigBuckBunny-2160.avi
9212,0.99412,0.15546,0.99922,51.45175,0.9999,0.92683,0.99585,0.99801,0.99885,99.48024,0.4,0.27,0.26,0.47,52.12,53.8,53.92,51.45,0.996,0.996,0.997,0.996,/tmpdir/crf_16.mpd,/videos/BigBuckBunny-2160.avi
9213,0.99414,0.09139,0.99925,51.5657,0.99991,0.92759,0.996,0.99806,0.99886,99.46071,0.39,0.27,0.26,0.45,52.2,53.81,53.91,51.57,0.996,0.996,0.997,0.996,/tmpdir/crf_16.mpd,/videos/BigBuckBunny-2160.avi
9214,0.99525,0.09139,0.99929,51.75806,0.99992,0.92936,0.99654,0.99835,0.99904,99.68466,0.38,0.27,0.26,0.43,52.37,53.88,53.98,51.76,0.996,0.997,0.997,0.996,/tmpdir/crf_16.mpd,/videos/BigBuckBunny-2160.avi
9215,0.99361,0.06622,0.99922,51.30727,0.9999,0.9249,0.99607,0.99818,0.99899,99.35786,0.41,0.27,0.27,0.48,52.0,53.79,53.89,51.31,0.996,0.996,0.997,0.996,/tmpdir/crf_16.mpd,/videos/BigBuckBunny-2160.avi
9216,0.99381,0.06622,0.99923,51.38014,0.99991,0.92569,0.99609,0.99816,0.99895,99.39166,0.4,0.27,0.27,0.47,52.06,53.81,53.9,51.38,0.996,0.996,0.997,0.996,/tmpdir/crf_16.mpd,/videos/BigBuckBunny-2160.avi
9217,0.9938,0.07644,0.99923,51.40563,0.99991,0.92592,0.99596,0.99808,0.99889,99.39026,0.4,0.27,0.26,0.47,52.08,53.79,53.91,51.41,0.996,0.996,0.997,0.996,/tmpdir/crf_16.mpd,/videos/BigBuckBunny-2160.avi
9218,0.99471,0.07644,0.99925,51.5775,0.99992,0.92796,0.99624,0.99821,0.99895,99.5666,0.39,0.27,0.26,0.45,52.23,53.87,53.96,51.58,0.996,0.996,0.997,0.996,/tmpdir/crf_16.mpd,/videos/BigBuckBunny-2160.avi
9219,0.99433,0.18677,0.99919,51.36187,0.99989,0.9252,0.99566,0.99794,0.9988,99.52067,0.41,0.27,0.27,0.48,52.04,53.77,53.86,51.36,0.996,0.996,0.997,0.996,/tmpdir/crf_16.mpd,/videos/BigBuckBunny-2160.avi
9220,0.99434,0.25477,0.9992,51.37018,0.9999,0.92594,0.99571,0.99797,0.99884,99.56037,0.41,0.27,0.27,0.47,52.04,53.79,53.85,51.37,0.996,0.996,0.997,0.996,/tmpdir/crf_16.mpd,/videos/BigBuckBunny-2160.avi
9221,0.99338,0.57666,0.99916,51.22706,0.99989,0.92408,0.99518,0.99766,0.99859,99.50546,0.42,0.28,0.27,0.49,51.92,53.7,53.79,51.23,0.996,0.996,0.997,0.996,/tmpdir/crf_16.mpd,/videos/BigBuckBunny-2160.avi
9222,0.99449,0.66533,0.99922,51.41071,0.99992,0.92595,0.99607,0.99816,0.99892,99.78647,0.4,0.27,0.27,0.47,52.08,53.8,53.86,51.41,0.996,0.996,0.997,0.996,/tmpdir/crf_16.mpd,/videos/BigBuckBunny-2160.avi
9223,0.99309,0.65198,0.99913,51.06536,0.99989,0.92244,0.99507,0.99763,0.99858,99.48263,0.43,0.28,0.28,0.51,51.78,53.65,53.73,51.07,0.996,0.996,0.997,0.996,/tmpdir/crf_16.mpd,/videos/BigBuckBunny-2160.avi
9224,0.99391,0.65198,0.99918,51.23955,0.9999,0.92418,0.99557,0.99788,0.99876,99.65256,0.42,0.28,0.27,0.49,51.92,53.71,53.77,51.24,0.996,0.996,0.997,0.996,/tmpdir/crf_16.mpd,/videos/BigBuckBunny-2160.avi
9225,0.99356,0.60258,0.99916,51.21197,0.9999,0.92415,0.99533,0.99778,0.99871,99.56146,0.42,0.27,0.27,0.49,51.91,53.74,53.8,51.21,0.996,0.996,0.997,0.996,/tmpdir/crf_16.mpd,/videos/BigBuckBunny-2160.avi
9226,0.99521,0.60258,0.99929,51.75705,0.99992,0.92953,0.99641,0.99827,0.99897,99.90537,0.38,0.27,0.26,0.43,52.36,53.86,53.95,51.76,0.996,0.996,0.997,0.996,/tmpdir/crf_16.mpd,/videos/BigBuckBunny-2160.avi
9227,0.99363,0.25921,0.99918,51.31224,0.99989,0.92534,0.99539,0.99773,0.99865,99.41471,0.41,0.27,0.27,0.48,52.0,53.77,53.86,51.31,0.996,0.996,0.997,0.996,/tmpdir/crf_16.mpd,/videos/BigBuckBunny-2160.avi
9228,0.99415,0.23561,0.99921,51.4184,0.9999,0.92619,0.99576,0.9979,0.99872,99.50933,0.4,0.27,0.26,0.47,52.09,53.82,53.92,51.42,0.996,0.996,0.997,0.996,/tmpdir/crf_16.mpd,/videos/BigBuckBunny-2160.avi
9229,0.99391,0.14929,0.99921,51.43828,0.9999,0.92658,0.99575,0.99792,0.99874,99.43021,0.4,0.27,0.26,0.47,52.11,53.8,53.92,51.44,0.996,0.996,0.997,0.996,/tmpdir/crf_16.mpd,/videos/BigBuckBunny-2160.avi
9230,0.99513,0.14929,0.99928,51.73185,0.99992,0.92932,0.99645,0.99827,0.99897,99.68222,0.38,0.27,0.26,0.44,52.35,53.86,53.97,51.73,0.996,0.996,0.997,0.996,/tmpdir/crf_16.mpd,/videos/BigBuckBunny-2160.avi
9231,0.99402,0.11248,0.99922,51.49297,0.9999,0.9274,0.99572,0.99786,0.99869,99.43063,0.4,0.27,0.26,0.46,52.15,53.8,53.9,51.49,0.996,0.996,0.997,0.996,/tmpdir/crf_16.mpd,/videos/BigBuckBunny-2160.avi
9232,0.99425,0.11248,0.99922,51.47207,0.9999,0.92715,0.99575,0.99788,0.99873,99.47405,0.4,0.27,0.26,0.46,52.14,53.82,53.94,51.47,0.996,0.996,0.997,0.996,/tmpdir/crf_16.mpd,/videos/BigBuckBunny-2160.avi
9233,0.99396,0.06531,0.99921,51.33873,0.9999,0.92507,0.99593,0.99802,0.99884,99.40533,0.41,0.27,0.26,0.48,52.03,53.8,53.92,51.34,0.996,0.996,0.997,0.996,/tmpdir/crf_16.mpd,/videos/BigBuckBunny-2160.avi
9234,0.99452,0.06531,0.99925,51.47875,0.99992,0.92597,0.99614,0.9981,0.99887,99.51267,0.4,0.27,0.26,0.46,52.14,53.83,53.94,51.48,0.996,0.996,0.997,0.996,/tmpdir/crf_16.mpd,/videos/BigBuckBunny-2160.avi
9235,0.99404,0.05554,0.99922,51.33311,0.9999,0.92462,0.99596,0.99801,0.99879,99.4094,0.41,0.27,0.26,0.48,52.02,53.79,53.92,51.33,0.996,0.996,0.997,0.996,/tmpdir/crf_16.mpd,/videos/BigBuckBunny-2160.avi
9236,0.99419,0.05554,0.99922,51.35458,0.9999,0.92529,0.99597,0.99802,0.99882,99.44103,0.41,0.27,0.26,0.48,52.04,53.79,53.92,51.35,0.996,0.996,0.997,0.996,/tmpdir/crf_16.mpd,/videos/BigBuckBunny-2160.avi
9237,0.99438,0.11286,0.99921,51.39592,0.9999,0.92633,0.99579,0.99794,0.99879,99.49953,0.4,0.27,0.26,0.47,52.07,53.8,53.92,51.4,0.996,0.996,0.997,0.996,/tmpdir/crf_16.mpd,/videos/BigBuckBunny-2160.avi
9238,0.99393,0.39139,0.99919,51.25473,0.99991,0.92482,0.9955,0.99782,0.99871,99.5329,0.41,0.27,0.26,0.49,51.97,53.85,53.95,51.25,0.996,0.996,0.997,0.996,/tmpdir/crf_16.mpd,/videos/BigBuckBunny-2160.avi
9239,0.99444,2.03438,0.99913,51.24834,0.99988,0.92478,0.99465,0.99739,0.99847,100.0,0.42,0.28,0.27,0.49,51.93,53.68,53.82,51.25,0.996,0.996,0.997,0.996,/tmpdir/crf_16.mpd,/videos/BigBuckBunny-2160.avi
9240,0.99408,2.05456,0.99912,51.18394,0.99987,0.92379,0.99442,0.99735,0.99851,100.0,0.42,0.29,0.28,0.5,51.86,53.58,53.7,51.18,0.996,0.996,0.996,0.996,/tmpdir/crf_16.mpd,/videos/BigBuckBunny-2160.avi
9241,0.99456,2.72111,0.99906,51.12072,0.99985,0.92336,0.99365,0.99686,0.99813,100.0,0.43,0.29,0.28,0.5,51.81,53.58,53.67,51.12,0.996,0.996,0.996,0.996,/tmpdir/crf_16.mpd,/videos/BigBuckBunny-2160.avi
9242,0.99549,3.09032,0.99908,51.2423,0.99988,0.92277,0.99448,0.99747,0.99863,100.0,0.42,0.28,0.28,0.49,51.91,53.64,53.7,51.24,0.996,0.996,0.996,0.996,/tmpdir/crf_16.mpd,/videos/BigBuckBunny-2160.avi
9243,0.99391,2.70568,0.999,50.84532,0.99984,0.91858,0.99281,0.99639,0.99783,100.0,0.45,0.29,0.29,0.54,51.56,53.46,53.53,50.85,0.996,0.996,0.996,0.995,/tmpdir/crf_16.mpd,/videos/BigBuckBunny-2160.avi
9244,0.99255,2.70568,0.99893,50.76475,0.99982,0.91658,0.99186,0.99575,0.99741,100.0,0.47,0.31,0.3,0.55,51.45,53.19,53.31,50.76,0.996,0.996,0.996,0.995,/tmpdir/crf_16.mpd,/videos/BigBuckBunny-2160.avi
9245,0.99281,4.38361,0.99891,50.82833,0.99984,0.91415,0.99204,0.99594,0.9976,100.0,0.46,0.32,0.31,0.54,51.48,53.1,53.22,50.83,0.995,0.996,0.996,0.995,/tmpdir/crf_16.mpd,/videos/BigBuckBunny-2160.avi
9246,0.99231,4.31447,0.99889,50.80967,0.99983,0.91422,0.99206,0.99593,0.99759,100.0,0.47,0.32,0.31,0.54,51.45,53.04,53.18,50.81,0.995,0.996,0.996,0.995,/tmpdir/crf_16.mpd,/videos/BigBuckBunny-2160.avi
9247,0.99126,2.26043,0.9988,50.37095,0.99978,0.91006,0.99045,0.99485,0.99673,99.70136,0.51,0.35,0.34,0.6,51.03,52.66,52.83,50.37,0.995,0.996,0.996,0.995,/tmpdir/crf_16.mpd,/videos/BigBuckBunny-2160.avi
9248,0.99095,2.26043,0.99881,50.31431,0.9998,0.90951,0.99056,0.99489,0.99678,99.65003,0.52,0.35,0.34,0.6,50.99,52.68,52.83,50.31,0.995,0.996,0.996,0.995,/tmpdir/crf_16.mpd,/videos/BigBuckBunny-2160.avi
9249,0.99057,3.17627,0.99876,50.20357,0.99977,0.90772,0.98977,0.99438,0.99637,100.0,0.53,0.36,0.35,0.62,50.87,52.53,52.72,50.2,0.995,0.995,0.996,0.995,/tmpdir/crf_16.mpd,/videos/BigBuckBunny-2160.avi
9250,0.99164,4.23167,0.99884,50.46728,0.99983,0.90906,0.99053,0.99501,0.997,100.0,0.51,0.35,0.34,0.58,51.09,52.65,52.77,50.47,0.995,0.996,0.996,0.995,/tmpdir/crf_16.mpd,/videos/BigBuckBunny-2160.avi
9251,0.99135,4.18245,0.99877,50.30719,0.99977,0.90952,0.98987,0.99461,0.9967,100.0,0.52,0.37,0.35,0.61,50.93,52.43,52.63,50.31,0.995,0.995,0.996,0.995,/tmpdir/crf_16.mpd,/videos/BigBuckBunny-2160.avi
9252,0.99118,3.26644,0.99879,50.32625,0.99978,0.90982,0.98989,0.99462,0.99672,100.0,0.52,0.37,0.35,0.6,50.94,52.43,52.63,50.33,0.995,0.995,0.996,0.995,/tmpdir/crf_16.mpd,/videos/BigBuckBunny-2160.avi
9253,0.99039,1.6378,0.99879,50.29818,0.99976,0.91035,0.98947,0.99428,0.99642,99.20035,0.53,0.38,0.35,0.61,50.92,52.38,52.64,50.3,0.995,0.995,0.996,0.995,/tmpdir/crf_16.mpd,/videos/BigBuckBunny-2160.avi
9254,0.99034,1.6378,0.99879,50.30686,0.99978,0.90999,0.98879,0.99378,0.99608,99.15404,0.52,0.36,0.35,0.61,50.95,52.52,52.71,50.31,0.995,0.995,0.996,0.995,/tmpdir/crf_16.mpd,/videos/BigBuckBunny-2160.avi
9255,0.99735,0.10106,0.99863,54.08382,0.99928,0.94461,0.99771,0.99902,0.99948,100.0,0.22,0.16,0.16,0.25,54.65,56.1,56.06,54.08,0.997,0.998,0.998,0.997,/tmpdir/crf_16.mpd,/videos/BigBuckBunny-2160.avi
9256,0.99688,0.10106,0.99852,53.41879,0.99924,0.93852,0.99662,0.99834,0.99898,100.0,0.25,0.17,0.17,0.3,54.07,55.79,55.74,53.42,0.997,0.997,0.997,0.997,/tmpdir/crf_16.mpd,/videos/BigBuckBunny-2160.avi
9257,0.9953,0.25369,0.9984,52.59593,0.99921,0.92945,0.99536,0.99769,0.99861,99.71969,0.3,0.2,0.19,0.36,53.32,55.21,55.31,52.6,0.997,0.997,0.997,0.997,/tmpdir/crf_16.mpd,/videos/BigBuckBunny-2160.avi
9258,0.99465,0.24971,0.99834,52.28355,0.9992,0.92557,0.99484,0.99746,0.9985,99.57529,0.32,0.21,0.2,0.38,53.04,55.01,55.19,52.28,0.997,0.997,0.997,0.996,/tmpdir/crf_16.mpd,/videos/BigBuckBunny-2160.avi
9259,0.99597,0.22917,0.99833,52.36766,0.99922,0.92464,0.99537,0.99785,0.99882,99.82822,0.32,0.2,0.2,0.38,53.12,55.23,55.16,52.37,0.997,0.997,0.997,0.996,/tmpdir/crf_16.mpd,/videos/BigBuckBunny-2160.avi
9260,0.9943,0.22917,0.99832,52.26703,0.99921,0.92323,0.99447,0.99731,0.99845,99.48643,0.33,0.21,0.21,0.39,52.99,55.0,54.9,52.27,0.997,0.997,0.997,0.996,/tmpdir/crf_16.mpd,/videos/BigBuckBunny-2160.avi
9261,0.99419,0.2953,0.99831,52.20065,0.9992,0.9233,0.9946,0.99738,0.99847,99.50046,0.33,0.2,0.21,0.39,52.94,55.03,54.91,52.2,0.996,0.997,0.997,0.996,/tmpdir/crf_16.mpd,/videos/BigBuckBunny-2160.avi
9262,0.9941,0.30482,0.99832,52.33199,0.99919,0.92511,0.99457,0.99734,0.99841,99.49044,0.32,0.21,0.21,0.38,53.03,54.95,54.86,52.33,0.997,0.997,0.997,0.996,/tmpdir/crf_16.mpd,/videos/BigBuckBunny-2160.avi
9263,0.99582,0.38102,0.99839,52.70214,0.99921,0.92938,0.99577,0.99801,0.99885,99.89425,0.3,0.19,0.2,0.35,53.38,55.26,55.13,52.7,0.997,0.997,0.997,0.996,/tmpdir/crf_16.mpd,/videos/BigBuckBunny-2160.avi
9264,0.99431,0.38102,0.99832,52.33226,0.99919,0.92561,0.99466,0.99738,0.99844,99.56787,0.32,0.2,0.21,0.38,53.07,55.21,54.91,52.33,0.997,0.997,0.997,0.996,/tmpdir/crf_16.mpd,/videos/BigBuckBunny-2160.avi
9265,0.99403,0.7972,0.99828,52.11621,0.99917,0.92362,0.99414,0.99711,0.99827,99.68549,0.34,0.21,0.22,0.4,52.84,54.88,54.69,52.12,0.997,0.997,0.997,0.996,/tmpdir/crf_16.mpd,/videos/BigBuckBunny-2160.avi
9266,0.99488,1.28487,0.9982,52.07682,0.99918,0.92029,0.9939,0.99711,0.99839,100.0,0.34,0.21,0.22,0.4,52.82,54.96,54.78,52.08,0.996,0.997,0.997,0.996,/tmpdir/crf_16.mpd,/videos/BigBuckBunny-2160.avi
9267,0.99377,3.04569,0.9981,51.49876,0.99913,0.91519,0.99292,0.99654,0.99795,100.0,0.39,0.24,0.25,0.46,52.24,54.3,54.2,51.5,0.996,0.997,0.997,0.996,/tmpdir/crf_16.mpd,/videos/BigBuckBunny-2160.avi
9268,0.99376,3.76108,0.99811,51.65189,0.99914,0.91506,0.99302,0.99663,0.99809,100.0,0.38,0.23,0.24,0.44,52.38,54.42,54.26,51.65,0.996,0.997,0.997,0.996,/tmpdir/crf_16.mpd,/videos/BigBuckBunny-2160.avi
9269,0.99362,5.29299,0.99805,51.34945,0.99912,0.91135,0.99248,0.99628,0.99778,100.0,0.4,0.23,0.25,0.48,52.13,54.43,54.14,51.35,0.996,0.997,0.997,0.996,/tmpdir/crf_16.mpd,/videos/BigBuckBunny-2160.avi
9270,0.99467,5.29299,0.99816,51.77592,0.99918,0.9138,0.99383,0.99707,0.99834,100.0,0.36,0.22,0.23,0.43,52.54,54.75,54.55,51.78,0.996,0.997,0.997,0.996,/tmpdir/crf_16.mpd,/videos/BigBuckBunny-2160.avi
9271,0.99387,3.98012,0.99802,51.22145,0.99912,0.90839,0.9929,0.99662,0.99804,100.0,0.41,0.23,0.25,0.49,52.03,54.52,54.14,51.22,0.996,0.997,0.997,0.995,/tmpdir/crf_16.mpd,/videos/BigBuckBunny-2160.avi
9272,0.99383,3.98012,0.99805,51.18115,0.99915,0.90744,0.99299,0.99668,0.99808,100.0,0.41,0.23,0.25,0.5,52.0,54.49,54.16,51.18,0.996,0.997,0.997,0.995,/tmpdir/crf_16.mpd,/videos/BigBuckBunny-2160.avi
9273,0.99272,2.02169,0.99798,50.73457,0.99914,0.90192,0.99251,0.99644,0.9979,99.93861,0.45,0.24,0.26,0.55,51.6,54.28,54.0,50.73,0.995,0.997,0.997,0.995,/tmpdir/crf_16.mpd,/videos/BigBuckBunny-2160.avi
9274,0.99495,2.02035,0.99833,51.74418,0.99924,0.91589,0.99608,0.99829,0.99904,100.0,0.37,0.22,0.23,0.44,52.5,54.68,54.44,51.74,0.996,0.997,0.997,0.996,/tmpdir/crf_16.mpd,/videos/BigBuckBunny-2160.avi
9275,0.99101,1.35068,0.99801,50.38983,0.99915,0.89596,0.9925,0.99661,0.99807,99.29966,0.48,0.26,0.27,0.59,51.29,54.07,53.84,50.39,0.995,0.997,0.996,0.995,/tmpdir/crf_16.mpd,/videos/BigBuckBunny-2160.avi
9276,0.99189,1.35068,0.99811,50.60341,0.99918,0.89917,0.9939,0.99727,0.99846,99.50993,0.46,0.25,0.26,0.57,51.49,54.19,54.02,50.6,0.996,0.997,0.996,0.995,/tmpdir/crf_16.mpd,/videos/BigBuckBunny-2160.avi
9277,0.99155,0.94328,0.99812,50.61783,0.99919,0.89905,0.99351,0.99704,0.99829,99.23447,0.46,0.24,0.25,0.56,51.52,54.29,54.17,50.62,0.996,0.997,0.997,0.995,/tmpdir/crf_16.mpd,/videos/BigBuckBunny-2160.avi
9278,0.99513,0.91452,0.99845,52.09233,0.99926,0.91884,0.99691,0.99871,0.9993,100.0,0.34,0.22,0.23,0.4,52.77,54.63,54.53,52.09,0.996,0.997,0.997,0.996,/tmpdir/crf_16.mpd,/videos/BigBuckBunny-2160.avi
9279,0.99238,0.64077,0.99827,51.08577,0.99922,0.90566,0.9947,0.99768,0.99872,99.30599,0.42,0.24,0.24,0.51,51.92,54.4,54.28,51.09,0.996,0.997,0.997,0.996,/tmpdir/crf_16.mpd,/videos/BigBuckBunny-2160.avi
9280,0.99289,0.57331,0.99832,51.31759,0.99923,0.90826,0.99533,0.99797,0.99886,99.39186,0.4,0.23,0.24,0.48,52.13,54.47,54.35,51.32,0.996,0.997,0.997,0.996,/tmpdir/crf_16.mpd,/videos/BigBuckBunny-2160.avi
9281,0.99305,0.34654,0.99834,51.39148,0.99923,0.90939,0.99548,0.99804,0.9989,99.32302,0.39,0.23,0.24,0.47,52.19,54.5,54.38,51.39,0.996,0.997,0.997,0.996,/tmpdir/crf_16.mpd,/videos/BigBuckBunny-2160.avi
9282,0.99505,0.34654,0.99846,52.02605,0.99926,0.91768,0.99703,0.99877,0.99934,99.75624,0.35,0.22,0.23,0.41,52.73,54.62,54.58,52.03,0.996,0.997,0.997,0.996,/tmpdir/crf_16.mpd,/videos/BigBuckBunny-2160.avi
9283,0.99305,0.26473,0.99835,51.45877,0.99923,0.91028,0.99569,0.99818,0.99907,99.30307,0.39,0.23,0.24,0.46,52.24,54.46,54.32,51.46,0.996,0.997,0.997,0.996,/tmpdir/crf_16.mpd,/videos/BigBuckBunny-2160.avi
9284,0.99324,0.26473,0.99834,51.4436,0.99923,0.91018,0.99563,0.9981,0.99902,99.32982,0.39,0.23,0.24,0.47,52.24,54.51,54.4,51.44,0.996,0.997,0.997,0.996,/tmpdir/crf_16.mpd,/videos/BigBuckBunny-2160.avi
9285,0.9928,0.13656,0.99835,51.4105,0.99924,0.90995,0.99572,0.99815,0.99901,99.19463,0.39,0.23,0.24,0.47,52.21,54.51,54.37,51.41,0.996,0.997,0.997,0.996,/tmpdir/crf_16.mpd,/videos/BigBuckBunny-2160.avi
9286,0.99499,0.13656,0.99845,51.96256,0.99926,0.91717,0.99691,0.9987,0.9993,99.64334,0.35,0.22,0.23,0.41,52.68,54.64,54.58,51.96,0.996,0.997,0.997,0.996,/tmpdir/crf_16.mpd,/videos/BigBuckBunny-2160.avi
9287,0.99369,0.08181,0.99839,51.61477,0.99924,0.91334,0.9962,0.99841,0.9992,99.35717,0.38,0.23,0.23,0.45,52.39,54.58,54.47,51.61,0.996,0.997,0.997,0.996,/tmpdir/crf_16.mpd,/videos/BigBuckBunny-2160.avi
9288,0.99504,0.08181,0.99848,52.1094,0.99926,0.91954,0.99706,0.99877,0.99934,99.6389,0.34,0.22,0.22,0.4,52.81,54.69,54.64,52.11,0.996,0.997,0.997,0.996,/tmpdir/crf_16.mpd,/videos/BigBuckBunny-2160.avi
9289,0.99756,0.06593,0.9988,55.03096,0.9993,0.95556,0.99856,0.99939,0.99969,100.0,0.18,0.13,0.13,0.2,55.63,57.15,57.11,55.03,0.998,0.998,0.998,0.998,/tmpdir/crf_16.mpd,/videos/BigBuckBunny-2160.avi
9290,0.99514,0.06593,0.99864,53.24529,0.99927,0.93829,0.99734,0.99885,0.99939,99.72388,0.25,0.14,0.15,0.31,54.09,56.58,56.48,53.25,0.997,0.998,0.998,0.997,/tmpdir/crf_16.mpd,/videos/BigBuckBunny-2160.avi
9291,0.99462,0.07433,0.99858,52.9232,0.99925,0.93468,0.99685,0.99857,0.99919,99.59987,0.27,0.15,0.15,0.33,53.8,56.47,56.33,52.92,0.997,0.998,0.998,0.997,/tmpdir/crf_16.mpd,/videos/BigBuckBunny-2160.avi
9292,0.99487,0.07433,0.99858,52.86057,0.99926,0.93402,0.99707,0.99872,0.99931,99.65472,0.28,0.15,0.16,0.34,53.73,56.36,56.2,52.86,0.997,0.998,0.998,0.997,/tmpdir/crf_16.mpd,/videos/BigBuckBunny-2160.avi
9293,0.99605,0.07097,0.99864,53.3754,0.99928,0.93901,0.99777,0.99904,0.99947,99.90148,0.25,0.15,0.15,0.3,54.16,56.41,56.28,53.38,0.997,0.998,0.998,0.997,/tmpdir/crf_16.mpd,/videos/BigBuckBunny-2160.avi
9294,0.99492,0.07097,0.99857,52.81684,0.99926,0.93354,0.99711,0.99873,0.9993,99.66066,0.28,0.16,0.16,0.34,53.66,56.17,56.03,52.82,0.997,0.998,0.998,0.997,/tmpdir/crf_16.mpd,/videos/BigBuckBunny-2160.avi
9295,0.99497,0.05595,0.99858,52.88745,0.99926,0.93469,0.99697,0.99863,0.99923,99.65785,0.28,0.16,0.16,0.33,53.72,56.19,56.04,52.89,0.997,0.998,0.998,0.997,/tmpdir/crf_16.mpd,/videos/BigBuckBunny-2160.avi
9296,0.99499,0.05595,0.99857,52.81232,0.99926,0.93346,0.997,0.99869,0.99932,99.66502,0.28,0.16,0.16,0.34,53.65,56.14,55.97,52.81,0.997,0.998,0.998,0.997,/tmpdir/crf_16.mpd,/videos/BigBuckBunny-2160.avi
9297,0.9961,0.14509,0.99862,53.28044,0.99927,0.93766,0.99774,0.99904,0.99948,99.94058,0.26,0.16,0.16,0.31,54.05,56.23,56.1,53.28,0.997,0.998,0.998,0.997,/tmpdir/crf_16.mpd,/videos/BigBuckBunny-2160.avi
9298,0.99463,0.15481,0.9985,52.35116,0.99925,0.92848,0.9967,0.99858,0.99928,99.62199,0.31,0.16,0.17,0.38,53.24,55.97,55.8,52.35,0.997,0.998,0.998,0.997,/tmpdir/crf_16.mpd,/videos/BigBuckBunny-2160.avi
9299,0.99494,0.15481,0.99852,52.52821,0.99925,0.93051,0.99678,0.99857,0.9992,99.67961,0.3,0.16,0.17,0.36,53.39,55.99,55.81,52.53,0.997,0.998,0.998,0.997,/tmpdir/crf_16.mpd,/videos/BigBuckBunny-2160.avi
9300,0.9949,0.07631,0.99855,52.72401,0.99925,0.93199,0.99696,0.99868,0.99931,99.65177,0.29,0.16,0.17,0.35,53.55,56.01,55.8,52.72,0.997,0.998,0.998,0.997,/tmpdir/crf_16.mpd,/videos/BigBuckBunny-2160.avi
9301,0.99586,0.04501,0.99863,53.28662,0.99927,0.9375,0.99778,0.9991,0.99953,99.85705,0.26,0.16,0.17,0.31,54.02,56.1,55.92,53.29,0.997,0.998,0.998,0.997,/tmpdir/crf_16.mpd,/videos/BigBuckBunny-2160.avi
9302,0.99489,0.04501,0.99856,52.77549,0.99926,0.93213,0.99711,0.99878,0.99936,99.64403,0.29,0.17,0.17,0.34,53.58,55.96,55.76,52.78,0.997,0.998,0.998,0.997,/tmpdir/crf_16.mpd,/videos/BigBuckBunny-2160.avi
9303,0.99475,0.04618,0.99856,52.72818,0.99925,0.93202,0.99706,0.99873,0.99933,99.61478,0.29,0.17,0.17,0.35,53.54,55.93,55.71,52.73,0.997,0.998,0.998,0.997,/tmpdir/crf_16.mpd,/videos/BigBuckBunny-2160.avi
9304,0.99468,0.04618,0.99855,52.65684,0.99925,0.93108,0.99702,0.99874,0.99933,99.60012,0.29,0.17,0.18,0.35,53.47,55.89,55.64,52.66,0.997,0.998,0.998,0.997,/tmpdir/crf_16.mpd,/videos/BigBuckBunny-2160.avi
9305,0.996,0.04676,0.99862,53.19021,0.99927,0.93648,0.99778,0.99907,0.9995,99.87521,0.26,0.16,0.17,0.31,53.92,55.99,55.78,53.19,0.997,0.998,0.998,0.997,/tmpdir/crf_16.mpd,/videos/BigBuckBunny-2160.avi
9306,0.99468,0.04676,0.99855,52.72094,0.99926,0.9315,0.99706,0.99872,0.9993,99.5989,0.29,0.17,0.18,0.35,53.51,55.85,55.6,52.72,0.997,0.998,0.997,0.997,/tmpdir/crf_16.mpd,/videos/BigBuckBunny-2160.avi
9307,0.99476,0.04766,0.99856,52.77788,0.99925,0.93251,0.99695,0.99861,0.99923,99.60991,0.29,0.17,0.18,0.34,53.54,55.77,55.54,52.78,0.997,0.998,0.997,0.997,/tmpdir/crf_16.mpd,/videos/BigBuckBunny-2160.avi
9308,0.99465,0.04766,0.99855,52.6991,0.99925,0.93161,0.99695,0.99867,0.99929,99.59207,0.29,0.17,0.18,0.35,53.47,55.75,55.49,52.7,0.997,0.998,0.997,0.997,/tmpdir/crf_16.mpd,/videos/BigBuckBunny-2160.avi
9309,0.99589,0.04731,0.99861,53.17717,0.99927,0.93625,0.99773,0.99904,0.99948,99.85311,0.27,0.17,0.18,0.31,53.88,55.87,55.67,53.18,0.997,0.998,0.997,0.997,/tmpdir/crf_16.mpd,/videos/BigBuckBunny-2160.avi
9310,0.99463,0.04731,0.99854,52.64009,0.99926,0.93045,0.99695,0.99869,0.99932,99.58643,0.3,0.17,0.18,0.35,53.42,55.72,55.48,52.64,0.997,0.998,0.997,0.997,/tmpdir/crf_16.mpd,/videos/BigBuckBunny-2160.avi
9311,0.99456,0.05854,0.99853,52.59447,0.99925,0.93015,0.99679,0.99857,0.99921,99.56695,0.3,0.18,0.19,0.36,53.36,55.63,55.36,52.59,0.997,0.998,0.997,0.997,/tmpdir/crf_16.mpd,/videos/BigBuckBunny-2160.avi
9312,0.99467,0.05854,0.99854,52.58029,0.99925,0.93014,0.99689,0.99864,0.99928,99.59326,0.3,0.18,0.19,0.36,53.35,55.61,55.35,52.58,0.997,0.998,0.997,0.997,/tmpdir/crf_16.mpd,/videos/BigBuckBunny-2160.avi
9313,0.99606,0.05982,0.99861,53.13088,0.99927,0.93592,0.99773,0.99903,0.99946,99.88499,0.27,0.17,0.18,0.32,53.82,55.77,55.57,53.13,0.997,0.998,0.997,0.997,/tmpdir/crf_16.mpd,/videos/BigBuckBunny-2160.avi
9314,0.9945,0.05982,0.99855,52.62949,0.99926,0.93059,0.99694,0.99867,0.99929,99.56699,0.3,0.18,0.19,0.35,53.39,55.6,55.34,52.63,0.997,0.998,0.997,0.997,/tmpdir/crf_16.mpd,/videos/BigBuckBunny-2160.avi
9315,0.99454,0.06131,0.99854,52.6079,0.99925,0.93037,0.99683,0.99861,0.99924,99.56897,0.3,0.18,0.19,0.36,53.36,55.54,55.29,52.61,0.997,0.998,0.997,0.997,/tmpdir/crf_16.mpd,/videos/BigBuckBunny-2160.avi
9316,0.99439,0.06131,0.99853,52.52677,0.99925,0.92958,0.99681,0.99859,0.99924,99.53855,0.3,0.18,0.19,0.36,53.29,55.53,55.27,52.53,0.997,0.997,0.997,0.997,/tmpdir/crf_16.mpd,/videos/BigBuckBunny-2160.avi
9317,0.99605,0.0637,0.9986,53.05101,0.99927,0.93496,0.99768,0.999,0.99942,99.87819,0.27,0.18,0.18,0.32,53.75,55.69,55.52,53.05,0.997,0.998,0.997,0.997,/tmpdir/crf_16.mpd,/videos/BigBuckBunny-2160.avi
9318,0.99473,0.0637,0.99854,52.60282,0.99926,0.93011,0.99695,0.99866,0.99924,99.60428,0.3,0.18,0.19,0.36,53.35,55.52,55.3,52.6,0.997,0.997,0.997,0.997,/tmpdir/crf_16.mpd,/videos/BigBuckBunny-2160.avi
9319,0.99473,0.05055,0.99854,52.58313,0.99925,0.93024,0.99693,0.99866,0.99928,99.6008,0.3,0.18,0.19,0.36,53.34,55.51,55.29,52.58,0.997,0.997,0.997,0.997,/tmpdir/crf_16.mpd,/videos/BigBuckBunny-2160.avi
9320,0.99479,0.05055,0.99853,52.52119,0.99925,0.92919,0.9968,0.9986,0.99927,99.60693,0.31,0.18,0.19,0.36,53.28,55.51,55.27,52.52,0.997,0.997,0.997,0.997,/tmpdir/crf_16.mpd,/videos/BigBuckBunny-2160.avi
9321,0.99591,0.04123,0.99859,52.96096,0.99927,0.93384,0.99758,0.99896,0.99944,99.83997,0.28,0.18,0.19,0.33,53.66,55.62,55.45,52.96,0.997,0.997,0.997,0.997,/tmpdir/crf_16.mpd,/videos/BigBuckBunny-2160.avi
9322,0.99482,0.04123,0.99855,52.66094,0.99926,0.9306,0.99703,0.99869,0.99928,99.61645,0.3,0.18,0.19,0.35,53.4,55.53,55.33,52.66,0.997,0.997,0.997,0.997,/tmpdir/crf_16.mpd,/videos/BigBuckBunny-2160.avi
9323,0.99471,0.0511,0.99854,52.51214,0.99925,0.9294,0.99685,0.99859,0.99922,99.5894,0.31,0.18,0.19,0.36,53.28,55.49,55.3,52.51,0.997,0.997,0.997,0.997,/tmpdir/crf_16.mpd,/videos/BigBuckBunny-2160.avi
9324,0.99482,0.0511,0.99853,52.50555,0.99925,0.92924,0.99689,0.99861,0.99922,99.60931,0.31,0.19,0.19,0.37,53.26,55.45,55.26,52.51,0.997,0.997,0.997,0.997,/tmpdir/crf_16.mpd,/videos/BigBuckBunny-2160.avi
9325,0.99566,0.12759,0.99856,52.73069,0.99926,0.93192,0.99726,0.99876,0.99929,99.81111,0.29,0.18,0.19,0.35,53.46,55.53,55.36,52.73,0.997,0.997,0.997,0.997,/tmpdir/crf_16.mpd,/videos/BigBuckBunny-2160.avi
9326,0.99472,0.12783,0.99849,52.32225,0.99925,0.92732,0.99653,0.99837,0.99903,99.59865,0.32,0.19,0.2,0.38,53.1,55.34,55.18,52.32,0.997,0.997,0.997,0.997,/tmpdir/crf_16.mpd,/videos/BigBuckBunny-2160.avi
9327,0.99447,0.20349,0.99845,52.12069,0.99923,0.92503,0.99629,0.99829,0.99905,99.57996,0.33,0.19,0.2,0.4,52.94,55.33,55.16,52.12,0.997,0.997,0.997,0.996,/tmpdir/crf_16.mpd,/videos/BigBuckBunny-2160.avi
9328,0.99407,0.20349,0.99842,51.92308,0.99923,0.92272,0.99616,0.99829,0.99905,99.50123,0.34,0.19,0.2,0.42,52.76,55.24,55.07,51.92,0.997,0.997,0.997,0.996,/tmpdir/crf_16.mpd,/videos/BigBuckBunny-2160.avi
9329,0.99553,0.26074,0.99849,52.40916,0.99926,0.92838,0.99712,0.99872,0.99927,99.83308,0.31,0.19,0.2,0.37,53.17,55.36,55.2,52.41,0.997,0.997,0.997,0.997,/tmpdir/crf_16.mpd,/videos/BigBuckBunny-2160.avi
9330,0.99402,0.26074,0.99838,51.7724,0.99922,0.92051,0.99595,0.99815,0.99894,99.49838,0.36,0.2,0.21,0.43,52.62,55.14,54.99,51.77,0.997,0.997,0.997,0.996,/tmpdir/crf_16.mpd,/videos/BigBuckBunny-2160.avi
9331,0.99417,0.28349,0.99839,51.84624,0.99922,0.92138,0.99606,0.99818,0.99892,99.53935,0.35,0.2,0.21,0.43,52.67,55.11,54.97,51.85,0.997,0.997,0.997,0.996,/tmpdir/crf_16.mpd,/videos/BigBuckBunny-2160.avi
9332,0.99381,0.28349,0.99836,51.68502,0.99922,0.91897,0.99582,0.99811,0.99891,99.46285,0.36,0.2,0.21,0.44,52.53,55.06,54.93,51.69,0.996,0.997,0.997,0.996,/tmpdir/crf_16.mpd,/videos/BigBuckBunny-2160.avi
9333,0.99543,0.30711,0.99847,52.32392,0.99925,0.92662,0.99717,0.99879,0.99933,99.8367,0.32,0.2,0.2,0.38,53.08,55.22,55.07,52.32,0.997,0.997,0.997,0.996,/tmpdir/crf_16.mpd,/videos/BigBuckBunny-2160.avi
9334,0.99334,0.30711,0.99833,51.56295,0.99921,0.91748,0.99556,0.99797,0.99883,99.37656,0.37,0.21,0.21,0.45,52.41,54.93,54.83,51.56,0.996,0.997,0.997,0.996,/tmpdir/crf_16.mpd,/videos/BigBuckBunny-2160.avi
9335,0.99375,0.30893,0.99835,51.6937,0.99921,0.91901,0.99572,0.99801,0.99885,99.45762,0.36,0.21,0.22,0.44,52.51,54.91,54.79,51.69,0.996,0.997,0.997,0.996,/tmpdir/crf_16.mpd,/videos/BigBuckBunny-2160.avi
9336,0.99329,0.30893,0.99833,51.48621,0.99921,0.91641,0.99564,0.99804,0.99889,99.37127,0.38,0.21,0.22,0.46,52.33,54.84,54.71,51.49,0.996,0.997,0.997,0.996,/tmpdir/crf_16.mpd,/videos/BigBuckBunny-2160.avi
9337,0.99557,0.26738,0.99848,52.39942,0.99926,0.92702,0.99733,0.99888,0.99936,99.84958,0.32,0.2,0.21,0.37,53.12,55.13,55.01,52.4,0.997,0.997,0.997,0.996,/tmpdir/crf_16.mpd,/videos/BigBuckBunny-2160.avi
9338,0.9936,0.26738,0.99835,51.61186,0.99922,0.91756,0.99577,0.99807,0.99884,99.40781,0.37,0.21,0.22,0.45,52.43,54.84,54.72,51.61,0.996,0.997,0.997,0.996,/tmpdir/crf_16.mpd,/videos/BigBuckBunny-2160.avi
9339,0.99387,0.18562,0.99835,51.613,0.99922,0.91699,0.99588,0.99814,0.99892,99.42479,0.37,0.21,0.22,0.45,52.44,54.87,54.75,51.61,0.996,0.997,0.997,0.996,/tmpdir/crf_16.mpd,/videos/BigBuckBunny-2160.avi
9340,0.99355,0.18562,0.99834,51.49146,0.99922,0.91529,0.99586,0.99817,0.99895,99.36402,0.38,0.21,0.22,0.46,52.34,54.86,54.74,51.49,0.996,0.997,0.997,0.996,/tmpdir/crf_16.mpd,/videos/BigBuckBunny-2160.avi
9341,0.99547,0.14708,0.99848,52.33438,0.99926,0.92531,0.99729,0.99884,0.99933,99.76819,0.32,0.2,0.21,0.38,53.06,55.06,54.94,52.33,0.997,0.997,0.997,0.996,/tmpdir/crf_16.mpd,/videos/BigBuckBunny-2160.avi
9342,0.99363,0.14708,0.99836,51.57921,0.99923,0.91599,0.99604,0.99829,0.99906,99.37441,0.37,0.21,0.22,0.45,52.42,54.87,54.77,51.58,0.996,0.997,0.997,0.996,/tmpdir/crf_16.mpd,/videos/BigBuckBunny-2160.avi
9343,0.99372,0.13802,0.99837,51.58512,0.99923,0.91646,0.99611,0.99825,0.999,99.38314,0.37,0.21,0.22,0.45,52.43,54.91,54.79,51.59,0.996,0.997,0.997,0.996,/tmpdir/crf_16.mpd,/videos/BigBuckBunny-2160.avi
9344,0.99356,0.13802,0.99835,51.54436,0.99922,0.91559,0.99606,0.99828,0.99904,99.35361,0.38,0.21,0.22,0.46,52.39,54.9,54.77,51.54,0.996,0.997,0.997,0.996,/tmpdir/crf_16.mpd,/videos/BigBuckBunny-2160.avi
9345,0.99529,0.1287,0.99846,52.21099,0.99925,0.92372,0.99712,0.99874,0.99927,99.71376,0.33,0.2,0.21,0.39,52.95,55.05,54.92,52.21,0.997,0.997,0.997,0.996,/tmpdir/crf_16.mpd,/videos/BigBuckBunny-2160.avi
9346,0.9941,0.1287,0.99836,51.64811,0.99923,0.91685,0.99625,0.99835,0.99906,99.45441,0.37,0.21,0.22,0.44,52.48,54.9,54.8,51.65,0.996,0.997,0.997,0.996,/tmpdir/crf_16.mpd,/videos/BigBuckBunny-2160.avi
9347,0.99431,0.11391,0.99836,51.607,0.99922,0.91631,0.9962,0.9983,0.99901,99.4784,0.37,0.21,0.21,0.45,52.45,54.91,54.81,51.61,0.996,0.997,0.997,0.996,/tmpdir/crf_16.mpd,/videos/BigBuckBunny-2160.avi
9348,0.99416,0.11391,0.99835,51.56512,0.99922,0.9157,0.99618,0.99831,0.99905,99.45186,0.37,0.21,0.22,0.45,52.4,54.87,54.77,51.57,0.996,0.997,0.997,0.996,/tmpdir/crf_16.mpd,/videos/BigBuckBunny-2160.avi
9349,0.99504,0.09284,0.99844,52.03936,0.99925,0.92134,0.99692,0.99864,0.99924,99.64017,0.34,0.2,0.21,0.41,52.81,55.02,54.9,52.04,0.996,0.997,0.997,0.996,/tmpdir/crf_16.mpd,/videos/BigBuckBunny-2160.avi
9350,0.99432,0.09284,0.99836,51.63743,0.99923,0.9165,0.99626,0.99835,0.99908,99.47683,0.37,0.21,0.22,0.45,52.47,54.89,54.77,51.64,0.996,0.997,0.997,0.996,/tmpdir/crf_16.mpd,/videos/BigBuckBunny-2160.avi
9351,0.99422,0.06271,0.99835,51.58275,0.99923,0.91587,0.99603,0.99821,0.99898,99.43135,0.37,0.21,0.22,0.45,52.42,54.87,54.75,51.58,0.996,0.997,0.997,0.996,/tmpdir/crf_16.mpd,/videos/BigBuckBunny-2160.avi
9352,0.99391,0.057,0.99833,51.48374,0.99922,0.91409,0.99608,0.99829,0.99905,99.37627,0.38,0.21,0.22,0.46,52.34,54.88,54.76,51.48,0.996,0.997,0.997,0.996,/tmpdir/crf_16.mpd,/videos/BigBuckBunny-2160.avi
9353,0.99425,0.03519,0.99838,51.67036,0.99924,0.91583,0.9964,0.99841,0.99908,99.43728,0.37,0.21,0.21,0.44,52.5,54.94,54.81,51.67,0.996,0.997,0.997,0.996,/tmpdir/crf_16.mpd,/videos/BigBuckBunny-2160.avi
9354,0.99389,0.02314,0.99834,51.49754,0.99923,0.91366,0.99608,0.99829,0.99903,99.35293,0.38,0.21,0.22,0.46,52.36,54.92,54.78,51.5,0.996,0.997,0.997,0.996,/tmpdir/crf_16.mpd,/videos/BigBuckBunny-2160.avi
9355,0.99352,0.02191,0.99833,51.40004,0.99923,0.91246,0.99581,0.99816,0.99895,99.27427,0.39,0.21,0.22,0.47,52.27,54.91,54.77,51.4,0.996,0.997,0.997,0.996,/tmpdir/crf_16.mpd,/videos/BigBuckBunny-2160.avi
9356,0.99324,0.02191,0.99832,51.34862,0.99922,0.9119,0.99562,0.99805,0.9989,99.21551,0.39,0.21,0.22,0.48,52.22,54.89,54.71,51.35,0.996,0.997,0.997,0.996,/tmpdir/crf_16.mpd,/videos/BigBuckBunny-2160.avi
9357,0.99459,0.15097,0.99835,51.65458,0.99923,0.91887,0.99623,0.99827,0.99898,99.5506,0.37,0.21,0.22,0.44,52.49,54.95,54.78,51.65,0.996,0.997,0.997,0.996,/tmpdir/crf_16.mpd,/videos/BigBuckBunny-2160.avi
9358,0.99394,1.63721,0.99806,51.00183,0.99917,0.90913,0.99289,0.99664,0.99796,99.99332,0.42,0.22,0.23,0.52,51.91,54.78,54.52,51.0,0.996,0.997,0.997,0.995,/tmpdir/crf_16.mpd,/videos/BigBuckBunny-2160.avi
9359,0.99577,4.35089,0.99823,52.21559,0.99918,0.92474,0.99496,0.99765,0.99864,100.0,0.33,0.19,0.2,0.39,53.01,55.35,55.12,52.22,0.996,0.997,0.997,0.996,/tmpdir/crf_16.mpd,/videos/BigBuckBunny-2160.avi
9360,0.99538,6.14922,0.99814,51.95848,0.99916,0.92056,0.99447,0.99726,0.99829,100.0,0.34,0.2,0.2,0.41,52.78,55.19,55.03,51.96,0.996,0.997,0.997,0.996,/tmpdir/crf_16.mpd,/videos/BigBuckBunny-2160.avi
9361,0.99537,5.46744,0.99818,52.0042,0.99918,0.9199,0.99493,0.99762,0.99863,100.0,0.34,0.2,0.21,0.41,52.81,55.17,55.0,52.0,0.996,0.997,0.997,0.996,/tmpdir/crf_16.mpd,/videos/BigBuckBunny-2160.avi
9362,0.99568,5.46744,0.99822,52.13969,0.99919,0.92256,0.99523,0.99771,0.99864,100.0,0.33,0.2,0.2,0.4,52.93,55.18,55.07,52.14,0.996,0.997,0.997,0.996,/tmpdir/crf_16.mpd,/videos/BigBuckBunny-2160.avi
9363,0.99372,2.33534,0.99821,51.96548,0.99913,0.92345,0.99421,0.99705,0.99814,100.0,0.34,0.2,0.21,0.41,52.76,55.08,54.88,51.97,0.996,0.997,0.997,0.996,/tmpdir/crf_16.mpd,/videos/BigBuckBunny-2160.avi
9364,0.99451,2.02316,0.99834,52.33691,0.99918,0.92779,0.9953,0.99776,0.99871,100.0,0.32,0.19,0.2,0.38,53.1,55.32,55.11,52.34,0.997,0.997,0.997,0.996,/tmpdir/crf_16.mpd,/videos/BigBuckBunny-2160.avi
9365,0.99432,0.7325,0.99849,52.77735,0.99923,0.93144,0.99592,0.99814,0.99901,99.8136,0.29,0.19,0.19,0.34,53.48,55.43,55.27,52.78,0.997,0.997,0.997,0.997,/tmpdir/crf_16.mpd,/videos/BigBuckBunny-2160.avi
9366,0.99609,0.44162,0.99862,53.46375,0.99927,0.93749,0.99731,0.9988,0.99935,100.0,0.25,0.17,0.17,0.29,54.1,55.8,55.74,53.46,0.997,0.998,0.997,0.997,/tmpdir/crf_16.mpd,/videos/BigBuckBunny-2160.avi
9367,0.99413,0.20612,0.99857,53.08754,0.99926,0.93381,0.9963,0.99831,0.99908,99.55559,0.27,0.18,0.19,0.32,53.75,55.58,55.4,53.09,0.997,0.997,0.997,0.997,/tmpdir/crf_16.mpd,/videos/BigBuckBunny-2160.avi
9368,0.99469,0.20612,0.99858,53.14223,0.99926,0.93444,0.99649,0.99838,0.9991,99.65961,0.27,0.18,0.18,0.32,53.81,55.64,55.53,53.14,0.997,0.998,0.997,0.997,/tmpdir/crf_16.mpd,/videos/BigBuckBunny-2160.avi
9369,0.99445,0.16375,0.99858,53.0984,0.99926,0.93403,0.9965,0.99841,0.99912,99.59883,0.27,0.18,0.18,0.32,53.77,55.62,55.46,53.1,0.997,0.998,0.997,0.997,/tmpdir/crf_16.mpd,/videos/BigBuckBunny-2160.avi
9370,0.99603,0.16375,0.99864,53.52813,0.99928,0.93815,0.99746,0.99887,0.99941,99.92818,0.25,0.17,0.17,0.29,54.16,55.8,55.76,53.53,0.997,0.998,0.998,0.997,/tmpdir/crf_16.mpd,/videos/BigBuckBunny-2160.avi
9371,0.99433,0.10075,0.99859,53.15216,0.99926,0.93467,0.99665,0.99848,0.99917,99.55732,0.27,0.18,0.19,0.31,53.81,55.64,55.44,53.15,0.997,0.998,0.997,0.997,/tmpdir/crf_16.mpd,/videos/BigBuckBunny-2160.avi
9372,0.99492,0.10075,0.9986,53.21248,0.99926,0.9353,0.99679,0.99857,0.99923,99.67162,0.27,0.18,0.18,0.31,53.88,55.7,55.54,53.21,0.997,0.998,0.997,0.997,/tmpdir/crf_16.mpd,/videos/BigBuckBunny-2160.avi
9373,0.99465,0.05922,0.99859,53.11438,0.99926,0.93433,0.99663,0.9985,0.99922,99.59688,0.27,0.18,0.18,0.32,53.8,55.68,55.53,53.11,0.997,0.998,0.997,0.997,/tmpdir/crf_16.mpd,/videos/BigBuckBunny-2160.avi
9374,0.99582,0.05922,0.99864,53.51385,0.99928,0.93801,0.99744,0.99887,0.9994,99.84233,0.25,0.17,0.17,0.29,54.15,55.81,55.75,53.51,0.997,0.998,0.998,0.997,/tmpdir/crf_16.mpd,/videos/BigBuckBunny-2160.avi
9375,0.99478,0.03719,0.9986,53.19762,0.99927,0.93515,0.99685,0.99861,0.99928,99.62207,0.27,0.18,0.18,0.31,53.86,55.68,55.52,53.2,0.997,0.998,0.997,0.997,/tmpdir/crf_16.mpd,/videos/BigBuckBunny-2160.avi
9376,0.99485,0.03719,0.99861,53.23124,0.99926,0.93553,0.99688,0.9986,0.99926,99.63356,0.27,0.18,0.18,0.31,53.89,55.68,55.51,53.23,0.997,0.998,0.997,0.997,/tmpdir/crf_16.mpd,/videos/BigBuckBunny-2160.avi
9377,0.9943,0.02481,0.9986,53.15746,0.99927,0.93462,0.99675,0.99858,0.99927,99.52701,0.27,0.17,0.18,0.31,53.84,55.71,55.55,53.16,0.997,0.998,0.997,0.997,/tmpdir/crf_16.mpd,/videos/BigBuckBunny-2160.avi
9378,0.99556,0.02481,0.99864,53.474,0.99928,0.93766,0.99742,0.99888,0.99942,99.78122,0.25,0.17,0.17,0.29,54.11,55.81,55.7,53.47,0.997,0.998,0.997,0.997,/tmpdir/crf_16.mpd,/videos/BigBuckBunny-2160.avi
9379,0.99443,0.02247,0.99862,53.23707,0.99927,0.93572,0.99697,0.99866,0.9993,99.55798,0.26,0.17,0.18,0.31,53.91,55.75,55.6,53.24,0.997,0.998,0.997,0.997,/tmpdir/crf_16.mpd,/videos/BigBuckBunny-2160.avi
9380,0.99455,0.02247,0.99861,53.20882,0.99926,0.93535,0.99688,0.99861,0.99924,99.57106,0.27,0.17,0.18,0.31,53.88,55.74,55.58,53.21,0.997,0.998,0.997,0.997,/tmpdir/crf_16.mpd,/videos/BigBuckBunny-2160.avi
9381,0.99479,0.01691,0.99862,53.27168,0.99927,0.93587,0.99705,0.99871,0.99932,99.62287,0.26,0.17,0.18,0.31,53.94,55.76,55.62,53.27,0.997,0.998,0.997,0.997,/tmpdir/crf_16.mpd,/videos/BigBuckBunny-2160.avi
9382,0.99556,0.01691,0.99864,53.43798,0.99928,0.93751,0.99742,0.99888,0.99941,99.77621,0.25,0.17,0.18,0.29,54.08,55.82,55.7,53.44,0.997,0.998,0.997,0.997,/tmpdir/crf_16.mpd,/videos/BigBuckBunny-2160.avi
9383,0.99482,0.01156,0.99862,53.28009,0.99927,0.9361,0.99713,0.99876,0.99935,99.62942,0.26,0.17,0.18,0.31,53.95,55.77,55.61,53.28,0.997,0.998,0.997,0.997,/tmpdir/crf_16.mpd,/videos/BigBuckBunny-2160.avi
9384,0.99468,0.01156,0.99861,53.24407,0.99927,0.9358,0.99699,0.99868,0.99933,99.60026,0.26,0.17,0.18,0.31,53.92,55.77,55.6,53.24,0.997,0.998,0.997,0.997,/tmpdir/crf_16.mpd,/videos/BigBuckBunny-2160.avi
9385,0.99459,0.01689,0.99862,53.26524,0.99927,0.93592,0.9971,0.99873,0.99932,99.58643,0.26,0.17,0.18,0.31,53.93,55.76,55.58,53.27,0.997,0.998,0.997,0.997,/tmpdir/crf_16.mpd,/videos/BigBuckBunny-2160.avi
9386,0.9951,0.01689,0.99863,53.3702,0.99928,0.93688,0.99731,0.99884,0.99938,99.68824,0.26,0.17,0.18,0.3,54.02,55.78,55.63,53.37,0.997,0.998,0.997,0.997,/tmpdir/crf_16.mpd,/videos/BigBuckBunny-2160.avi
9387,0.99448,0.03373,0.9986,53.1376,0.99926,0.93501,0.9968,0.99858,0.99924,99.56192,0.27,0.17,0.18,0.32,53.82,55.73,55.5,53.14,0.997,0.998,0.997,0.997,/tmpdir/crf_16.mpd,/videos/BigBuckBunny-2160.avi
9388,0.99509,0.06084,0.9986,53.19412,0.99926,0.93573,0.99688,0.99862,0.99928,99.68959,0.27,0.17,0.18,0.31,53.86,55.71,55.48,53.19,0.997,0.998,0.997,0.997,/tmpdir/crf_16.mpd,/videos/BigBuckBunny-2160.avi
9389,0.99488,0.21917,0.99859,53.12836,0.99926,0.93522,0.99658,0.99844,0.99917,99.70982,0.27,0.18,0.19,0.32,53.77,55.6,55.32,53.13,0.997,0.998,0.997,0.997,/tmpdir/crf_16.mpd,/videos/BigBuckBunny-2160.avi
9390,0.99596,0.25285,0.99861,53.28367,0.99927,0.93683,0.99716,0.99875,0.99936,99.94315,0.26,0.17,0.18,0.31,53.94,55.73,55.55,53.28,0.997,0.998,0.997,0.997,/tmpdir/crf_16.mpd,/videos/BigBuckBunny-2160.avi
9391,0.99377,0.42792,0.99856,52.99876,0.99925,0.93394,0.99613,0.99826,0.99907,99.5901,0.28,0.18,0.2,0.33,53.65,55.48,55.18,53.0,0.997,0.997,0.997,0.997,/tmpdir/crf_16.mpd,/videos/BigBuckBunny-2160.avi
9392,0.99437,0.42792,0.99857,52.98319,0.99926,0.9335,0.9963,0.99831,0.99909,99.6983,0.28,0.18,0.19,0.33,53.65,55.52,55.27,52.98,0.997,0.997,0.997,0.997,/tmpdir/crf_16.mpd,/videos/BigBuckBunny-2160.avi
9393,0.99385,0.41764,0.99854,52.78152,0.99925,0.93151,0.99597,0.9982,0.99905,99.58822,0.29,0.18,0.2,0.34,53.48,55.48,55.17,52.78,0.997,0.997,0.997,0.997,/tmpdir/crf_16.mpd,/videos/BigBuckBunny-2160.avi
9394,0.99523,0.41764,0.9986,53.12252,0.99927,0.93473,0.99717,0.99878,0.99937,99.88333,0.27,0.18,0.19,0.32,53.78,55.6,55.4,53.12,0.997,0.997,0.997,0.997,/tmpdir/crf_16.mpd,/videos/BigBuckBunny-2160.avi
9395,0.99396,0.35068,0.99855,52.81535,0.99925,0.93165,0.99615,0.99826,0.99907,99.58085,0.29,0.18,0.19,0.34,53.53,55.57,55.31,52.82,0.997,0.997,0.997,0.997,/tmpdir/crf_16.mpd,/videos/BigBuckBunny-2160.avi
9396,0.99512,0.35068,0.99861,53.20038,0.99927,0.93522,0.99721,0.99876,0.99933,99.83212,0.27,0.18,0.18,0.31,53.85,55.63,55.48,53.2,0.997,0.997,0.997,0.997,/tmpdir/crf_16.mpd,/videos/BigBuckBunny-2160.avi
9397,0.99752,0.2085,0.99884,55.58131,0.9993,0.95895,0.99858,0.9994,0.99968,100.0,0.16,0.11,0.11,0.18,56.19,57.77,57.7,55.58,0.998,0.998,0.998,0.998,/tmpdir/crf_16.mpd,/videos/BigBuckBunny-2160.avi
9398,0.99437,0.2085,0.99875,54.33518,0.99928,0.94965,0.99731,0.9988,0.99933,99.69073,0.2,0.12,0.14,0.24,55.06,57.24,56.82,54.34,0.998,0.998,0.998,0.998,/tmpdir/crf_16.mpd,/videos/BigBuckBunny-2160.avi
9399,0.99473,0.18032,0.99874,54.24515,0.99928,0.94863,0.99735,0.99885,0.99938,99.74259,0.21,0.12,0.14,0.24,54.97,57.17,56.73,54.25,0.998,0.998,0.998,0.998,/tmpdir/crf_16.mpd,/videos/BigBuckBunny-2160.avi
9400,0.99471,0.18032,0.99873,54.13685,0.99928,0.94782,0.99726,0.99878,0.99935,99.73139,0.21,0.13,0.14,0.25,54.87,57.13,56.64,54.14,0.998,0.998,0.998,0.998,/tmpdir/crf_16.mpd,/videos/BigBuckBunny-2160.avi
9401,0.99573,0.09517,0.99877,54.53071,0.99929,0.95038,0.99802,0.99917,0.99955,99.90996,0.2,0.12,0.13,0.23,55.23,57.24,56.93,54.53,0.998,0.998,0.998,0.998,/tmpdir/crf_16.mpd,/videos/BigBuckBunny-2160.avi
9402,0.99488,0.09517,0.99874,54.14767,0.99928,0.9477,0.9974,0.99886,0.99938,99.72792,0.21,0.13,0.14,0.25,54.86,57.06,56.54,54.15,0.998,0.998,0.998,0.998,/tmpdir/crf_16.mpd,/videos/BigBuckBunny-2160.avi
9403,0.9947,0.04609,0.99873,54.13077,0.99928,0.94742,0.99736,0.99882,0.99934,99.66894,0.21,0.13,0.14,0.25,54.85,57.05,56.55,54.13,0.998,0.998,0.998,0.998,/tmpdir/crf_16.mpd,/videos/BigBuckBunny-2160.avi
9404,0.99454,0.02883,0.99874,54.12821,0.99928,0.94731,0.99746,0.99889,0.99941,99.63924,0.21,0.13,0.14,0.25,54.85,57.05,56.58,54.13,0.998,0.998,0.998,0.998,/tmpdir/crf_16.mpd,/videos/BigBuckBunny-2160.avi
9405,0.99493,0.02883,0.99876,54.30102,0.99929,0.94845,0.99771,0.99901,0.99947,99.72065,0.21,0.13,0.14,0.24,55.01,57.11,56.7,54.3,0.998,0.998,0.998,0.998,/tmpdir/crf_16.mpd,/videos/BigBuckBunny-2160.avi
9406,0.9949,0.05276,0.99874,54.07683,0.99928,0.94735,0.99733,0.99882,0.99936,99.70818,0.22,0.13,0.14,0.25,54.8,57.0,56.53,54.08,0.998,0.998,0.998,0.998,/tmpdir/crf_16.mpd,/videos/BigBuckBunny-2160.avi
9407,0.99505,0.28153,0.99873,54.09272,0.99928,0.94752,0.99731,0.99881,0.99936,99.83873,0.21,0.13,0.14,0.25,54.82,57.02,56.55,54.09,0.998,0.998,0.998,0.998,/tmpdir/crf_16.mpd,/videos/BigBuckBunny-2160.avi
9408,0.99406,0.33864,0.99872,54.10759,0.99927,0.94757,0.99705,0.9987,0.99929,99.6803,0.22,0.13,0.15,0.25,54.8,56.91,56.4,54.11,0.998,0.998,0.998,0.998,/tmpdir/crf_16.mpd,/videos/BigBuckBunny-2160.avi
9409,0.99645,0.60815,0.99876,54.47839,0.99929,0.95038,0.99803,0.99918,0.99959,100.0,0.2,0.13,0.14,0.23,55.16,57.15,56.77,54.48,0.998,0.998,0.998,0.998,/tmpdir/crf_16.mpd,/videos/BigBuckBunny-2160.avi
9410,0.9939,0.60815,0.9987,54.03718,0.99927,0.94667,0.99672,0.99849,0.99915,99.75698,0.22,0.13,0.15,0.26,54.73,56.83,56.3,54.04,0.998,0.998,0.998,0.998,/tmpdir/crf_16.mpd,/videos/BigBuckBunny-2160.avi
9411,0.99437,0.6582,0.99868,53.80188,0.99927,0.94447,0.99666,0.9985,0.99918,99.85791,0.23,0.14,0.15,0.27,54.53,56.78,56.26,53.8,0.998,0.998,0.998,0.998,/tmpdir/crf_16.mpd,/videos/BigBuckBunny-2160.avi
9412,0.99307,0.59581,0.99865,53.43866,0.99926,0.94101,0.99618,0.99828,0.99906,99.57084,0.25,0.14,0.17,0.29,54.19,56.53,55.95,53.44,0.998,0.998,0.998,0.998,/tmpdir/crf_16.mpd,/videos/BigBuckBunny-2160.avi
9413,0.99533,0.59258,0.9987,53.89702,0.99928,0.9447,0.99738,0.99877,0.99931,100.0,0.23,0.14,0.15,0.27,54.6,56.67,56.27,53.9,0.998,0.998,0.998,0.998,/tmpdir/crf_16.mpd,/videos/BigBuckBunny-2160.avi
9414,0.9942,0.59258,0.99864,53.40369,0.99926,0.94115,0.99626,0.99826,0.99899,99.76465,0.25,0.15,0.16,0.3,54.15,56.44,55.99,53.4,0.998,0.998,0.998,0.998,/tmpdir/crf_16.mpd,/videos/BigBuckBunny-2160.avi
9415,0.99357,0.60352,0.99864,53.37258,0.99927,0.9401,0.9962,0.99825,0.99901,99.6552,0.25,0.15,0.17,0.3,54.12,56.44,55.92,53.37,0.998,0.998,0.998,0.997,/tmpdir/crf_16.mpd,/videos/BigBuckBunny-2160.avi
9416,0.99307,0.60352,0.99864,53.49709,0.99927,0.9409,0.99597,0.99813,0.99894,99.56047,0.25,0.15,0.17,0.29,54.21,56.4,55.85,53.5,0.998,0.998,0.998,0.998,/tmpdir/crf_16.mpd,/videos/BigBuckBunny-2160.avi
9417,0.99589,0.83524,0.99872,54.06497,0.99928,0.9461,0.99748,0.99883,0.9993,100.0,0.22,0.14,0.15,0.26,54.75,56.74,56.38,54.06,0.998,0.998,0.998,0.998,/tmpdir/crf_16.mpd,/videos/BigBuckBunny-2160.avi
9418,0.99467,0.83524,0.99867,53.76526,0.99926,0.9446,0.99619,0.99815,0.9989,99.96372,0.23,0.14,0.16,0.27,54.47,56.59,56.13,53.77,0.998,0.998,0.998,0.998,/tmpdir/crf_16.mpd,/videos/BigBuckBunny-2160.avi
9419,0.99439,0.70035,0.99867,53.7623,0.99926,0.94428,0.99646,0.99836,0.99908,99.86839,0.23,0.14,0.16,0.27,54.48,56.68,56.16,53.76,0.998,0.998,0.998,0.998,/tmpdir/crf_16.mpd,/videos/BigBuckBunny-2160.avi
9420,0.99382,0.70035,0.99867,53.69338,0.99926,0.94324,0.99632,0.99827,0.99904,99.75783,0.24,0.14,0.16,0.28,54.39,56.55,56.0,53.69,0.998,0.998,0.998,0.998,/tmpdir/crf_16.mpd,/videos/BigBuckBunny-2160.avi
9421,0.99518,0.55162,0.99871,53.93584,0.99928,0.94455,0.9975,0.99895,0.99948,99.9843,0.22,0.14,0.16,0.26,54.62,56.65,56.2,53.94,0.998,0.998,0.998,0.998,/tmpdir/crf_16.mpd,/videos/BigBuckBunny-2160.avi
9422,0.99394,0.55162,0.99866,53.49627,0.99926,0.94138,0.9965,0.99845,0.9992,99.71866,0.25,0.15,0.17,0.29,54.22,56.43,55.93,53.5,0.998,0.998,0.998,0.998,/tmpdir/crf_16.mpd,/videos/BigBuckBunny-2160.avi
9423,0.99383,0.40671,0.99866,53.47126,0.99926,0.94114,0.99668,0.99856,0.99927,99.64024,0.25,0.15,0.17,0.29,54.19,56.41,55.9,53.47,0.998,0.998,0.998,0.998,/tmpdir/crf_16.mpd,/videos/BigBuckBunny-2160.avi
9424,0.99332,0.40671,0.99865,53.37176,0.99926,0.94019,0.99639,0.99843,0.9992,99.53885,0.25,0.15,0.17,0.3,54.08,56.29,55.73,53.37,0.998,0.998,0.998,0.997,/tmpdir/crf_16.mpd,/videos/BigBuckBunny-2160.avi
9425,0.9948,0.40381,0.99869,53.66982,0.99928,0.94199,0.99724,0.99883,0.99943,99.83382,0.24,0.15,0.16,0.28,54.37,56.48,56.05,53.67,0.998,0.998,0.998,0.998,/tmpdir/crf_16.mpd,/videos/BigBuckBunny-2160.avi
9426,0.99326,0.40381,0.99864,53.33497,0.99927,0.93963,0.99627,0.99835,0.99915,99.51732,0.26,0.15,0.17,0.3,54.06,56.31,55.74,53.33,0.998,0.998,0.998,0.997,/tmpdir/crf_16.mpd,/videos/BigBuckBunny-2160.avi
9427,0.99412,0.61187,0.99866,53.52551,0.99927,0.94141,0.9966,0.9985,0.99923,99.78371,0.25,0.15,0.17,0.29,54.23,56.39,55.85,53.53,0.998,0.998,0.998,0.998,/tmpdir/crf_16.mpd,/videos/BigBuckBunny-2160.avi
9428,0.99425,0.61187,0.99865,53.54822,0.99926,0.94211,0.99647,0.9984,0.99915,99.80104,0.24,0.15,0.17,0.29,54.24,56.36,55.81,53.55,0.998,0.998,0.998,0.998,/tmpdir/crf_16.mpd,/videos/BigBuckBunny-2160.avi
9429,0.99515,0.54858,0.99869,53.81852,0.99928,0.94402,0.99729,0.99882,0.9994,99.96706,0.23,0.14,0.16,0.27,54.51,56.6,56.12,53.82,0.998,0.998,0.998,0.998,/tmpdir/crf_16.mpd,/videos/BigBuckBunny-2160.avi
9430,0.99303,0.43225,0.99865,53.48461,0.99926,0.94146,0.99629,0.99834,0.99913,99.49604,0.25,0.15,0.17,0.29,54.21,56.48,55.85,53.48,0.998,0.998,0.998,0.998,/tmpdir/crf_16.mpd,/videos/BigBuckBunny-2160.avi
9431,0.99302,0.34895,0.99866,53.47009,0.99927,0.94117,0.99644,0.99844,0.99921,99.46292,0.25,0.15,0.17,0.29,54.19,56.44,55.82,53.47,0.998,0.998,0.998,0.998,/tmpdir/crf_16.mpd,/videos/BigBuckBunny-2160.avi
9432,0.9928,0.34895,0.99863,53.24494,0.99925,0.93952,0.99601,0.99815,0.99899,99.39473,0.26,0.15,0.18,0.31,53.97,56.27,55.64,53.24,0.998,0.998,0.998,0.997,/tmpdir/crf_16.mpd,/videos/BigBuckBunny-2160.avi
9433,0.99308,0.47491,0.9986,53.06682,0.99925,0.93646,0.99611,0.99827,0.99909,99.50111,0.27,0.15,0.17,0.32,53.84,56.29,55.75,53.07,0.997,0.998,0.998,0.997,/tmpdir/crf_16.mpd,/videos/BigBuckBunny-2160.avi
9434,0.99218,1.76653,0.99855,52.16071,0.99928,0.93028,0.9949,0.99772,0.99885,99.90171,0.32,0.17,0.2,0.4,53.01,55.76,55.21,52.16,0.997,0.998,0.997,0.997,/tmpdir/crf_16.mpd,/videos/BigBuckBunny-2160.avi
9435,0.99565,2.90907,0.99861,53.50385,0.99929,0.93885,0.99566,0.99795,0.99882,100.0,0.24,0.15,0.15,0.29,54.25,56.34,56.24,53.5,0.997,0.998,0.998,0.997,/tmpdir/crf_16.mpd,/videos/BigBuckBunny-2160.avi
9436,0.9936,3.69947,0.99845,52.9405,0.99917,0.93548,0.99419,0.99687,0.99793,100.0,0.28,0.17,0.17,0.33,53.72,55.93,55.9,52.94,0.997,0.998,0.998,0.997,/tmpdir/crf_16.mpd,/videos/BigBuckBunny-2160.avi
9437,0.994,3.69947,0.99845,53.04225,0.99917,0.93442,0.99429,0.99695,0.99806,100.0,0.27,0.17,0.17,0.32,53.8,55.82,55.91,53.04,0.997,0.998,0.998,0.997,/tmpdir/crf_16.mpd,/videos/BigBuckBunny-2160.avi
9438,0.99343,4.53303,0.99846,52.50466,0.99926,0.92762,0.99359,0.99675,0.99799,100.0,0.31,0.2,0.19,0.37,53.23,55.17,55.24,52.5,0.997,0.997,0.997,0.997,/tmpdir/crf_16.mpd,/videos/BigBuckBunny-2160.avi
9439,0.99522,3.16287,0.99859,52.78559,0.99933,0.93037,0.99591,0.99822,0.99905,100.0,0.29,0.19,0.19,0.34,53.47,55.31,55.24,52.79,0.997,0.997,0.997,0.997,/tmpdir/crf_16.mpd,/videos/BigBuckBunny-2160.avi
9440,0.99193,3.16287,0.99845,51.98359,0.99928,0.92241,0.99361,0.99701,0.99834,100.0,0.35,0.21,0.22,0.41,52.74,54.92,54.74,51.98,0.997,0.997,0.997,0.996,/tmpdir/crf_16.mpd,/videos/BigBuckBunny-2160.avi
9441,0.99345,2.46907,0.99845,52.03533,0.99926,0.92509,0.99489,0.99766,0.99873,100.0,0.34,0.2,0.21,0.41,52.82,55.09,54.89,52.04,0.997,0.997,0.997,0.997,/tmpdir/crf_16.mpd,/videos/BigBuckBunny-2160.avi
9442,0.99401,2.2839,0.9984,52.01862,0.99922,0.92484,0.99477,0.99757,0.99866,100.0,0.34,0.2,0.21,0.41,52.8,55.08,54.92,52.02,0.997,0.997,0.997,0.997,/tmpdir/crf_16.mpd,/videos/BigBuckBunny-2160.avi
9443,0.99577,1.56709,0.99854,52.81336,0.9993,0.92997,0.99624,0.99825,0.99899,100.0,0.29,0.19,0.19,0.34,53.49,55.33,55.26,52.81,0.997,0.997,0.997,0.997,/tmpdir/crf_16.mpd,/videos/BigBuckBunny-2160.avi
9444,0.99391,1.02711,0.99845,52.14386,0.99925,0.92527,0.99518,0.99771,0.99869,99.82351,0.33,0.21,0.21,0.4,52.89,54.96,54.9,52.14,0.997,0.997,0.997,0.997,/tmpdir/crf_16.mpd,/videos/BigBuckBunny-2160.avi
9445,0.99416,0.14851,0.99855,52.45113,0.99929,0.92792,0.99586,0.99806,0.99889,99.49378,0.31,0.19,0.2,0.37,53.18,55.24,55.1,52.45,0.997,0.997,0.997,0.997,/tmpdir/crf_16.mpd,/videos/BigBuckBunny-2160.avi
9446,0.99382,0.06024,0.99861,52.71078,0.99931,0.92986,0.99623,0.99827,0.99903,99.41465,0.3,0.19,0.2,0.35,53.4,55.33,55.17,52.71,0.997,0.997,0.997,0.997,/tmpdir/crf_16.mpd,/videos/BigBuckBunny-2160.avi
9447,0.99489,0.06024,0.99866,53.0061,0.99933,0.93261,0.99697,0.99868,0.9993,99.64477,0.28,0.18,0.19,0.33,53.67,55.5,55.33,53.01,0.997,0.997,0.997,0.997,/tmpdir/crf_16.mpd,/videos/BigBuckBunny-2160.avi
9448,0.99386,0.07038,0.99863,52.74023,0.99932,0.93058,0.99628,0.99829,0.99903,99.43106,0.29,0.19,0.2,0.35,53.44,55.39,55.21,52.74,0.997,0.997,0.997,0.997,/tmpdir/crf_16.mpd,/videos/BigBuckBunny-2160.avi
9449,0.99394,0.09073,0.9986,52.63947,0.99931,0.92943,0.99606,0.99816,0.99896,99.44105,0.3,0.19,0.2,0.35,53.34,55.31,55.08,52.64,0.997,0.997,0.997,0.997,/tmpdir/crf_16.mpd,/videos/BigBuckBunny-2160.avi
9450,0.99404,0.09073,0.99861,52.68194,0.99931,0.92959,0.99617,0.99829,0.99906,99.46883,0.3,0.19,0.2,0.35,53.36,55.27,55.02,52.68,0.997,0.997,0.997,0.997,/tmpdir/crf_16.mpd,/videos/BigBuckBunny-2160.avi
9451,0.99534,0.10245,0.99865,52.94305,0.99933,0.93215,0.99681,0.9986,0.99924,99.7353,0.28,0.18,0.19,0.33,53.61,55.46,55.26,52.94,0.997,0.997,0.997,0.997,/tmpdir/crf_16.mpd,/videos/BigBuckBunny-2160.avi
9452,0.99388,0.10245,0.99861,52.71715,0.99932,0.93006,0.99615,0.99827,0.99904,99.44686,0.3,0.19,0.21,0.35,53.39,55.29,55.0,52.72,0.997,0.997,0.997,0.997,/tmpdir/crf_16.mpd,/videos/BigBuckBunny-2160.avi
9453,0.99423,0.15725,0.99861,52.74493,0.99932,0.93028,0.99627,0.99833,0.99909,99.53948,0.3,0.19,0.21,0.35,53.4,55.28,54.98,52.74,0.997,0.997,0.997,0.997,/tmpdir/crf_16.mpd,/videos/BigBuckBunny-2160.avi
9454,0.99395,0.15725,0.9986,52.65571,0.99931,0.92944,0.99602,0.99821,0.999,99.47695,0.3,0.2,0.21,0.35,53.31,55.22,54.87,52.66,0.997,0.997,0.997,0.997,/tmpdir/crf_16.mpd,/videos/BigBuckBunny-2160.avi
9455,0.99492,0.25132,0.99862,52.77095,0.99933,0.93054,0.99661,0.99851,0.99919,99.71664,0.29,0.19,0.2,0.34,53.44,55.35,55.07,52.77,0.997,0.997,0.997,0.997,/tmpdir/crf_16.mpd,/videos/BigBuckBunny-2160.avi
9456,0.99382,0.25132,0.9986,52.6434,0.99932,0.92917,0.99594,0.99817,0.99898,99.49311,0.3,0.19,0.21,0.35,53.31,55.26,54.91,52.64,0.997,0.997,0.997,0.997,/tmpdir/crf_16.mpd,/videos/BigBuckBunny-2160.avi
9457,0.99328,0.34358,0.99858,52.57509,0.99931,0.92857,0.99566,0.99801,0.99888,99.42608,0.31,0.2,0.22,0.36,53.23,55.11,54.74,52.58,0.997,0.997,0.997,0.997,/tmpdir/crf_16.mpd,/videos/BigBuckBunny-2160.avi
9458,0.99455,0.34358,0.9986,52.57541,0.99932,0.9287,0.99634,0.99836,0.99908,99.67539,0.31,0.2,0.21,0.36,53.26,55.23,54.89,52.58,0.997,0.997,0.997,0.997,/tmpdir/crf_16.mpd,/videos/BigBuckBunny-2160.avi
9459,0.99228,0.40268,0.99855,52.37291,0.99931,0.92629,0.99517,0.99779,0.99875,99.253,0.32,0.2,0.22,0.38,53.04,55.02,54.61,52.37,0.997,0.997,0.997,0.997,/tmpdir/crf_16.mpd,/videos/BigBuckBunny-2160.avi
9460,0.99324,0.40268,0.99856,52.35869,0.99931,0.926,0.99555,0.99798,0.99886,99.43402,0.32,0.2,0.22,0.38,53.04,55.08,54.66,52.36,0.997,0.997,0.997,0.997,/tmpdir/crf_16.mpd,/videos/BigBuckBunny-2160.avi
9461,0.99225,0.62968,0.99852,52.2268,0.9993,0.92466,0.9948,0.99765,0.99868,99.33849,0.33,0.21,0.23,0.39,52.92,54.97,54.55,52.23,0.997,0.997,0.997,0.997,/tmpdir/crf_16.mpd,/videos/BigBuckBunny-2160.avi
9462,0.99391,0.62968,0.99855,52.26986,0.99932,0.92516,0.99568,0.99806,0.99888,99.65868,0.33,0.2,0.22,0.39,52.98,55.06,54.72,52.27,0.997,0.997,0.997,0.997,/tmpdir/crf_16.mpd,/videos/BigBuckBunny-2160.avi
9463,0.9919,0.76539,0.99846,52.02505,0.99928,0.92218,0.99402,0.99721,0.99841,99.30063,0.35,0.21,0.23,0.41,52.74,54.81,54.53,52.03,0.997,0.997,0.997,0.996,/tmpdir/crf_16.mpd,/videos/BigBuckBunny-2160.avi
9464,0.99299,0.76539,0.99849,52.10901,0.9993,0.92272,0.99486,0.99772,0.9988,99.5354,0.34,0.21,0.23,0.4,52.82,54.9,54.61,52.11,0.997,0.997,0.997,0.997,/tmpdir/crf_16.mpd,/videos/BigBuckBunny-2160.avi
9465,0.99209,0.86922,0.99844,52.00527,0.99929,0.92073,0.99398,0.99729,0.99852,99.38702,0.35,0.22,0.23,0.41,52.72,54.74,54.54,52.01,0.997,0.997,0.997,0.996,/tmpdir/crf_16.mpd,/videos/BigBuckBunny-2160.avi
9466,0.99396,0.86922,0.99848,52.16185,0.99931,0.92199,0.99508,0.9979,0.99893,99.76831,0.33,0.21,0.22,0.4,52.89,54.97,54.75,52.16,0.997,0.997,0.997,0.996,/tmpdir/crf_16.mpd,/videos/BigBuckBunny-2160.avi
9467,0.99174,1.08466,0.99841,51.88222,0.99927,0.9197,0.99356,0.99695,0.99821,99.39506,0.36,0.22,0.23,0.42,52.62,54.74,54.53,51.88,0.997,0.997,0.997,0.996,/tmpdir/crf_16.mpd,/videos/BigBuckBunny-2160.avi
9468,0.99332,1.08466,0.99848,52.18102,0.99929,0.92338,0.99499,0.99777,0.99877,99.74651,0.33,0.21,0.22,0.39,52.89,54.85,54.72,52.18,0.997,0.997,0.997,0.997,/tmpdir/crf_16.mpd,/videos/BigBuckBunny-2160.avi
9469,0.99266,1.24098,0.99843,52.19924,0.99927,0.92261,0.99426,0.99739,0.99852,99.67446,0.33,0.22,0.22,0.39,52.9,54.76,54.78,52.2,0.997,0.997,0.997,0.997,/tmpdir/crf_16.mpd,/videos/BigBuckBunny-2160.avi
9470,0.9936,1.24098,0.99845,52.34516,0.99926,0.92319,0.99506,0.99787,0.99884,99.87935,0.32,0.21,0.21,0.38,53.06,54.99,54.99,52.35,0.997,0.997,0.997,0.997,/tmpdir/crf_16.mpd,/videos/BigBuckBunny-2160.avi
9471,0.99135,1.50753,0.99839,52.05469,0.9992,0.92202,0.99405,0.9971,0.99828,99.54528,0.34,0.22,0.22,0.41,52.79,54.75,54.8,52.05,0.997,0.997,0.997,0.997,/tmpdir/crf_16.mpd,/videos/BigBuckBunny-2160.avi
9472,0.99275,1.50753,0.99839,52.16627,0.99918,0.92361,0.99474,0.99755,0.99859,99.83198,0.33,0.21,0.21,0.39,52.89,54.85,54.86,52.17,0.997,0.997,0.997,0.997,/tmpdir/crf_16.mpd,/videos/BigBuckBunny-2160.avi
9473,0.99188,3.11232,0.99834,52.24251,0.99912,0.92317,0.99436,0.99726,0.99833,100.0,0.33,0.22,0.21,0.39,52.94,54.73,54.89,52.24,0.997,0.997,0.997,0.997,/tmpdir/crf_16.mpd,/videos/BigBuckBunny-2160.avi
9474,0.99437,3.11232,0.99831,52.72208,0.99907,0.92576,0.99531,0.9979,0.99883,100.0,0.3,0.2,0.19,0.35,53.41,55.16,55.29,52.72,0.997,0.997,0.997,0.997,/tmpdir/crf_16.mpd,/videos/BigBuckBunny-2160.avi
9475,0.99415,1.72007,0.99826,52.87266,0.99898,0.92905,0.99537,0.9978,0.99866,100.0,0.29,0.19,0.19,0.34,53.55,55.23,55.42,52.87,0.997,0.997,0.997,0.997,/tmpdir/crf_16.mpd,/videos/BigBuckBunny-2160.avi
9476,0.99494,1.02179,0.99822,53.06109,0.99893,0.93013,0.99559,0.99793,0.99885,100.0,0.28,0.19,0.18,0.32,53.73,55.37,55.57,53.06,0.997,0.998,0.998,0.997,/tmpdir/crf_16.mpd,/videos/BigBuckBunny-2160.avi
9477,0.99514,0.25449,0.99827,53.24474,0.99895,0.93269,0.99638,0.99835,0.99905,99.75154,0.26,0.18,0.17,0.31,53.91,55.54,55.79,53.24,0.997,0.998,0.998,0.997,/tmpdir/crf_16.mpd,/videos/BigBuckBunny-2160.avi
9478,0.9954,0.02189,0.99827,53.28491,0.99894,0.93322,0.99623,0.99823,0.99899,99.68697,0.26,0.18,0.17,0.31,53.97,55.64,55.91,53.28,0.997,0.998,0.998,0.997,/tmpdir/crf_16.mpd,/videos/BigBuckBunny-2160.avi
9479,0.99546,0.00065,0.99827,53.26056,0.99894,0.93302,0.99617,0.99818,0.99892,99.68033,0.26,0.18,0.17,0.31,53.95,55.64,55.9,53.26,0.997,0.998,0.998,0.997,/tmpdir/crf_16.mpd,/videos/BigBuckBunny-2160.avi
9480,0.99543,0.00065,0.99827,53.26936,0.99894,0.933,0.99616,0.99819,0.99895,99.67823,0.26,0.18,0.17,0.31,53.95,55.64,55.9,53.27,0.997,0.998,0.998,0.997,/tmpdir/crf_16.mpd,/videos/BigBuckBunny-2160.avi
9481,0.99525,0.00064,0.99826,53.20156,0.99894,0.93257,0.99606,0.99811,0.9989,99.63943,0.26,0.18,0.17,0.31,53.9,55.64,55.9,53.2,0.997,0.998,0.998,0.997,/tmpdir/crf_16.mpd,/videos/BigBuckBunny-2160.avi
9482,0.99542,0.00064,0.99827,53.26596,0.99894,0.93303,0.99615,0.99818,0.99894,99.67584,0.26,0.18,0.17,0.31,53.95,55.64,55.9,53.27,0.997,0.998,0.998,0.997,/tmpdir/crf_16.mpd,/videos/BigBuckBunny-2160.avi
9483,0.99543,0.00065,0.99827,53.26233,0.99894,0.93302,0.99615,0.99818,0.99895,99.67696,0.26,0.18,0.17,0.31,53.95,55.64,55.89,53.26,0.997,0.998,0.998,0.997,/tmpdir/crf_16.mpd,/videos/BigBuckBunny-2160.avi
9484,0.99541,0.00065,0.99827,53.2658,0.99894,0.93303,0.99615,0.99818,0.99894,99.67368,0.26,0.18,0.17,0.31,53.95,55.64,55.9,53.27,0.997,0.998,0.998,0.997,/tmpdir/crf_16.mpd,/videos/BigBuckBunny-2160.avi
9485,0.99526,0.00094,0.99826,53.20674,0.99894,0.93262,0.99606,0.99811,0.99889,99.64149,0.26,0.18,0.17,0.31,53.9,55.64,55.89,53.21,0.997,0.998,0.998,0.997,/tmpdir/crf_16.mpd,/videos/BigBuckBunny-2160.avi
9486,0.99725,3e-05,0.99824,56.34027,0.99916,0.95757,0.99816,0.99922,0.9996,100.0,0.14,0.11,0.1,0.15,56.78,57.56,58.09,56.34,0.998,0.999,0.999,0.998,/tmpdir/crf_16.mpd,/videos/BigBuckBunny-2160.avi
9487,0.99726,3e-05,0.99825,56.36098,0.99916,0.9576,0.99815,0.99922,0.99959,100.0,0.14,0.11,0.1,0.15,56.8,57.56,58.09,56.36,0.998,0.999,0.999,0.998,/tmpdir/crf_16.mpd,/videos/BigBuckBunny-2160.avi
9488,0.99725,3e-05,0.99825,56.3584,0.99916,0.95757,0.99814,0.99921,0.99959,100.0,0.14,0.11,0.1,0.15,56.79,57.56,58.09,56.36,0.998,0.999,0.999,0.998,/tmpdir/crf_16.mpd,/videos/BigBuckBunny-2160.avi
9489,0.99571,3.24978,0.99803,54.61299,0.99914,0.9409,0.99634,0.9984,0.99913,100.0,0.19,0.12,0.12,0.22,55.32,57.21,57.25,54.61,0.998,0.998,0.998,0.998,/tmpdir/crf_16.mpd,/videos/BigBuckBunny-2160.avi
9490,0.99466,8.67085,0.99803,53.54003,0.99924,0.92884,0.9951,0.99777,0.99874,100.0,0.24,0.14,0.15,0.29,54.33,56.55,56.5,53.54,0.997,0.998,0.998,0.997,/tmpdir/crf_16.mpd,/videos/BigBuckBunny-2160.avi
9491,0.99512,10.52401,0.99816,52.89457,0.99936,0.92158,0.99447,0.9975,0.99857,100.0,0.28,0.18,0.18,0.33,53.63,55.67,55.59,52.89,0.997,0.998,0.998,0.996,/tmpdir/crf_16.mpd,/videos/BigBuckBunny-2160.avi
9492,0.99403,10.52401,0.99823,52.59866,0.99941,0.9191,0.99424,0.9974,0.99854,100.0,0.3,0.19,0.19,0.36,53.34,55.37,55.36,52.6,0.997,0.998,0.998,0.996,/tmpdir/crf_16.mpd,/videos/BigBuckBunny-2160.avi
9493,0.99419,7.13706,0.99829,53.02564,0.99939,0.92587,0.99462,0.99755,0.99862,100.0,0.28,0.18,0.18,0.32,53.71,55.53,55.56,53.03,0.997,0.998,0.998,0.997,/tmpdir/crf_16.mpd,/videos/BigBuckBunny-2160.avi
9494,0.99316,7.13706,0.99824,52.95608,0.99937,0.92432,0.99427,0.99745,0.99861,100.0,0.28,0.19,0.19,0.33,53.64,55.45,55.45,52.96,0.997,0.998,0.998,0.997,/tmpdir/crf_16.mpd,/videos/BigBuckBunny-2160.avi
9495,0.99327,6.02668,0.99825,53.20874,0.99936,0.92678,0.99483,0.99775,0.9988,100.0,0.27,0.18,0.18,0.31,53.88,55.64,55.68,53.21,0.997,0.998,0.998,0.997,/tmpdir/crf_16.mpd,/videos/BigBuckBunny-2160.avi
9496,0.99284,5.77133,0.99817,52.93901,0.99933,0.92459,0.99406,0.99732,0.99849,100.0,0.28,0.18,0.18,0.33,53.64,55.51,55.51,52.94,0.997,0.998,0.998,0.997,/tmpdir/crf_16.mpd,/videos/BigBuckBunny-2160.avi
9497,0.99241,2.91253,0.99818,53.02652,0.99933,0.92463,0.99474,0.99772,0.9988,100.0,0.28,0.18,0.18,0.32,53.73,55.6,55.62,53.03,0.997,0.998,0.998,0.997,/tmpdir/crf_16.mpd,/videos/BigBuckBunny-2160.avi
9498,0.99181,2.78102,0.99807,52.53044,0.99931,0.91761,0.99384,0.99737,0.99854,100.0,0.3,0.18,0.19,0.36,53.29,55.46,55.34,52.53,0.997,0.998,0.998,0.996,/tmpdir/crf_16.mpd,/videos/BigBuckBunny-2160.avi
9499,0.99276,1.5805,0.9982,53.14087,0.99933,0.92377,0.99598,0.99837,0.99915,99.93091,0.27,0.17,0.18,0.32,53.83,55.7,55.61,53.14,0.997,0.998,0.998,0.997,/tmpdir/crf_16.mpd,/videos/BigBuckBunny-2160.avi
9500,0.9909,1.5805,0.99802,52.09035,0.9993,0.91159,0.99436,0.99767,0.99873,99.51463,0.33,0.19,0.2,0.4,52.9,55.36,55.06,52.09,0.997,0.998,0.997,0.996,/tmpdir/crf_16.mpd,/videos/BigBuckBunny-2160.avi
9501,0.99113,1.23072,0.99808,52.21882,0.99931,0.91297,0.99508,0.99796,0.99889,99.4088,0.33,0.19,0.2,0.39,53.01,55.34,55.09,52.22,0.997,0.998,0.997,0.996,/tmpdir/crf_16.mpd,/videos/BigBuckBunny-2160.avi
9502,0.99007,1.23072,0.998,51.87254,0.9993,0.90845,0.99444,0.9977,0.99873,99.18817,0.35,0.19,0.2,0.42,52.72,55.28,55.03,51.87,0.996,0.998,0.997,0.996,/tmpdir/crf_16.mpd,/videos/BigBuckBunny-2160.avi
9503,0.99212,0.88714,0.9982,52.786,0.99933,0.91953,0.99641,0.9986,0.99929,99.48616,0.29,0.18,0.19,0.34,53.51,55.49,55.42,52.79,0.997,0.998,0.998,0.997,/tmpdir/crf_16.mpd,/videos/BigBuckBunny-2160.avi
9504,0.99195,0.88714,0.99813,52.44227,0.99932,0.91596,0.99601,0.99839,0.99914,99.42879,0.31,0.18,0.19,0.37,53.23,55.48,55.39,52.44,0.997,0.998,0.997,0.996,/tmpdir/crf_16.mpd,/videos/BigBuckBunny-2160.avi
9505,0.99517,0.60795,0.99845,54.50915,0.99935,0.9415,0.99795,0.99917,0.99958,100.0,0.2,0.14,0.14,0.23,55.11,56.57,56.68,54.51,0.998,0.998,0.998,0.998,/tmpdir/crf_16.mpd,/videos/BigBuckBunny-2160.avi
9506,0.99128,0.60795,0.9982,52.80483,0.99931,0.92256,0.99563,0.99812,0.99893,99.17908,0.28,0.16,0.16,0.34,53.65,56.15,55.99,52.8,0.997,0.998,0.998,0.997,/tmpdir/crf_16.mpd,/videos/BigBuckBunny-2160.avi
9507,0.99207,0.60868,0.99814,52.42958,0.99932,0.91818,0.99576,0.99828,0.9991,99.32022,0.3,0.16,0.17,0.37,53.31,55.99,55.8,52.43,0.997,0.998,0.998,0.996,/tmpdir/crf_16.mpd,/videos/BigBuckBunny-2160.avi
9508,0.99048,0.64323,0.99803,51.98629,0.9993,0.91328,0.99457,0.99773,0.99877,98.99895,0.33,0.17,0.18,0.41,52.91,55.82,55.56,51.99,0.997,0.998,0.998,0.996,/tmpdir/crf_16.mpd,/videos/BigBuckBunny-2160.avi
9509,0.9933,1.57067,0.99814,52.58519,0.99932,0.91914,0.99552,0.99816,0.99901,99.99036,0.29,0.16,0.17,0.36,53.44,56.01,55.8,52.59,0.997,0.998,0.998,0.996,/tmpdir/crf_16.mpd,/videos/BigBuckBunny-2160.avi
9510,0.99067,1.66682,0.99802,51.91605,0.9993,0.91198,0.99419,0.99753,0.99863,99.50575,0.34,0.18,0.19,0.42,52.81,55.66,55.29,51.92,0.997,0.998,0.998,0.996,/tmpdir/crf_16.mpd,/videos/BigBuckBunny-2160.avi
9511,0.9926,1.96981,0.99812,52.37833,0.99932,0.91685,0.99503,0.9979,0.99885,100.0,0.31,0.18,0.19,0.38,53.19,55.64,55.32,52.38,0.997,0.998,0.998,0.996,/tmpdir/crf_16.mpd,/videos/BigBuckBunny-2160.avi
9512,0.9917,1.96981,0.99803,51.89764,0.99931,0.91129,0.99406,0.9975,0.99863,99.83675,0.34,0.19,0.2,0.42,52.76,55.43,55.08,51.9,0.996,0.998,0.997,0.996,/tmpdir/crf_16.mpd,/videos/BigBuckBunny-2160.avi
9513,0.99424,2.0698,0.99824,52.80784,0.99935,0.92242,0.99594,0.99834,0.99913,100.0,0.29,0.18,0.18,0.34,53.55,55.67,55.49,52.81,0.997,0.998,0.998,0.997,/tmpdir/crf_16.mpd,/videos/BigBuckBunny-2160.avi
9514,0.99112,2.0698,0.99803,51.70489,0.99931,0.90992,0.99357,0.9972,0.99841,99.75664,0.36,0.19,0.2,0.44,52.58,55.27,55.03,51.7,0.996,0.998,0.997,0.996,/tmpdir/crf_16.mpd,/videos/BigBuckBunny-2160.avi
9515,0.99344,1.44765,0.99814,51.99717,0.99934,0.91429,0.99495,0.99782,0.99874,99.91353,0.34,0.19,0.2,0.41,52.82,55.27,55.07,52.0,0.997,0.998,0.997,0.996,/tmpdir/crf_16.mpd,/videos/BigBuckBunny-2160.avi
9516,0.99223,1.29723,0.99815,52.09116,0.99933,0.91563,0.99471,0.99769,0.99868,99.62213,0.33,0.19,0.2,0.4,52.89,55.24,55.06,52.09,0.997,0.998,0.997,0.996,/tmpdir/crf_16.mpd,/videos/BigBuckBunny-2160.avi
9517,0.99477,0.49755,0.99836,53.10652,0.99937,0.92703,0.99699,0.99878,0.99937,99.81075,0.27,0.18,0.18,0.32,53.78,55.59,55.5,53.11,0.997,0.998,0.998,0.997,/tmpdir/crf_16.mpd,/videos/BigBuckBunny-2160.avi
9518,0.99306,0.49755,0.99819,52.24582,0.99934,0.91758,0.99532,0.998,0.9989,99.42072,0.32,0.19,0.19,0.39,53.05,55.41,55.24,52.25,0.997,0.998,0.997,0.996,/tmpdir/crf_16.mpd,/videos/BigBuckBunny-2160.avi
9519,0.99314,0.38012,0.99823,52.42203,0.99935,0.91906,0.99565,0.99814,0.99896,99.39422,0.31,0.19,0.19,0.37,53.2,55.41,55.27,52.42,0.997,0.998,0.997,0.997,/tmpdir/crf_16.mpd,/videos/BigBuckBunny-2160.avi
9520,0.9929,0.38012,0.99822,52.44144,0.99934,0.9197,0.99555,0.99807,0.99891,99.3484,0.31,0.19,0.19,0.37,53.21,55.41,55.24,52.44,0.997,0.998,0.997,0.997,/tmpdir/crf_16.mpd,/videos/BigBuckBunny-2160.avi
9521,0.99457,0.12114,0.99832,52.85451,0.99937,0.92406,0.99669,0.99864,0.99927,99.58174,0.29,0.18,0.18,0.34,53.57,55.54,55.47,52.85,0.997,0.998,0.998,0.997,/tmpdir/crf_16.mpd,/videos/BigBuckBunny-2160.avi
9522,0.99285,0.12114,0.99823,52.25951,0.99936,0.91656,0.99582,0.99825,0.99906,99.22359,0.32,0.19,0.19,0.39,53.07,55.45,55.28,52.26,0.997,0.998,0.997,0.996,/tmpdir/crf_16.mpd,/videos/BigBuckBunny-2160.avi
9523,0.99203,0.19222,0.99821,51.9826,0.99936,0.91218,0.99576,0.99825,0.99906,99.09646,0.34,0.19,0.19,0.41,52.84,55.4,55.23,51.98,0.997,0.998,0.997,0.996,/tmpdir/crf_16.mpd,/videos/BigBuckBunny-2160.avi
9524,0.99189,0.19222,0.99819,51.90247,0.99936,0.91131,0.99558,0.99817,0.999,99.0626,0.34,0.19,0.2,0.42,52.77,55.38,55.2,51.9,0.997,0.998,0.997,0.996,/tmpdir/crf_16.mpd,/videos/BigBuckBunny-2160.avi
9525,0.99235,0.13213,0.99821,52.00382,0.99936,0.91253,0.99595,0.99834,0.9991,99.13216,0.34,0.19,0.19,0.41,52.86,55.42,55.25,52.0,0.997,0.998,0.997,0.996,/tmpdir/crf_16.mpd,/videos/BigBuckBunny-2160.avi
9526,0.99211,0.13213,0.99817,51.82088,0.99935,0.91056,0.99564,0.99819,0.99903,99.07276,0.35,0.19,0.19,0.43,52.71,55.43,55.25,51.82,0.997,0.998,0.997,0.996,/tmpdir/crf_16.mpd,/videos/BigBuckBunny-2160.avi
9527,0.99879,0.26734,0.99972,52.5634,0.99998,0.95498,0.99837,0.99929,0.99963,100.0,0.32,0.24,0.24,0.36,53.07,54.3,54.29,52.56,0.998,0.998,0.998,0.998,/tmpdir/crf_16.mpd,/videos/BigBuckBunny-2160.avi
9528,0.99852,0.26734,0.99968,51.9945,0.99998,0.95231,0.99782,0.99898,0.99943,100.0,0.36,0.27,0.26,0.41,52.54,53.87,53.91,51.99,0.998,0.998,0.998,0.998,/tmpdir/crf_16.mpd,/videos/BigBuckBunny-2160.avi
9529,0.99847,0.37969,0.99968,51.92739,0.99997,0.95158,0.99782,0.99898,0.99943,100.0,0.37,0.27,0.27,0.42,52.46,53.77,53.8,51.93,0.998,0.998,0.997,0.998,/tmpdir/crf_16.mpd,/videos/BigBuckBunny-2160.avi
9530,0.99837,0.37969,0.99966,51.76823,0.99997,0.95075,0.99766,0.99891,0.9994,100.0,0.38,0.28,0.28,0.43,52.32,53.66,53.72,51.77,0.998,0.998,0.997,0.998,/tmpdir/crf_16.mpd,/videos/BigBuckBunny-2160.avi
9531,0.99866,0.38883,0.99968,52.0482,0.99998,0.95166,0.99805,0.99914,0.99954,100.0,0.36,0.27,0.27,0.41,52.57,53.87,53.87,52.05,0.998,0.998,0.997,0.998,/tmpdir/crf_16.mpd,/videos/BigBuckBunny-2160.avi
9532,0.99847,0.38883,0.99966,51.82243,0.99997,0.95071,0.99773,0.99895,0.99941,100.0,0.38,0.28,0.28,0.43,52.37,53.72,53.7,51.82,0.998,0.998,0.997,0.998,/tmpdir/crf_16.mpd,/videos/BigBuckBunny-2160.avi
9533,0.9985,0.34726,0.99967,51.88869,0.99997,0.95083,0.99783,0.99901,0.99946,100.0,0.37,0.27,0.27,0.42,52.43,53.75,53.75,51.89,0.998,0.998,0.997,0.998,/tmpdir/crf_16.mpd,/videos/BigBuckBunny-2160.avi
9534,0.9985,0.34726,0.99966,51.83502,0.99997,0.95049,0.99775,0.99897,0.99945,100.0,0.38,0.28,0.28,0.43,52.37,53.71,53.71,51.84,0.998,0.998,0.997,0.998,/tmpdir/crf_16.mpd,/videos/BigBuckBunny-2160.avi
9535,0.99863,0.20202,0.99968,52.01328,0.99998,0.95113,0.99805,0.99914,0.99954,100.0,0.36,0.27,0.27,0.41,52.54,53.83,53.82,52.01,0.998,0.998,0.997,0.998,/tmpdir/crf_16.mpd,/videos/BigBuckBunny-2160.avi
9536,0.99845,0.20202,0.99966,51.79526,0.99997,0.95016,0.99774,0.99897,0.99944,100.0,0.38,0.28,0.28,0.43,52.33,53.67,53.65,51.8,0.998,0.998,0.997,0.998,/tmpdir/crf_16.mpd,/videos/BigBuckBunny-2160.avi
9537,0.99853,0.23746,0.99966,51.82831,0.99997,0.95012,0.99783,0.99902,0.99947,100.0,0.38,0.28,0.28,0.43,52.35,53.63,53.63,51.83,0.998,0.998,0.997,0.998,/tmpdir/crf_16.mpd,/videos/BigBuckBunny-2160.avi
9538,0.99847,0.23746,0.99966,51.72742,0.99997,0.94973,0.99771,0.99895,0.99942,100.0,0.39,0.29,0.28,0.44,52.26,53.57,53.59,51.73,0.998,0.997,0.997,0.998,/tmpdir/crf_16.mpd,/videos/BigBuckBunny-2160.avi
9539,0.9986,0.31359,0.99967,51.88805,0.99997,0.95026,0.99792,0.99906,0.99949,100.0,0.37,0.28,0.28,0.42,52.42,53.71,53.71,51.89,0.998,0.998,0.997,0.998,/tmpdir/crf_16.mpd,/videos/BigBuckBunny-2160.avi
9540,0.99847,0.31359,0.99966,51.68018,0.99997,0.94948,0.9976,0.99886,0.99934,100.0,0.39,0.29,0.29,0.44,52.22,53.57,53.56,51.68,0.998,0.997,0.997,0.998,/tmpdir/crf_16.mpd,/videos/BigBuckBunny-2160.avi
9541,0.99848,0.30248,0.99966,51.75169,0.99997,0.94957,0.99768,0.9989,0.99938,100.0,0.38,0.29,0.28,0.43,52.28,53.58,53.6,51.75,0.998,0.997,0.997,0.998,/tmpdir/crf_16.mpd,/videos/BigBuckBunny-2160.avi
9542,0.99852,0.30248,0.99965,51.68907,0.99997,0.94932,0.99761,0.99886,0.99935,100.0,0.39,0.28,0.28,0.44,52.24,53.59,53.6,51.69,0.998,0.997,0.997,0.998,/tmpdir/crf_16.mpd,/videos/BigBuckBunny-2160.avi
9543,0.99862,0.26902,0.99967,51.90495,0.99997,0.95011,0.99791,0.99904,0.99948,100.0,0.37,0.28,0.28,0.42,52.42,53.67,53.68,51.9,0.998,0.997,0.997,0.998,/tmpdir/crf_16.mpd,/videos/BigBuckBunny-2160.avi
9544,0.9985,0.26902,0.99966,51.74955,0.99997,0.94942,0.99765,0.99889,0.99937,100.0,0.38,0.29,0.28,0.43,52.28,53.57,53.59,51.75,0.998,0.997,0.997,0.998,/tmpdir/crf_16.mpd,/videos/BigBuckBunny-2160.avi
9545,0.99858,0.24127,0.99966,51.75758,0.99997,0.9494,0.99775,0.99897,0.99944,100.0,0.38,0.29,0.28,0.43,52.28,53.57,53.6,51.76,0.998,0.997,0.997,0.998,/tmpdir/crf_16.mpd,/videos/BigBuckBunny-2160.avi
9546,0.99854,0.24127,0.99966,51.73472,0.99997,0.94928,0.99766,0.99892,0.99941,100.0,0.39,0.29,0.28,0.44,52.27,53.58,53.6,51.73,0.998,0.997,0.997,0.998,/tmpdir/crf_16.mpd,/videos/BigBuckBunny-2160.avi
9547,0.99862,0.1784,0.99967,51.91507,0.99997,0.94995,0.99792,0.99906,0.99949,100.0,0.37,0.28,0.28,0.42,52.43,53.7,53.69,51.92,0.998,0.998,0.997,0.998,/tmpdir/crf_16.mpd,/videos/BigBuckBunny-2160.avi
9548,0.99853,0.1784,0.99966,51.75188,0.99997,0.94922,0.99767,0.9989,0.99938,100.0,0.38,0.28,0.28,0.43,52.29,53.61,53.62,51.75,0.998,0.997,0.997,0.998,/tmpdir/crf_16.mpd,/videos/BigBuckBunny-2160.avi
9549,0.99854,0.10191,0.99966,51.80004,0.99997,0.9494,0.99776,0.99895,0.99942,100.0,0.38,0.28,0.28,0.43,52.33,53.61,53.63,51.8,0.998,0.997,0.997,0.998,/tmpdir/crf_16.mpd,/videos/BigBuckBunny-2160.avi
9550,0.99853,0.10191,0.99966,51.76346,0.99997,0.94922,0.99769,0.99893,0.9994,100.0,0.38,0.28,0.28,0.43,52.3,53.6,53.62,51.76,0.998,0.997,0.997,0.998,/tmpdir/crf_16.mpd,/videos/BigBuckBunny-2160.avi
9551,0.99858,0.1028,0.99968,51.93364,0.99997,0.94997,0.9979,0.99903,0.99947,100.0,0.37,0.28,0.28,0.42,52.44,53.68,53.69,51.93,0.998,0.998,0.997,0.998,/tmpdir/crf_16.mpd,/videos/BigBuckBunny-2160.avi
9552,0.99855,0.1028,0.99966,51.8214,0.99997,0.94945,0.99774,0.99894,0.99941,100.0,0.38,0.28,0.28,0.43,52.35,53.64,53.64,51.82,0.998,0.997,0.997,0.998,/tmpdir/crf_16.mpd,/videos/BigBuckBunny-2160.avi
9553,0.99857,0.05664,0.99967,51.8808,0.99997,0.94968,0.99783,0.999,0.99946,100.0,0.37,0.28,0.28,0.42,52.4,53.67,53.66,51.88,0.998,0.998,0.997,0.998,/tmpdir/crf_16.mpd,/videos/BigBuckBunny-2160.avi
9554,0.99854,0.05664,0.99966,51.84588,0.99997,0.94958,0.99774,0.99893,0.9994,100.0,0.38,0.28,0.28,0.43,52.37,53.66,53.66,51.85,0.998,0.998,0.997,0.998,/tmpdir/crf_16.mpd,/videos/BigBuckBunny-2160.avi
9555,0.99859,0.04133,0.99968,51.98248,0.99997,0.95019,0.99794,0.99904,0.99948,100.0,0.37,0.28,0.28,0.41,52.49,53.71,53.73,51.98,0.998,0.998,0.997,0.998,/tmpdir/crf_16.mpd,/videos/BigBuckBunny-2160.avi
9556,0.99855,0.04133,0.99967,51.87077,0.99997,0.94968,0.99777,0.99894,0.9994,100.0,0.37,0.28,0.28,0.42,52.39,53.67,53.69,51.87,0.998,0.998,0.997,0.998,/tmpdir/crf_16.mpd,/videos/BigBuckBunny-2160.avi
9557,0.99855,0.0213,0.99967,51.89638,0.99997,0.94974,0.9978,0.99896,0.99942,100.0,0.37,0.28,0.28,0.42,52.41,53.67,53.69,51.9,0.998,0.998,0.997,0.998,/tmpdir/crf_16.mpd,/videos/BigBuckBunny-2160.avi
9558,0.99854,0.0213,0.99967,51.87323,0.99997,0.94967,0.99777,0.99894,0.9994,100.0,0.37,0.28,0.28,0.42,52.39,53.66,53.68,51.87,0.998,0.998,0.997,0.998,/tmpdir/crf_16.mpd,/videos/BigBuckBunny-2160.avi
9559,0.99857,0.02651,0.99967,51.93644,0.99997,0.94991,0.99787,0.99901,0.99945,100.0,0.37,0.28,0.28,0.42,52.45,53.69,53.71,51.94,0.998,0.998,0.997,0.998,/tmpdir/crf_16.mpd,/videos/BigBuckBunny-2160.avi
9560,0.99854,0.02651,0.99967,51.87504,0.99997,0.94968,0.99779,0.99896,0.99942,100.0,0.37,0.28,0.28,0.42,52.4,53.67,53.69,51.88,0.998,0.998,0.997,0.998,/tmpdir/crf_16.mpd,/videos/BigBuckBunny-2160.avi
9561,0.99855,0.05144,0.99967,51.88108,0.99997,0.94968,0.99779,0.99896,0.99942,100.0,0.37,0.28,0.28,0.42,52.4,53.67,53.68,51.88,0.998,0.998,0.997,0.998,/tmpdir/crf_16.mpd,/videos/BigBuckBunny-2160.avi
9562,0.99855,0.05144,0.99967,51.84828,0.99997,0.94956,0.99775,0.99893,0.9994,100.0,0.38,0.28,0.28,0.42,52.37,53.66,53.67,51.85,0.998,0.998,0.997,0.998,/tmpdir/crf_16.mpd,/videos/BigBuckBunny-2160.avi
9563,0.99856,0.08265,0.99967,51.92219,0.99997,0.94985,0.99788,0.99902,0.99946,100.0,0.37,0.28,0.28,0.42,52.44,53.69,53.71,51.92,0.998,0.998,0.997,0.998,/tmpdir/crf_16.mpd,/videos/BigBuckBunny-2160.avi
9564,0.99852,0.08265,0.99966,51.82208,0.99997,0.94939,0.99773,0.99893,0.99941,100.0,0.38,0.28,0.28,0.43,52.35,53.64,53.64,51.82,0.998,0.997,0.997,0.998,/tmpdir/crf_16.mpd,/videos/BigBuckBunny-2160.avi
9565,0.99853,0.08665,0.99967,51.84914,0.99997,0.94949,0.99777,0.99894,0.99941,100.0,0.38,0.28,0.28,0.42,52.37,53.64,53.65,51.85,0.998,0.997,0.997,0.998,/tmpdir/crf_16.mpd,/videos/BigBuckBunny-2160.avi
9566,0.99851,0.08665,0.99966,51.80668,0.99997,0.94932,0.99774,0.99894,0.99942,100.0,0.38,0.28,0.28,0.43,52.33,53.61,53.61,51.81,0.998,0.997,0.997,0.998,/tmpdir/crf_16.mpd,/videos/BigBuckBunny-2160.avi
9567,0.99855,0.07095,0.99967,51.89746,0.99997,0.94971,0.99788,0.99902,0.99947,100.0,0.37,0.28,0.28,0.42,52.41,53.67,53.67,51.9,0.998,0.998,0.997,0.998,/tmpdir/crf_16.mpd,/videos/BigBuckBunny-2160.avi
9568,0.99852,0.07095,0.99966,51.8043,0.99997,0.94934,0.99776,0.99895,0.99942,100.0,0.38,0.28,0.28,0.43,52.33,53.63,53.63,51.8,0.998,0.997,0.997,0.998,/tmpdir/crf_16.mpd,/videos/BigBuckBunny-2160.avi
9569,0.99853,0.04679,0.99967,51.82537,0.99997,0.9494,0.9978,0.99898,0.99945,100.0,0.38,0.28,0.28,0.43,52.35,53.64,53.65,51.83,0.998,0.997,0.997,0.998,/tmpdir/crf_16.mpd,/videos/BigBuckBunny-2160.avi
9570,0.99849,0.04679,0.99966,51.78668,0.99997,0.94926,0.99772,0.99894,0.99942,100.0,0.38,0.28,0.28,0.43,52.32,53.62,53.64,51.79,0.998,0.997,0.997,0.998,/tmpdir/crf_16.mpd,/videos/BigBuckBunny-2160.avi
9571,0.99853,0.0239,0.99967,51.88076,0.99997,0.94962,0.99784,0.999,0.99945,100.0,0.37,0.28,0.28,0.42,52.4,53.65,53.68,51.88,0.998,0.998,0.997,0.998,/tmpdir/crf_16.mpd,/videos/BigBuckBunny-2160.avi
9572,0.99849,0.0239,0.99966,51.77779,0.99997,0.94924,0.99772,0.99893,0.99941,100.0,0.38,0.28,0.28,0.43,52.32,53.64,53.65,51.78,0.998,0.997,0.997,0.998,/tmpdir/crf_16.mpd,/videos/BigBuckBunny-2160.avi
9573,0.99849,0.01336,0.99966,51.72398,0.99997,0.94907,0.9977,0.99893,0.99941,100.0,0.39,0.28,0.28,0.44,52.26,53.59,53.61,51.72,0.998,0.997,0.997,0.998,/tmpdir/crf_16.mpd,/videos/BigBuckBunny-2160.avi
9574,0.99849,0.01336,0.99966,51.68946,0.99997,0.94894,0.99769,0.99893,0.9994,100.0,0.39,0.28,0.28,0.44,52.24,53.6,53.61,51.69,0.998,0.997,0.997,0.998,/tmpdir/crf_16.mpd,/videos/BigBuckBunny-2160.avi
9575,0.99553,0.09875,0.99829,54.81974,0.99887,0.94043,0.99815,0.99929,0.99963,99.84639,0.19,0.14,0.14,0.21,55.35,56.69,56.6,54.82,0.998,0.998,0.998,0.998,/tmpdir/crf_16.mpd,/videos/BigBuckBunny-2160.avi
9576,0.99233,0.09875,0.99801,52.66114,0.9988,0.91513,0.99529,0.998,0.99891,99.09987,0.29,0.17,0.18,0.35,53.46,55.85,55.59,52.66,0.997,0.998,0.998,0.997,/tmpdir/crf_16.mpd,/videos/BigBuckBunny-2160.avi
9577,0.99197,0.24898,0.99789,52.00828,0.99878,0.90572,0.99397,0.99725,0.99841,99.01804,0.34,0.19,0.21,0.41,52.82,55.36,54.9,52.01,0.997,0.997,0.997,0.997,/tmpdir/crf_16.mpd,/videos/BigBuckBunny-2160.avi
9578,0.99097,0.24898,0.99781,51.73488,0.99876,0.90036,0.99316,0.99692,0.99823,98.80146,0.36,0.21,0.24,0.44,52.51,54.94,54.4,51.73,0.997,0.997,0.997,0.996,/tmpdir/crf_16.mpd,/videos/BigBuckBunny-2160.avi
9579,0.9941,0.28788,0.99801,52.63159,0.99884,0.91411,0.99673,0.99862,0.99922,99.53561,0.3,0.19,0.2,0.35,53.34,55.42,55.11,52.63,0.997,0.997,0.997,0.997,/tmpdir/crf_16.mpd,/videos/BigBuckBunny-2160.avi
9580,0.99045,0.28788,0.99779,51.65622,0.99875,0.89705,0.99291,0.99679,0.99811,98.70592,0.38,0.23,0.26,0.44,52.37,54.58,54.02,51.66,0.996,0.997,0.997,0.996,/tmpdir/crf_16.mpd,/videos/BigBuckBunny-2160.avi
9581,0.99041,0.24717,0.99779,51.6393,0.99876,0.89663,0.99295,0.99679,0.99817,98.68167,0.38,0.23,0.26,0.45,52.36,54.6,54.06,51.64,0.996,0.997,0.997,0.996,/tmpdir/crf_16.mpd,/videos/BigBuckBunny-2160.avi
9582,0.99028,0.24717,0.99775,51.51929,0.99875,0.89451,0.99273,0.9967,0.99805,98.64212,0.39,0.23,0.26,0.46,52.25,54.5,53.94,51.52,0.996,0.997,0.997,0.996,/tmpdir/crf_16.mpd,/videos/BigBuckBunny-2160.avi
9583,0.99322,0.21517,0.99797,52.51471,0.99883,0.91003,0.99599,0.99829,0.99904,99.3103,0.31,0.2,0.21,0.36,53.19,55.1,54.82,52.51,0.997,0.997,0.997,0.997,/tmpdir/crf_16.mpd,/videos/BigBuckBunny-2160.avi
9584,0.98989,0.21517,0.99777,51.54355,0.99875,0.89402,0.99298,0.99694,0.99828,98.57844,0.39,0.23,0.26,0.46,52.26,54.43,53.94,51.54,0.996,0.997,0.997,0.996,/tmpdir/crf_16.mpd,/videos/BigBuckBunny-2160.avi
9585,0.99015,0.17086,0.99776,51.51332,0.99876,0.89351,0.9929,0.99686,0.99822,98.59618,0.39,0.24,0.27,0.46,52.21,54.33,53.81,51.51,0.996,0.997,0.997,0.996,/tmpdir/crf_16.mpd,/videos/BigBuckBunny-2160.avi
9586,0.9891,0.17086,0.99772,51.37328,0.99875,0.89019,0.99232,0.99659,0.99806,98.38162,0.4,0.24,0.27,0.47,52.09,54.26,53.79,51.37,0.996,0.997,0.997,0.996,/tmpdir/crf_16.mpd,/videos/BigBuckBunny-2160.avi
9587,0.99211,0.17057,0.99792,52.15853,0.99883,0.90211,0.99531,0.99802,0.99889,99.04827,0.34,0.22,0.23,0.4,52.82,54.71,54.44,52.16,0.997,0.997,0.997,0.996,/tmpdir/crf_16.mpd,/videos/BigBuckBunny-2160.avi
9588,0.98892,0.17057,0.9977,51.1136,0.99877,0.88352,0.99252,0.99688,0.99833,98.35607,0.42,0.25,0.27,0.5,51.88,54.22,53.8,51.11,0.996,0.997,0.997,0.996,/tmpdir/crf_16.mpd,/videos/BigBuckBunny-2160.avi
9589,0.99017,0.31497,0.99771,51.54606,0.99875,0.89436,0.99249,0.99664,0.99812,98.65584,0.39,0.25,0.28,0.46,52.2,54.16,53.64,51.55,0.996,0.997,0.997,0.996,/tmpdir/crf_16.mpd,/videos/BigBuckBunny-2160.avi
9590,0.98987,0.33007,0.99767,51.39045,0.99874,0.88971,0.99171,0.99625,0.99783,98.56565,0.41,0.27,0.31,0.47,51.98,53.85,53.15,51.39,0.996,0.997,0.996,0.996,/tmpdir/crf_16.mpd,/videos/BigBuckBunny-2160.avi
9591,0.99171,0.42899,0.99783,51.91382,0.99881,0.8986,0.9948,0.99786,0.99886,99.07982,0.36,0.23,0.25,0.42,52.6,54.59,54.23,51.91,0.996,0.997,0.997,0.996,/tmpdir/crf_16.mpd,/videos/BigBuckBunny-2160.avi
9592,0.9882,0.42899,0.99761,51.07537,0.99873,0.88206,0.99097,0.996,0.99775,98.2802,0.44,0.28,0.33,0.51,51.7,53.66,52.98,51.08,0.996,0.996,0.996,0.996,/tmpdir/crf_16.mpd,/videos/BigBuckBunny-2160.avi
9593,0.98851,0.57647,0.99762,51.09509,0.99874,0.88139,0.99123,0.99607,0.99774,98.40423,0.44,0.28,0.32,0.51,51.73,53.68,53.1,51.1,0.996,0.996,0.996,0.996,/tmpdir/crf_16.mpd,/videos/BigBuckBunny-2160.avi
9594,0.98719,0.57647,0.9975,50.71802,0.99872,0.8732,0.99017,0.99569,0.99759,98.12695,0.47,0.3,0.35,0.55,51.37,53.43,52.72,50.72,0.995,0.996,0.996,0.995,/tmpdir/crf_16.mpd,/videos/BigBuckBunny-2160.avi
9595,0.99136,0.66166,0.99771,51.38709,0.99881,0.88583,0.99437,0.99781,0.99887,99.08739,0.4,0.25,0.27,0.47,52.1,54.2,53.87,51.39,0.996,0.997,0.997,0.995,/tmpdir/crf_16.mpd,/videos/BigBuckBunny-2160.avi
9596,0.98731,0.66166,0.99744,50.56126,0.99872,0.86736,0.98991,0.99579,0.99768,98.18131,0.49,0.3,0.35,0.57,51.23,53.36,52.65,50.56,0.995,0.996,0.996,0.995,/tmpdir/crf_16.mpd,/videos/BigBuckBunny-2160.avi
9597,0.9877,0.70057,0.99748,50.63587,0.99873,0.86801,0.99051,0.99597,0.9978,98.28466,0.48,0.29,0.34,0.56,51.32,53.46,52.86,50.64,0.995,0.996,0.996,0.995,/tmpdir/crf_16.mpd,/videos/BigBuckBunny-2160.avi
9598,0.98682,0.70057,0.9974,50.40255,0.99871,0.86366,0.98949,0.99555,0.99757,98.08978,0.51,0.31,0.36,0.59,51.08,53.24,52.54,50.4,0.995,0.996,0.996,0.995,/tmpdir/crf_16.mpd,/videos/BigBuckBunny-2160.avi
9599,0.9908,0.68066,0.99768,51.1988,0.99881,0.88009,0.99436,0.99789,0.99896,98.98776,0.42,0.26,0.29,0.49,51.89,53.93,53.57,51.2,0.996,0.996,0.996,0.995,/tmpdir/crf_16.mpd,/videos/BigBuckBunny-2160.avi
9600,0.98635,0.68066,0.9974,50.40572,0.99871,0.86323,0.98965,0.99565,0.99764,98.00299,0.51,0.31,0.37,0.59,51.06,53.17,52.4,50.41,0.995,0.996,0.996,0.995,/tmpdir/crf_16.mpd,/videos/BigBuckBunny-2160.avi
9601,0.98686,0.73018,0.99744,50.4921,0.99873,0.86384,0.99008,0.9957,0.99763,98.12074,0.5,0.31,0.35,0.58,51.17,53.27,52.66,50.49,0.995,0.996,0.996,0.995,/tmpdir/crf_16.mpd,/videos/BigBuckBunny-2160.avi
9602,0.98584,0.73018,0.99735,50.23528,0.9987,0.85887,0.98898,0.99525,0.99735,97.89561,0.53,0.32,0.38,0.62,50.91,53.09,52.35,50.24,0.995,0.996,0.996,0.995,/tmpdir/crf_16.mpd,/videos/BigBuckBunny-2160.avi
9603,0.99065,0.76651,0.99764,51.00153,0.9988,0.87509,0.99405,0.99766,0.9988,98.9713,0.44,0.28,0.3,0.52,51.7,53.73,53.37,51.0,0.995,0.996,0.996,0.995,/tmpdir/crf_16.mpd,/videos/BigBuckBunny-2160.avi
9604,0.98649,0.76651,0.99736,50.27473,0.99871,0.85897,0.98938,0.99549,0.99755,98.04763,0.53,0.32,0.38,0.61,50.93,53.03,52.28,50.27,0.995,0.996,0.995,0.995,/tmpdir/crf_16.mpd,/videos/BigBuckBunny-2160.avi
9605,0.98675,0.82347,0.99738,50.325,0.99872,0.85935,0.98978,0.99552,0.99742,98.11597,0.52,0.31,0.36,0.6,51.01,53.15,52.54,50.33,0.995,0.996,0.996,0.995,/tmpdir/crf_16.mpd,/videos/BigBuckBunny-2160.avi
9606,0.98596,0.82347,0.99731,50.13192,0.9987,0.85579,0.98931,0.99545,0.99742,97.96481,0.54,0.33,0.39,0.63,50.81,52.97,52.26,50.13,0.995,0.996,0.995,0.994,/tmpdir/crf_16.mpd,/videos/BigBuckBunny-2160.avi
9607,0.99038,0.8557,0.99758,50.73453,0.9988,0.86853,0.99377,0.99771,0.99893,98.95922,0.47,0.29,0.32,0.55,51.44,53.52,53.14,50.73,0.995,0.996,0.996,0.995,/tmpdir/crf_16.mpd,/videos/BigBuckBunny-2160.avi
9608,0.98603,0.8557,0.9973,50.09093,0.9987,0.85424,0.98922,0.99541,0.99741,97.98799,0.54,0.33,0.39,0.64,50.77,52.93,52.2,50.09,0.995,0.996,0.995,0.994,/tmpdir/crf_16.mpd,/videos/BigBuckBunny-2160.avi
9609,0.98619,0.78085,0.99728,50.01131,0.99871,0.85157,0.9894,0.99554,0.99753,97.98448,0.55,0.33,0.38,0.65,50.72,52.94,52.36,50.01,0.995,0.996,0.995,0.994,/tmpdir/crf_16.mpd,/videos/BigBuckBunny-2160.avi
9610,0.98524,0.78085,0.9972,49.80289,0.99869,0.84685,0.98877,0.99541,0.9975,97.79983,0.58,0.35,0.41,0.68,50.5,52.74,52.02,49.8,0.994,0.996,0.995,0.994,/tmpdir/crf_16.mpd,/videos/BigBuckBunny-2160.avi
9611,0.98786,0.61023,0.9973,49.89234,0.99875,0.8486,0.99133,0.99671,0.99832,98.27428,0.56,0.32,0.36,0.67,50.66,53.06,52.56,49.89,0.994,0.996,0.996,0.994,/tmpdir/crf_16.mpd,/videos/BigBuckBunny-2160.avi
9612,0.98592,0.61023,0.99716,49.58953,0.99872,0.84193,0.98948,0.99586,0.99779,97.85754,0.6,0.33,0.38,0.71,50.38,52.91,52.31,49.59,0.994,0.996,0.995,0.994,/tmpdir/crf_16.mpd,/videos/BigBuckBunny-2160.avi
9613,0.98881,0.70668,0.99765,50.82032,0.9988,0.86721,0.9927,0.99711,0.99854,98.56253,0.46,0.3,0.32,0.54,51.49,53.39,53.1,50.82,0.995,0.996,0.996,0.995,/tmpdir/crf_16.mpd,/videos/BigBuckBunny-2160.avi
9614,0.99479,0.22456,0.99809,53.55891,0.99899,0.93187,0.99731,0.99888,0.99939,99.7109,0.25,0.18,0.17,0.29,54.18,55.66,55.93,53.56,0.998,0.998,0.998,0.997,/tmpdir/crf_16.mpd,/videos/BigBuckBunny-2160.avi
9615,0.99241,0.22456,0.99799,52.94198,0.99896,0.92837,0.99579,0.99804,0.99882,99.21369,0.28,0.18,0.17,0.33,53.67,55.52,55.76,52.94,0.997,0.998,0.998,0.997,/tmpdir/crf_16.mpd,/videos/BigBuckBunny-2160.avi
9616,0.99258,0.38171,0.99798,52.93608,0.99896,0.92848,0.99581,0.99809,0.99888,99.32209,0.28,0.18,0.17,0.33,53.66,55.51,55.74,52.94,0.997,0.998,0.998,0.997,/tmpdir/crf_16.mpd,/videos/BigBuckBunny-2160.avi
9617,0.99243,0.29709,0.99795,52.88709,0.99895,0.92745,0.99563,0.99799,0.9988,99.24424,0.28,0.19,0.18,0.33,53.6,55.43,55.63,52.89,0.997,0.998,0.998,0.997,/tmpdir/crf_16.mpd,/videos/BigBuckBunny-2160.avi
9618,0.99451,0.29709,0.99801,53.16545,0.99898,0.93003,0.99695,0.99872,0.99931,99.67769,0.27,0.18,0.17,0.31,53.85,55.56,55.81,53.17,0.997,0.998,0.998,0.997,/tmpdir/crf_16.mpd,/videos/BigBuckBunny-2160.avi
9619,0.99162,0.23533,0.99793,52.73315,0.99895,0.92427,0.99543,0.99793,0.99879,99.05881,0.29,0.19,0.18,0.35,53.46,55.35,55.5,52.73,0.997,0.998,0.998,0.997,/tmpdir/crf_16.mpd,/videos/BigBuckBunny-2160.avi
9620,0.99237,0.23533,0.99794,52.85132,0.99896,0.92556,0.99565,0.99805,0.99887,99.20369,0.29,0.19,0.18,0.34,53.56,55.39,55.57,52.85,0.997,0.998,0.998,0.997,/tmpdir/crf_16.mpd,/videos/BigBuckBunny-2160.avi
9621,0.99198,0.25987,0.99791,52.6673,0.99895,0.92344,0.99549,0.99802,0.99887,99.13769,0.3,0.19,0.19,0.35,53.39,55.27,55.38,52.67,0.997,0.998,0.997,0.997,/tmpdir/crf_16.mpd,/videos/BigBuckBunny-2160.avi
9622,0.99367,0.25987,0.99796,52.89521,0.99897,0.92582,0.99661,0.99862,0.99927,99.49022,0.28,0.19,0.18,0.33,53.61,55.42,55.62,52.9,0.997,0.998,0.998,0.997,/tmpdir/crf_16.mpd,/videos/BigBuckBunny-2160.avi
9623,0.99078,0.40032,0.99788,52.47354,0.99894,0.92065,0.99496,0.99771,0.99863,98.95529,0.31,0.2,0.19,0.37,53.21,55.16,55.26,52.47,0.997,0.998,0.997,0.997,/tmpdir/crf_16.mpd,/videos/BigBuckBunny-2160.avi
9624,0.99126,0.40032,0.99789,52.50494,0.99895,0.92053,0.99517,0.99781,0.99872,99.04885,0.31,0.2,0.19,0.37,53.25,55.19,55.34,52.5,0.997,0.998,0.997,0.997,/tmpdir/crf_16.mpd,/videos/BigBuckBunny-2160.avi
9625,0.99,0.74544,0.99784,52.25612,0.99894,0.91812,0.99455,0.9975,0.99847,98.95276,0.33,0.2,0.2,0.39,53.0,55.01,55.08,52.26,0.997,0.998,0.997,0.997,/tmpdir/crf_16.mpd,/videos/BigBuckBunny-2160.avi
9626,0.99312,0.74544,0.9979,52.60721,0.99896,0.92154,0.99602,0.99835,0.99911,99.58469,0.3,0.2,0.19,0.36,53.33,55.21,55.36,52.61,0.997,0.998,0.997,0.997,/tmpdir/crf_16.mpd,/videos/BigBuckBunny-2160.avi
9627,0.98998,0.81205,0.9978,52.00778,0.99893,0.91432,0.99423,0.99743,0.9985,98.96837,0.34,0.21,0.21,0.41,52.77,54.85,54.87,52.01,0.997,0.997,0.997,0.997,/tmpdir/crf_16.mpd,/videos/BigBuckBunny-2160.avi
9628,0.99088,0.81205,0.99783,52.16559,0.99895,0.91489,0.99491,0.99784,0.99878,99.1594,0.33,0.21,0.21,0.39,52.91,54.9,55.0,52.17,0.997,0.997,0.997,0.997,/tmpdir/crf_16.mpd,/videos/BigBuckBunny-2160.avi
9629,0.9896,0.99662,0.99777,51.94549,0.99893,0.91236,0.99401,0.99738,0.99848,98.9796,0.35,0.21,0.21,0.42,52.71,54.81,54.83,51.95,0.997,0.997,0.997,0.996,/tmpdir/crf_16.mpd,/videos/BigBuckBunny-2160.avi
9630,0.99201,0.99662,0.99788,52.44376,0.99896,0.91801,0.99578,0.99826,0.99906,99.4883,0.31,0.2,0.2,0.37,53.17,55.11,55.18,52.44,0.997,0.998,0.997,0.997,/tmpdir/crf_16.mpd,/videos/BigBuckBunny-2160.avi
9631,0.98862,0.77996,0.99772,51.77918,0.99893,0.90929,0.99394,0.99738,0.99849,98.69341,0.36,0.21,0.22,0.43,52.58,54.83,54.8,51.78,0.997,0.997,0.997,0.996,/tmpdir/crf_16.mpd,/videos/BigBuckBunny-2160.avi
9632,0.99009,0.77996,0.99779,52.06499,0.99894,0.91238,0.99498,0.99794,0.99888,99.00443,0.34,0.21,0.2,0.4,52.84,55.0,55.02,52.06,0.997,0.998,0.997,0.996,/tmpdir/crf_16.mpd,/videos/BigBuckBunny-2160.avi
9633,0.98925,0.79644,0.99774,51.91017,0.99892,0.91158,0.99425,0.99754,0.9986,98.83101,0.35,0.2,0.2,0.42,52.74,55.09,55.09,51.91,0.997,0.998,0.997,0.996,/tmpdir/crf_16.mpd,/videos/BigBuckBunny-2160.avi
9634,0.99271,0.79644,0.99793,52.86243,0.99896,0.92246,0.99628,0.9985,0.9992,99.54869,0.29,0.19,0.18,0.34,53.56,55.35,55.52,52.86,0.997,0.998,0.998,0.997,/tmpdir/crf_16.mpd,/videos/BigBuckBunny-2160.avi
9635,0.9898,1.35227,0.9978,52.34076,0.99893,0.91776,0.99445,0.99758,0.9986,99.21646,0.32,0.2,0.2,0.38,53.1,55.15,55.19,52.34,0.997,0.998,0.997,0.997,/tmpdir/crf_16.mpd,/videos/BigBuckBunny-2160.avi
9636,0.99095,1.35227,0.99786,52.57964,0.99895,0.92117,0.99532,0.99805,0.99894,99.46798,0.3,0.19,0.19,0.36,53.32,55.25,55.41,52.58,0.997,0.998,0.998,0.997,/tmpdir/crf_16.mpd,/videos/BigBuckBunny-2160.avi
9637,0.99015,1.74133,0.99785,52.52939,0.99895,0.92113,0.99445,0.99752,0.99853,99.47349,0.31,0.2,0.19,0.36,53.26,55.16,55.35,52.53,0.997,0.998,0.998,0.997,/tmpdir/crf_16.mpd,/videos/BigBuckBunny-2160.avi
9638,0.99244,1.74133,0.99794,52.93451,0.99898,0.92504,0.99607,0.99839,0.99914,99.95667,0.28,0.19,0.18,0.33,53.64,55.44,55.65,52.93,0.997,0.998,0.998,0.997,/tmpdir/crf_16.mpd,/videos/BigBuckBunny-2160.avi
9639,0.98875,1.6482,0.99785,52.33719,0.99896,0.91831,0.99421,0.99747,0.9985,99.16635,0.32,0.2,0.2,0.38,53.08,55.05,55.17,52.34,0.997,0.998,0.997,0.997,/tmpdir/crf_16.mpd,/videos/BigBuckBunny-2160.avi
9640,0.99046,1.6482,0.9979,52.54961,0.99898,0.92015,0.99505,0.9979,0.99883,99.51018,0.31,0.2,0.19,0.36,53.27,55.13,55.28,52.55,0.997,0.998,0.997,0.997,/tmpdir/crf_16.mpd,/videos/BigBuckBunny-2160.avi
9641,0.98961,1.32591,0.99785,52.36967,0.99897,0.91811,0.99435,0.99754,0.9986,99.16898,0.32,0.2,0.19,0.38,53.11,55.06,55.23,52.37,0.997,0.998,0.997,0.997,/tmpdir/crf_16.mpd,/videos/BigBuckBunny-2160.avi
9642,0.99286,1.32591,0.99798,52.95533,0.999,0.92425,0.99622,0.99849,0.99921,99.83499,0.28,0.19,0.18,0.33,53.64,55.36,55.54,52.96,0.997,0.998,0.998,0.997,/tmpdir/crf_16.mpd,/videos/BigBuckBunny-2160.avi
9643,0.99027,1.26082,0.99785,52.289,0.99897,0.9168,0.99433,0.99753,0.99856,99.24843,0.32,0.2,0.2,0.38,53.05,55.09,55.17,52.29,0.997,0.998,0.997,0.997,/tmpdir/crf_16.mpd,/videos/BigBuckBunny-2160.avi
9644,0.9911,1.26082,0.99792,52.57975,0.99899,0.91997,0.99527,0.99801,0.99889,99.44104,0.3,0.2,0.19,0.36,53.3,55.17,55.3,52.58,0.997,0.998,0.997,0.997,/tmpdir/crf_16.mpd,/videos/BigBuckBunny-2160.avi
9645,0.99025,1.29023,0.99788,52.42293,0.99898,0.91834,0.99458,0.99766,0.99864,99.27279,0.31,0.2,0.19,0.37,53.16,55.08,55.26,52.42,0.997,0.998,0.997,0.997,/tmpdir/crf_16.mpd,/videos/BigBuckBunny-2160.avi
9646,0.99292,1.29023,0.99799,53.00129,0.99901,0.92485,0.99636,0.99855,0.99923,99.83274,0.28,0.19,0.18,0.33,53.67,55.36,55.53,53.0,0.997,0.998,0.998,0.997,/tmpdir/crf_16.mpd,/videos/BigBuckBunny-2160.avi
9647,0.99016,1.29314,0.99788,52.35361,0.99899,0.91797,0.99449,0.99757,0.99857,99.24994,0.32,0.2,0.2,0.38,53.1,55.11,55.2,52.35,0.997,0.998,0.997,0.997,/tmpdir/crf_16.mpd,/videos/BigBuckBunny-2160.avi
9648,0.9914,1.29314,0.99794,52.61695,0.999,0.92059,0.99523,0.99794,0.99879,99.5045,0.3,0.2,0.19,0.36,53.33,55.16,55.34,52.62,0.997,0.998,0.998,0.997,/tmpdir/crf_16.mpd,/videos/BigBuckBunny-2160.avi
9649,0.99086,1.22326,0.9979,52.42675,0.99899,0.91904,0.99463,0.99764,0.99863,99.35111,0.31,0.2,0.19,0.37,53.17,55.09,55.27,52.43,0.997,0.998,0.997,0.997,/tmpdir/crf_16.mpd,/videos/BigBuckBunny-2160.avi
9650,0.99348,1.22326,0.99803,53.06034,0.99902,0.92616,0.99657,0.99862,0.99927,99.90951,0.28,0.19,0.18,0.32,53.71,55.3,55.51,53.06,0.997,0.998,0.998,0.997,/tmpdir/crf_16.mpd,/videos/BigBuckBunny-2160.avi
9651,0.99092,1.09603,0.9979,52.35371,0.99899,0.91831,0.99464,0.99767,0.99867,99.30143,0.32,0.2,0.2,0.38,53.1,55.07,55.16,52.35,0.997,0.998,0.997,0.997,/tmpdir/crf_16.mpd,/videos/BigBuckBunny-2160.avi
9652,0.99129,1.09603,0.99795,52.579,0.99901,0.9202,0.99535,0.99802,0.99888,99.39735,0.3,0.2,0.19,0.36,53.29,55.12,55.28,52.58,0.997,0.998,0.997,0.997,/tmpdir/crf_16.mpd,/videos/BigBuckBunny-2160.avi
9653,0.99095,0.93976,0.99793,52.46267,0.999,0.91957,0.9949,0.99776,0.99869,99.23979,0.31,0.2,0.19,0.37,53.19,55.08,55.23,52.46,0.997,0.998,0.997,0.997,/tmpdir/crf_16.mpd,/videos/BigBuckBunny-2160.avi
9654,0.99376,0.93976,0.99805,53.07823,0.99903,0.92651,0.99675,0.9987,0.99932,99.82975,0.28,0.19,0.18,0.32,53.72,55.29,55.48,53.08,0.997,0.998,0.998,0.997,/tmpdir/crf_16.mpd,/videos/BigBuckBunny-2160.avi
9655,0.99056,0.79042,0.99795,52.49333,0.999,0.92001,0.99499,0.9978,0.99873,99.10592,0.31,0.2,0.2,0.37,53.2,55.06,55.14,52.49,0.997,0.998,0.997,0.997,/tmpdir/crf_16.mpd,/videos/BigBuckBunny-2160.avi
9656,0.99122,0.79042,0.99798,52.64541,0.99901,0.92138,0.99551,0.99805,0.9989,99.24524,0.3,0.2,0.19,0.35,53.34,55.09,55.26,52.65,0.997,0.998,0.997,0.997,/tmpdir/crf_16.mpd,/videos/BigBuckBunny-2160.avi
9657,0.9912,0.70872,0.99796,52.53306,0.999,0.92077,0.99515,0.99783,0.99872,99.1837,0.31,0.2,0.2,0.36,53.24,55.05,55.23,52.53,0.997,0.998,0.997,0.997,/tmpdir/crf_16.mpd,/videos/BigBuckBunny-2160.avi
9658,0.99363,0.70872,0.99806,52.98483,0.99903,0.92587,0.9968,0.99871,0.99932,99.69605,0.28,0.2,0.19,0.33,53.63,55.2,55.42,52.98,0.997,0.998,0.998,0.997,/tmpdir/crf_16.mpd,/videos/BigBuckBunny-2160.avi
9659,0.99082,0.63076,0.99797,52.53037,0.999,0.92074,0.99511,0.99781,0.99871,99.07851,0.31,0.21,0.2,0.36,53.23,55.01,55.14,52.53,0.997,0.998,0.997,0.997,/tmpdir/crf_16.mpd,/videos/BigBuckBunny-2160.avi
9660,0.99142,0.63076,0.998,52.66815,0.99901,0.92186,0.99549,0.998,0.99884,99.20204,0.3,0.2,0.19,0.35,53.35,55.07,55.25,52.67,0.997,0.998,0.997,0.997,/tmpdir/crf_16.mpd,/videos/BigBuckBunny-2160.avi
9661,0.99108,0.53994,0.99798,52.52808,0.99901,0.92095,0.99523,0.99787,0.99876,99.08745,0.31,0.21,0.2,0.36,53.23,55.01,55.22,52.53,0.997,0.998,0.997,0.997,/tmpdir/crf_16.mpd,/videos/BigBuckBunny-2160.avi
9662,0.99359,0.53994,0.99807,52.95398,0.99903,0.92562,0.99678,0.99869,0.9993,99.60944,0.28,0.2,0.19,0.33,53.6,55.15,55.39,52.95,0.997,0.998,0.997,0.997,/tmpdir/crf_16.mpd,/videos/BigBuckBunny-2160.avi
9663,0.99117,0.44378,0.99798,52.53054,0.99901,0.92102,0.99527,0.9979,0.99877,99.06092,0.31,0.21,0.2,0.36,53.22,54.99,55.15,52.53,0.997,0.998,0.997,0.997,/tmpdir/crf_16.mpd,/videos/BigBuckBunny-2160.avi
9664,0.99157,0.44378,0.998,52.6198,0.99901,0.92171,0.99556,0.99805,0.99888,99.146,0.3,0.2,0.2,0.36,53.3,55.01,55.2,52.62,0.997,0.998,0.997,0.997,/tmpdir/crf_16.mpd,/videos/BigBuckBunny-2160.avi
9665,0.99096,0.36139,0.99798,52.44816,0.99901,0.92029,0.99534,0.99795,0.99881,98.98614,0.31,0.21,0.2,0.37,53.16,54.98,55.16,52.45,0.997,0.998,0.997,0.997,/tmpdir/crf_16.mpd,/videos/BigBuckBunny-2160.avi
9666,0.99291,0.36139,0.99804,52.71323,0.99903,0.92301,0.99655,0.99861,0.99926,99.39176,0.3,0.2,0.19,0.35,53.39,55.07,55.27,52.71,0.997,0.998,0.997,0.997,/tmpdir/crf_16.mpd,/videos/BigBuckBunny-2160.avi
9667,0.99065,0.21474,0.99796,52.32615,0.99901,0.91876,0.99533,0.998,0.99886,98.86348,0.32,0.21,0.2,0.38,53.05,54.97,55.06,52.33,0.997,0.998,0.997,0.997,/tmpdir/crf_16.mpd,/videos/BigBuckBunny-2160.avi
9668,0.99116,0.109,0.99796,52.32179,0.99901,0.91838,0.99537,0.998,0.99886,98.90375,0.32,0.21,0.2,0.38,53.05,54.95,55.08,52.32,0.997,0.998,0.997,0.997,/tmpdir/crf_16.mpd,/videos/BigBuckBunny-2160.avi
9669,0.98935,0.109,0.99791,51.89053,0.99901,0.91297,0.99502,0.99789,0.9988,98.55742,0.35,0.21,0.21,0.42,52.68,54.88,54.93,51.89,0.997,0.997,0.997,0.996,/tmpdir/crf_16.mpd,/videos/BigBuckBunny-2160.avi
9670,0.99075,0.18181,0.9979,52.00816,0.99901,0.91518,0.99495,0.99784,0.99877,98.84372,0.34,0.21,0.2,0.41,52.8,54.94,55.07,52.01,0.997,0.997,0.997,0.996,/tmpdir/crf_16.mpd,/videos/BigBuckBunny-2160.avi
9671,0.99043,1.75729,0.99787,52.16735,0.999,0.91608,0.99374,0.99732,0.9985,99.50637,0.33,0.21,0.2,0.39,52.92,54.93,55.05,52.17,0.997,0.998,0.997,0.997,/tmpdir/crf_16.mpd,/videos/BigBuckBunny-2160.avi
9672,0.99211,2.67193,0.99796,52.84242,0.99901,0.92449,0.99446,0.99753,0.9986,100.0,0.29,0.2,0.19,0.34,53.52,55.22,55.43,52.84,0.997,0.998,0.998,0.997,/tmpdir/crf_16.mpd,/videos/BigBuckBunny-2160.avi
9673,0.9903,3.37614,0.99784,52.44004,0.99899,0.9181,0.99369,0.99722,0.99845,100.0,0.31,0.2,0.2,0.37,53.17,55.12,55.2,52.44,0.997,0.998,0.997,0.997,/tmpdir/crf_16.mpd,/videos/BigBuckBunny-2160.avi
9674,0.99209,3.37614,0.99794,53.09613,0.99901,0.92563,0.99432,0.99752,0.99867,100.0,0.27,0.19,0.18,0.32,53.76,55.42,55.56,53.1,0.997,0.998,0.998,0.997,/tmpdir/crf_16.mpd,/videos/BigBuckBunny-2160.avi
9675,0.99218,8.51468,0.99794,52.46802,0.99905,0.91927,0.99293,0.99676,0.99817,100.0,0.32,0.21,0.21,0.37,53.12,54.81,54.86,52.47,0.997,0.997,0.997,0.997,/tmpdir/crf_16.mpd,/videos/BigBuckBunny-2160.avi
9676,0.99309,8.51468,0.99806,52.56978,0.99916,0.9194,0.99361,0.99712,0.99839,100.0,0.31,0.21,0.21,0.36,53.21,54.82,54.88,52.57,0.997,0.997,0.997,0.996,/tmpdir/crf_16.mpd,/videos/BigBuckBunny-2160.avi
9677,0.99377,6.98764,0.99812,52.39144,0.99921,0.91717,0.99385,0.99732,0.99857,100.0,0.33,0.23,0.23,0.37,52.98,54.43,54.5,52.39,0.997,0.997,0.997,0.996,/tmpdir/crf_16.mpd,/videos/BigBuckBunny-2160.avi
9678,0.99033,3.24359,0.9978,50.65725,0.99918,0.893,0.99152,0.99647,0.99812,100.0,0.47,0.29,0.31,0.56,51.39,53.52,53.26,50.66,0.995,0.997,0.996,0.995,/tmpdir/crf_16.mpd,/videos/BigBuckBunny-2160.avi
9679,0.99134,1.49719,0.99781,50.26351,0.99919,0.88945,0.99259,0.99687,0.99828,99.43254,0.51,0.3,0.33,0.61,51.03,53.38,52.97,50.26,0.995,0.996,0.996,0.995,/tmpdir/crf_16.mpd,/videos/BigBuckBunny-2160.avi
9680,0.989,0.71816,0.99775,50.15356,0.99917,0.88663,0.9917,0.99647,0.99804,98.60525,0.53,0.3,0.34,0.63,50.93,53.31,52.85,50.15,0.995,0.996,0.996,0.995,/tmpdir/crf_16.mpd,/videos/BigBuckBunny-2160.avi
9681,0.98899,0.71816,0.99778,49.80589,0.99919,0.87776,0.99237,0.99686,0.99832,98.60627,0.56,0.31,0.34,0.68,50.64,53.27,52.8,49.81,0.995,0.996,0.996,0.994,/tmpdir/crf_16.mpd,/videos/BigBuckBunny-2160.avi
9682,0.99562,3.03351,0.99915,50.1587,0.99994,0.91007,0.99615,0.99843,0.9992,100.0,0.55,0.44,0.37,0.63,50.71,51.69,52.47,50.16,0.995,0.996,0.995,0.995,/tmpdir/crf_16.mpd,/videos/BigBuckBunny-2160.avi
9683,0.99494,3.03351,0.99881,49.50317,0.99989,0.90035,0.9941,0.99752,0.99872,100.0,0.63,0.47,0.4,0.73,50.13,51.41,52.14,49.5,0.995,0.996,0.995,0.994,/tmpdir/crf_16.mpd,/videos/BigBuckBunny-2160.avi
9684,0.99512,4.44789,0.99888,49.72845,0.9999,0.90231,0.99419,0.99751,0.99869,100.0,0.6,0.46,0.39,0.69,50.33,51.51,52.19,49.73,0.995,0.996,0.995,0.994,/tmpdir/crf_16.mpd,/videos/BigBuckBunny-2160.avi
9685,0.9951,4.97574,0.99874,49.58175,0.99987,0.89921,0.99375,0.99732,0.99858,100.0,0.62,0.45,0.39,0.72,50.23,51.61,52.2,49.58,0.994,0.996,0.995,0.994,/tmpdir/crf_16.mpd,/videos/BigBuckBunny-2160.avi
9686,0.99563,4.16118,0.99885,49.8955,0.99989,0.90107,0.99438,0.99764,0.99878,100.0,0.58,0.42,0.37,0.67,50.53,51.87,52.47,49.9,0.995,0.996,0.995,0.994,/tmpdir/crf_16.mpd,/videos/BigBuckBunny-2160.avi
9687,0.99416,1.91476,0.99842,48.63374,0.99984,0.88186,0.99331,0.99727,0.99856,100.0,0.75,0.48,0.43,0.89,49.41,51.35,51.78,48.63,0.993,0.995,0.995,0.992,/tmpdir/crf_16.mpd,/videos/BigBuckBunny-2160.avi
9688,0.99444,1.91476,0.99855,48.83941,0.99986,0.88399,0.99382,0.99747,0.9987,100.0,0.71,0.47,0.42,0.85,49.59,51.4,51.9,48.84,0.993,0.995,0.995,0.993,/tmpdir/crf_16.mpd,/videos/BigBuckBunny-2160.avi
9689,0.99378,0.70277,0.99834,48.40926,0.99983,0.8775,0.99297,0.99709,0.99845,99.46348,0.78,0.48,0.43,0.94,49.22,51.29,51.76,48.41,0.993,0.995,0.995,0.992,/tmpdir/crf_16.mpd,/videos/BigBuckBunny-2160.avi
9690,0.99369,0.70277,0.9985,48.47968,0.99986,0.87649,0.99332,0.99724,0.99854,99.45525,0.77,0.48,0.43,0.92,49.28,51.31,51.82,48.48,0.993,0.995,0.995,0.992,/tmpdir/crf_16.mpd,/videos/BigBuckBunny-2160.avi
9691,0.99671,2.32838,0.99778,54.64961,0.99868,0.93553,0.99685,0.99867,0.9993,100.0,0.2,0.14,0.14,0.22,55.22,56.77,56.53,54.65,0.998,0.998,0.998,0.998,/tmpdir/crf_16.mpd,/videos/BigBuckBunny-2160.avi
9692,0.99557,2.32838,0.99758,53.32861,0.99866,0.91987,0.99374,0.9973,0.99853,100.0,0.26,0.16,0.18,0.3,54.03,56.21,55.61,53.33,0.998,0.998,0.998,0.997,/tmpdir/crf_16.mpd,/videos/BigBuckBunny-2160.avi
9693,0.99597,4.11221,0.99765,53.85314,0.99867,0.92503,0.99443,0.99759,0.9987,100.0,0.23,0.15,0.17,0.27,54.49,56.36,55.91,53.85,0.998,0.998,0.998,0.998,/tmpdir/crf_16.mpd,/videos/BigBuckBunny-2160.avi
9694,0.99574,4.11221,0.9976,53.44055,0.99867,0.92187,0.9939,0.99734,0.99855,100.0,0.25,0.16,0.18,0.29,54.11,56.11,55.62,53.44,0.998,0.998,0.998,0.997,/tmpdir/crf_16.mpd,/videos/BigBuckBunny-2160.avi
9695,0.99605,4.23774,0.99768,53.69578,0.99871,0.9228,0.99453,0.99763,0.99873,100.0,0.24,0.16,0.17,0.28,54.32,56.13,55.75,53.7,0.998,0.998,0.998,0.997,/tmpdir/crf_16.mpd,/videos/BigBuckBunny-2160.avi
9696,0.99429,2.48532,0.99751,52.31103,0.99869,0.9051,0.99228,0.99662,0.99812,100.0,0.32,0.19,0.22,0.38,53.05,55.42,54.76,52.31,0.997,0.998,0.998,0.997,/tmpdir/crf_16.mpd,/videos/BigBuckBunny-2160.avi
9697,0.99484,1.17523,0.99752,51.94527,0.9987,0.90116,0.99319,0.99705,0.99834,99.93988,0.35,0.19,0.22,0.42,52.74,55.33,54.68,51.95,0.997,0.998,0.997,0.997,/tmpdir/crf_16.mpd,/videos/BigBuckBunny-2160.avi
9698,0.99405,0.761,0.99748,51.81276,0.9987,0.89841,0.99243,0.99671,0.99817,99.57216,0.36,0.19,0.23,0.43,52.62,55.24,54.58,51.81,0.997,0.998,0.997,0.996,/tmpdir/crf_16.mpd,/videos/BigBuckBunny-2160.avi
9699,0.9937,0.761,0.99748,51.46437,0.9987,0.89114,0.99293,0.99702,0.99839,99.51093,0.38,0.2,0.23,0.46,52.33,55.18,54.53,51.46,0.997,0.998,0.997,0.996,/tmpdir/crf_16.mpd,/videos/BigBuckBunny-2160.avi
9700,0.99433,2.15853,0.99735,56.95939,0.99804,0.95331,0.99748,0.99896,0.99946,100.0,0.12,0.08,0.09,0.13,57.49,59.04,58.61,56.96,0.999,0.999,0.999,0.999,/tmpdir/crf_16.mpd,/videos/BigBuckBunny-2160.avi
9701,0.99236,2.15853,0.99729,55.73984,0.99806,0.94209,0.99548,0.99809,0.99902,100.0,0.15,0.1,0.11,0.17,56.33,58.14,57.55,55.74,0.999,0.999,0.999,0.998,/tmpdir/crf_16.mpd,/videos/BigBuckBunny-2160.avi
9702,0.98793,3.21022,0.99718,54.18305,0.99808,0.92335,0.99307,0.99707,0.99849,99.82008,0.21,0.13,0.16,0.25,54.84,56.95,56.23,54.18,0.998,0.999,0.998,0.998,/tmpdir/crf_16.mpd,/videos/BigBuckBunny-2160.avi
9703,0.99131,3.74883,0.99727,54.67246,0.99813,0.92985,0.99393,0.99737,0.99859,100.0,0.2,0.14,0.16,0.22,55.15,56.58,56.05,54.67,0.998,0.998,0.998,0.998,/tmpdir/crf_16.mpd,/videos/BigBuckBunny-2160.avi
9704,0.99025,3.74883,0.99727,54.41127,0.99816,0.92767,0.99337,0.99711,0.99845,100.0,0.22,0.16,0.18,0.24,54.8,55.97,55.46,54.41,0.998,0.998,0.998,0.998,/tmpdir/crf_16.mpd,/videos/BigBuckBunny-2160.avi
9705,0.99314,2.52775,0.99738,55.04471,0.99819,0.93367,0.99568,0.99824,0.99908,100.0,0.18,0.12,0.14,0.2,55.57,57.21,56.53,55.04,0.998,0.999,0.998,0.998,/tmpdir/crf_16.mpd,/videos/BigBuckBunny-2160.avi
9706,0.98738,2.11035,0.99717,53.07779,0.99817,0.90868,0.99228,0.99661,0.99807,99.07148,0.28,0.18,0.21,0.32,53.69,55.67,54.91,53.08,0.998,0.998,0.998,0.997,/tmpdir/crf_16.mpd,/videos/BigBuckBunny-2160.avi
9707,0.99048,0.87596,0.99726,53.45688,0.99819,0.91525,0.99438,0.99761,0.99875,99.11021,0.25,0.15,0.18,0.29,54.13,56.27,55.55,53.46,0.998,0.998,0.998,0.998,/tmpdir/crf_16.mpd,/videos/BigBuckBunny-2160.avi
9708,0.99001,0.87596,0.99728,53.75674,0.99818,0.91817,0.99408,0.99738,0.99855,99.01856,0.25,0.18,0.21,0.27,54.22,55.69,55.01,53.76,0.998,0.998,0.998,0.998,/tmpdir/crf_16.mpd,/videos/BigBuckBunny-2160.avi
9709,0.99447,0.91331,0.99742,54.9316,0.99821,0.93262,0.99698,0.99882,0.99942,99.97554,0.18,0.12,0.15,0.21,55.49,57.26,56.51,54.93,0.998,0.999,0.998,0.998,/tmpdir/crf_16.mpd,/videos/BigBuckBunny-2160.avi
9710,0.98965,0.91331,0.99732,53.98649,0.99819,0.92129,0.99402,0.99723,0.99838,98.96594,0.23,0.17,0.2,0.26,54.43,55.8,55.2,53.99,0.998,0.998,0.998,0.998,/tmpdir/crf_16.mpd,/videos/BigBuckBunny-2160.avi
9711,0.99036,0.92085,0.99733,54.05857,0.99819,0.92241,0.99461,0.99754,0.99854,99.1191,0.23,0.17,0.19,0.26,54.53,55.93,55.44,54.06,0.998,0.998,0.998,0.998,/tmpdir/crf_16.mpd,/videos/BigBuckBunny-2160.avi
9712,0.98986,0.92085,0.9973,53.83278,0.99818,0.92009,0.99397,0.99717,0.9983,98.9972,0.24,0.18,0.2,0.27,54.29,55.6,55.2,53.83,0.998,0.998,0.998,0.998,/tmpdir/crf_16.mpd,/videos/BigBuckBunny-2160.avi
9713,0.99421,0.92656,0.99741,54.75427,0.99822,0.93104,0.99689,0.99874,0.99934,99.92161,0.19,0.13,0.15,0.22,55.3,57.02,56.34,54.75,0.998,0.998,0.998,0.998,/tmpdir/crf_16.mpd,/videos/BigBuckBunny-2160.avi
9714,0.99022,0.92656,0.99731,53.87968,0.99819,0.92088,0.99419,0.99729,0.9984,99.0749,0.24,0.18,0.2,0.27,54.3,55.59,55.03,53.88,0.998,0.998,0.998,0.998,/tmpdir/crf_16.mpd,/videos/BigBuckBunny-2160.avi
9715,0.99056,0.93497,0.99735,54.05357,0.9982,0.92328,0.9948,0.9976,0.9986,99.17,0.23,0.16,0.19,0.26,54.52,55.96,55.35,54.05,0.998,0.998,0.998,0.998,/tmpdir/crf_16.mpd,/videos/BigBuckBunny-2160.avi
9716,0.99022,0.93497,0.99733,53.97843,0.9982,0.92223,0.99453,0.99757,0.99863,99.10653,0.24,0.18,0.21,0.26,54.35,55.51,54.96,53.98,0.998,0.998,0.998,0.998,/tmpdir/crf_16.mpd,/videos/BigBuckBunny-2160.avi
9717,0.99398,0.95155,0.99741,54.6479,0.99823,0.93,0.99684,0.99873,0.99934,99.88998,0.2,0.13,0.15,0.22,55.21,56.96,56.33,54.65,0.998,0.998,0.998,0.998,/tmpdir/crf_16.mpd,/videos/BigBuckBunny-2160.avi
9718,0.991,0.95155,0.99737,54.22808,0.99822,0.92438,0.99517,0.99785,0.99879,99.27954,0.22,0.15,0.18,0.25,54.72,56.23,55.62,54.23,0.998,0.998,0.998,0.998,/tmpdir/crf_16.mpd,/videos/BigBuckBunny-2160.avi
9719,0.99094,0.95105,0.99735,53.95555,0.99822,0.92225,0.99459,0.9975,0.99857,99.23672,0.24,0.18,0.2,0.26,54.39,55.62,55.2,53.96,0.998,0.998,0.998,0.998,/tmpdir/crf_16.mpd,/videos/BigBuckBunny-2160.avi
9720,0.99426,0.95105,0.9974,54.55661,0.99824,0.9291,0.99671,0.99866,0.99929,99.93032,0.2,0.14,0.16,0.23,55.1,56.79,56.13,54.56,0.998,0.998,0.998,0.998,/tmpdir/crf_16.mpd,/videos/BigBuckBunny-2160.avi
9721,0.99708,0.93387,0.99762,57.43653,0.99826,0.95956,0.99868,0.99949,0.99973,100.0,0.11,0.08,0.09,0.12,57.88,59.17,58.69,57.44,0.999,0.999,0.999,0.999,/tmpdir/crf_16.mpd,/videos/BigBuckBunny-2160.avi
9722,0.99194,0.93387,0.99745,54.78239,0.99823,0.93411,0.99549,0.99791,0.99877,99.47329,0.19,0.13,0.15,0.22,55.31,56.89,56.34,54.78,0.998,0.999,0.998,0.998,/tmpdir/crf_16.mpd,/videos/BigBuckBunny-2160.avi
9723,0.9916,0.90561,0.99743,54.60787,0.99823,0.93216,0.99555,0.99797,0.99886,99.40046,0.2,0.13,0.16,0.23,55.17,57.02,56.17,54.61,0.998,0.999,0.998,0.998,/tmpdir/crf_16.mpd,/videos/BigBuckBunny-2160.avi
9724,0.991,0.90561,0.9974,54.29606,0.99823,0.92878,0.99494,0.99763,0.99863,99.25634,0.22,0.16,0.18,0.24,54.75,56.07,55.6,54.3,0.998,0.998,0.998,0.998,/tmpdir/crf_16.mpd,/videos/BigBuckBunny-2160.avi
9725,0.99441,0.85925,0.99747,55.10436,0.99826,0.93668,0.99714,0.99883,0.9994,99.9535,0.18,0.11,0.13,0.2,55.7,57.58,56.85,55.1,0.998,0.999,0.998,0.998,/tmpdir/crf_16.mpd,/videos/BigBuckBunny-2160.avi
9726,0.99129,0.85925,0.9974,54.21233,0.99823,0.9268,0.99488,0.9976,0.9986,99.2765,0.22,0.17,0.19,0.25,54.65,55.95,55.43,54.21,0.998,0.998,0.998,0.998,/tmpdir/crf_16.mpd,/videos/BigBuckBunny-2160.avi
9727,0.99147,0.7942,0.99741,54.2974,0.99824,0.92802,0.99526,0.9978,0.99871,99.29454,0.22,0.16,0.18,0.24,54.76,56.16,55.58,54.3,0.998,0.998,0.998,0.998,/tmpdir/crf_16.mpd,/videos/BigBuckBunny-2160.avi
9728,0.99115,0.7942,0.99739,54.10259,0.99824,0.92584,0.99475,0.99755,0.99859,99.21583,0.23,0.17,0.19,0.25,54.53,55.88,55.24,54.1,0.998,0.998,0.998,0.998,/tmpdir/crf_16.mpd,/videos/BigBuckBunny-2160.avi
9729,0.99465,0.71228,0.99747,55.03296,0.99827,0.93556,0.99691,0.99873,0.99935,99.91732,0.18,0.12,0.14,0.2,55.6,57.42,56.63,55.03,0.998,0.999,0.998,0.998,/tmpdir/crf_16.mpd,/videos/BigBuckBunny-2160.avi
9730,0.99152,0.71228,0.99739,54.07269,0.99825,0.92543,0.99463,0.99746,0.99847,99.23107,0.23,0.17,0.19,0.25,54.5,55.82,55.25,54.07,0.998,0.998,0.998,0.998,/tmpdir/crf_16.mpd,/videos/BigBuckBunny-2160.avi
9731,0.99173,0.61435,0.99739,54.05856,0.99825,0.92494,0.99487,0.99758,0.99862,99.23328,0.23,0.16,0.19,0.26,54.54,56.11,55.36,54.06,0.998,0.998,0.998,0.998,/tmpdir/crf_16.mpd,/videos/BigBuckBunny-2160.avi
9732,0.99113,0.61435,0.99736,53.68554,0.99824,0.91991,0.99427,0.99733,0.99848,99.09264,0.25,0.18,0.22,0.28,54.11,55.46,54.79,53.69,0.998,0.998,0.998,0.998,/tmpdir/crf_16.mpd,/videos/BigBuckBunny-2160.avi
9733,0.99374,0.53508,0.99745,54.58005,0.99828,0.9289,0.99675,0.99868,0.99929,99.64444,0.2,0.13,0.15,0.23,55.18,57.08,56.32,54.58,0.998,0.998,0.998,0.998,/tmpdir/crf_16.mpd,/videos/BigBuckBunny-2160.avi
9734,0.99085,0.53508,0.99735,53.51492,0.99825,0.91694,0.9944,0.99744,0.99852,99.00287,0.26,0.17,0.21,0.29,54.05,55.82,55.0,53.51,0.998,0.998,0.998,0.998,/tmpdir/crf_16.mpd,/videos/BigBuckBunny-2160.avi
9735,0.99139,0.5089,0.99736,53.64336,0.99825,0.91813,0.9945,0.99745,0.99853,99.09162,0.25,0.17,0.2,0.28,54.14,55.74,55.02,53.64,0.998,0.998,0.998,0.998,/tmpdir/crf_16.mpd,/videos/BigBuckBunny-2160.avi
9736,0.99097,0.5089,0.99734,53.51714,0.99825,0.91677,0.99423,0.99733,0.99844,99.00215,0.26,0.19,0.22,0.29,53.97,55.34,54.75,53.52,0.998,0.998,0.998,0.998,/tmpdir/crf_16.mpd,/videos/BigBuckBunny-2160.avi
9737,0.99423,0.52804,0.99743,54.52672,0.99827,0.92906,0.99654,0.99856,0.99924,99.72156,0.2,0.13,0.16,0.23,55.09,56.9,56.11,54.53,0.998,0.998,0.998,0.998,/tmpdir/crf_16.mpd,/videos/BigBuckBunny-2160.avi
9738,0.99126,0.52804,0.99735,53.70414,0.99825,0.92021,0.99404,0.99715,0.99828,99.05908,0.25,0.19,0.23,0.28,54.08,55.31,54.6,53.7,0.998,0.998,0.998,0.998,/tmpdir/crf_16.mpd,/videos/BigBuckBunny-2160.avi
9739,0.99154,0.61021,0.99736,53.91754,0.99825,0.92299,0.99439,0.99736,0.99851,99.17802,0.24,0.17,0.2,0.26,54.38,55.79,55.17,53.92,0.998,0.998,0.998,0.998,/tmpdir/crf_16.mpd,/videos/BigBuckBunny-2160.avi
9740,0.99082,0.61021,0.99733,53.69298,0.99824,0.92029,0.99391,0.99715,0.99831,99.02181,0.25,0.19,0.23,0.28,54.07,55.32,54.6,53.69,0.998,0.998,0.998,0.998,/tmpdir/crf_16.mpd,/videos/BigBuckBunny-2160.avi
9741,0.99342,0.6716,0.9974,54.33997,0.99826,0.92808,0.99634,0.99851,0.99926,99.63949,0.21,0.14,0.17,0.24,54.91,56.73,55.95,54.34,0.998,0.998,0.998,0.998,/tmpdir/crf_16.mpd,/videos/BigBuckBunny-2160.avi
9742,0.99053,0.6716,0.99732,53.60736,0.99823,0.91896,0.99373,0.99709,0.9983,98.99171,0.26,0.2,0.23,0.28,53.99,55.21,54.54,53.61,0.998,0.998,0.998,0.998,/tmpdir/crf_16.mpd,/videos/BigBuckBunny-2160.avi
9743,0.99146,0.71752,0.99733,53.72451,0.99823,0.92007,0.99397,0.99717,0.99834,99.18713,0.25,0.18,0.21,0.28,54.17,55.54,54.93,53.72,0.998,0.998,0.998,0.998,/tmpdir/crf_16.mpd,/videos/BigBuckBunny-2160.avi
9744,0.99057,0.71752,0.9973,53.53453,0.99823,0.91732,0.99353,0.99699,0.99824,99.00855,0.26,0.2,0.23,0.29,53.91,55.05,54.52,53.53,0.998,0.998,0.998,0.998,/tmpdir/crf_16.mpd,/videos/BigBuckBunny-2160.avi
9745,0.99312,0.7535,0.99736,54.13239,0.99825,0.9247,0.996,0.99835,0.99915,99.60219,0.22,0.14,0.17,0.25,54.69,56.52,55.7,54.13,0.998,0.998,0.998,0.998,/tmpdir/crf_16.mpd,/videos/BigBuckBunny-2160.avi
9746,0.99025,0.7535,0.99728,53.42402,0.99822,0.91589,0.99353,0.99699,0.99823,98.96241,0.27,0.21,0.24,0.3,53.81,55.01,54.39,53.42,0.998,0.998,0.998,0.998,/tmpdir/crf_16.mpd,/videos/BigBuckBunny-2160.avi
9747,0.99005,0.74172,0.99728,53.4284,0.99822,0.91513,0.99372,0.99716,0.99834,98.93192,0.26,0.19,0.22,0.3,53.91,55.39,54.8,53.43,0.998,0.998,0.998,0.998,/tmpdir/crf_16.mpd,/videos/BigBuckBunny-2160.avi
9748,0.98945,0.74172,0.99724,53.20252,0.99821,0.91239,0.99319,0.99694,0.99826,98.80379,0.28,0.21,0.24,0.31,53.63,54.99,54.31,53.2,0.998,0.998,0.998,0.998,/tmpdir/crf_16.mpd,/videos/BigBuckBunny-2160.avi
9749,0.99281,0.78032,0.99729,53.65363,0.99823,0.91878,0.99522,0.998,0.99893,99.51466,0.24,0.16,0.19,0.28,54.25,56.2,55.37,53.65,0.998,0.998,0.998,0.998,/tmpdir/crf_16.mpd,/videos/BigBuckBunny-2160.avi
9750,0.98983,0.78032,0.9972,53.04673,0.9982,0.91043,0.99245,0.99651,0.99798,98.85176,0.29,0.21,0.24,0.32,53.51,54.98,54.31,53.05,0.998,0.998,0.997,0.997,/tmpdir/crf_16.mpd,/videos/BigBuckBunny-2160.avi
9751,0.99086,1.44235,0.99722,53.20185,0.99821,0.91231,0.99316,0.99693,0.99831,99.39352,0.28,0.19,0.22,0.31,53.71,55.25,54.65,53.2,0.998,0.998,0.998,0.997,/tmpdir/crf_16.mpd,/videos/BigBuckBunny-2160.avi
9752,0.98864,1.44235,0.99713,52.61849,0.99819,0.90374,0.99182,0.99642,0.998,98.939,0.32,0.22,0.26,0.36,53.12,54.65,54.03,52.62,0.997,0.998,0.997,0.997,/tmpdir/crf_16.mpd,/videos/BigBuckBunny-2160.avi
9753,0.9912,1.89384,0.9972,53.19345,0.99821,0.91211,0.99374,0.99737,0.99862,99.70886,0.27,0.17,0.2,0.31,53.82,55.87,55.05,53.19,0.998,0.998,0.998,0.997,/tmpdir/crf_16.mpd,/videos/BigBuckBunny-2160.avi
9754,0.99124,2.12334,0.99718,53.28846,0.99819,0.9141,0.99214,0.9964,0.99794,99.7649,0.27,0.2,0.22,0.3,53.78,55.21,54.75,53.29,0.998,0.998,0.998,0.997,/tmpdir/crf_16.mpd,/videos/BigBuckBunny-2160.avi
9755,0.99029,4.05082,0.99719,53.70607,0.99816,0.91859,0.99146,0.99597,0.99765,100.0,0.26,0.21,0.22,0.28,54.06,54.96,54.77,53.71,0.998,0.998,0.998,0.998,/tmpdir/crf_16.mpd,/videos/BigBuckBunny-2160.avi
9756,0.99201,4.05082,0.99724,54.63529,0.99815,0.92834,0.99346,0.99703,0.99838,100.0,0.2,0.15,0.17,0.22,55.09,56.51,55.88,54.64,0.998,0.998,0.998,0.998,/tmpdir/crf_16.mpd,/videos/BigBuckBunny-2160.avi
9757,0.99106,3.38384,0.99716,54.57042,0.99806,0.92928,0.99248,0.99645,0.99796,100.0,0.21,0.17,0.17,0.23,54.92,55.71,55.7,54.57,0.998,0.998,0.998,0.998,/tmpdir/crf_16.mpd,/videos/BigBuckBunny-2160.avi
9758,0.99168,3.38384,0.99716,55.04411,0.99802,0.93355,0.99417,0.9973,0.99843,100.0,0.18,0.13,0.15,0.2,55.52,56.88,56.43,55.04,0.998,0.999,0.998,0.998,/tmpdir/crf_16.mpd,/videos/BigBuckBunny-2160.avi
9759,0.98879,2.59556,0.99706,54.15691,0.99796,0.92466,0.99275,0.99669,0.99812,99.62219,0.23,0.18,0.19,0.25,54.55,55.48,55.44,54.16,0.998,0.998,0.998,0.998,/tmpdir/crf_16.mpd,/videos/BigBuckBunny-2160.avi
9760,0.99016,2.59556,0.99709,54.66493,0.99796,0.92935,0.99387,0.9973,0.99852,99.92316,0.2,0.16,0.16,0.22,55.09,56.21,56.01,54.66,0.998,0.998,0.998,0.998,/tmpdir/crf_16.mpd,/videos/BigBuckBunny-2160.avi
9761,0.98963,1.77392,0.997,54.06192,0.99793,0.92174,0.99292,0.99686,0.99826,99.36251,0.23,0.18,0.18,0.26,54.51,55.55,55.57,54.06,0.998,0.998,0.998,0.998,/tmpdir/crf_16.mpd,/videos/BigBuckBunny-2160.avi
9762,0.99155,1.77392,0.99705,54.64749,0.99793,0.92687,0.99467,0.99773,0.99877,99.77776,0.19,0.13,0.15,0.22,55.23,56.98,56.48,54.65,0.998,0.999,0.998,0.998,/tmpdir/crf_16.mpd,/videos/BigBuckBunny-2160.avi
9763,0.99064,2.58281,0.99706,54.81329,0.99791,0.93328,0.99329,0.99688,0.99821,99.98092,0.2,0.17,0.16,0.21,55.18,55.9,56.11,54.81,0.998,0.998,0.998,0.998,/tmpdir/crf_16.mpd,/videos/BigBuckBunny-2160.avi
9764,0.99231,2.69432,0.9971,55.17184,0.99793,0.93736,0.99402,0.99729,0.99848,100.0,0.18,0.15,0.15,0.2,55.56,56.47,56.45,55.17,0.998,0.999,0.998,0.998,/tmpdir/crf_16.mpd,/videos/BigBuckBunny-2160.avi
9765,0.992,5.00664,0.99712,54.77507,0.99796,0.93409,0.99315,0.9968,0.99815,100.0,0.2,0.17,0.16,0.22,55.11,55.72,56.02,54.78,0.998,0.998,0.998,0.998,/tmpdir/crf_16.mpd,/videos/BigBuckBunny-2160.avi
9766,0.99282,5.01142,0.99717,55.10233,0.99802,0.93579,0.99403,0.99728,0.99848,100.0,0.18,0.14,0.15,0.2,55.55,56.7,56.5,55.1,0.998,0.999,0.998,0.998,/tmpdir/crf_16.mpd,/videos/BigBuckBunny-2160.avi
9767,0.98865,7.54203,0.99713,54.07559,0.99808,0.92367,0.99185,0.99625,0.9979,100.0,0.23,0.2,0.19,0.25,54.42,55.17,55.24,54.08,0.998,0.998,0.998,0.998,/tmpdir/crf_16.mpd,/videos/BigBuckBunny-2160.avi
9768,0.99118,7.54203,0.9972,54.6318,0.99811,0.93086,0.99336,0.99702,0.99835,100.0,0.2,0.16,0.17,0.22,55.04,56.04,55.93,54.63,0.998,0.998,0.998,0.998,/tmpdir/crf_16.mpd,/videos/BigBuckBunny-2160.avi
9769,0.99173,6.53193,0.99721,54.62184,0.99811,0.93168,0.99374,0.99719,0.99849,100.0,0.2,0.16,0.17,0.22,55.02,56.01,55.91,54.62,0.998,0.998,0.998,0.998,/tmpdir/crf_16.mpd,/videos/BigBuckBunny-2160.avi
9770,0.98962,6.3275,0.99714,54.26139,0.99808,0.92852,0.9926,0.99663,0.99808,100.0,0.22,0.18,0.18,0.24,54.64,55.53,55.53,54.26,0.998,0.998,0.998,0.998,/tmpdir/crf_16.mpd,/videos/BigBuckBunny-2160.avi
9771,0.99061,3.65568,0.99714,54.90635,0.99806,0.93724,0.99346,0.99705,0.99836,100.0,0.2,0.17,0.17,0.21,55.21,55.85,55.91,54.91,0.998,0.998,0.998,0.998,/tmpdir/crf_16.mpd,/videos/BigBuckBunny-2160.avi
9772,0.99154,3.5015,0.99719,55.91384,0.99806,0.94673,0.99555,0.99806,0.99892,100.0,0.16,0.14,0.14,0.17,56.17,56.82,56.68,55.91,0.999,0.999,0.998,0.999,/tmpdir/crf_16.mpd,/videos/BigBuckBunny-2160.avi
9773,0.98923,1.61375,0.99712,56.08504,0.99803,0.94958,0.99469,0.99743,0.99837,99.33254,0.15,0.14,0.14,0.16,56.28,56.8,56.57,56.09,0.999,0.999,0.998,0.999,/tmpdir/crf_16.mpd,/videos/BigBuckBunny-2160.avi
9774,0.9884,1.61375,0.99714,56.49577,0.99804,0.95072,0.9951,0.99768,0.99862,99.21339,0.14,0.12,0.13,0.15,56.73,57.5,57.0,56.5,0.999,0.999,0.999,0.999,/tmpdir/crf_16.mpd,/videos/BigBuckBunny-2160.avi
9775,0.98667,2.34942,0.99713,56.79323,0.99804,0.95285,0.99474,0.99727,0.99823,99.23942,0.13,0.11,0.13,0.14,57.01,57.85,57.12,56.79,0.999,0.999,0.999,0.999,/tmpdir/crf_16.mpd,/videos/BigBuckBunny-2160.avi
9776,0.99095,2.34942,0.99717,57.16753,0.99806,0.95449,0.99647,0.99841,0.99909,100.0,0.12,0.09,0.11,0.12,57.44,58.52,57.63,57.17,0.999,0.999,0.999,0.999,/tmpdir/crf_16.mpd,/videos/BigBuckBunny-2160.avi
9777,0.98789,2.60036,0.99713,56.68875,0.99805,0.95105,0.99474,0.99742,0.99837,99.58953,0.13,0.11,0.13,0.14,56.92,57.8,57.07,56.69,0.999,0.999,0.999,0.999,/tmpdir/crf_16.mpd,/videos/BigBuckBunny-2160.avi
9778,0.98772,2.60036,0.99714,56.7468,0.99806,0.95055,0.99469,0.99734,0.99833,99.55364,0.13,0.11,0.13,0.14,56.98,57.91,57.12,56.75,0.999,0.999,0.999,0.999,/tmpdir/crf_16.mpd,/videos/BigBuckBunny-2160.avi
9779,0.98649,2.39115,0.99713,56.48439,0.99806,0.94886,0.99455,0.99727,0.99826,99.21811,0.14,0.11,0.13,0.15,56.74,57.8,56.88,56.48,0.999,0.999,0.999,0.999,/tmpdir/crf_16.mpd,/videos/BigBuckBunny-2160.avi
9780,0.98987,2.39115,0.99718,56.75081,0.99808,0.94876,0.99606,0.99831,0.99908,99.89804,0.13,0.1,0.12,0.14,57.09,58.32,57.45,56.75,0.999,0.999,0.999,0.999,/tmpdir/crf_16.mpd,/videos/BigBuckBunny-2160.avi
9781,0.98417,2.03779,0.9971,55.87201,0.99806,0.94084,0.99339,0.99692,0.99816,98.58687,0.16,0.12,0.14,0.17,56.21,57.42,56.59,55.87,0.998,0.999,0.998,0.998,/tmpdir/crf_16.mpd,/videos/BigBuckBunny-2160.avi
9782,0.98634,2.03779,0.99709,55.60887,0.99808,0.9355,0.99323,0.99694,0.99821,98.95486,0.16,0.11,0.14,0.18,56.04,57.57,56.58,55.61,0.998,0.999,0.998,0.998,/tmpdir/crf_16.mpd,/videos/BigBuckBunny-2160.avi
9783,0.98478,1.72783,0.99703,54.82684,0.99806,0.92681,0.99294,0.99692,0.99817,98.49457,0.19,0.13,0.16,0.21,55.31,57.06,55.96,54.83,0.998,0.999,0.998,0.998,/tmpdir/crf_16.mpd,/videos/BigBuckBunny-2160.avi
9784,0.98902,1.72783,0.99709,54.88556,0.99809,0.924,0.99556,0.99828,0.99911,99.3353,0.18,0.12,0.15,0.21,55.47,57.44,56.47,54.89,0.998,0.999,0.998,0.998,/tmpdir/crf_16.mpd,/videos/BigBuckBunny-2160.avi
9785,0.98265,1.84352,0.99694,53.74798,0.99807,0.90912,0.99279,0.99712,0.9984,98.13863,0.24,0.15,0.19,0.27,54.35,56.39,55.45,53.75,0.998,0.998,0.998,0.998,/tmpdir/crf_16.mpd,/videos/BigBuckBunny-2160.avi
9786,0.98744,1.84352,0.99706,54.88912,0.99809,0.92476,0.99354,0.99731,0.99849,99.04666,0.19,0.13,0.16,0.21,55.37,57.02,56.12,54.89,0.998,0.999,0.998,0.998,/tmpdir/crf_16.mpd,/videos/BigBuckBunny-2160.avi
9787,0.98706,2.50806,0.99707,55.35159,0.99808,0.93482,0.99282,0.99684,0.99819,99.3133,0.17,0.12,0.15,0.19,55.81,57.37,56.51,55.35,0.998,0.999,0.998,0.998,/tmpdir/crf_16.mpd,/videos/BigBuckBunny-2160.avi
9788,0.9893,2.50806,0.99714,56.10414,0.9981,0.94295,0.99479,0.9977,0.99875,99.79798,0.15,0.1,0.13,0.16,56.51,57.94,57.01,56.1,0.998,0.999,0.999,0.998,/tmpdir/crf_16.mpd,/videos/BigBuckBunny-2160.avi
9789,0.98591,4.00835,0.99713,56.28904,0.99809,0.94774,0.99377,0.99701,0.99817,99.9418,0.14,0.11,0.14,0.15,56.59,57.79,56.78,56.29,0.999,0.999,0.999,0.998,/tmpdir/crf_16.mpd,/videos/BigBuckBunny-2160.avi
9790,0.98744,4.00835,0.99718,56.78156,0.9981,0.95148,0.99449,0.99729,0.99829,100.0,0.13,0.1,0.13,0.14,57.01,57.98,57.09,56.78,0.999,0.999,0.999,0.999,/tmpdir/crf_16.mpd,/videos/BigBuckBunny-2160.avi
9791,0.98562,5.96106,0.99718,56.81804,0.9981,0.95324,0.99423,0.99709,0.99815,100.0,0.13,0.11,0.13,0.14,56.99,57.83,56.94,56.82,0.999,0.999,0.999,0.999,/tmpdir/crf_16.mpd,/videos/BigBuckBunny-2160.avi
9792,0.98732,5.96106,0.99723,57.39004,0.99811,0.95629,0.99542,0.99786,0.99874,100.0,0.11,0.09,0.11,0.12,57.61,58.55,57.68,57.39,0.999,0.999,0.999,0.999,/tmpdir/crf_16.mpd,/videos/BigBuckBunny-2160.avi
9793,0.99147,6.35119,0.99733,58.23491,0.99812,0.96387,0.99765,0.99897,0.99942,100.0,0.09,0.07,0.09,0.1,58.53,59.59,58.82,58.23,0.999,0.999,0.999,0.999,/tmpdir/crf_16.mpd,/videos/BigBuckBunny-2160.avi
9794,0.98583,6.35119,0.99716,56.01298,0.99807,0.94618,0.99424,0.99724,0.99834,100.0,0.15,0.12,0.14,0.16,56.3,57.33,56.59,56.01,0.998,0.999,0.998,0.998,/tmpdir/crf_16.mpd,/videos/BigBuckBunny-2160.avi
9795,0.98517,6.27177,0.99717,55.46219,0.99807,0.93922,0.9941,0.99727,0.99839,100.0,0.17,0.13,0.15,0.18,55.81,56.89,56.31,55.46,0.998,0.999,0.998,0.998,/tmpdir/crf_16.mpd,/videos/BigBuckBunny-2160.avi
9796,0.98972,6.27177,0.99711,54.40578,0.99805,0.92786,0.99194,0.99611,0.99762,100.0,0.21,0.17,0.17,0.24,54.84,55.92,55.83,54.41,0.998,0.998,0.998,0.998,/tmpdir/crf_16.mpd,/videos/BigBuckBunny-2160.avi
9797,0.99397,6.41652,0.99718,54.57403,0.99807,0.92799,0.99342,0.99701,0.9983,100.0,0.2,0.15,0.16,0.23,55.06,56.46,56.05,54.57,0.998,0.998,0.998,0.998,/tmpdir/crf_16.mpd,/videos/BigBuckBunny-2160.avi
9798,0.99155,6.41652,0.99711,53.91948,0.99806,0.92068,0.99277,0.99677,0.99816,100.0,0.23,0.16,0.17,0.26,54.48,56.07,55.73,53.92,0.998,0.998,0.998,0.998,/tmpdir/crf_16.mpd,/videos/BigBuckBunny-2160.avi
9799,0.9934,4.22356,0.99712,53.94387,0.99807,0.91994,0.99318,0.99697,0.99829,100.0,0.23,0.17,0.18,0.26,54.46,55.91,55.54,53.94,0.998,0.998,0.998,0.998,/tmpdir/crf_16.mpd,/videos/BigBuckBunny-2160.avi
9800,0.98992,4.22356,0.99705,53.09429,0.99805,0.91047,0.99038,0.99529,0.9971,100.0,0.28,0.21,0.21,0.32,53.61,54.84,54.89,53.09,0.998,0.998,0.998,0.997,/tmpdir/crf_16.mpd,/videos/BigBuckBunny-2160.avi
9801,0.99284,5.01939,0.99715,53.57705,0.99812,0.91475,0.9932,0.99702,0.99836,100.0,0.25,0.18,0.2,0.29,54.11,55.64,55.19,53.58,0.998,0.998,0.998,0.997,/tmpdir/crf_16.mpd,/videos/BigBuckBunny-2160.avi
9802,0.98982,5.01939,0.99706,52.70801,0.99812,0.90591,0.99037,0.99543,0.99728,100.0,0.31,0.23,0.23,0.35,53.23,54.51,54.51,52.71,0.997,0.998,0.997,0.997,/tmpdir/crf_16.mpd,/videos/BigBuckBunny-2160.avi
9803,0.99316,8.97467,0.99711,52.95162,0.99817,0.90453,0.99202,0.99655,0.99812,100.0,0.29,0.19,0.22,0.33,53.53,55.26,54.74,52.95,0.997,0.998,0.997,0.997,/tmpdir/crf_16.mpd,/videos/BigBuckBunny-2160.avi
9804,0.98977,8.97467,0.99695,51.9837,0.99814,0.88872,0.98872,0.995,0.9972,100.0,0.36,0.24,0.26,0.41,52.61,54.37,54.05,51.98,0.997,0.998,0.997,0.997,/tmpdir/crf_16.mpd,/videos/BigBuckBunny-2160.avi
9805,0.98901,11.45164,0.99686,51.33617,0.99814,0.87772,0.98848,0.99505,0.99727,100.0,0.41,0.28,0.29,0.48,51.96,53.65,53.52,51.34,0.996,0.997,0.997,0.996,/tmpdir/crf_16.mpd,/videos/BigBuckBunny-2160.avi
9806,0.99141,11.45164,0.99699,51.9753,0.99819,0.88676,0.99104,0.99626,0.998,100.0,0.36,0.23,0.25,0.41,52.62,54.53,54.09,51.98,0.997,0.998,0.997,0.997,/tmpdir/crf_16.mpd,/videos/BigBuckBunny-2160.avi
9807,0.99215,10.98619,0.99714,52.4572,0.99834,0.89817,0.99119,0.99625,0.99796,100.0,0.32,0.22,0.24,0.37,53.04,54.75,54.3,52.46,0.997,0.998,0.997,0.997,/tmpdir/crf_16.mpd,/videos/BigBuckBunny-2160.avi
9808,0.98981,10.98619,0.99718,51.9782,0.99845,0.89175,0.98916,0.99517,0.99729,100.0,0.37,0.28,0.29,0.41,52.46,53.67,53.58,51.98,0.997,0.997,0.997,0.997,/tmpdir/crf_16.mpd,/videos/BigBuckBunny-2160.avi
9809,0.9921,17.3327,0.9974,52.44865,0.99861,0.89966,0.99016,0.99556,0.99749,100.0,0.33,0.25,0.27,0.37,52.91,54.17,53.84,52.45,0.997,0.997,0.997,0.997,/tmpdir/crf_16.mpd,/videos/BigBuckBunny-2160.avi
9810,0.99191,18.80486,0.99742,52.2173,0.99867,0.89777,0.99059,0.99594,0.99775,100.0,0.35,0.27,0.28,0.39,52.67,53.89,53.64,52.22,0.997,0.997,0.997,0.997,/tmpdir/crf_16.mpd,/videos/BigBuckBunny-2160.avi
9811,0.99164,17.75075,0.99733,53.14173,0.99832,0.91681,0.99167,0.99614,0.99772,100.0,0.28,0.22,0.22,0.32,53.59,54.63,54.69,53.14,0.998,0.998,0.998,0.998,/tmpdir/crf_16.mpd,/videos/BigBuckBunny-2160.avi
9812,0.9914,14.81942,0.99712,54.80356,0.99792,0.93738,0.99478,0.99778,0.99878,100.0,0.2,0.16,0.16,0.22,55.2,56.05,56.18,54.8,0.998,0.999,0.998,0.998,/tmpdir/crf_16.mpd,/videos/BigBuckBunny-2160.avi
9813,0.9962,7.12929,0.99708,60.0,0.99758,1.0,1.0,1.0,1.0,100.0,0.01,0.01,0.02,0.01,67.45,67.43,65.39,68.18,1.0,1.0,1.0,1.0,/tmpdir/crf_16.mpd,/videos/BigBuckBunny-2160.avi
9814,0.99616,7.12929,0.99757,60.0,0.99815,1.0,1.0,1.0,1.0,100.0,0.01,0.02,0.02,0.01,66.57,66.35,64.38,67.4,1.0,1.0,1.0,1.0,/tmpdir/crf_16.mpd,/videos/BigBuckBunny-2160.avi
9815,0.99483,8.81102,0.99793,60.0,0.99842,1.0,1.0,1.0,1.0,100.0,0.02,0.02,0.03,0.01,65.83,65.51,63.38,66.84,1.0,1.0,1.0,1.0,/tmpdir/crf_16.mpd,/videos/BigBuckBunny-2160.avi
9816,0.99314,8.81102,0.99797,60.0,0.99839,0.99873,0.99984,0.9999,0.9999,100.0,0.03,0.03,0.04,0.02,63.86,63.6,61.97,64.58,1.0,1.0,0.999,1.0,/tmpdir/crf_16.mpd,/videos/BigBuckBunny-2160.avi
9817,0.99254,6.72736,0.99794,60.0,0.99834,0.99797,0.99981,0.99988,0.9999,100.0,0.03,0.03,0.04,0.02,63.85,63.65,62.1,64.49,1.0,1.0,0.999,1.0,/tmpdir/crf_16.mpd,/videos/BigBuckBunny-2160.avi
9818,0.99131,6.13233,0.99798,60.0,0.99846,0.99748,0.99972,0.99981,0.99984,100.0,0.04,0.05,0.06,0.03,62.28,61.39,60.08,63.37,0.999,0.999,0.999,1.0,/tmpdir/crf_16.mpd,/videos/BigBuckBunny-2160.avi
9819,0.99088,4.40702,0.998,60.0,0.99854,0.99678,0.99956,0.99971,0.99974,100.0,0.05,0.05,0.08,0.04,61.33,60.75,59.35,62.19,0.999,0.999,0.999,0.999,/tmpdir/crf_16.mpd,/videos/BigBuckBunny-2160.avi
9820,0.99292,4.40702,0.99805,60.0,0.9986,0.99538,0.99941,0.99962,0.99971,100.0,0.05,0.06,0.08,0.04,61.07,60.26,59.11,62.01,0.999,0.999,0.999,0.999,/tmpdir/crf_16.mpd,/videos/BigBuckBunny-2160.avi
9821,0.99204,3.47358,0.99807,60.0,0.99862,0.99553,0.99947,0.99964,0.99972,100.0,0.05,0.05,0.07,0.04,61.2,60.75,59.52,61.88,0.999,0.999,0.999,0.999,/tmpdir/crf_16.mpd,/videos/BigBuckBunny-2160.avi
9822,0.99195,3.47171,0.99808,60.0,0.99862,0.99542,0.9994,0.99962,0.99974,100.0,0.05,0.06,0.08,0.04,61.19,60.2,59.25,62.18,0.999,0.999,0.999,0.999,/tmpdir/crf_16.mpd,/videos/BigBuckBunny-2160.avi
9823,0.99172,1.47605,0.99807,60.0,0.99861,0.99542,0.99945,0.99966,0.99977,100.0,0.05,0.06,0.08,0.04,61.32,60.49,59.38,62.26,0.999,0.999,0.999,0.999,/tmpdir/crf_16.mpd,/videos/BigBuckBunny-2160.avi
9824,0.99236,1.08722,0.99807,60.0,0.9986,0.99547,0.99947,0.99968,0.99978,99.98058,0.05,0.06,0.08,0.04,61.29,60.17,59.28,62.38,0.999,0.999,0.999,0.999,/tmpdir/crf_16.mpd,/videos/BigBuckBunny-2160.avi
9825,0.99246,1.08722,0.99805,60.0,0.99859,0.9956,0.99948,0.99968,0.99979,99.99969,0.05,0.05,0.07,0.04,61.37,60.78,59.53,62.17,0.999,0.999,0.999,0.999,/tmpdir/crf_16.mpd,/videos/BigBuckBunny-2160.avi
9826,0.99911,0.05602,0.99943,51.92173,0.99995,0.94207,0.99842,0.99938,0.99969,100.0,0.36,0.25,0.26,0.42,52.53,54.14,54.02,51.92,0.997,0.997,0.997,0.997,/tmpdir/crf_16.mpd,/videos/BigBuckBunny-2160.avi
9827,0.99902,0.05602,0.99924,51.01837,0.99992,0.9345,0.99776,0.99905,0.99949,100.0,0.43,0.26,0.27,0.51,51.79,54.04,53.87,51.02,0.996,0.997,0.997,0.996,/tmpdir/crf_16.mpd,/videos/BigBuckBunny-2160.avi
9828,0.99905,0.07374,0.99919,50.84658,0.99992,0.93377,0.99784,0.99908,0.99949,100.0,0.44,0.26,0.27,0.54,51.66,54.03,53.87,50.85,0.996,0.997,0.997,0.996,/tmpdir/crf_16.mpd,/videos/BigBuckBunny-2160.avi
9829,0.99907,0.13038,0.99942,51.9394,0.99995,0.94235,0.99837,0.99934,0.99967,100.0,0.36,0.25,0.26,0.42,52.54,54.13,54.01,51.94,0.997,0.997,0.997,0.997,/tmpdir/crf_16.mpd,/videos/BigBuckBunny-2160.avi
9830,0.99894,0.13038,0.99909,50.56792,0.99988,0.92912,0.99736,0.99888,0.99939,100.0,0.47,0.27,0.28,0.57,51.4,53.89,53.71,50.57,0.996,0.997,0.997,0.995,/tmpdir/crf_16.mpd,/videos/BigBuckBunny-2160.avi
9831,0.99892,0.15207,0.99906,50.44301,0.99988,0.92815,0.9972,0.99878,0.99931,100.0,0.48,0.27,0.28,0.59,51.29,53.83,53.62,50.44,0.996,0.997,0.997,0.995,/tmpdir/crf_16.mpd,/videos/BigBuckBunny-2160.avi
9832,0.99886,0.15207,0.99898,50.18598,0.99984,0.92622,0.99701,0.99873,0.9993,100.0,0.51,0.27,0.29,0.62,51.06,53.74,53.53,50.19,0.996,0.997,0.997,0.995,/tmpdir/crf_16.mpd,/videos/BigBuckBunny-2160.avi
9833,0.99896,0.21632,0.99903,50.3842,0.99989,0.9295,0.99725,0.9988,0.99931,100.0,0.49,0.27,0.28,0.6,51.23,53.76,53.61,50.38,0.996,0.997,0.997,0.995,/tmpdir/crf_16.mpd,/videos/BigBuckBunny-2160.avi
9834,0.99881,0.55605,0.9989,50.01936,0.99983,0.92413,0.99634,0.99833,0.99902,100.0,0.53,0.29,0.31,0.65,50.88,53.54,53.29,50.02,0.995,0.997,0.997,0.995,/tmpdir/crf_16.mpd,/videos/BigBuckBunny-2160.avi
9835,0.99892,0.93428,0.99879,49.76192,0.99984,0.921,0.9964,0.99845,0.99913,100.0,0.56,0.3,0.31,0.69,50.66,53.41,53.2,49.76,0.995,0.997,0.996,0.994,/tmpdir/crf_16.mpd,/videos/BigBuckBunny-2160.avi
9836,0.9989,1.49558,0.99871,49.66088,0.99981,0.91903,0.99552,0.99803,0.99886,100.0,0.57,0.31,0.32,0.7,50.55,53.26,53.06,49.66,0.995,0.996,0.996,0.994,/tmpdir/crf_16.mpd,/videos/BigBuckBunny-2160.avi
9837,0.99894,3.77175,0.99892,50.25906,0.99989,0.92659,0.99652,0.99851,0.9992,100.0,0.51,0.29,0.3,0.61,51.08,53.48,53.33,50.26,0.995,0.997,0.997,0.995,/tmpdir/crf_16.mpd,/videos/BigBuckBunny-2160.avi
9838,0.99878,3.77175,0.99873,49.82702,0.99982,0.92211,0.99543,0.99792,0.99879,100.0,0.56,0.32,0.33,0.68,50.66,53.1,52.98,49.83,0.995,0.996,0.996,0.994,/tmpdir/crf_16.mpd,/videos/BigBuckBunny-2160.avi
9839,0.99887,3.60782,0.99881,50.02371,0.99986,0.92291,0.99596,0.99824,0.99905,100.0,0.54,0.31,0.32,0.65,50.83,53.2,53.06,50.02,0.995,0.996,0.996,0.994,/tmpdir/crf_16.mpd,/videos/BigBuckBunny-2160.avi
9840,0.99886,3.60782,0.99874,49.88786,0.99982,0.92232,0.99558,0.99799,0.99883,100.0,0.55,0.32,0.32,0.67,50.71,53.12,53.02,49.89,0.995,0.996,0.996,0.994,/tmpdir/crf_16.mpd,/videos/BigBuckBunny-2160.avi
9841,0.99893,2.73105,0.99919,51.13882,0.99992,0.93466,0.99749,0.99896,0.99947,100.0,0.43,0.28,0.29,0.5,51.82,53.69,53.54,51.14,0.996,0.997,0.997,0.996,/tmpdir/crf_16.mpd,/videos/BigBuckBunny-2160.avi
9842,0.99876,1.77732,0.99885,50.07582,0.99983,0.9233,0.99598,0.99817,0.99893,100.0,0.53,0.3,0.31,0.64,50.9,53.3,53.17,50.08,0.995,0.996,0.996,0.995,/tmpdir/crf_16.mpd,/videos/BigBuckBunny-2160.avi
9843,0.99885,0.19534,0.99887,50.02271,0.99986,0.92059,0.99683,0.99862,0.99924,100.0,0.53,0.29,0.31,0.65,50.88,53.49,53.28,50.02,0.995,0.997,0.996,0.994,/tmpdir/crf_16.mpd,/videos/BigBuckBunny-2160.avi
9844,0.99875,0.19534,0.99884,49.77259,0.99985,0.91601,0.99694,0.99871,0.9993,100.0,0.56,0.29,0.31,0.69,50.67,53.49,53.24,49.77,0.995,0.997,0.996,0.994,/tmpdir/crf_16.mpd,/videos/BigBuckBunny-2160.avi
9845,0.99891,0.25737,0.99921,51.04108,0.99993,0.92981,0.99796,0.99921,0.99962,100.0,0.44,0.28,0.29,0.51,51.72,53.63,53.44,51.04,0.996,0.997,0.997,0.996,/tmpdir/crf_16.mpd,/videos/BigBuckBunny-2160.avi
9846,0.99881,0.25737,0.99898,50.35642,0.99987,0.92348,0.99734,0.99891,0.99943,100.0,0.5,0.29,0.3,0.6,51.16,53.54,53.29,50.36,0.995,0.997,0.996,0.995,/tmpdir/crf_16.mpd,/videos/BigBuckBunny-2160.avi
9847,0.9988,0.11799,0.99898,50.32122,0.99988,0.92333,0.99721,0.9988,0.99934,100.0,0.5,0.29,0.3,0.6,51.13,53.54,53.31,50.32,0.995,0.997,0.996,0.995,/tmpdir/crf_16.mpd,/videos/BigBuckBunny-2160.avi
9848,0.9988,0.11799,0.99892,50.18779,0.99986,0.92091,0.99721,0.99883,0.99938,100.0,0.51,0.29,0.31,0.62,51.01,53.51,53.25,50.19,0.995,0.997,0.996,0.995,/tmpdir/crf_16.mpd,/videos/BigBuckBunny-2160.avi
9849,0.99891,0.12698,0.99912,50.75896,0.99992,0.92706,0.99777,0.99911,0.99956,100.0,0.46,0.29,0.3,0.55,51.49,53.58,53.38,50.76,0.996,0.997,0.996,0.995,/tmpdir/crf_16.mpd,/videos/BigBuckBunny-2160.avi
9850,0.99884,0.12698,0.999,50.50261,0.99986,0.92637,0.9973,0.99885,0.99939,100.0,0.48,0.29,0.3,0.58,51.27,53.52,53.31,50.5,0.996,0.997,0.996,0.995,/tmpdir/crf_16.mpd,/videos/BigBuckBunny-2160.avi
9851,0.99884,0.12415,0.99905,50.57692,0.99988,0.92662,0.99736,0.99888,0.9994,100.0,0.48,0.29,0.31,0.57,51.33,53.5,53.27,50.58,0.996,0.997,0.996,0.995,/tmpdir/crf_16.mpd,/videos/BigBuckBunny-2160.avi
9852,0.99882,0.12415,0.99898,50.43516,0.99985,0.92559,0.99726,0.99883,0.99936,100.0,0.49,0.29,0.31,0.59,51.21,53.48,53.24,50.44,0.996,0.997,0.996,0.995,/tmpdir/crf_16.mpd,/videos/BigBuckBunny-2160.avi
9853,0.99889,0.18552,0.9991,50.70355,0.99991,0.92737,0.99768,0.99907,0.99953,100.0,0.47,0.29,0.3,0.55,51.44,53.54,53.35,50.7,0.996,0.997,0.996,0.995,/tmpdir/crf_16.mpd,/videos/BigBuckBunny-2160.avi
9854,0.99882,0.18552,0.99896,50.34336,0.99985,0.92426,0.99714,0.99881,0.99936,100.0,0.5,0.29,0.31,0.6,51.13,53.44,53.22,50.34,0.995,0.996,0.996,0.995,/tmpdir/crf_16.mpd,/videos/BigBuckBunny-2160.avi
9855,0.99881,0.21079,0.99899,50.36456,0.99987,0.92457,0.99718,0.99881,0.99936,100.0,0.5,0.29,0.31,0.6,51.15,53.44,53.22,50.36,0.995,0.996,0.996,0.995,/tmpdir/crf_16.mpd,/videos/BigBuckBunny-2160.avi
9856,0.99883,0.21079,0.99894,50.2919,0.99984,0.92395,0.9971,0.99876,0.99932,100.0,0.51,0.3,0.31,0.61,51.08,53.42,53.18,50.29,0.995,0.996,0.996,0.995,/tmpdir/crf_16.mpd,/videos/BigBuckBunny-2160.avi
9857,0.9989,0.17784,0.99908,50.68536,0.99991,0.9277,0.99772,0.99908,0.99953,100.0,0.47,0.29,0.3,0.56,51.42,53.49,53.31,50.69,0.996,0.996,0.996,0.995,/tmpdir/crf_16.mpd,/videos/BigBuckBunny-2160.avi
9858,0.9988,0.17784,0.99893,50.27094,0.99984,0.92349,0.99714,0.99877,0.99932,100.0,0.51,0.3,0.31,0.61,51.06,53.39,53.16,50.27,0.995,0.996,0.996,0.995,/tmpdir/crf_16.mpd,/videos/BigBuckBunny-2160.avi
9859,0.9988,0.16325,0.99897,50.31193,0.99987,0.92396,0.99718,0.99881,0.99935,100.0,0.51,0.3,0.31,0.61,51.09,53.39,53.15,50.31,0.995,0.996,0.996,0.995,/tmpdir/crf_16.mpd,/videos/BigBuckBunny-2160.avi
9860,0.99879,0.16325,0.99889,50.16182,0.99983,0.92238,0.9971,0.99876,0.99932,100.0,0.52,0.3,0.32,0.63,50.96,53.36,53.1,50.16,0.995,0.996,0.996,0.995,/tmpdir/crf_16.mpd,/videos/BigBuckBunny-2160.avi
9861,0.99888,0.1399,0.99899,50.41736,0.99989,0.92455,0.99741,0.99892,0.99942,100.0,0.49,0.3,0.31,0.59,51.19,53.41,53.23,50.42,0.995,0.996,0.996,0.995,/tmpdir/crf_16.mpd,/videos/BigBuckBunny-2160.avi
9862,0.99881,0.1399,0.99885,50.08561,0.99982,0.92149,0.99699,0.9987,0.99927,100.0,0.53,0.3,0.32,0.64,50.9,53.32,53.1,50.09,0.995,0.996,0.996,0.995,/tmpdir/crf_16.mpd,/videos/BigBuckBunny-2160.avi
9863,0.9988,0.10623,0.99888,49.93897,0.99986,0.91886,0.99695,0.99869,0.99926,100.0,0.54,0.31,0.32,0.66,50.77,53.28,53.05,49.94,0.995,0.996,0.996,0.994,/tmpdir/crf_16.mpd,/videos/BigBuckBunny-2160.avi
9864,0.99877,0.10623,0.99881,49.84139,0.99983,0.91863,0.99668,0.99857,0.99919,100.0,0.56,0.31,0.33,0.67,50.69,53.25,53.01,49.84,0.995,0.996,0.996,0.994,/tmpdir/crf_16.mpd,/videos/BigBuckBunny-2160.avi
9865,0.99885,1.42436,0.99883,50.05378,0.99987,0.92268,0.99686,0.99871,0.99932,100.0,0.53,0.3,0.31,0.64,50.89,53.34,53.21,50.05,0.995,0.996,0.996,0.994,/tmpdir/crf_16.mpd,/videos/BigBuckBunny-2160.avi
9866,0.99875,1.70338,0.9986,49.4714,0.99981,0.91501,0.99575,0.99818,0.99898,100.0,0.6,0.32,0.33,0.73,50.36,53.04,52.89,49.47,0.994,0.996,0.996,0.994,/tmpdir/crf_16.mpd,/videos/BigBuckBunny-2160.avi
9867,0.9987,1.70338,0.99862,49.42763,0.99985,0.9118,0.99614,0.99842,0.99918,100.0,0.61,0.33,0.34,0.74,50.31,52.98,52.81,49.43,0.994,0.996,0.996,0.993,/tmpdir/crf_16.mpd,/videos/BigBuckBunny-2160.avi
9868,0.99871,2.95024,0.99863,49.72439,0.99982,0.92065,0.99527,0.99786,0.99879,100.0,0.57,0.32,0.32,0.69,50.58,53.11,53.02,49.72,0.995,0.996,0.996,0.994,/tmpdir/crf_16.mpd,/videos/BigBuckBunny-2160.avi
9869,0.99896,7.05537,0.999,50.71416,0.99988,0.93223,0.99649,0.99842,0.99912,100.0,0.46,0.29,0.29,0.55,51.47,53.58,53.5,50.71,0.996,0.997,0.997,0.995,/tmpdir/crf_16.mpd,/videos/BigBuckBunny-2160.avi
9870,0.99884,7.05537,0.99885,50.15849,0.99985,0.92829,0.99579,0.99806,0.99889,100.0,0.52,0.32,0.32,0.63,50.93,53.13,53.05,50.16,0.995,0.996,0.996,0.995,/tmpdir/crf_16.mpd,/videos/BigBuckBunny-2160.avi
9871,0.9987,6.87796,0.99896,50.40482,0.99987,0.93002,0.99605,0.99817,0.99893,100.0,0.5,0.32,0.32,0.59,51.13,53.1,53.05,50.4,0.996,0.996,0.996,0.995,/tmpdir/crf_16.mpd,/videos/BigBuckBunny-2160.avi
9872,0.99887,6.87796,0.99884,50.12214,0.99984,0.92776,0.99582,0.99806,0.99886,100.0,0.53,0.32,0.32,0.63,50.89,53.05,53.02,50.12,0.995,0.996,0.996,0.995,/tmpdir/crf_16.mpd,/videos/BigBuckBunny-2160.avi
9873,0.99893,7.02091,0.99907,50.90323,0.99989,0.93358,0.99685,0.99861,0.99924,100.0,0.45,0.28,0.29,0.53,51.62,53.58,53.5,50.9,0.996,0.997,0.997,0.996,/tmpdir/crf_16.mpd,/videos/BigBuckBunny-2160.avi
9874,0.99876,6.16967,0.99878,49.96821,0.99983,0.924,0.99535,0.99781,0.9987,100.0,0.55,0.32,0.33,0.66,50.76,53.03,52.91,49.97,0.995,0.996,0.996,0.995,/tmpdir/crf_16.mpd,/videos/BigBuckBunny-2160.avi
9875,0.9988,2.1017,0.99872,49.60854,0.99983,0.91823,0.99568,0.99811,0.99894,100.0,0.58,0.32,0.34,0.71,50.47,53.06,52.87,49.61,0.995,0.996,0.996,0.994,/tmpdir/crf_16.mpd,/videos/BigBuckBunny-2160.avi
9876,0.99876,1.19374,0.99884,49.77173,0.99983,0.9187,0.99576,0.99814,0.99895,100.0,0.56,0.31,0.33,0.69,50.62,53.17,52.94,49.77,0.995,0.996,0.996,0.995,/tmpdir/crf_16.mpd,/videos/BigBuckBunny-2160.avi
9877,0.99893,0.46389,0.99926,51.24855,0.99994,0.93283,0.99796,0.99921,0.99961,100.0,0.42,0.28,0.29,0.49,51.89,53.63,53.47,51.25,0.996,0.997,0.997,0.996,/tmpdir/crf_16.mpd,/videos/BigBuckBunny-2160.avi
9878,0.99875,0.38631,0.99896,50.17816,0.99987,0.92136,0.99679,0.99866,0.99931,100.0,0.52,0.3,0.32,0.62,50.98,53.4,53.13,50.18,0.995,0.996,0.996,0.995,/tmpdir/crf_16.mpd,/videos/BigBuckBunny-2160.avi
9879,0.99873,0.32249,0.99899,50.24159,0.99987,0.92154,0.99694,0.99875,0.99935,100.0,0.51,0.3,0.32,0.62,51.03,53.37,53.12,50.24,0.995,0.996,0.996,0.995,/tmpdir/crf_16.mpd,/videos/BigBuckBunny-2160.avi
9880,0.99869,0.32249,0.99894,50.09181,0.99986,0.92033,0.9968,0.99867,0.9993,100.0,0.53,0.3,0.32,0.64,50.9,53.33,53.06,50.09,0.995,0.996,0.996,0.995,/tmpdir/crf_16.mpd,/videos/BigBuckBunny-2160.avi
9881,0.9989,0.18425,0.99915,50.81556,0.99992,0.92759,0.99776,0.99912,0.99956,100.0,0.46,0.29,0.3,0.54,51.52,53.49,53.29,50.82,0.996,0.996,0.996,0.995,/tmpdir/crf_16.mpd,/videos/BigBuckBunny-2160.avi
9882,0.99875,0.18425,0.99895,50.09912,0.99986,0.92049,0.99688,0.9987,0.99931,100.0,0.53,0.3,0.32,0.64,50.91,53.36,53.1,50.1,0.995,0.996,0.996,0.995,/tmpdir/crf_16.mpd,/videos/BigBuckBunny-2160.avi
9883,0.99876,0.19569,0.99896,50.04079,0.99988,0.91949,0.99696,0.99872,0.99931,100.0,0.53,0.3,0.32,0.64,50.86,53.34,53.08,50.04,0.995,0.996,0.996,0.995,/tmpdir/crf_16.mpd,/videos/BigBuckBunny-2160.avi
9884,0.99871,0.19569,0.99893,49.95505,0.99986,0.91909,0.99685,0.9987,0.99931,100.0,0.54,0.3,0.32,0.66,50.79,53.31,53.02,49.96,0.995,0.996,0.996,0.995,/tmpdir/crf_16.mpd,/videos/BigBuckBunny-2160.avi
9885,0.99883,0.14451,0.99912,50.58928,0.99992,0.92398,0.99775,0.99913,0.99959,100.0,0.48,0.3,0.31,0.57,51.32,53.41,53.19,50.59,0.996,0.996,0.996,0.995,/tmpdir/crf_16.mpd,/videos/BigBuckBunny-2160.avi
9886,0.99866,0.14451,0.9989,49.72606,0.99987,0.91333,0.997,0.9988,0.99941,100.0,0.57,0.31,0.33,0.69,50.59,53.27,52.98,49.73,0.995,0.996,0.996,0.994,/tmpdir/crf_16.mpd,/videos/BigBuckBunny-2160.avi
9887,0.99868,0.10608,0.99895,49.77528,0.99989,0.91152,0.99712,0.99887,0.99945,100.0,0.56,0.31,0.33,0.68,50.63,53.25,52.96,49.78,0.995,0.996,0.996,0.994,/tmpdir/crf_16.mpd,/videos/BigBuckBunny-2160.avi
9888,0.99864,0.10608,0.99892,49.66784,0.99988,0.91073,0.99704,0.99885,0.99945,100.0,0.57,0.31,0.33,0.7,50.54,53.22,52.93,49.67,0.995,0.996,0.996,0.994,/tmpdir/crf_16.mpd,/videos/BigBuckBunny-2160.avi
9889,0.9988,0.13066,0.99904,50.17502,0.99991,0.9159,0.99758,0.99908,0.99958,100.0,0.52,0.3,0.32,0.62,50.96,53.3,53.03,50.18,0.995,0.996,0.996,0.995,/tmpdir/crf_16.mpd,/videos/BigBuckBunny-2160.avi
9890,0.99865,0.24489,0.99879,49.25105,0.99983,0.90604,0.99623,0.99833,0.99902,100.0,0.63,0.32,0.34,0.77,50.17,53.06,52.81,49.25,0.995,0.996,0.996,0.994,/tmpdir/crf_16.mpd,/videos/BigBuckBunny-2160.avi
9891,0.99878,0.44808,0.99899,50.16655,0.99986,0.92433,0.99682,0.9986,0.99922,100.0,0.52,0.31,0.33,0.63,50.95,53.26,52.98,50.17,0.995,0.996,0.996,0.995,/tmpdir/crf_16.mpd,/videos/BigBuckBunny-2160.avi
9892,0.99869,0.50388,0.99892,50.03244,0.99982,0.92224,0.9966,0.99851,0.99916,100.0,0.54,0.31,0.33,0.65,50.82,53.2,52.9,50.03,0.995,0.996,0.996,0.995,/tmpdir/crf_16.mpd,/videos/BigBuckBunny-2160.avi
9893,0.99886,0.17562,0.99905,50.48636,0.9999,0.92694,0.99754,0.999,0.99948,100.0,0.49,0.3,0.31,0.58,51.23,53.35,53.15,50.49,0.996,0.996,0.996,0.995,/tmpdir/crf_16.mpd,/videos/BigBuckBunny-2160.avi
9894,0.99872,0.17562,0.99892,50.05889,0.99983,0.92166,0.99662,0.99854,0.99921,100.0,0.53,0.31,0.33,0.64,50.85,53.2,52.95,50.06,0.995,0.996,0.996,0.995,/tmpdir/crf_16.mpd,/videos/BigBuckBunny-2160.avi
9895,0.99872,0.20171,0.99895,50.10717,0.99985,0.92212,0.99674,0.9986,0.99925,100.0,0.53,0.31,0.33,0.63,50.88,53.16,52.91,50.11,0.995,0.996,0.996,0.995,/tmpdir/crf_16.mpd,/videos/BigBuckBunny-2160.avi
9896,0.99869,0.20171,0.99889,49.93828,0.99983,0.92023,0.99658,0.99852,0.99921,100.0,0.55,0.32,0.34,0.66,50.74,53.11,52.84,49.94,0.995,0.996,0.996,0.995,/tmpdir/crf_16.mpd,/videos/BigBuckBunny-2160.avi
9897,0.99879,0.18608,0.99897,50.20662,0.99988,0.92297,0.99715,0.99881,0.99937,100.0,0.52,0.31,0.33,0.62,50.98,53.21,53.0,50.21,0.995,0.996,0.996,0.995,/tmpdir/crf_16.mpd,/videos/BigBuckBunny-2160.avi
9898,0.99867,0.18608,0.99885,49.84215,0.99982,0.9191,0.9965,0.9985,0.99919,100.0,0.56,0.32,0.34,0.67,50.65,53.06,52.79,49.84,0.995,0.996,0.996,0.995,/tmpdir/crf_16.mpd,/videos/BigBuckBunny-2160.avi
9899,0.99872,0.16633,0.99889,49.85317,0.99985,0.91948,0.99652,0.9985,0.99917,100.0,0.56,0.32,0.34,0.67,50.65,53.01,52.75,49.85,0.995,0.996,0.996,0.995,/tmpdir/crf_16.mpd,/videos/BigBuckBunny-2160.avi
9900,0.99855,0.16633,0.99877,49.31863,0.9998,0.91403,0.99616,0.99837,0.9991,100.0,0.62,0.33,0.36,0.76,50.19,52.91,52.6,49.32,0.995,0.996,0.996,0.994,/tmpdir/crf_16.mpd,/videos/BigBuckBunny-2160.avi
9901,0.99845,0.21105,0.99857,48.41791,0.99983,0.8908,0.99583,0.99827,0.99907,100.0,0.74,0.34,0.37,0.94,49.43,52.83,52.5,48.42,0.993,0.996,0.996,0.992,/tmpdir/crf_16.mpd,/videos/BigBuckBunny-2160.avi
9902,0.98543,6.77826,0.99722,52.32645,0.99832,0.88679,0.99153,0.9966,0.99826,100.0,0.32,0.18,0.22,0.38,53.06,55.53,54.63,52.33,0.997,0.998,0.998,0.996,/tmpdir/crf_16.mpd,/videos/BigBuckBunny-2160.avi
9903,0.99176,4.23997,0.99773,56.10011,0.99838,0.94954,0.99766,0.99903,0.99949,100.0,0.14,0.1,0.11,0.16,56.63,58.22,57.66,56.1,0.998,0.999,0.999,0.998,/tmpdir/crf_16.mpd,/videos/BigBuckBunny-2160.avi
9904,0.98449,4.23997,0.99749,54.1498,0.99832,0.92944,0.99387,0.99697,0.99808,99.75473,0.21,0.12,0.15,0.25,54.87,57.21,56.48,54.15,0.998,0.999,0.998,0.997,/tmpdir/crf_16.mpd,/videos/BigBuckBunny-2160.avi
9905,0.98649,5.14561,0.99747,54.11962,0.99832,0.92845,0.99415,0.99727,0.9984,100.0,0.22,0.13,0.15,0.25,54.8,56.96,56.27,54.12,0.998,0.998,0.998,0.997,/tmpdir/crf_16.mpd,/videos/BigBuckBunny-2160.avi
9906,0.98453,5.14561,0.99741,53.78581,0.9983,0.92406,0.99327,0.99688,0.99813,100.0,0.23,0.14,0.16,0.27,54.47,56.63,55.99,53.79,0.998,0.998,0.998,0.997,/tmpdir/crf_16.mpd,/videos/BigBuckBunny-2160.avi
9907,0.9878,5.4452,0.99748,54.17602,0.99833,0.92773,0.99501,0.99787,0.99881,100.0,0.21,0.13,0.15,0.25,54.87,57.12,56.34,54.18,0.998,0.998,0.998,0.997,/tmpdir/crf_16.mpd,/videos/BigBuckBunny-2160.avi
9908,0.9839,5.4452,0.99738,53.62638,0.99829,0.92211,0.99296,0.9967,0.99802,100.0,0.24,0.15,0.17,0.28,54.32,56.49,55.89,53.63,0.997,0.998,0.998,0.997,/tmpdir/crf_16.mpd,/videos/BigBuckBunny-2160.avi
9909,0.98533,5.48106,0.99738,53.7293,0.99828,0.92093,0.99317,0.99681,0.9981,100.0,0.23,0.14,0.16,0.28,54.43,56.65,55.98,53.73,0.997,0.998,0.998,0.997,/tmpdir/crf_16.mpd,/videos/BigBuckBunny-2160.avi
9910,0.98431,5.48106,0.99736,53.69096,0.99826,0.92224,0.99263,0.99651,0.9979,100.0,0.24,0.15,0.17,0.28,54.36,56.43,55.84,53.69,0.998,0.998,0.998,0.997,/tmpdir/crf_16.mpd,/videos/BigBuckBunny-2160.avi
9911,0.98775,5.68294,0.99743,54.2347,0.99826,0.92819,0.99461,0.99766,0.99871,100.0,0.21,0.13,0.15,0.25,54.93,57.12,56.5,54.23,0.998,0.998,0.998,0.997,/tmpdir/crf_16.mpd,/videos/BigBuckBunny-2160.avi
9912,0.98451,5.68294,0.99732,53.76809,0.9982,0.92299,0.9924,0.99628,0.99766,100.0,0.23,0.15,0.16,0.27,54.45,56.51,56.01,53.77,0.998,0.998,0.998,0.997,/tmpdir/crf_16.mpd,/videos/BigBuckBunny-2160.avi
9913,0.98577,5.26219,0.99734,53.95909,0.9982,0.92374,0.99309,0.99669,0.99796,100.0,0.22,0.14,0.16,0.26,54.63,56.67,56.12,53.96,0.998,0.998,0.998,0.997,/tmpdir/crf_16.mpd,/videos/BigBuckBunny-2160.avi
9914,0.98411,5.26219,0.99731,53.81687,0.99818,0.92341,0.99255,0.99644,0.99777,100.0,0.23,0.14,0.16,0.27,54.49,56.56,56.0,53.82,0.998,0.998,0.998,0.997,/tmpdir/crf_16.mpd,/videos/BigBuckBunny-2160.avi
9915,0.98852,5.27976,0.99737,54.23454,0.99819,0.92768,0.9946,0.99766,0.99868,100.0,0.21,0.12,0.14,0.25,54.94,57.18,56.55,54.23,0.998,0.998,0.998,0.997,/tmpdir/crf_16.mpd,/videos/BigBuckBunny-2160.avi
9916,0.98532,5.27976,0.99728,53.78959,0.99815,0.92281,0.99257,0.99641,0.99778,100.0,0.23,0.15,0.16,0.27,54.48,56.5,56.1,53.79,0.998,0.998,0.998,0.997,/tmpdir/crf_16.mpd,/videos/BigBuckBunny-2160.avi
9917,0.98589,4.88118,0.9973,53.90407,0.99815,0.92356,0.99301,0.9966,0.99786,100.0,0.23,0.14,0.16,0.26,54.6,56.68,56.21,53.9,0.998,0.998,0.998,0.997,/tmpdir/crf_16.mpd,/videos/BigBuckBunny-2160.avi
9918,0.98497,4.88118,0.99726,53.68587,0.99813,0.92041,0.99215,0.99618,0.9976,100.0,0.24,0.15,0.16,0.28,54.38,56.5,56.0,53.69,0.998,0.998,0.998,0.997,/tmpdir/crf_16.mpd,/videos/BigBuckBunny-2160.avi
9919,0.98722,3.71831,0.99733,54.11062,0.99815,0.92456,0.99441,0.9976,0.99866,99.99489,0.21,0.13,0.15,0.25,54.82,57.06,56.41,54.11,0.998,0.998,0.998,0.997,/tmpdir/crf_16.mpd,/videos/BigBuckBunny-2160.avi
9920,0.9848,3.71831,0.99725,53.79976,0.99811,0.92162,0.99212,0.99616,0.99763,99.45228,0.23,0.14,0.16,0.27,54.48,56.53,56.08,53.8,0.998,0.998,0.998,0.997,/tmpdir/crf_16.mpd,/videos/BigBuckBunny-2160.avi
9921,0.98576,3.35724,0.99728,54.08929,0.99811,0.92551,0.99321,0.99679,0.99808,99.48609,0.22,0.13,0.15,0.25,54.77,56.89,56.29,54.09,0.998,0.998,0.998,0.997,/tmpdir/crf_16.mpd,/videos/BigBuckBunny-2160.avi
9922,0.98626,3.35724,0.99725,54.00708,0.99809,0.92533,0.99247,0.99632,0.9977,99.53533,0.22,0.14,0.15,0.26,54.69,56.76,56.25,54.01,0.998,0.998,0.998,0.997,/tmpdir/crf_16.mpd,/videos/BigBuckBunny-2160.avi
9923,0.98828,3.05607,0.99732,54.47857,0.99811,0.92918,0.99472,0.99772,0.99871,99.85227,0.2,0.12,0.14,0.23,55.16,57.28,56.67,54.48,0.998,0.998,0.998,0.997,/tmpdir/crf_16.mpd,/videos/BigBuckBunny-2160.avi
9924,0.98449,3.05607,0.99726,54.16117,0.99808,0.9269,0.99288,0.99661,0.99791,99.09189,0.21,0.14,0.15,0.25,54.82,56.76,56.36,54.16,0.998,0.998,0.998,0.997,/tmpdir/crf_16.mpd,/videos/BigBuckBunny-2160.avi
9925,0.98512,2.82584,0.99727,54.30147,0.99808,0.92815,0.99366,0.99703,0.99824,99.12077,0.21,0.13,0.15,0.24,54.94,56.9,56.35,54.3,0.998,0.998,0.998,0.997,/tmpdir/crf_16.mpd,/videos/BigBuckBunny-2160.avi
9926,0.98321,2.82584,0.99724,54.16546,0.99806,0.927,0.99266,0.99637,0.99768,98.72448,0.21,0.14,0.16,0.25,54.81,56.76,56.21,54.17,0.998,0.998,0.998,0.997,/tmpdir/crf_16.mpd,/videos/BigBuckBunny-2160.avi
9927,0.98721,2.32677,0.99731,54.59874,0.99809,0.93096,0.995,0.99782,0.99879,99.30147,0.19,0.12,0.14,0.23,55.25,57.28,56.68,54.6,0.998,0.998,0.998,0.997,/tmpdir/crf_16.mpd,/videos/BigBuckBunny-2160.avi
9928,0.98343,2.32677,0.99722,54.08759,0.99805,0.92572,0.9926,0.99636,0.99774,98.50686,0.22,0.14,0.15,0.25,54.76,56.77,56.33,54.09,0.998,0.998,0.998,0.997,/tmpdir/crf_16.mpd,/videos/BigBuckBunny-2160.avi
9929,0.98529,1.96775,0.99727,54.4354,0.99806,0.93026,0.99377,0.99704,0.99823,98.72201,0.2,0.13,0.15,0.23,55.08,56.98,56.51,54.44,0.998,0.998,0.998,0.997,/tmpdir/crf_16.mpd,/videos/BigBuckBunny-2160.avi
9930,0.98266,1.96775,0.99722,54.23576,0.99804,0.92835,0.9929,0.99646,0.99777,98.20298,0.21,0.14,0.15,0.25,54.89,56.83,56.35,54.24,0.998,0.998,0.998,0.997,/tmpdir/crf_16.mpd,/videos/BigBuckBunny-2160.avi
9931,0.98805,1.65232,0.99733,54.92442,0.99808,0.93565,0.99545,0.99799,0.99883,99.13845,0.18,0.12,0.13,0.21,55.55,57.43,56.91,54.92,0.998,0.999,0.998,0.998,/tmpdir/crf_16.mpd,/videos/BigBuckBunny-2160.avi
9932,0.98315,1.65232,0.99723,54.34059,0.99804,0.93018,0.99331,0.99677,0.99795,98.16022,0.21,0.13,0.15,0.24,55.0,56.97,56.49,54.34,0.998,0.998,0.998,0.997,/tmpdir/crf_16.mpd,/videos/BigBuckBunny-2160.avi
9933,0.98504,0.97499,0.99724,54.39464,0.99805,0.92922,0.99409,0.99729,0.99839,98.20977,0.2,0.13,0.15,0.24,55.05,57.07,56.48,54.39,0.998,0.998,0.998,0.997,/tmpdir/crf_16.mpd,/videos/BigBuckBunny-2160.avi
9934,0.9846,0.97499,0.99722,54.24872,0.99805,0.9282,0.99342,0.99689,0.99811,98.09854,0.21,0.13,0.15,0.24,54.9,56.87,56.34,54.25,0.998,0.998,0.998,0.997,/tmpdir/crf_16.mpd,/videos/BigBuckBunny-2160.avi
9935,0.98841,1.25227,0.99731,54.73966,0.99808,0.93298,0.99534,0.998,0.99888,99.00508,0.19,0.12,0.14,0.22,55.38,57.31,56.76,54.74,0.998,0.998,0.998,0.998,/tmpdir/crf_16.mpd,/videos/BigBuckBunny-2160.avi
9936,0.9882,1.25227,0.99729,54.67578,0.99807,0.93329,0.9951,0.99786,0.99881,98.95937,0.19,0.12,0.13,0.22,55.35,57.39,56.87,54.68,0.998,0.999,0.998,0.997,/tmpdir/crf_16.mpd,/videos/BigBuckBunny-2160.avi
9937,0.99232,1.28962,0.99754,56.63276,0.99813,0.9532,0.99788,0.99913,0.99954,99.86401,0.12,0.08,0.09,0.14,57.21,58.93,58.37,56.63,0.998,0.999,0.999,0.998,/tmpdir/crf_16.mpd,/videos/BigBuckBunny-2160.avi
9938,0.98696,1.28962,0.99732,54.80033,0.99808,0.93673,0.99438,0.99734,0.99834,98.72383,0.18,0.11,0.13,0.22,55.49,57.68,56.96,54.8,0.998,0.999,0.999,0.998,/tmpdir/crf_16.mpd,/videos/BigBuckBunny-2160.avi
9939,0.98669,1.67439,0.99732,54.66064,0.99809,0.93303,0.99433,0.99735,0.99839,98.8535,0.19,0.11,0.14,0.22,55.34,57.53,56.78,54.66,0.998,0.999,0.998,0.998,/tmpdir/crf_16.mpd,/videos/BigBuckBunny-2160.avi
9940,0.98458,1.67439,0.99727,54.25633,0.99809,0.92877,0.99336,0.99687,0.9981,98.43199,0.21,0.13,0.15,0.24,54.94,57.14,56.42,54.26,0.998,0.999,0.998,0.997,/tmpdir/crf_16.mpd,/videos/BigBuckBunny-2160.avi
9941,0.98802,2.06543,0.99736,54.71221,0.99814,0.9333,0.9954,0.99805,0.99892,99.33803,0.19,0.11,0.13,0.22,55.41,57.73,56.86,54.71,0.998,0.999,0.998,0.997,/tmpdir/crf_16.mpd,/videos/BigBuckBunny-2160.avi
9942,0.98358,2.06543,0.99726,54.05314,0.99811,0.92589,0.99302,0.99674,0.99805,98.43409,0.22,0.12,0.15,0.26,54.77,57.16,56.29,54.05,0.998,0.999,0.998,0.997,/tmpdir/crf_16.mpd,/videos/BigBuckBunny-2160.avi
9943,0.98307,2.54248,0.9973,54.13844,0.99815,0.92603,0.99351,0.99696,0.99819,98.59962,0.21,0.13,0.15,0.25,54.84,57.08,56.36,54.14,0.998,0.998,0.998,0.997,/tmpdir/crf_16.mpd,/videos/BigBuckBunny-2160.avi
9944,0.9824,2.54248,0.99725,53.8102,0.99815,0.9215,0.99261,0.99658,0.99799,98.44441,0.23,0.14,0.16,0.27,54.52,56.77,56.1,53.81,0.997,0.998,0.998,0.997,/tmpdir/crf_16.mpd,/videos/BigBuckBunny-2160.avi
9945,0.98626,3.1008,0.99735,54.2624,0.99821,0.92581,0.99456,0.99763,0.99869,99.50338,0.21,0.12,0.15,0.24,54.97,57.28,56.46,54.26,0.998,0.999,0.998,0.997,/tmpdir/crf_16.mpd,/videos/BigBuckBunny-2160.avi
9946,0.98188,3.1008,0.99726,53.73388,0.9982,0.9201,0.99237,0.99646,0.99793,98.63151,0.23,0.14,0.16,0.28,54.43,56.66,55.96,53.73,0.997,0.998,0.998,0.997,/tmpdir/crf_16.mpd,/videos/BigBuckBunny-2160.avi
9947,0.98319,3.52589,0.99731,53.78808,0.99824,0.91982,0.99318,0.99689,0.99819,99.11576,0.23,0.14,0.17,0.27,54.45,56.56,55.88,53.79,0.997,0.998,0.998,0.997,/tmpdir/crf_16.mpd,/videos/BigBuckBunny-2160.avi
9948,0.9807,3.52589,0.99726,53.48241,0.99823,0.91547,0.99167,0.99604,0.99759,98.60201,0.25,0.15,0.17,0.29,54.18,56.36,55.74,53.48,0.997,0.998,0.998,0.997,/tmpdir/crf_16.mpd,/videos/BigBuckBunny-2160.avi
9949,0.98429,4.04415,0.99739,53.95903,0.9983,0.91972,0.99368,0.99718,0.99844,99.61404,0.22,0.14,0.16,0.26,54.62,56.7,56.06,53.96,0.997,0.998,0.998,0.997,/tmpdir/crf_16.mpd,/videos/BigBuckBunny-2160.avi
9950,0.9811,4.04415,0.99727,53.30748,0.99828,0.91319,0.99139,0.99595,0.99759,98.9442,0.26,0.16,0.18,0.3,53.99,56.11,55.52,53.31,0.997,0.998,0.998,0.997,/tmpdir/crf_16.mpd,/videos/BigBuckBunny-2160.avi
9951,0.98231,4.19249,0.99731,53.31073,0.99833,0.9098,0.99184,0.99628,0.99785,99.25641,0.26,0.16,0.19,0.3,53.97,56.0,55.42,53.31,0.997,0.998,0.998,0.997,/tmpdir/crf_16.mpd,/videos/BigBuckBunny-2160.avi
9952,0.98128,4.19249,0.99727,53.12134,0.99832,0.90929,0.99079,0.99574,0.99754,99.03911,0.27,0.17,0.19,0.32,53.81,55.88,55.39,53.12,0.997,0.998,0.998,0.997,/tmpdir/crf_16.mpd,/videos/BigBuckBunny-2160.avi
9953,0.98591,4.03215,0.99744,53.7794,0.99839,0.91713,0.99335,0.99701,0.99833,99.87416,0.24,0.15,0.17,0.27,54.42,56.36,55.82,53.78,0.997,0.998,0.998,0.997,/tmpdir/crf_16.mpd,/videos/BigBuckBunny-2160.avi
9954,0.98235,4.03215,0.99729,53.0165,0.99837,0.90655,0.99128,0.99606,0.99774,99.15305,0.27,0.16,0.19,0.32,53.74,56.0,55.4,53.02,0.997,0.998,0.998,0.996,/tmpdir/crf_16.mpd,/videos/BigBuckBunny-2160.avi
9955,0.98225,4.42465,0.99724,52.6824,0.99838,0.9007,0.9904,0.9957,0.99756,99.31781,0.3,0.18,0.2,0.35,53.39,55.54,55.05,52.68,0.997,0.998,0.998,0.996,/tmpdir/crf_16.mpd,/videos/BigBuckBunny-2160.avi
9956,0.98212,4.42465,0.99733,52.9125,0.99843,0.90045,0.98987,0.99554,0.99754,99.29,0.29,0.18,0.21,0.33,53.57,55.66,54.96,52.91,0.997,0.998,0.998,0.996,/tmpdir/crf_16.mpd,/videos/BigBuckBunny-2160.avi
9957,0.99739,0.62696,0.99904,53.89704,0.9998,0.94854,0.99771,0.99899,0.99947,100.0,0.24,0.2,0.2,0.27,54.27,55.11,55.12,53.9,0.998,0.997,0.998,0.998,/tmpdir/crf_16.mpd,/videos/BigBuckBunny-2160.avi
9958,0.99705,0.62696,0.99897,53.43974,0.99978,0.94546,0.99647,0.99816,0.99886,100.0,0.27,0.22,0.21,0.29,53.84,54.76,54.81,53.44,0.997,0.997,0.997,0.997,/tmpdir/crf_16.mpd,/videos/BigBuckBunny-2160.avi
9959,0.99727,1.24541,0.99894,53.2436,0.99978,0.94374,0.99614,0.99801,0.9988,100.0,0.28,0.23,0.22,0.31,53.65,54.57,54.64,53.24,0.997,0.997,0.997,0.997,/tmpdir/crf_16.mpd,/videos/BigBuckBunny-2160.avi
9960,0.99729,1.24541,0.99891,53.06392,0.99976,0.94246,0.99563,0.99768,0.99854,100.0,0.29,0.23,0.23,0.32,53.48,54.44,54.5,53.06,0.997,0.997,0.997,0.997,/tmpdir/crf_16.mpd,/videos/BigBuckBunny-2160.avi
9961,0.99793,1.6951,0.99893,53.11209,0.99978,0.94209,0.99635,0.99829,0.99908,100.0,0.29,0.23,0.23,0.32,53.53,54.51,54.53,53.11,0.997,0.997,0.997,0.997,/tmpdir/crf_16.mpd,/videos/BigBuckBunny-2160.avi
9962,0.9975,1.6951,0.99888,52.82726,0.99975,0.94076,0.99534,0.99759,0.99852,100.0,0.31,0.24,0.24,0.34,53.27,54.31,54.32,52.83,0.997,0.997,0.997,0.997,/tmpdir/crf_16.mpd,/videos/BigBuckBunny-2160.avi
9963,0.99746,2.58405,0.99888,52.72046,0.99974,0.93944,0.99516,0.9975,0.99849,100.0,0.31,0.25,0.25,0.35,53.16,54.21,54.18,52.72,0.997,0.997,0.997,0.997,/tmpdir/crf_16.mpd,/videos/BigBuckBunny-2160.avi
9964,0.99745,2.58405,0.99885,52.50011,0.99973,0.93744,0.9946,0.99721,0.99828,100.0,0.33,0.26,0.26,0.37,52.94,54.02,53.98,52.5,0.997,0.997,0.997,0.997,/tmpdir/crf_16.mpd,/videos/BigBuckBunny-2160.avi
9965,0.99759,4.71297,0.99885,52.4574,0.99973,0.93592,0.99488,0.99751,0.9986,100.0,0.33,0.26,0.26,0.37,52.93,54.06,54.04,52.46,0.997,0.997,0.997,0.997,/tmpdir/crf_16.mpd,/videos/BigBuckBunny-2160.avi
9966,0.99668,4.88398,0.99879,51.9558,0.99971,0.93182,0.99348,0.99666,0.99799,100.0,0.37,0.27,0.28,0.41,52.47,53.74,53.72,51.96,0.997,0.997,0.997,0.997,/tmpdir/crf_16.mpd,/videos/BigBuckBunny-2160.avi
9967,0.99171,10.04877,0.9986,51.08191,0.99966,0.91892,0.99143,0.99575,0.99745,100.0,0.45,0.34,0.34,0.51,51.6,52.86,52.85,51.08,0.996,0.996,0.996,0.996,/tmpdir/crf_16.mpd,/videos/BigBuckBunny-2160.avi
9968,0.99187,10.04877,0.9986,51.31531,0.99969,0.9186,0.99173,0.99603,0.99776,100.0,0.43,0.32,0.33,0.48,51.81,53.06,52.99,51.32,0.996,0.996,0.996,0.996,/tmpdir/crf_16.mpd,/videos/BigBuckBunny-2160.avi
9969,0.99235,12.58441,0.99862,51.66544,0.99969,0.92104,0.99195,0.99615,0.99786,100.0,0.4,0.31,0.31,0.44,52.12,53.25,53.16,51.67,0.996,0.996,0.996,0.996,/tmpdir/crf_16.mpd,/videos/BigBuckBunny-2160.avi
9970,0.99187,10.31969,0.99859,51.66246,0.99967,0.9203,0.99223,0.99638,0.99801,100.0,0.4,0.31,0.31,0.44,52.11,53.2,53.16,51.66,0.996,0.996,0.996,0.996,/tmpdir/crf_16.mpd,/videos/BigBuckBunny-2160.avi
9971,0.99088,6.34168,0.99838,51.01026,0.99962,0.91206,0.99002,0.99522,0.99726,100.0,0.46,0.34,0.35,0.52,51.52,52.82,52.71,51.01,0.996,0.996,0.996,0.996,/tmpdir/crf_16.mpd,/videos/BigBuckBunny-2160.avi
9972,0.99177,6.34168,0.99852,51.53143,0.99967,0.91695,0.99241,0.99658,0.99815,100.0,0.41,0.32,0.32,0.46,51.99,53.1,53.07,51.53,0.996,0.996,0.996,0.996,/tmpdir/crf_16.mpd,/videos/BigBuckBunny-2160.avi
9973,0.99,7.76914,0.99842,51.16485,0.99963,0.91343,0.99018,0.99521,0.99718,100.0,0.44,0.33,0.34,0.5,51.68,52.99,52.87,51.16,0.996,0.996,0.996,0.996,/tmpdir/crf_16.mpd,/videos/BigBuckBunny-2160.avi
9974,0.99149,8.49129,0.99854,51.50181,0.99967,0.91784,0.99254,0.9966,0.99813,100.0,0.41,0.31,0.31,0.46,52.01,53.28,53.18,51.5,0.996,0.996,0.996,0.996,/tmpdir/crf_16.mpd,/videos/BigBuckBunny-2160.avi
9975,0.99182,6.97103,0.99858,51.44213,0.99969,0.91759,0.99271,0.99665,0.99815,100.0,0.41,0.3,0.32,0.47,51.95,53.29,53.11,51.44,0.996,0.996,0.996,0.996,/tmpdir/crf_16.mpd,/videos/BigBuckBunny-2160.avi
9976,0.99002,6.97103,0.99849,50.97577,0.99965,0.91289,0.99011,0.99509,0.99707,100.0,0.46,0.34,0.36,0.52,51.48,52.82,52.61,50.98,0.996,0.996,0.996,0.996,/tmpdir/crf_16.mpd,/videos/BigBuckBunny-2160.avi
9977,0.99121,7.37675,0.99855,51.1256,0.99967,0.91468,0.9908,0.99542,0.99728,100.0,0.45,0.33,0.35,0.5,51.61,52.9,52.69,51.13,0.996,0.996,0.996,0.996,/tmpdir/crf_16.mpd,/videos/BigBuckBunny-2160.avi
9978,0.99027,7.37675,0.99849,50.8899,0.99967,0.91216,0.98991,0.99504,0.99707,100.0,0.47,0.34,0.37,0.53,51.39,52.77,52.48,50.89,0.996,0.996,0.996,0.996,/tmpdir/crf_16.mpd,/videos/BigBuckBunny-2160.avi
9979,0.99251,4.80248,0.99864,51.3232,0.99973,0.91621,0.99285,0.99674,0.99819,100.0,0.43,0.32,0.33,0.48,51.82,53.11,52.94,51.32,0.996,0.996,0.996,0.996,/tmpdir/crf_16.mpd,/videos/BigBuckBunny-2160.avi
9980,0.98985,4.80248,0.99845,50.58975,0.99967,0.90734,0.98956,0.99492,0.997,100.0,0.5,0.36,0.37,0.57,51.14,52.6,52.4,50.59,0.995,0.996,0.996,0.995,/tmpdir/crf_16.mpd,/videos/BigBuckBunny-2160.avi
9981,0.99106,4.97227,0.99851,50.72658,0.99969,0.90906,0.9907,0.99556,0.99742,100.0,0.49,0.36,0.37,0.55,51.24,52.59,52.43,50.73,0.996,0.996,0.996,0.995,/tmpdir/crf_16.mpd,/videos/BigBuckBunny-2160.avi
9982,0.99106,6.58575,0.99845,50.59302,0.99967,0.9077,0.98923,0.99471,0.99681,100.0,0.5,0.37,0.38,0.57,51.12,52.49,52.31,50.59,0.995,0.996,0.996,0.995,/tmpdir/crf_16.mpd,/videos/BigBuckBunny-2160.avi
9983,0.99197,7.41508,0.9986,51.11667,0.99972,0.91329,0.99181,0.99624,0.99793,100.0,0.45,0.34,0.35,0.5,51.59,52.8,52.66,51.12,0.996,0.996,0.996,0.996,/tmpdir/crf_16.mpd,/videos/BigBuckBunny-2160.avi
9984,0.99023,7.41508,0.99848,50.85052,0.99965,0.91157,0.98948,0.99474,0.99683,100.0,0.48,0.36,0.37,0.53,51.34,52.58,52.43,50.85,0.996,0.996,0.996,0.996,/tmpdir/crf_16.mpd,/videos/BigBuckBunny-2160.avi
9985,0.99178,6.447,0.99852,51.1194,0.99965,0.91559,0.99132,0.9958,0.99757,100.0,0.45,0.34,0.34,0.5,51.61,52.83,52.76,51.12,0.996,0.996,0.996,0.996,/tmpdir/crf_16.mpd,/videos/BigBuckBunny-2160.avi
9986,0.99007,5.29889,0.99847,51.02125,0.99963,0.91463,0.98997,0.995,0.99698,100.0,0.46,0.34,0.34,0.51,51.54,52.83,52.79,51.02,0.996,0.996,0.996,0.996,/tmpdir/crf_16.mpd,/videos/BigBuckBunny-2160.avi
9987,0.99234,2.89546,0.99862,51.54915,0.9997,0.9187,0.99347,0.99708,0.99839,100.0,0.41,0.31,0.31,0.46,52.03,53.19,53.17,51.55,0.996,0.996,0.996,0.996,/tmpdir/crf_16.mpd,/videos/BigBuckBunny-2160.avi
9988,0.98998,2.89546,0.99845,50.92454,0.99964,0.91209,0.99031,0.99533,0.99727,99.85745,0.46,0.34,0.34,0.53,51.47,52.85,52.78,50.92,0.996,0.996,0.996,0.996,/tmpdir/crf_16.mpd,/videos/BigBuckBunny-2160.avi
9989,0.99135,5.12044,0.9985,51.0334,0.99965,0.91345,0.99108,0.99565,0.99741,100.0,0.45,0.33,0.34,0.51,51.55,52.88,52.78,51.03,0.996,0.996,0.996,0.996,/tmpdir/crf_16.mpd,/videos/BigBuckBunny-2160.avi
9990,0.99002,5.57986,0.99846,50.87739,0.99964,0.91185,0.9901,0.99518,0.99716,100.0,0.47,0.35,0.36,0.53,51.4,52.74,52.6,50.88,0.996,0.996,0.996,0.996,/tmpdir/crf_16.mpd,/videos/BigBuckBunny-2160.avi
9991,0.992,5.10103,0.99858,51.24375,0.9997,0.91448,0.99284,0.9968,0.99826,100.0,0.44,0.33,0.34,0.49,51.73,52.94,52.84,51.24,0.996,0.996,0.996,0.996,/tmpdir/crf_16.mpd,/videos/BigBuckBunny-2160.avi
9992,0.98982,5.10103,0.99846,50.86177,0.99965,0.91105,0.98985,0.99501,0.99702,100.0,0.48,0.35,0.36,0.53,51.36,52.65,52.52,50.86,0.996,0.996,0.996,0.996,/tmpdir/crf_16.mpd,/videos/BigBuckBunny-2160.avi
9993,0.99143,6.03188,0.9985,50.96585,0.99967,0.9133,0.99082,0.99555,0.99736,100.0,0.46,0.34,0.35,0.52,51.47,52.78,52.65,50.97,0.996,0.996,0.996,0.996,/tmpdir/crf_16.mpd,/videos/BigBuckBunny-2160.avi
9994,0.98965,5.67271,0.99845,50.76987,0.99966,0.91001,0.98936,0.99476,0.99682,100.0,0.48,0.36,0.37,0.54,51.28,52.6,52.44,50.77,0.996,0.996,0.996,0.996,/tmpdir/crf_16.mpd,/videos/BigBuckBunny-2160.avi
9995,0.99189,2.92816,0.99856,50.96045,0.99972,0.9106,0.99219,0.99645,0.998,100.0,0.46,0.34,0.35,0.52,51.48,52.82,52.72,50.96,0.996,0.996,0.996,0.995,/tmpdir/crf_16.mpd,/videos/BigBuckBunny-2160.avi
9996,0.98917,2.92816,0.99838,50.37515,0.99967,0.90298,0.98907,0.99474,0.99686,99.66189,0.52,0.36,0.38,0.6,50.96,52.52,52.34,50.38,0.995,0.996,0.996,0.995,/tmpdir/crf_16.mpd,/videos/BigBuckBunny-2160.avi
9997,0.98946,3.43282,0.99832,50.11678,0.99967,0.8989,0.98941,0.99517,0.99725,100.0,0.55,0.37,0.39,0.63,50.74,52.42,52.25,50.12,0.995,0.996,0.996,0.995,/tmpdir/crf_16.mpd,/videos/BigBuckBunny-2160.avi
9998,0.99694,0.29476,0.99945,53.35735,0.99995,0.94424,0.99751,0.99886,0.99937,100.0,0.28,0.24,0.21,0.3,53.73,54.26,54.97,53.36,0.997,0.997,0.997,0.997,/tmpdir/crf_16.mpd,/videos/BigBuckBunny-2160.avi
9999,0.99292,0.20593,0.9992,52.04872,0.99987,0.93174,0.99352,0.99675,0.99829,99.23515,0.36,0.32,0.25,0.41,52.51,53.12,54.15,52.05,0.996,0.996,0.997,0.996,/tmpdir/crf_16.mpd,/videos/BigBuckBunny-2160.avi
10000,0.99303,0.20593,0.99916,51.88028,0.99986,0.92915,0.99281,0.99624,0.99785,99.2009,0.38,0.33,0.26,0.42,52.35,52.96,54.02,51.88,0.996,0.996,0.997,0.996,/tmpdir/crf_16.mpd,/videos/BigBuckBunny-2160.avi
10001,0.99257,0.20717,0.9991,51.65699,0.99985,0.92603,0.99273,0.99635,0.99801,99.12219,0.4,0.35,0.27,0.44,52.12,52.69,53.82,51.66,0.996,0.996,0.996,0.996,/tmpdir/crf_16.mpd,/videos/BigBuckBunny-2160.avi
10002,0.99478,0.20717,0.99915,51.88742,0.9999,0.92687,0.99489,0.99756,0.99859,99.59143,0.38,0.33,0.26,0.42,52.34,52.91,53.97,51.89,0.996,0.996,0.996,0.996,/tmpdir/crf_16.mpd,/videos/BigBuckBunny-2160.avi
10003,0.99158,0.21126,0.99903,51.40508,0.99983,0.92253,0.9915,0.99557,0.99749,98.87849,0.43,0.38,0.29,0.47,51.85,52.33,53.54,51.41,0.996,0.996,0.996,0.996,/tmpdir/crf_16.mpd,/videos/BigBuckBunny-2160.avi
10004,0.99207,0.21126,0.99903,51.3874,0.99983,0.92181,0.99133,0.99538,0.99728,98.94412,0.43,0.38,0.29,0.47,51.84,52.36,53.53,51.39,0.996,0.996,0.996,0.996,/tmpdir/crf_16.mpd,/videos/BigBuckBunny-2160.avi
10005,0.99171,0.21939,0.99901,51.33703,0.99984,0.92076,0.99171,0.99568,0.99751,98.90412,0.43,0.38,0.29,0.48,51.79,52.3,53.52,51.34,0.996,0.996,0.996,0.996,/tmpdir/crf_16.mpd,/videos/BigBuckBunny-2160.avi
10006,0.9945,0.21939,0.99909,51.63469,0.99989,0.92285,0.99439,0.99723,0.99832,99.50579,0.4,0.35,0.27,0.45,52.09,52.67,53.74,51.63,0.996,0.996,0.996,0.996,/tmpdir/crf_16.mpd,/videos/BigBuckBunny-2160.avi
10007,0.99108,0.2188,0.99897,51.18527,0.99982,0.91881,0.99078,0.9951,0.99714,98.74445,0.45,0.4,0.3,0.49,51.63,52.12,53.35,51.19,0.996,0.996,0.996,0.995,/tmpdir/crf_16.mpd,/videos/BigBuckBunny-2160.avi
10008,0.99108,0.2188,0.99897,51.17422,0.99982,0.91833,0.9908,0.99503,0.99703,98.73453,0.45,0.39,0.3,0.5,51.63,52.18,53.36,51.17,0.996,0.996,0.996,0.995,/tmpdir/crf_16.mpd,/videos/BigBuckBunny-2160.avi
10009,0.99167,0.22277,0.99895,51.13399,0.99983,0.91722,0.99113,0.99528,0.99719,98.85435,0.45,0.4,0.3,0.5,51.6,52.15,53.34,51.13,0.995,0.996,0.996,0.995,/tmpdir/crf_16.mpd,/videos/BigBuckBunny-2160.avi
10010,0.99462,0.22277,0.99904,51.4276,0.99989,0.91928,0.99408,0.99704,0.99819,99.50242,0.42,0.36,0.28,0.47,51.9,52.53,53.58,51.43,0.996,0.996,0.996,0.995,/tmpdir/crf_16.mpd,/videos/BigBuckBunny-2160.avi
10011,0.99098,0.22545,0.99892,51.03544,0.99982,0.91588,0.99046,0.99488,0.99697,98.70186,0.46,0.41,0.31,0.51,51.5,52.05,53.23,51.04,0.995,0.996,0.996,0.995,/tmpdir/crf_16.mpd,/videos/BigBuckBunny-2160.avi
10012,0.99118,0.22545,0.99892,51.01815,0.99982,0.91535,0.99032,0.99466,0.99673,98.71413,0.46,0.4,0.31,0.51,51.49,52.09,53.25,51.02,0.995,0.996,0.996,0.995,/tmpdir/crf_16.mpd,/videos/BigBuckBunny-2160.avi
10013,0.99106,0.23866,0.99891,50.96324,0.99982,0.91414,0.99066,0.99492,0.99693,98.715,0.47,0.4,0.31,0.52,51.45,52.08,53.24,50.96,0.995,0.996,0.996,0.995,/tmpdir/crf_16.mpd,/videos/BigBuckBunny-2160.avi
10014,0.99458,0.23866,0.99898,51.22105,0.99988,0.91607,0.99375,0.99684,0.99803,99.47363,0.44,0.37,0.29,0.49,51.72,52.45,53.48,51.22,0.995,0.996,0.996,0.995,/tmpdir/crf_16.mpd,/videos/BigBuckBunny-2160.avi
10015,0.99094,0.23122,0.99888,50.84308,0.99981,0.91316,0.99025,0.99472,0.9968,98.67256,0.48,0.41,0.32,0.54,51.33,51.97,53.12,50.84,0.995,0.996,0.996,0.995,/tmpdir/crf_16.mpd,/videos/BigBuckBunny-2160.avi
10016,0.99187,0.23122,0.99888,50.83434,0.99981,0.91294,0.99041,0.99474,0.99673,98.83394,0.48,0.41,0.31,0.54,51.34,52.03,53.15,50.83,0.995,0.996,0.996,0.995,/tmpdir/crf_16.mpd,/videos/BigBuckBunny-2160.avi
10017,0.99208,0.22962,0.99887,50.80855,0.99982,0.91201,0.99092,0.99515,0.99707,98.90154,0.48,0.41,0.31,0.54,51.31,52.0,53.16,50.81,0.995,0.996,0.996,0.995,/tmpdir/crf_16.mpd,/videos/BigBuckBunny-2160.avi
10018,0.99576,0.22962,0.99894,51.06169,0.99988,0.91383,0.99407,0.99714,0.99829,99.69706,0.45,0.38,0.3,0.51,51.58,52.38,53.41,51.06,0.995,0.996,0.996,0.995,/tmpdir/crf_16.mpd,/videos/BigBuckBunny-2160.avi
10019,0.99133,0.23102,0.99884,50.71229,0.99981,0.91109,0.99048,0.99489,0.9969,98.74688,0.49,0.42,0.32,0.55,51.22,51.92,53.08,50.71,0.995,0.995,0.996,0.995,/tmpdir/crf_16.mpd,/videos/BigBuckBunny-2160.avi
10020,0.99205,0.23102,0.99884,50.69944,0.99981,0.91096,0.9908,0.99505,0.99696,98.88162,0.49,0.41,0.32,0.55,51.22,51.98,53.12,50.7,0.995,0.995,0.996,0.995,/tmpdir/crf_16.mpd,/videos/BigBuckBunny-2160.avi
10021,0.99196,0.23142,0.99882,50.66958,0.99982,0.90979,0.99119,0.99534,0.99717,98.8842,0.49,0.41,0.32,0.56,51.2,51.98,53.13,50.67,0.995,0.995,0.996,0.995,/tmpdir/crf_16.mpd,/videos/BigBuckBunny-2160.avi
10022,0.99526,0.23142,0.99889,50.88371,0.99988,0.91124,0.9943,0.9974,0.99846,99.62054,0.47,0.38,0.3,0.53,51.43,52.33,53.34,50.88,0.995,0.996,0.996,0.995,/tmpdir/crf_16.mpd,/videos/BigBuckBunny-2160.avi
10023,0.99041,0.23838,0.9988,50.62424,0.9998,0.90915,0.99038,0.99481,0.99681,98.57235,0.5,0.42,0.32,0.56,51.15,51.91,53.03,50.62,0.995,0.995,0.996,0.995,/tmpdir/crf_16.mpd,/videos/BigBuckBunny-2160.avi
10024,0.99184,0.23838,0.9988,50.60199,0.99981,0.90921,0.99075,0.99501,0.99693,98.83919,0.5,0.41,0.32,0.57,51.15,51.98,53.07,50.6,0.995,0.995,0.996,0.995,/tmpdir/crf_16.mpd,/videos/BigBuckBunny-2160.avi
10025,0.99175,0.23846,0.99877,50.54238,0.99981,0.90773,0.99135,0.99556,0.99738,98.86473,0.51,0.41,0.32,0.57,51.09,51.96,53.05,50.54,0.995,0.995,0.996,0.995,/tmpdir/crf_16.mpd,/videos/BigBuckBunny-2160.avi
10026,0.9952,0.23846,0.99883,50.71623,0.99987,0.90851,0.99452,0.99763,0.99863,99.6205,0.48,0.39,0.31,0.55,51.29,52.27,53.25,50.72,0.995,0.995,0.996,0.994,/tmpdir/crf_16.mpd,/videos/BigBuckBunny-2160.avi
10027,0.98941,0.24022,0.99877,50.53299,0.9998,0.90654,0.99,0.99456,0.99658,98.36562,0.51,0.42,0.33,0.58,51.07,51.89,52.98,50.53,0.995,0.995,0.996,0.995,/tmpdir/crf_16.mpd,/videos/BigBuckBunny-2160.avi
10028,0.99074,0.24022,0.99877,50.50959,0.9998,0.9067,0.99065,0.995,0.99689,98.63484,0.51,0.42,0.32,0.58,51.06,51.95,53.01,50.51,0.995,0.995,0.996,0.995,/tmpdir/crf_16.mpd,/videos/BigBuckBunny-2160.avi
10029,0.99175,0.24509,0.99874,50.46811,0.99981,0.90559,0.99153,0.99574,0.99744,98.86988,0.51,0.42,0.33,0.58,51.02,51.9,52.98,50.47,0.995,0.995,0.996,0.994,/tmpdir/crf_16.mpd,/videos/BigBuckBunny-2160.avi
10030,0.99524,0.24509,0.99878,50.58272,0.99987,0.90568,0.99461,0.99781,0.99879,99.63752,0.5,0.39,0.32,0.57,51.17,52.2,53.14,50.58,0.995,0.995,0.996,0.994,/tmpdir/crf_16.mpd,/videos/BigBuckBunny-2160.avi
10031,0.98952,0.25093,0.99872,50.46619,0.99979,0.90423,0.98966,0.99433,0.99636,98.36152,0.52,0.42,0.33,0.58,51.01,51.86,52.9,50.47,0.995,0.995,0.996,0.994,/tmpdir/crf_16.mpd,/videos/BigBuckBunny-2160.avi
10032,0.99081,0.25093,0.99872,50.42687,0.99979,0.90444,0.99051,0.99491,0.99675,98.63219,0.52,0.42,0.33,0.59,50.99,51.92,52.93,50.43,0.995,0.995,0.996,0.994,/tmpdir/crf_16.mpd,/videos/BigBuckBunny-2160.avi
10033,0.99161,0.25703,0.99869,50.38099,0.99981,0.90324,0.99155,0.99581,0.99749,98.84841,0.52,0.43,0.33,0.6,50.94,51.82,52.89,50.38,0.995,0.995,0.996,0.994,/tmpdir/crf_16.mpd,/videos/BigBuckBunny-2160.avi
10034,0.99547,0.25703,0.99873,50.46981,0.99987,0.90285,0.9948,0.9981,0.99904,99.69935,0.51,0.4,0.32,0.58,51.05,52.08,53.03,50.47,0.994,0.995,0.996,0.994,/tmpdir/crf_16.mpd,/videos/BigBuckBunny-2160.avi
10035,0.99095,0.26149,0.9987,50.45753,0.99981,0.90193,0.99082,0.99516,0.99682,98.66568,0.51,0.41,0.33,0.59,51.03,52.02,52.97,50.46,0.995,0.995,0.996,0.994,/tmpdir/crf_16.mpd,/videos/BigBuckBunny-2160.avi
10036,0.99056,0.26149,0.99869,50.38898,0.99981,0.90246,0.99147,0.99586,0.9976,98.66935,0.52,0.42,0.34,0.59,50.94,51.85,52.85,50.39,0.995,0.995,0.996,0.994,/tmpdir/crf_16.mpd,/videos/BigBuckBunny-2160.avi
10037,0.99509,0.2702,0.99869,50.40384,0.99986,0.90088,0.99455,0.99804,0.999,99.62848,0.52,0.41,0.33,0.59,50.99,52.02,52.95,50.4,0.994,0.995,0.996,0.994,/tmpdir/crf_16.mpd,/videos/BigBuckBunny-2160.avi
10038,0.99108,0.2702,0.9987,50.48319,0.99982,0.90106,0.99111,0.99539,0.99699,98.70757,0.51,0.41,0.33,0.58,51.04,51.99,52.92,50.48,0.995,0.995,0.996,0.994,/tmpdir/crf_16.mpd,/videos/BigBuckBunny-2160.avi
10039,0.99178,0.2763,0.99864,50.30487,0.99981,0.90067,0.99209,0.99641,0.99801,98.9298,0.53,0.44,0.34,0.61,50.86,51.74,52.79,50.3,0.994,0.995,0.996,0.994,/tmpdir/crf_16.mpd,/videos/BigBuckBunny-2160.avi
10040,0.9953,0.2763,0.99864,50.32161,0.99985,0.89922,0.99463,0.99824,0.9992,99.68199,0.53,0.42,0.34,0.6,50.9,51.91,52.86,50.32,0.994,0.995,0.995,0.994,/tmpdir/crf_16.mpd,/videos/BigBuckBunny-2160.avi
10041,0.99072,0.2904,0.99864,50.39148,0.9998,0.89945,0.99083,0.99537,0.997,98.64969,0.52,0.42,0.34,0.59,50.94,51.86,52.83,50.39,0.994,0.995,0.995,0.994,/tmpdir/crf_16.mpd,/videos/BigBuckBunny-2160.avi
10042,0.99019,0.2904,0.99862,50.32022,0.9998,0.89992,0.99149,0.99605,0.99779,98.62692,0.53,0.44,0.35,0.6,50.85,51.67,52.71,50.32,0.994,0.995,0.995,0.994,/tmpdir/crf_16.mpd,/videos/BigBuckBunny-2160.avi
10043,0.9946,0.29452,0.99861,50.29567,0.99985,0.89771,0.99464,0.99835,0.99932,99.57229,0.53,0.43,0.34,0.61,50.86,51.82,52.78,50.3,0.994,0.995,0.995,0.994,/tmpdir/crf_16.mpd,/videos/BigBuckBunny-2160.avi
10044,0.99473,0.29452,0.99858,50.26689,0.99983,0.89806,0.99455,0.99837,0.99937,99.6005,0.54,0.42,0.34,0.61,50.84,51.85,52.79,50.27,0.994,0.995,0.995,0.994,/tmpdir/crf_16.mpd,/videos/BigBuckBunny-2160.avi
10045,0.9961,0.30368,0.9993,52.88507,0.99993,0.93452,0.99655,0.99841,0.99913,99.95744,0.31,0.29,0.25,0.33,53.18,53.47,54.23,52.89,0.996,0.996,0.997,0.996,/tmpdir/crf_16.mpd,/videos/BigBuckBunny-2160.avi
10046,0.99322,0.30368,0.99914,52.18725,0.99988,0.92849,0.99529,0.99775,0.99866,99.37578,0.36,0.32,0.27,0.39,52.57,53.07,53.89,52.19,0.996,0.996,0.996,0.996,/tmpdir/crf_16.mpd,/videos/BigBuckBunny-2160.avi
10047,0.99243,0.32379,0.99896,51.51532,0.99983,0.92297,0.99518,0.99831,0.99945,99.29138,0.41,0.36,0.28,0.46,51.98,52.61,53.62,51.52,0.996,0.996,0.996,0.995,/tmpdir/crf_16.mpd,/videos/BigBuckBunny-2160.avi
10048,0.99593,0.32379,0.99887,51.34396,0.99984,0.91969,0.99691,0.99981,1.0005,100.0,0.42,0.35,0.28,0.48,51.87,52.72,53.65,51.34,0.995,0.996,0.996,0.995,/tmpdir/crf_16.mpd,/videos/BigBuckBunny-2160.avi
10049,0.99144,0.32518,0.99879,51.12843,0.99979,0.91382,0.9926,0.99666,0.99814,98.95074,0.44,0.36,0.29,0.5,51.66,52.53,53.51,51.13,0.995,0.996,0.996,0.995,/tmpdir/crf_16.mpd,/videos/BigBuckBunny-2160.avi
10050,0.9892,0.32518,0.99876,50.99964,0.99979,0.91096,0.99099,0.99552,0.99751,98.4689,0.46,0.38,0.3,0.52,51.52,52.28,53.36,51.0,0.995,0.996,0.996,0.995,/tmpdir/crf_16.mpd,/videos/BigBuckBunny-2160.avi
10051,0.99541,0.37463,0.99869,50.89206,0.99983,0.90887,0.99586,0.99938,1.00024,99.87886,0.47,0.38,0.3,0.53,51.45,52.36,53.35,50.89,0.995,0.995,0.996,0.994,/tmpdir/crf_16.mpd,/videos/BigBuckBunny-2160.avi
10052,0.99097,0.37463,0.99868,50.93241,0.9998,0.90639,0.99172,0.99618,0.99778,98.82894,0.46,0.38,0.31,0.52,51.46,52.29,53.27,50.93,0.995,0.995,0.996,0.994,/tmpdir/crf_16.mpd,/videos/BigBuckBunny-2160.avi
10053,0.99101,0.39389,0.99858,50.61326,0.99978,0.90301,0.992,0.99684,0.99862,98.9072,0.5,0.42,0.32,0.56,51.14,51.9,53.02,50.61,0.995,0.995,0.996,0.994,/tmpdir/crf_16.mpd,/videos/BigBuckBunny-2160.avi
10054,0.99441,0.39389,0.99852,50.52489,0.99981,0.90005,0.99474,0.99903,1.00016,99.66591,0.51,0.41,0.32,0.58,51.09,52.02,53.03,50.52,0.994,0.995,0.996,0.994,/tmpdir/crf_16.mpd,/videos/BigBuckBunny-2160.avi
10055,0.99445,0.42278,0.99844,50.3854,0.99978,0.89851,0.99536,0.99971,1.00075,99.74059,0.52,0.42,0.33,0.6,50.96,51.93,52.96,50.39,0.994,0.995,0.996,0.993,/tmpdir/crf_16.mpd,/videos/BigBuckBunny-2160.avi
10056,0.99431,0.42278,0.99838,50.27969,0.99976,0.89699,0.99537,0.99985,1.00089,99.72469,0.53,0.43,0.34,0.61,50.86,51.83,52.87,50.28,0.994,0.995,0.995,0.993,/tmpdir/crf_16.mpd,/videos/BigBuckBunny-2160.avi
10057,0.99405,0.462,0.99838,50.34688,0.99977,0.89573,0.99479,0.99937,1.0005,99.65276,0.53,0.43,0.34,0.6,50.89,51.76,52.78,50.35,0.994,0.995,0.995,0.993,/tmpdir/crf_16.mpd,/videos/BigBuckBunny-2160.avi
10058,0.99484,0.462,0.99832,50.24649,0.99975,0.89477,0.99502,0.99973,1.00083,99.82215,0.54,0.44,0.35,0.61,50.8,51.68,52.7,50.25,0.994,0.995,0.995,0.993,/tmpdir/crf_16.mpd,/videos/BigBuckBunny-2160.avi
10059,0.9945,0.50738,0.99836,50.39389,0.99977,0.89455,0.99427,0.99913,1.00041,99.73759,0.53,0.44,0.35,0.59,50.9,51.67,52.69,50.39,0.994,0.994,0.995,0.993,/tmpdir/crf_16.mpd,/videos/BigBuckBunny-2160.avi
10060,0.99334,0.50738,0.99829,50.30147,0.99974,0.89396,0.99476,0.9997,1.00091,99.57827,0.54,0.45,0.36,0.61,50.82,51.61,52.63,50.3,0.994,0.994,0.995,0.993,/tmpdir/crf_16.mpd,/videos/BigBuckBunny-2160.avi
10061,0.9945,0.55813,0.99834,50.48892,0.99976,0.89425,0.99378,0.99884,1.00028,99.74178,0.52,0.44,0.35,0.58,50.97,51.68,52.64,50.49,0.994,0.994,0.995,0.993,/tmpdir/crf_16.mpd,/videos/BigBuckBunny-2160.avi
10062,0.99375,0.55813,0.99827,50.40058,0.99973,0.89418,0.99466,0.99977,1.0011,99.68984,0.53,0.44,0.36,0.59,50.9,51.65,52.6,50.4,0.994,0.994,0.995,0.993,/tmpdir/crf_16.mpd,/videos/BigBuckBunny-2160.avi
10063,0.98932,0.61676,0.99851,51.04635,0.99968,0.89883,0.98132,0.988,0.99144,97.97887,0.47,0.43,0.35,0.51,51.41,51.81,52.69,51.05,0.995,0.995,0.996,0.994,/tmpdir/crf_16.mpd,/videos/BigBuckBunny-2160.avi
10064,0.99097,0.61676,0.99859,51.15671,0.99973,0.90542,0.98766,0.99348,0.99606,98.74808,0.46,0.42,0.35,0.5,51.5,51.87,52.73,51.16,0.995,0.995,0.996,0.995,/tmpdir/crf_16.mpd,/videos/BigBuckBunny-2160.avi
10065,0.99114,0.6792,0.99854,51.21594,0.99971,0.90614,0.98847,0.99447,0.99707,98.90471,0.46,0.44,0.35,0.49,51.51,51.68,52.68,51.22,0.995,0.995,0.996,0.995,/tmpdir/crf_16.mpd,/videos/BigBuckBunny-2160.avi
10066,0.99456,0.6792,0.99862,51.56287,0.99979,0.90504,0.98968,0.99493,0.99726,99.53386,0.43,0.41,0.33,0.45,51.84,52.05,52.89,51.56,0.995,0.995,0.995,0.994,/tmpdir/crf_16.mpd,/videos/BigBuckBunny-2160.avi
10067,0.99047,0.76936,0.99858,51.47571,0.9997,0.90749,0.98686,0.99269,0.99537,98.67113,0.44,0.42,0.34,0.46,51.74,51.89,52.79,51.48,0.995,0.995,0.996,0.995,/tmpdir/crf_16.mpd,/videos/BigBuckBunny-2160.avi
10068,0.99152,0.76936,0.99866,51.54837,0.99973,0.90845,0.98645,0.99217,0.99506,98.82465,0.43,0.41,0.34,0.46,51.81,51.99,52.83,51.55,0.995,0.995,0.996,0.995,/tmpdir/crf_16.mpd,/videos/BigBuckBunny-2160.avi
10069,0.99089,0.86968,0.99855,51.47312,0.9997,0.90867,0.98933,0.9951,0.99761,99.01165,0.44,0.43,0.34,0.46,51.74,51.84,52.84,51.47,0.995,0.995,0.996,0.995,/tmpdir/crf_16.mpd,/videos/BigBuckBunny-2160.avi
10070,0.99359,0.86968,0.9986,51.72071,0.99977,0.90628,0.99024,0.99546,0.99776,99.50325,0.41,0.4,0.33,0.44,51.98,52.15,52.99,51.72,0.995,0.995,0.996,0.994,/tmpdir/crf_16.mpd,/videos/BigBuckBunny-2160.avi
10071,0.98982,0.99021,0.99857,51.66694,0.99969,0.90784,0.98683,0.99257,0.99515,98.64431,0.42,0.41,0.34,0.44,51.9,51.99,52.86,51.67,0.995,0.995,0.996,0.995,/tmpdir/crf_16.mpd,/videos/BigBuckBunny-2160.avi
10072,0.99141,0.99021,0.99863,51.68941,0.9997,0.90824,0.98609,0.99177,0.99464,98.8712,0.42,0.4,0.33,0.44,51.94,52.08,52.92,51.69,0.995,0.995,0.996,0.995,/tmpdir/crf_16.mpd,/videos/BigBuckBunny-2160.avi
10073,0.99148,1.12058,0.99856,51.73913,0.99968,0.91003,0.98901,0.99462,0.99708,99.193,0.41,0.41,0.33,0.44,51.97,52.03,52.96,51.74,0.995,0.995,0.996,0.995,/tmpdir/crf_16.mpd,/videos/BigBuckBunny-2160.avi
10074,0.99318,1.12058,0.99863,52.03446,0.99975,0.90922,0.9901,0.99518,0.99744,99.53077,0.39,0.37,0.31,0.41,52.26,52.39,53.17,52.03,0.995,0.995,0.996,0.995,/tmpdir/crf_16.mpd,/videos/BigBuckBunny-2160.avi
10075,0.99082,1.3363,0.99857,51.89836,0.99967,0.90996,0.98735,0.99285,0.99529,99.01413,0.4,0.39,0.33,0.42,52.11,52.17,53.0,51.9,0.995,0.995,0.996,0.995,/tmpdir/crf_16.mpd,/videos/BigBuckBunny-2160.avi
10076,0.99098,1.3363,0.99862,51.94605,0.99967,0.91057,0.98653,0.99194,0.99463,98.97498,0.39,0.39,0.32,0.42,52.17,52.27,53.05,51.95,0.995,0.995,0.996,0.995,/tmpdir/crf_16.mpd,/videos/BigBuckBunny-2160.avi
10077,0.9911,1.65722,0.99858,52.02199,0.99967,0.91252,0.98911,0.99441,0.99674,99.36744,0.39,0.39,0.32,0.41,52.22,52.23,53.11,52.02,0.995,0.995,0.996,0.995,/tmpdir/crf_16.mpd,/videos/BigBuckBunny-2160.avi
10078,0.99296,1.65722,0.99866,52.34445,0.99973,0.91341,0.99025,0.99508,0.99729,99.75494,0.36,0.36,0.3,0.38,52.54,52.62,53.34,52.34,0.995,0.995,0.996,0.995,/tmpdir/crf_16.mpd,/videos/BigBuckBunny-2160.avi
10079,0.99076,2.11406,0.99858,52.13368,0.99965,0.91349,0.98826,0.99339,0.99566,99.43877,0.38,0.38,0.32,0.4,52.32,52.36,53.12,52.13,0.995,0.995,0.996,0.995,/tmpdir/crf_16.mpd,/videos/BigBuckBunny-2160.avi
10080,0.99181,2.11406,0.99861,52.2035,0.99965,0.914,0.98707,0.99202,0.99443,99.5065,0.37,0.37,0.31,0.39,52.4,52.49,53.18,52.2,0.995,0.995,0.996,0.995,/tmpdir/crf_16.mpd,/videos/BigBuckBunny-2160.avi
10081,0.99129,2.50913,0.9986,52.33936,0.99964,0.91772,0.98951,0.99441,0.99653,99.83142,0.36,0.36,0.31,0.38,52.51,52.51,53.28,52.34,0.995,0.995,0.996,0.995,/tmpdir/crf_16.mpd,/videos/BigBuckBunny-2160.avi
10082,0.99253,2.50913,0.99872,52.77431,0.99971,0.92089,0.99055,0.99494,0.99692,100.0,0.33,0.32,0.28,0.34,52.96,53.04,53.66,52.77,0.996,0.996,0.996,0.995,/tmpdir/crf_16.mpd,/videos/BigBuckBunny-2160.avi
10083,0.98966,2.91738,0.99861,52.48334,0.99963,0.92196,0.98947,0.99403,0.996,99.72191,0.35,0.35,0.3,0.37,52.65,52.66,53.35,52.48,0.995,0.995,0.996,0.995,/tmpdir/crf_16.mpd,/videos/BigBuckBunny-2160.avi
10084,0.99152,2.91738,0.99867,52.66755,0.99962,0.92398,0.98833,0.99265,0.99475,99.9362,0.34,0.34,0.29,0.35,52.84,52.88,53.56,52.67,0.996,0.996,0.996,0.995,/tmpdir/crf_16.mpd,/videos/BigBuckBunny-2160.avi
10085,0.98912,2.59143,0.99872,52.97583,0.99965,0.93157,0.99107,0.99486,0.99652,99.54361,0.32,0.32,0.27,0.33,53.11,53.04,53.74,52.98,0.996,0.996,0.996,0.996,/tmpdir/crf_16.mpd,/videos/BigBuckBunny-2160.avi
10086,0.9918,2.59143,0.99889,53.59296,0.9997,0.9391,0.99255,0.99574,0.99721,100.0,0.27,0.27,0.24,0.28,53.75,53.76,54.42,53.59,0.996,0.996,0.997,0.996,/tmpdir/crf_16.mpd,/videos/BigBuckBunny-2160.avi
10087,0.98839,2.86017,0.99885,53.55183,0.99966,0.94388,0.99239,0.99533,0.99659,99.61018,0.28,0.3,0.25,0.29,53.62,53.4,54.13,53.55,0.996,0.996,0.997,0.996,/tmpdir/crf_16.mpd,/videos/BigBuckBunny-2160.avi
10088,0.98869,2.86017,0.99889,53.71851,0.99965,0.94613,0.99159,0.99429,0.99571,99.58453,0.27,0.28,0.23,0.28,53.84,53.72,54.48,53.72,0.996,0.996,0.997,0.996,/tmpdir/crf_16.mpd,/videos/BigBuckBunny-2160.avi
10089,0.98983,5.87367,0.99897,54.06296,0.9997,0.95125,0.99389,0.99627,0.99731,100.0,0.25,0.27,0.22,0.26,54.13,53.79,54.79,54.06,0.997,0.996,0.997,0.997,/tmpdir/crf_16.mpd,/videos/BigBuckBunny-2160.avi
10090,0.99071,5.87367,0.99901,54.25033,0.99971,0.95242,0.99419,0.99637,0.99735,100.0,0.23,0.23,0.19,0.24,54.46,54.44,55.44,54.25,0.997,0.997,0.997,0.997,/tmpdir/crf_16.mpd,/videos/BigBuckBunny-2160.avi
10091,0.97839,3.79757,0.99902,54.46802,0.99974,0.95874,0.99601,0.9979,0.99886,98.60648,0.22,0.24,0.18,0.23,54.61,54.41,55.51,54.47,0.997,0.997,0.997,0.997,/tmpdir/crf_16.mpd,/videos/BigBuckBunny-2160.avi
10092,0.97822,0.56341,0.99908,54.79019,0.99971,0.96921,0.99547,0.99669,0.99722,96.87062,0.22,0.25,0.19,0.22,54.77,54.14,55.38,54.79,0.997,0.997,0.997,0.997,/tmpdir/crf_16.mpd,/videos/BigBuckBunny-2160.avi
10093,0.97965,0.56341,0.99909,55.02888,0.99972,0.97258,0.9965,0.99774,0.99839,97.24427,0.2,0.22,0.17,0.2,55.08,54.67,55.79,55.03,0.997,0.997,0.997,0.997,/tmpdir/crf_16.mpd,/videos/BigBuckBunny-2160.avi
10094,0.99716,1.1917,0.99885,52.93817,0.99961,0.9311,0.99744,0.99889,0.99939,100.0,0.28,0.18,0.2,0.33,53.61,55.56,55.2,52.94,0.997,0.997,0.997,0.997,/tmpdir/crf_16.mpd,/videos/BigBuckBunny-2160.avi
10095,0.99549,0.94784,0.99851,51.11932,0.99957,0.90937,0.99477,0.99766,0.99868,100.0,0.41,0.21,0.25,0.5,51.98,54.85,54.18,51.12,0.996,0.997,0.997,0.995,/tmpdir/crf_16.mpd,/videos/BigBuckBunny-2160.avi
10096,0.99591,0.94784,0.99857,51.41183,0.99958,0.91255,0.9955,0.99802,0.99889,100.0,0.39,0.21,0.24,0.47,52.23,54.93,54.26,51.41,0.996,0.997,0.997,0.996,/tmpdir/crf_16.mpd,/videos/BigBuckBunny-2160.avi
10097,0.99563,1.25754,0.99848,51.19775,0.99956,0.91003,0.9947,0.99765,0.99868,100.0,0.41,0.22,0.25,0.49,52.03,54.8,54.09,51.2,0.996,0.997,0.997,0.995,/tmpdir/crf_16.mpd,/videos/BigBuckBunny-2160.avi
10098,0.99641,1.25754,0.99864,51.85204,0.99959,0.91775,0.99614,0.99836,0.99913,100.0,0.36,0.2,0.23,0.42,52.62,55.04,54.43,51.85,0.996,0.997,0.997,0.996,/tmpdir/crf_16.mpd,/videos/BigBuckBunny-2160.avi
10099,0.99538,1.23699,0.99845,51.10366,0.99956,0.90888,0.99466,0.9977,0.99875,100.0,0.42,0.22,0.27,0.5,51.93,54.67,53.89,51.1,0.996,0.997,0.997,0.995,/tmpdir/crf_16.mpd,/videos/BigBuckBunny-2160.avi
10100,0.99586,1.23699,0.99854,51.43184,0.99957,0.9125,0.99523,0.99788,0.99882,100.0,0.39,0.22,0.26,0.47,52.21,54.76,54.05,51.43,0.996,0.997,0.997,0.996,/tmpdir/crf_16.mpd,/videos/BigBuckBunny-2160.avi
10101,0.99543,1.33117,0.99845,51.15737,0.99955,0.90971,0.99439,0.99746,0.99853,100.0,0.41,0.22,0.27,0.5,51.97,54.68,53.89,51.16,0.996,0.997,0.997,0.995,/tmpdir/crf_16.mpd,/videos/BigBuckBunny-2160.avi
10102,0.99596,1.33117,0.99858,51.59527,0.99958,0.91499,0.99557,0.99804,0.99892,100.0,0.38,0.21,0.25,0.45,52.37,54.85,54.21,51.6,0.996,0.997,0.997,0.996,/tmpdir/crf_16.mpd,/videos/BigBuckBunny-2160.avi
10103,0.9953,1.64633,0.99844,51.11965,0.99955,0.90871,0.99407,0.99734,0.99845,100.0,0.42,0.23,0.27,0.5,51.93,54.61,53.87,51.12,0.996,0.997,0.997,0.995,/tmpdir/crf_16.mpd,/videos/BigBuckBunny-2160.avi
10104,0.99586,1.64633,0.99852,51.40918,0.99957,0.91206,0.99496,0.99778,0.99876,100.0,0.39,0.22,0.26,0.47,52.19,54.69,54.02,51.41,0.996,0.997,0.997,0.996,/tmpdir/crf_16.mpd,/videos/BigBuckBunny-2160.avi
10105,0.9954,2.16885,0.99841,51.12099,0.99955,0.90787,0.99376,0.99721,0.99844,100.0,0.42,0.23,0.27,0.5,51.93,54.58,53.88,51.12,0.996,0.997,0.997,0.995,/tmpdir/crf_16.mpd,/videos/BigBuckBunny-2160.avi
10106,0.99618,2.16885,0.99856,51.74592,0.99957,0.91546,0.99486,0.99763,0.99863,100.0,0.37,0.21,0.24,0.43,52.49,54.85,54.26,51.75,0.996,0.997,0.997,0.996,/tmpdir/crf_16.mpd,/videos/BigBuckBunny-2160.avi
10107,0.99544,2.48125,0.99843,51.21523,0.99955,0.90938,0.99385,0.99717,0.99836,100.0,0.41,0.23,0.27,0.49,52.0,54.56,53.84,51.22,0.996,0.997,0.997,0.995,/tmpdir/crf_16.mpd,/videos/BigBuckBunny-2160.avi
10108,0.99558,2.48125,0.99853,51.59326,0.99956,0.91466,0.99442,0.99735,0.99845,100.0,0.38,0.22,0.25,0.45,52.34,54.72,54.1,51.59,0.996,0.997,0.997,0.996,/tmpdir/crf_16.mpd,/videos/BigBuckBunny-2160.avi
10109,0.99477,3.76212,0.99841,51.13278,0.99954,0.90988,0.99303,0.99666,0.99804,100.0,0.42,0.24,0.26,0.5,51.93,54.39,53.91,51.13,0.996,0.997,0.997,0.995,/tmpdir/crf_16.mpd,/videos/BigBuckBunny-2160.avi
10110,0.9957,3.96677,0.99845,51.00426,0.99955,0.90812,0.99376,0.99713,0.9984,100.0,0.42,0.23,0.25,0.52,51.85,54.52,54.11,51.0,0.996,0.997,0.997,0.996,/tmpdir/crf_16.mpd,/videos/BigBuckBunny-2160.avi
10111,0.99561,7.51442,0.99844,51.5362,0.99954,0.91144,0.99377,0.99705,0.9983,100.0,0.38,0.21,0.23,0.46,52.36,54.95,54.51,51.54,0.996,0.997,0.997,0.996,/tmpdir/crf_16.mpd,/videos/BigBuckBunny-2160.avi
10112,0.99395,7.85311,0.99832,50.98788,0.99953,0.90162,0.99352,0.997,0.9983,100.0,0.43,0.24,0.26,0.52,51.81,54.25,54.0,50.99,0.996,0.997,0.997,0.995,/tmpdir/crf_16.mpd,/videos/BigBuckBunny-2160.avi
10113,0.99292,13.6437,0.99823,49.80077,0.99967,0.87703,0.99187,0.99635,0.99797,100.0,0.57,0.32,0.35,0.68,50.6,53.02,52.7,49.8,0.994,0.996,0.996,0.993,/tmpdir/crf_16.mpd,/videos/BigBuckBunny-2160.avi
10114,0.99458,10.86358,0.99832,50.15008,0.99966,0.88749,0.99261,0.9967,0.99816,100.0,0.53,0.31,0.33,0.63,50.92,53.17,52.91,50.15,0.995,0.996,0.996,0.994,/tmpdir/crf_16.mpd,/videos/BigBuckBunny-2160.avi
10115,0.99555,6.31055,0.99863,51.18565,0.99968,0.91007,0.99472,0.99759,0.99867,100.0,0.42,0.27,0.28,0.49,51.88,53.8,53.63,51.19,0.996,0.997,0.996,0.996,/tmpdir/crf_16.mpd,/videos/BigBuckBunny-2160.avi
10116,0.99161,2.6605,0.99847,50.56145,0.99957,0.9009,0.992,0.99625,0.99788,100.0,0.49,0.32,0.31,0.57,51.27,53.13,53.22,50.56,0.996,0.996,0.996,0.995,/tmpdir/crf_16.mpd,/videos/BigBuckBunny-2160.avi
10117,0.99018,2.04582,0.99845,50.56742,0.99953,0.90349,0.99097,0.99576,0.99764,99.468,0.49,0.33,0.31,0.57,51.27,53.01,53.26,50.57,0.996,0.996,0.996,0.996,/tmpdir/crf_16.mpd,/videos/BigBuckBunny-2160.avi
10118,0.99269,2.04582,0.99859,51.45758,0.99956,0.91375,0.99364,0.99692,0.99824,100.0,0.4,0.28,0.27,0.46,52.09,53.72,53.77,51.46,0.996,0.997,0.997,0.996,/tmpdir/crf_16.mpd,/videos/BigBuckBunny-2160.avi
10119,0.99165,1.65903,0.99852,51.02445,0.99953,0.90953,0.99192,0.99606,0.99772,99.56778,0.45,0.32,0.31,0.51,51.62,53.06,53.22,51.02,0.996,0.996,0.996,0.996,/tmpdir/crf_16.mpd,/videos/BigBuckBunny-2160.avi
10120,0.99229,1.22558,0.9985,50.83761,0.99955,0.90548,0.99245,0.99639,0.99794,99.48,0.46,0.32,0.32,0.54,51.47,53.06,53.13,50.84,0.996,0.996,0.996,0.996,/tmpdir/crf_16.mpd,/videos/BigBuckBunny-2160.avi
10121,0.99224,1.22558,0.99851,50.97682,0.99953,0.9087,0.99184,0.99602,0.99769,99.45464,0.45,0.33,0.31,0.52,51.57,52.98,53.17,50.98,0.996,0.996,0.996,0.996,/tmpdir/crf_16.mpd,/videos/BigBuckBunny-2160.avi
10122,0.99164,2.22782,0.9985,50.89543,0.99954,0.90828,0.99193,0.99612,0.99778,99.85158,0.45,0.3,0.29,0.53,51.6,53.39,53.55,50.9,0.996,0.996,0.996,0.996,/tmpdir/crf_16.mpd,/videos/BigBuckBunny-2160.avi
10123,0.99808,7e-05,0.99961,54.88714,0.99997,0.96099,0.99871,0.99944,0.99969,100.0,0.19,0.15,0.13,0.21,55.41,56.51,56.91,54.89,0.998,0.998,0.998,0.998,/tmpdir/crf_16.mpd,/videos/BigBuckBunny-2160.avi
10124,0.99807,7e-05,0.99961,54.88929,0.99997,0.96099,0.99871,0.99944,0.99969,100.0,0.19,0.15,0.13,0.21,55.41,56.5,56.9,54.89,0.998,0.998,0.998,0.998,/tmpdir/crf_16.mpd,/videos/BigBuckBunny-2160.avi
10125,0.99808,7e-05,0.99961,54.88941,0.99997,0.961,0.99871,0.99944,0.99969,100.0,0.19,0.15,0.13,0.21,55.41,56.5,56.9,54.89,0.998,0.998,0.998,0.998,/tmpdir/crf_16.mpd,/videos/BigBuckBunny-2160.avi
10126,0.99808,7e-05,0.99961,54.88943,0.99997,0.96099,0.9987,0.99944,0.99969,100.0,0.19,0.15,0.13,0.21,55.41,56.5,56.9,54.89,0.998,0.998,0.998,0.998,/tmpdir/crf_16.mpd,/videos/BigBuckBunny-2160.avi
10127,0.99808,0.00023,0.99961,54.88765,0.99997,0.96099,0.99871,0.99944,0.99969,100.0,0.19,0.15,0.13,0.21,55.41,56.5,56.91,54.89,0.998,0.998,0.998,0.998,/tmpdir/crf_16.mpd,/videos/BigBuckBunny-2160.avi
10128,0.99807,0.00048,0.99961,54.8841,0.99997,0.96095,0.9987,0.99944,0.99969,100.0,0.19,0.15,0.13,0.21,55.41,56.5,56.9,54.88,0.998,0.998,0.998,0.998,/tmpdir/crf_16.mpd,/videos/BigBuckBunny-2160.avi
10129,0.99807,0.00114,0.99961,54.87055,0.99997,0.96084,0.9987,0.99944,0.99969,100.0,0.19,0.15,0.13,0.21,55.39,56.48,56.88,54.87,0.998,0.998,0.998,0.998,/tmpdir/crf_16.mpd,/videos/BigBuckBunny-2160.avi
10130,0.99807,0.00114,0.99961,54.85789,0.99997,0.96074,0.9987,0.99944,0.9997,100.0,0.19,0.15,0.13,0.21,55.38,56.47,56.86,54.86,0.998,0.998,0.998,0.998,/tmpdir/crf_16.mpd,/videos/BigBuckBunny-2160.avi
10131,0.99805,0.00178,0.99961,54.83065,0.99997,0.96053,0.99869,0.99945,0.9997,100.0,0.19,0.15,0.13,0.21,55.35,56.44,56.83,54.83,0.998,0.998,0.998,0.998,/tmpdir/crf_16.mpd,/videos/BigBuckBunny-2160.avi
10132,0.99803,0.00178,0.99961,54.80991,0.99997,0.96037,0.99869,0.99944,0.9997,100.0,0.19,0.15,0.14,0.21,55.33,56.41,56.8,54.81,0.998,0.998,0.998,0.998,/tmpdir/crf_16.mpd,/videos/BigBuckBunny-2160.avi
10133,0.99801,0.00317,0.9996,54.7717,0.99997,0.96008,0.99868,0.99945,0.99971,100.0,0.19,0.15,0.14,0.22,55.29,56.37,56.75,54.77,0.998,0.998,0.998,0.998,/tmpdir/crf_16.mpd,/videos/BigBuckBunny-2160.avi
10134,0.99798,0.00484,0.99959,54.60598,0.99997,0.959,0.99865,0.99945,0.99972,100.0,0.2,0.15,0.14,0.23,55.13,56.24,56.6,54.61,0.998,0.998,0.998,0.998,/tmpdir/crf_16.mpd,/videos/BigBuckBunny-2160.avi
10135,0.99797,0.00373,0.99959,54.55212,0.99997,0.95866,0.99864,0.99946,0.99973,100.0,0.2,0.16,0.14,0.23,55.08,56.21,56.57,54.55,0.998,0.998,0.998,0.998,/tmpdir/crf_16.mpd,/videos/BigBuckBunny-2160.avi
10136,0.99796,0.00373,0.99959,54.51295,0.99997,0.95841,0.99863,0.99945,0.99973,100.0,0.2,0.16,0.14,0.23,55.04,56.18,56.54,54.51,0.998,0.998,0.998,0.998,/tmpdir/crf_16.mpd,/videos/BigBuckBunny-2160.avi
10137,0.99794,0.00487,0.99958,54.44442,0.99997,0.95804,0.99862,0.99946,0.99974,100.0,0.21,0.16,0.15,0.23,54.98,56.15,56.49,54.44,0.998,0.998,0.998,0.998,/tmpdir/crf_16.mpd,/videos/BigBuckBunny-2160.avi
10138,0.99793,0.00487,0.99958,54.39217,0.99997,0.95778,0.99862,0.99947,0.99975,100.0,0.21,0.16,0.15,0.24,54.94,56.13,56.47,54.39,0.998,0.998,0.998,0.998,/tmpdir/crf_16.mpd,/videos/BigBuckBunny-2160.avi
10139,0.9979,0.00796,0.99958,54.30052,0.99997,0.95732,0.99861,0.99947,0.99976,100.0,0.21,0.16,0.15,0.24,54.86,56.09,56.44,54.3,0.998,0.998,0.998,0.998,/tmpdir/crf_16.mpd,/videos/BigBuckBunny-2160.avi
10140,0.9977,0.01063,0.99956,54.15408,0.99997,0.9564,0.99839,0.99931,0.99964,100.0,0.22,0.16,0.15,0.25,54.73,56.02,56.36,54.15,0.998,0.998,0.998,0.998,/tmpdir/crf_16.mpd,/videos/BigBuckBunny-2160.avi
10141,0.9975,0.00822,0.99955,54.069,0.99996,0.95583,0.99824,0.9992,0.99955,100.0,0.22,0.16,0.15,0.25,54.66,55.99,56.34,54.07,0.998,0.998,0.998,0.998,/tmpdir/crf_16.mpd,/videos/BigBuckBunny-2160.avi
10142,0.99734,0.00822,0.99955,54.02583,0.99996,0.95556,0.99819,0.99916,0.99952,100.0,0.22,0.16,0.15,0.26,54.63,55.98,56.33,54.03,0.998,0.998,0.998,0.998,/tmpdir/crf_16.mpd,/videos/BigBuckBunny-2160.avi
10143,0.9973,0.0127,0.99954,53.95321,0.99996,0.95514,0.99811,0.99911,0.99949,100.0,0.23,0.16,0.15,0.26,54.57,55.96,56.32,53.95,0.998,0.998,0.998,0.998,/tmpdir/crf_16.mpd,/videos/BigBuckBunny-2160.avi
10144,0.99726,0.18864,0.99955,53.89051,0.99996,0.95466,0.99802,0.99907,0.99949,100.0,0.23,0.17,0.15,0.27,54.5,55.89,56.23,53.89,0.998,0.998,0.998,0.998,/tmpdir/crf_16.mpd,/videos/BigBuckBunny-2160.avi
10145,0.99745,1.27741,0.99954,53.62249,0.99996,0.95293,0.99774,0.99892,0.9994,100.0,0.25,0.18,0.17,0.28,54.22,55.54,55.92,53.62,0.998,0.998,0.998,0.998,/tmpdir/crf_16.mpd,/videos/BigBuckBunny-2160.avi
10146,0.99752,1.73097,0.99954,53.45916,0.99996,0.95178,0.99761,0.99887,0.99939,100.0,0.26,0.19,0.17,0.29,54.05,55.35,55.74,53.46,0.997,0.998,0.998,0.997,/tmpdir/crf_16.mpd,/videos/BigBuckBunny-2160.avi
10147,0.99735,2.30229,0.99951,53.24471,0.99996,0.9499,0.99744,0.99881,0.99935,100.0,0.27,0.2,0.18,0.31,53.82,55.1,55.47,53.24,0.997,0.997,0.997,0.997,/tmpdir/crf_16.mpd,/videos/BigBuckBunny-2160.avi
10148,0.99669,2.30229,0.99946,53.03303,0.99995,0.94776,0.99708,0.99862,0.99922,100.0,0.29,0.22,0.2,0.32,53.57,54.71,55.1,53.03,0.997,0.997,0.997,0.997,/tmpdir/crf_16.mpd,/videos/BigBuckBunny-2160.avi
10149,0.99713,2.38956,0.99943,52.96006,0.99994,0.94661,0.99689,0.99848,0.99913,100.0,0.29,0.23,0.21,0.33,53.48,54.56,54.92,52.96,0.997,0.997,0.997,0.997,/tmpdir/crf_16.mpd,/videos/BigBuckBunny-2160.avi
10150,0.99623,2.38956,0.99938,52.77392,0.99993,0.94464,0.99654,0.99834,0.99904,100.0,0.31,0.24,0.22,0.34,53.27,54.32,54.67,52.77,0.997,0.997,0.997,0.997,/tmpdir/crf_16.mpd,/videos/BigBuckBunny-2160.avi
10151,0.99706,2.96528,0.99938,52.87364,0.99994,0.94474,0.99669,0.99846,0.99915,100.0,0.3,0.23,0.22,0.34,53.37,54.44,54.73,52.87,0.997,0.997,0.997,0.997,/tmpdir/crf_16.mpd,/videos/BigBuckBunny-2160.avi
10152,0.99687,3.038,0.99933,52.70594,0.99992,0.94357,0.99652,0.99839,0.99912,100.0,0.31,0.24,0.23,0.35,53.2,54.3,54.52,52.71,0.997,0.997,0.997,0.997,/tmpdir/crf_16.mpd,/videos/BigBuckBunny-2160.avi
10153,0.99665,3.48481,0.9994,53.2186,0.99995,0.94511,0.99736,0.99883,0.99937,100.0,0.28,0.24,0.22,0.31,53.63,54.41,54.77,53.22,0.997,0.997,0.997,0.997,/tmpdir/crf_16.mpd,/videos/BigBuckBunny-2160.avi
10154,0.99552,3.48481,0.99927,52.5458,0.99992,0.93943,0.99606,0.99814,0.99891,100.0,0.33,0.27,0.25,0.36,52.98,53.8,54.2,52.55,0.997,0.997,0.997,0.997,/tmpdir/crf_16.mpd,/videos/BigBuckBunny-2160.avi
10155,0.9961,3.51757,0.99931,52.68564,0.99993,0.94072,0.99662,0.99848,0.99916,100.0,0.32,0.26,0.24,0.35,53.13,54.03,54.36,52.69,0.997,0.997,0.997,0.997,/tmpdir/crf_16.mpd,/videos/BigBuckBunny-2160.avi
10156,0.99587,3.51757,0.99924,52.31701,0.99991,0.93837,0.99606,0.99816,0.99893,100.0,0.34,0.27,0.26,0.38,52.78,53.77,54.03,52.32,0.997,0.996,0.996,0.997,/tmpdir/crf_16.mpd,/videos/BigBuckBunny-2160.avi
10157,0.99544,3.45519,0.9992,52.21565,0.9999,0.93699,0.99569,0.99799,0.99887,100.0,0.35,0.28,0.26,0.39,52.69,53.71,53.98,52.22,0.996,0.996,0.996,0.996,/tmpdir/crf_16.mpd,/videos/BigBuckBunny-2160.avi
10158,0.99566,2.364,0.99927,52.46838,0.99993,0.93838,0.99607,0.99819,0.99898,100.0,0.33,0.27,0.24,0.37,52.94,53.88,54.29,52.47,0.997,0.997,0.997,0.997,/tmpdir/crf_16.mpd,/videos/BigBuckBunny-2160.avi
10159,0.99476,2.33227,0.99919,52.12151,0.99992,0.93454,0.99542,0.99782,0.99874,100.0,0.36,0.29,0.27,0.4,52.58,53.48,53.88,52.12,0.996,0.996,0.996,0.996,/tmpdir/crf_16.mpd,/videos/BigBuckBunny-2160.avi
10160,0.99444,2.33227,0.99916,51.95024,0.99991,0.9315,0.99528,0.99782,0.99878,100.0,0.37,0.3,0.28,0.42,52.4,53.33,53.6,51.95,0.996,0.996,0.996,0.996,/tmpdir/crf_16.mpd,/videos/BigBuckBunny-2160.avi
10161,0.99435,2.22891,0.99914,51.88222,0.99991,0.9328,0.99517,0.99776,0.99875,100.0,0.38,0.31,0.29,0.42,52.33,53.26,53.54,51.88,0.996,0.996,0.996,0.996,/tmpdir/crf_16.mpd,/videos/BigBuckBunny-2160.avi
10162,0.99529,2.22891,0.99924,52.30415,0.99993,0.936,0.99613,0.99829,0.99907,100.0,0.35,0.28,0.27,0.38,52.73,53.6,53.88,52.3,0.996,0.996,0.996,0.996,/tmpdir/crf_16.mpd,/videos/BigBuckBunny-2160.avi
10163,0.99437,1.91352,0.99918,51.91592,0.99991,0.93315,0.9955,0.99799,0.99892,100.0,0.38,0.3,0.29,0.42,52.35,53.29,53.47,51.92,0.996,0.996,0.996,0.996,/tmpdir/crf_16.mpd,/videos/BigBuckBunny-2160.avi
10164,0.99421,1.91352,0.99921,52.00816,0.99992,0.93364,0.99565,0.99804,0.99893,100.0,0.37,0.29,0.28,0.41,52.45,53.44,53.59,52.01,0.996,0.996,0.996,0.996,/tmpdir/crf_16.mpd,/videos/BigBuckBunny-2160.avi
10165,0.99406,2.10343,0.99917,51.85067,0.99991,0.93202,0.99538,0.99789,0.99881,100.0,0.38,0.3,0.3,0.42,52.31,53.36,53.43,51.85,0.996,0.996,0.996,0.996,/tmpdir/crf_16.mpd,/videos/BigBuckBunny-2160.avi
10166,0.99467,2.10343,0.99924,52.19943,0.99993,0.93456,0.9961,0.99828,0.99908,100.0,0.35,0.28,0.27,0.39,52.64,53.59,53.75,52.2,0.996,0.996,0.996,0.996,/tmpdir/crf_16.mpd,/videos/BigBuckBunny-2160.avi
10167,0.99387,1.85713,0.99916,51.82919,0.99991,0.93126,0.99525,0.99782,0.99879,100.0,0.38,0.3,0.3,0.43,52.28,53.29,53.41,51.83,0.996,0.996,0.996,0.996,/tmpdir/crf_16.mpd,/videos/BigBuckBunny-2160.avi
10168,0.99459,1.85713,0.9992,51.9473,0.99992,0.93209,0.99546,0.99791,0.99884,100.0,0.37,0.3,0.29,0.42,52.4,53.43,53.56,51.95,0.996,0.996,0.996,0.996,/tmpdir/crf_16.mpd,/videos/BigBuckBunny-2160.avi
10169,0.99412,1.80397,0.99915,51.79022,0.99991,0.93034,0.99512,0.99775,0.99875,100.0,0.39,0.31,0.3,0.43,52.24,53.25,53.39,51.79,0.996,0.996,0.996,0.996,/tmpdir/crf_16.mpd,/videos/BigBuckBunny-2160.avi
10170,0.99496,1.80397,0.99922,52.08205,0.99992,0.93249,0.99586,0.99814,0.99897,100.0,0.36,0.29,0.28,0.4,52.52,53.48,53.63,52.08,0.996,0.996,0.996,0.996,/tmpdir/crf_16.mpd,/videos/BigBuckBunny-2160.avi
10171,0.99447,2.03028,0.99917,51.84999,0.99992,0.93026,0.99524,0.99782,0.9988,100.0,0.38,0.31,0.3,0.42,52.29,53.26,53.38,51.85,0.996,0.996,0.996,0.996,/tmpdir/crf_16.mpd,/videos/BigBuckBunny-2160.avi
10172,0.99386,2.03028,0.99913,51.69957,0.99991,0.92874,0.99499,0.99771,0.99874,100.0,0.4,0.32,0.31,0.44,52.14,53.13,53.2,51.7,0.996,0.996,0.996,0.996,/tmpdir/crf_16.mpd,/videos/BigBuckBunny-2160.avi
10173,0.9948,2.16293,0.99921,51.98179,0.99993,0.9311,0.99571,0.99807,0.99896,100.0,0.37,0.3,0.29,0.41,52.41,53.34,53.52,51.98,0.996,0.996,0.996,0.996,/tmpdir/crf_16.mpd,/videos/BigBuckBunny-2160.avi
10174,0.99406,2.16293,0.99913,51.66575,0.99991,0.92806,0.99514,0.99782,0.99885,100.0,0.4,0.32,0.31,0.44,52.1,53.05,53.22,51.67,0.996,0.996,0.996,0.996,/tmpdir/crf_16.mpd,/videos/BigBuckBunny-2160.avi
10175,0.99402,2.49518,0.99911,51.55173,0.99991,0.92702,0.99489,0.99767,0.99874,100.0,0.41,0.33,0.32,0.45,51.99,52.9,53.12,51.55,0.996,0.996,0.996,0.996,/tmpdir/crf_16.mpd,/videos/BigBuckBunny-2160.avi
10176,0.9941,2.49518,0.99918,51.73295,0.99992,0.92856,0.99535,0.9979,0.99885,100.0,0.4,0.32,0.3,0.44,52.16,53.01,53.32,51.73,0.996,0.996,0.996,0.996,/tmpdir/crf_16.mpd,/videos/BigBuckBunny-2160.avi
10177,0.99382,2.52448,0.99913,51.49639,0.99992,0.92654,0.99499,0.99769,0.99873,100.0,0.42,0.35,0.33,0.46,51.91,52.75,53.01,51.5,0.996,0.996,0.996,0.996,/tmpdir/crf_16.mpd,/videos/BigBuckBunny-2160.avi
10178,0.99353,2.52448,0.99909,51.39318,0.99991,0.92519,0.99465,0.99752,0.99863,100.0,0.43,0.35,0.34,0.47,51.8,52.65,52.88,51.39,0.996,0.996,0.996,0.996,/tmpdir/crf_16.mpd,/videos/BigBuckBunny-2160.avi
10179,0.99412,2.58153,0.99915,51.63944,0.99992,0.92719,0.99509,0.99776,0.99879,100.0,0.41,0.34,0.31,0.45,52.05,52.86,53.19,51.64,0.996,0.996,0.996,0.996,/tmpdir/crf_16.mpd,/videos/BigBuckBunny-2160.avi
10180,0.99381,2.58153,0.99907,51.38937,0.9999,0.92497,0.99466,0.99753,0.99864,100.0,0.43,0.36,0.34,0.47,51.79,52.59,52.88,51.39,0.996,0.996,0.996,0.996,/tmpdir/crf_16.mpd,/videos/BigBuckBunny-2160.avi
10181,0.99396,2.73117,0.99909,51.51011,0.99991,0.92599,0.99479,0.99759,0.99869,100.0,0.42,0.35,0.33,0.46,51.91,52.7,53.0,51.51,0.996,0.996,0.996,0.996,/tmpdir/crf_16.mpd,/videos/BigBuckBunny-2160.avi
10182,0.99369,2.73117,0.99903,51.33155,0.99989,0.92427,0.99451,0.99744,0.99857,100.0,0.44,0.36,0.34,0.48,51.74,52.55,52.83,51.33,0.996,0.995,0.995,0.996,/tmpdir/crf_16.mpd,/videos/BigBuckBunny-2160.avi
10183,0.9941,2.83716,0.99908,51.52339,0.9999,0.92574,0.9947,0.9975,0.9986,100.0,0.42,0.34,0.32,0.46,51.95,52.79,53.12,51.52,0.996,0.996,0.996,0.996,/tmpdir/crf_16.mpd,/videos/BigBuckBunny-2160.avi
10184,0.99351,2.83716,0.999,51.28033,0.99989,0.92379,0.99441,0.99742,0.9986,100.0,0.44,0.36,0.34,0.48,51.71,52.56,52.87,51.28,0.996,0.995,0.995,0.996,/tmpdir/crf_16.mpd,/videos/BigBuckBunny-2160.avi
10185,0.9928,3.07774,0.99895,51.10271,0.99988,0.92191,0.9939,0.99713,0.99838,100.0,0.46,0.37,0.35,0.5,51.54,52.44,52.75,51.1,0.995,0.995,0.995,0.995,/tmpdir/crf_16.mpd,/videos/BigBuckBunny-2160.avi
10186,0.99289,3.07774,0.99899,51.15936,0.99988,0.92254,0.99377,0.997,0.9983,100.0,0.45,0.36,0.33,0.5,51.62,52.56,52.91,51.16,0.996,0.995,0.996,0.996,/tmpdir/crf_16.mpd,/videos/BigBuckBunny-2160.avi
10187,0.99249,3.98584,0.99891,50.87307,0.99986,0.92047,0.99322,0.9967,0.99809,100.0,0.47,0.37,0.35,0.53,51.37,52.39,52.74,50.87,0.995,0.995,0.995,0.995,/tmpdir/crf_16.mpd,/videos/BigBuckBunny-2160.avi
10188,0.99569,8.83855,0.99927,51.47011,0.99995,0.92626,0.99513,0.99779,0.99879,100.0,0.43,0.38,0.34,0.46,51.8,52.34,52.76,51.47,0.996,0.996,0.996,0.996,/tmpdir/crf_16.mpd,/videos/BigBuckBunny-2160.avi
10189,0.99322,8.83855,0.99905,49.54646,0.99993,0.9052,0.99197,0.99642,0.99809,100.0,0.66,0.58,0.48,0.72,49.95,50.48,51.33,49.55,0.995,0.995,0.995,0.995,/tmpdir/crf_16.mpd,/videos/BigBuckBunny-2160.avi
10190,0.99239,10.02164,0.99892,48.71404,0.99992,0.89405,0.98998,0.99549,0.9976,100.0,0.79,0.7,0.57,0.87,49.13,49.7,50.56,48.71,0.995,0.994,0.994,0.995,/tmpdir/crf_16.mpd,/videos/BigBuckBunny-2160.avi
10191,0.99267,12.09693,0.99896,48.88111,0.99993,0.89603,0.99105,0.99609,0.99797,100.0,0.77,0.7,0.55,0.84,49.28,49.71,50.74,48.88,0.995,0.994,0.994,0.995,/tmpdir/crf_16.mpd,/videos/BigBuckBunny-2160.avi
10192,0.99187,13.53523,0.9988,48.47779,0.9999,0.88893,0.98875,0.99489,0.99724,100.0,0.84,0.76,0.61,0.92,48.87,49.31,50.3,48.48,0.994,0.993,0.993,0.994,/tmpdir/crf_16.mpd,/videos/BigBuckBunny-2160.avi
10193,0.99165,12.20471,0.99881,48.42703,0.99991,0.88767,0.98926,0.99523,0.99747,100.0,0.85,0.77,0.62,0.93,48.81,49.25,50.23,48.43,0.994,0.993,0.993,0.994,/tmpdir/crf_16.mpd,/videos/BigBuckBunny-2160.avi
10194,0.99124,12.20471,0.99872,48.08475,0.9999,0.88253,0.98796,0.99453,0.997,100.0,0.92,0.84,0.67,1.01,48.47,48.89,49.9,48.08,0.994,0.993,0.993,0.994,/tmpdir/crf_16.mpd,/videos/BigBuckBunny-2160.avi
10195,0.99259,10.21578,0.99888,48.72382,0.99992,0.89098,0.99039,0.99578,0.99779,100.0,0.8,0.74,0.59,0.87,49.08,49.44,50.4,48.72,0.994,0.994,0.994,0.995,/tmpdir/crf_16.mpd,/videos/BigBuckBunny-2160.avi
10196,0.99069,10.21578,0.99868,48.14178,0.99989,0.88112,0.9875,0.99437,0.99696,100.0,0.92,0.84,0.67,1.0,48.51,48.88,49.9,48.14,0.994,0.993,0.993,0.994,/tmpdir/crf_16.mpd,/videos/BigBuckBunny-2160.avi
10197,0.99169,7.93894,0.99876,48.44961,0.9999,0.88521,0.98895,0.99507,0.99738,100.0,0.86,0.79,0.64,0.93,48.8,49.16,50.07,48.45,0.994,0.993,0.993,0.994,/tmpdir/crf_16.mpd,/videos/BigBuckBunny-2160.avi
10198,0.9903,7.93894,0.99867,48.0162,0.99989,0.87939,0.98741,0.99434,0.99697,100.0,0.94,0.87,0.69,1.03,48.38,48.73,49.76,48.02,0.993,0.993,0.993,0.994,/tmpdir/crf_16.mpd,/videos/BigBuckBunny-2160.avi
10199,0.99213,7.99904,0.99884,48.56552,0.99992,0.88791,0.9899,0.99559,0.99769,100.0,0.83,0.76,0.61,0.9,48.93,49.31,50.26,48.57,0.994,0.993,0.993,0.994,/tmpdir/crf_16.mpd,/videos/BigBuckBunny-2160.avi
10200,0.99055,7.99904,0.9987,47.97308,0.99989,0.87993,0.98749,0.99436,0.99692,100.0,0.95,0.87,0.69,1.04,48.35,48.74,49.76,47.97,0.994,0.993,0.993,0.994,/tmpdir/crf_16.mpd,/videos/BigBuckBunny-2160.avi
10201,0.99134,8.70267,0.99877,48.21887,0.9999,0.88359,0.98874,0.99498,0.99733,100.0,0.9,0.82,0.66,0.98,48.59,48.98,49.94,48.22,0.994,0.993,0.993,0.994,/tmpdir/crf_16.mpd,/videos/BigBuckBunny-2160.avi
10202,0.99074,8.70267,0.99869,47.98213,0.99989,0.87977,0.9873,0.99426,0.99689,100.0,0.95,0.87,0.69,1.03,48.35,48.72,49.74,47.98,0.994,0.993,0.993,0.994,/tmpdir/crf_16.mpd,/videos/BigBuckBunny-2160.avi
10203,0.9907,11.40738,0.99873,48.13138,0.9999,0.88169,0.98766,0.99443,0.99702,100.0,0.91,0.83,0.66,1.0,48.52,48.94,49.96,48.13,0.994,0.993,0.993,0.994,/tmpdir/crf_16.mpd,/videos/BigBuckBunny-2160.avi
10204,0.99493,17.67527,0.99868,53.43474,0.99971,0.93363,0.99419,0.99731,0.9985,100.0,0.29,0.28,0.26,0.29,53.54,53.62,53.9,53.43,0.997,0.997,0.997,0.997,/tmpdir/crf_16.mpd,/videos/BigBuckBunny-2160.avi
10205,0.98931,14.6132,0.99794,49.88,0.99956,0.87717,0.98359,0.99245,0.99593,100.0,0.61,0.5,0.47,0.67,50.29,51.15,51.38,49.88,0.995,0.995,0.995,0.995,/tmpdir/crf_16.mpd,/videos/BigBuckBunny-2160.avi
10206,0.99091,13.8706,0.99806,50.51295,0.99957,0.89179,0.98541,0.99309,0.99613,100.0,0.53,0.45,0.43,0.58,50.87,51.55,51.84,50.51,0.996,0.995,0.995,0.996,/tmpdir/crf_16.mpd,/videos/BigBuckBunny-2160.avi
10207,0.98813,10.34214,0.99793,49.41389,0.99955,0.8703,0.98269,0.99192,0.99557,100.0,0.67,0.54,0.5,0.74,49.87,50.83,51.1,49.41,0.995,0.995,0.994,0.995,/tmpdir/crf_16.mpd,/videos/BigBuckBunny-2160.avi
10208,0.99334,10.34214,0.99841,51.53857,0.99965,0.90613,0.99082,0.99572,0.99765,100.0,0.44,0.43,0.4,0.46,51.67,51.78,52.15,51.54,0.996,0.996,0.996,0.996,/tmpdir/crf_16.mpd,/videos/BigBuckBunny-2160.avi
10209,0.98603,8.71033,0.99778,48.83372,0.99949,0.86086,0.97936,0.98993,0.99415,100.0,0.77,0.63,0.62,0.85,49.24,50.15,50.23,48.83,0.994,0.994,0.994,0.995,/tmpdir/crf_16.mpd,/videos/BigBuckBunny-2160.avi
10210,0.98967,8.71033,0.99815,50.18404,0.99961,0.88089,0.98733,0.99424,0.99682,100.0,0.59,0.53,0.5,0.62,50.43,50.86,51.1,50.18,0.995,0.995,0.994,0.995,/tmpdir/crf_16.mpd,/videos/BigBuckBunny-2160.avi
10211,0.98746,8.13656,0.99786,48.92134,0.99954,0.86306,0.98208,0.99133,0.99486,100.0,0.77,0.66,0.64,0.83,49.25,49.97,50.05,48.92,0.994,0.993,0.993,0.995,/tmpdir/crf_16.mpd,/videos/BigBuckBunny-2160.avi
10212,0.98989,8.13656,0.99812,49.82621,0.99963,0.87608,0.98731,0.99425,0.99686,100.0,0.64,0.6,0.56,0.68,50.04,50.38,50.65,49.83,0.995,0.994,0.994,0.995,/tmpdir/crf_16.mpd,/videos/BigBuckBunny-2160.avi
10213,0.98967,7.12466,0.99819,50.03721,0.99963,0.87975,0.98833,0.99461,0.99703,100.0,0.61,0.58,0.53,0.64,50.25,50.51,50.89,50.04,0.995,0.994,0.994,0.995,/tmpdir/crf_16.mpd,/videos/BigBuckBunny-2160.avi
10214,0.98871,7.12466,0.99795,49.32012,0.99954,0.87003,0.98413,0.99236,0.99562,100.0,0.72,0.67,0.62,0.76,49.54,49.84,50.18,49.32,0.994,0.993,0.993,0.995,/tmpdir/crf_16.mpd,/videos/BigBuckBunny-2160.avi
10215,0.9904,4.79041,0.99818,50.11181,0.99963,0.87996,0.9889,0.99488,0.99716,100.0,0.6,0.56,0.52,0.63,50.33,50.64,50.98,50.11,0.995,0.994,0.994,0.995,/tmpdir/crf_16.mpd,/videos/BigBuckBunny-2160.avi
10216,0.99002,4.79041,0.99808,49.80324,0.99956,0.87679,0.98656,0.99357,0.99632,100.0,0.65,0.61,0.58,0.68,49.99,50.26,50.52,49.8,0.995,0.994,0.994,0.995,/tmpdir/crf_16.mpd,/videos/BigBuckBunny-2160.avi
10217,0.99106,3.85827,0.99826,50.44042,0.99963,0.88525,0.98976,0.99516,0.99722,100.0,0.56,0.52,0.47,0.59,50.67,50.93,51.45,50.44,0.995,0.995,0.995,0.996,/tmpdir/crf_16.mpd,/videos/BigBuckBunny-2160.avi
10218,0.99055,3.85827,0.99821,50.24724,0.9996,0.8857,0.98868,0.99455,0.99688,100.0,0.59,0.57,0.49,0.61,50.45,50.57,51.19,50.25,0.995,0.994,0.995,0.996,/tmpdir/crf_16.mpd,/videos/BigBuckBunny-2160.avi
10219,0.99092,3.41722,0.9983,50.36114,0.99963,0.88419,0.99019,0.99547,0.99745,100.0,0.56,0.52,0.47,0.6,50.63,51.0,51.46,50.36,0.995,0.995,0.995,0.996,/tmpdir/crf_16.mpd,/videos/BigBuckBunny-2160.avi
10220,0.98993,3.41722,0.99825,50.14749,0.99961,0.88241,0.98911,0.99484,0.99706,100.0,0.59,0.54,0.48,0.63,50.43,50.81,51.3,50.15,0.995,0.995,0.995,0.996,/tmpdir/crf_16.mpd,/videos/BigBuckBunny-2160.avi
10221,0.99009,2.78918,0.99825,50.14405,0.99962,0.88231,0.989,0.99482,0.99707,99.71429,0.59,0.53,0.48,0.63,50.43,50.85,51.32,50.14,0.995,0.995,0.995,0.996,/tmpdir/crf_16.mpd,/videos/BigBuckBunny-2160.avi
10222,0.99075,2.78918,0.99829,50.31384,0.99963,0.88402,0.99011,0.99554,0.99756,99.88768,0.57,0.51,0.46,0.6,50.61,51.06,51.46,50.31,0.995,0.995,0.995,0.996,/tmpdir/crf_16.mpd,/videos/BigBuckBunny-2160.avi
10223,0.99004,2.55651,0.99821,49.98671,0.9996,0.88056,0.988,0.99424,0.99669,99.53963,0.61,0.56,0.5,0.65,50.27,50.64,51.17,49.99,0.995,0.994,0.995,0.996,/tmpdir/crf_16.mpd,/videos/BigBuckBunny-2160.avi
10224,0.99032,2.55651,0.99824,50.1403,0.99961,0.88149,0.98879,0.99476,0.99707,99.62907,0.59,0.54,0.49,0.63,50.41,50.79,51.24,50.14,0.995,0.995,0.995,0.996,/tmpdir/crf_16.mpd,/videos/BigBuckBunny-2160.avi
10225,0.99018,2.93914,0.9982,50.00928,0.99958,0.88045,0.98797,0.9942,0.99661,99.75881,0.61,0.56,0.5,0.65,50.29,50.68,51.14,50.01,0.995,0.994,0.995,0.996,/tmpdir/crf_16.mpd,/videos/BigBuckBunny-2160.avi
10226,0.99032,2.93914,0.99822,50.11536,0.99959,0.88104,0.9887,0.99469,0.99701,99.82398,0.6,0.54,0.5,0.63,50.38,50.79,51.17,50.12,0.995,0.995,0.995,0.996,/tmpdir/crf_16.mpd,/videos/BigBuckBunny-2160.avi
10227,0.99022,3.48917,0.99817,49.91305,0.99957,0.87963,0.98756,0.99389,0.99642,100.0,0.62,0.57,0.52,0.66,50.18,50.55,50.99,49.91,0.995,0.994,0.994,0.996,/tmpdir/crf_16.mpd,/videos/BigBuckBunny-2160.avi
10228,0.99076,3.48917,0.9982,50.03162,0.99959,0.88002,0.9882,0.99438,0.99684,100.0,0.61,0.56,0.51,0.65,50.28,50.63,51.04,50.03,0.995,0.994,0.994,0.996,/tmpdir/crf_16.mpd,/videos/BigBuckBunny-2160.avi
10229,0.99036,4.34591,0.99818,49.95764,0.99959,0.88017,0.98777,0.99404,0.99653,100.0,0.62,0.58,0.52,0.66,50.21,50.52,50.99,49.96,0.995,0.994,0.994,0.996,/tmpdir/crf_16.mpd,/videos/BigBuckBunny-2160.avi
10230,0.99047,4.34591,0.9982,49.97189,0.99961,0.8797,0.98788,0.99414,0.99665,100.0,0.62,0.58,0.52,0.65,50.21,50.53,50.97,49.97,0.995,0.994,0.994,0.996,/tmpdir/crf_16.mpd,/videos/BigBuckBunny-2160.avi
10231,0.99061,5.98462,0.99817,49.82121,0.99961,0.87836,0.98715,0.99372,0.99634,100.0,0.64,0.61,0.54,0.68,50.06,50.31,50.84,49.82,0.995,0.994,0.994,0.995,/tmpdir/crf_16.mpd,/videos/BigBuckBunny-2160.avi
10232,0.9934,8.44475,0.99831,44.69445,0.99987,0.82665,0.98812,0.99467,0.9971,100.0,1.98,1.58,1.45,2.21,45.17,46.15,46.51,44.69,0.989,0.988,0.986,0.991,/tmpdir/crf_16.mpd,/videos/BigBuckBunny-2160.avi
10233,0.98157,8.44475,0.99667,41.0051,0.99954,0.74161,0.96542,0.98325,0.99054,100.0,4.4,3.17,2.56,5.16,41.7,43.12,44.04,41.01,0.983,0.979,0.978,0.985,/tmpdir/crf_16.mpd,/videos/BigBuckBunny-2160.avi
10234,0.98191,10.97409,0.9966,40.89001,0.99955,0.7353,0.96509,0.98329,0.99069,100.0,4.41,2.9,2.39,5.3,41.68,43.51,44.34,40.89,0.983,0.98,0.979,0.984,/tmpdir/crf_16.mpd,/videos/BigBuckBunny-2160.avi
10235,0.98173,12.31859,0.99626,40.87464,0.99947,0.73038,0.9609,0.98087,0.98912,100.0,4.58,3.48,2.75,5.32,41.52,42.72,43.74,40.87,0.981,0.977,0.977,0.983,/tmpdir/crf_16.mpd,/videos/BigBuckBunny-2160.avi
10236,0.98731,12.31859,0.99703,42.02177,0.99968,0.75736,0.97422,0.98802,0.99345,100.0,3.51,2.59,2.16,4.08,42.67,44.0,44.78,42.02,0.984,0.982,0.981,0.986,/tmpdir/crf_16.mpd,/videos/BigBuckBunny-2160.avi
10237,0.97964,11.78521,0.99614,40.40776,0.99942,0.71949,0.95896,0.97982,0.98848,100.0,5.1,3.86,3.03,5.92,41.06,42.26,43.31,40.41,0.98,0.975,0.974,0.983,/tmpdir/crf_16.mpd,/videos/BigBuckBunny-2160.avi
10238,0.9814,11.78521,0.99647,40.84076,0.99952,0.73024,0.9648,0.98315,0.99058,100.0,4.58,3.33,2.72,5.36,41.52,42.9,43.79,40.84,0.982,0.978,0.977,0.984,/tmpdir/crf_16.mpd,/videos/BigBuckBunny-2160.avi
10239,0.98227,9.93229,0.99634,40.96577,0.99945,0.73104,0.96254,0.98183,0.98972,100.0,4.59,3.69,3.0,5.21,41.52,42.46,43.36,40.97,0.981,0.975,0.975,0.984,/tmpdir/crf_16.mpd,/videos/BigBuckBunny-2160.avi
10240,0.98875,9.93229,0.99724,42.55709,0.99972,0.76768,0.9786,0.99041,0.99483,100.0,3.18,2.49,2.18,3.61,43.1,44.17,44.75,42.56,0.985,0.982,0.98,0.986,/tmpdir/crf_16.mpd,/videos/BigBuckBunny-2160.avi
10241,0.9808,9.8885,0.99637,40.72529,0.99949,0.72558,0.96273,0.98198,0.9898,100.0,4.81,3.76,3.11,5.5,41.31,42.38,43.21,40.73,0.98,0.975,0.974,0.984,/tmpdir/crf_16.mpd,/videos/BigBuckBunny-2160.avi
10242,0.98202,9.8885,0.9966,41.189,0.99954,0.73639,0.96823,0.98511,0.9918,100.0,4.29,3.21,2.75,4.95,41.81,43.06,43.74,41.19,0.982,0.977,0.976,0.984,/tmpdir/crf_16.mpd,/videos/BigBuckBunny-2160.avi
10243,0.98279,8.93618,0.99643,41.16782,0.9995,0.73414,0.96522,0.9836,0.99103,100.0,4.41,3.59,3.01,4.97,41.68,42.58,43.34,41.17,0.981,0.975,0.974,0.984,/tmpdir/crf_16.mpd,/videos/BigBuckBunny-2160.avi
10244,0.98911,8.93618,0.99732,42.66557,0.99973,0.77085,0.97984,0.9911,0.99531,100.0,3.15,2.53,2.28,3.52,43.15,44.09,44.55,42.67,0.985,0.981,0.98,0.987,/tmpdir/crf_16.mpd,/videos/BigBuckBunny-2160.avi
10245,0.98104,7.90877,0.99639,40.71093,0.9995,0.72539,0.96403,0.98296,0.99052,100.0,4.86,3.82,3.23,5.52,41.27,42.31,43.04,40.71,0.98,0.974,0.973,0.984,/tmpdir/crf_16.mpd,/videos/BigBuckBunny-2160.avi
10246,0.98242,7.90877,0.99667,41.118,0.99956,0.73495,0.96856,0.98523,0.99172,100.0,4.39,3.32,2.88,5.03,41.71,42.92,43.53,41.12,0.982,0.977,0.975,0.985,/tmpdir/crf_16.mpd,/videos/BigBuckBunny-2160.avi
10247,0.98313,7.52284,0.99652,41.14595,0.99952,0.73404,0.96535,0.98329,0.99042,100.0,4.47,3.69,3.14,4.99,41.63,42.46,43.16,41.15,0.981,0.975,0.973,0.984,/tmpdir/crf_16.mpd,/videos/BigBuckBunny-2160.avi
10248,0.98925,7.52284,0.9973,42.59803,0.99973,0.76825,0.97987,0.99113,0.99527,100.0,3.22,2.64,2.38,3.58,43.05,43.92,44.36,42.6,0.984,0.98,0.979,0.986,/tmpdir/crf_16.mpd,/videos/BigBuckBunny-2160.avi
10249,0.98079,7.63001,0.99644,40.71365,0.99951,0.72495,0.96444,0.98327,0.99076,100.0,4.87,3.86,3.27,5.52,41.26,42.26,42.99,40.71,0.98,0.973,0.972,0.984,/tmpdir/crf_16.mpd,/videos/BigBuckBunny-2160.avi
10250,0.98217,7.63001,0.99668,41.1364,0.99957,0.73468,0.96902,0.98564,0.99204,100.0,4.39,3.37,2.93,5.01,41.71,42.85,43.47,41.14,0.981,0.976,0.975,0.984,/tmpdir/crf_16.mpd,/videos/BigBuckBunny-2160.avi
10251,0.98286,6.86329,0.99651,41.12856,0.99952,0.73217,0.96604,0.98415,0.99133,100.0,4.48,3.7,3.15,5.01,41.61,42.45,43.15,41.13,0.981,0.974,0.973,0.984,/tmpdir/crf_16.mpd,/videos/BigBuckBunny-2160.avi
10252,0.98948,6.86329,0.99726,42.61599,0.99971,0.76635,0.98,0.99124,0.9953,100.0,3.22,2.63,2.42,3.56,43.06,43.93,44.3,42.62,0.984,0.98,0.978,0.986,/tmpdir/crf_16.mpd,/videos/BigBuckBunny-2160.avi
10253,0.98102,6.29767,0.99643,40.73301,0.9995,0.72453,0.96498,0.98366,0.99108,99.35362,4.84,3.83,3.26,5.49,41.28,42.3,42.99,40.73,0.98,0.973,0.972,0.984,/tmpdir/crf_16.mpd,/videos/BigBuckBunny-2160.avi
10254,0.98275,6.29767,0.99672,41.2294,0.99958,0.7358,0.96982,0.98602,0.99232,99.78248,4.3,3.29,2.89,4.9,41.8,42.96,43.52,41.23,0.982,0.976,0.975,0.985,/tmpdir/crf_16.mpd,/videos/BigBuckBunny-2160.avi
10255,0.9836,6.21816,0.99659,41.26866,0.99953,0.7349,0.96736,0.98485,0.99176,99.81989,4.34,3.55,3.05,4.86,41.76,42.62,43.28,41.27,0.981,0.975,0.973,0.984,/tmpdir/crf_16.mpd,/videos/BigBuckBunny-2160.avi
10256,0.98991,6.21816,0.9973,42.75248,0.99972,0.76832,0.98102,0.99174,0.9956,100.0,3.12,2.55,2.36,3.45,43.19,44.06,44.41,42.75,0.984,0.98,0.978,0.986,/tmpdir/crf_16.mpd,/videos/BigBuckBunny-2160.avi
10257,0.98181,6.08324,0.99654,40.92531,0.99953,0.72784,0.96683,0.98466,0.99161,99.40973,4.65,3.7,3.16,5.25,41.46,42.45,43.14,40.93,0.98,0.974,0.973,0.984,/tmpdir/crf_16.mpd,/videos/BigBuckBunny-2160.avi
10258,0.98309,6.08324,0.99677,41.33528,0.99959,0.7376,0.97101,0.98669,0.99268,99.74414,4.2,3.23,2.86,4.78,41.9,43.04,43.57,41.34,0.982,0.976,0.975,0.985,/tmpdir/crf_16.mpd,/videos/BigBuckBunny-2160.avi
10259,0.98374,6.15693,0.99663,41.28707,0.99955,0.73527,0.96826,0.98539,0.99208,99.83881,4.34,3.58,3.09,4.83,41.76,42.59,43.23,41.29,0.981,0.974,0.973,0.984,/tmpdir/crf_16.mpd,/videos/BigBuckBunny-2160.avi
10260,0.98957,6.15693,0.99727,42.60963,0.99973,0.76642,0.98093,0.99181,0.9957,100.0,3.22,2.64,2.44,3.57,43.05,43.92,44.25,42.61,0.984,0.98,0.978,0.986,/tmpdir/crf_16.mpd,/videos/BigBuckBunny-2160.avi
10261,0.99515,6.55157,0.99873,45.85768,0.99991,0.85338,0.99168,0.99637,0.99805,100.0,1.51,1.18,1.12,1.69,46.34,47.41,47.62,45.86,0.992,0.99,0.989,0.992,/tmpdir/crf_16.mpd,/videos/BigBuckBunny-2160.avi
10262,0.98695,6.55157,0.99764,42.59351,0.99969,0.7831,0.97632,0.98904,0.99411,100.0,3.12,2.36,2.01,3.58,43.2,44.4,45.09,42.59,0.987,0.984,0.983,0.988,/tmpdir/crf_16.mpd,/videos/BigBuckBunny-2160.avi
10263,0.98567,6.62338,0.9976,42.28581,0.99969,0.77433,0.97775,0.98971,0.99437,100.0,3.25,2.19,1.94,3.84,43.01,44.73,45.26,42.29,0.987,0.985,0.983,0.988,/tmpdir/crf_16.mpd,/videos/BigBuckBunny-2160.avi
10264,0.98405,6.62338,0.99733,41.68116,0.99963,0.75907,0.97289,0.98728,0.99292,100.0,3.82,2.87,2.42,4.42,42.3,43.56,44.29,41.68,0.985,0.981,0.98,0.987,/tmpdir/crf_16.mpd,/videos/BigBuckBunny-2160.avi
10265,0.99178,6.53348,0.99805,43.82169,0.99981,0.804,0.98534,0.99327,0.99618,100.0,2.37,1.81,1.65,2.7,44.38,45.57,45.96,43.82,0.988,0.986,0.985,0.99,/tmpdir/crf_16.mpd,/videos/BigBuckBunny-2160.avi
10266,0.98587,6.53348,0.99745,42.22141,0.99966,0.76942,0.97431,0.98784,0.99319,100.0,3.48,2.88,2.44,3.9,42.71,43.54,44.26,42.22,0.985,0.98,0.98,0.988,/tmpdir/crf_16.mpd,/videos/BigBuckBunny-2160.avi
10267,0.98582,6.33833,0.99748,42.19652,0.99965,0.76949,0.97706,0.98938,0.99416,100.0,3.4,2.51,2.2,3.92,42.82,44.13,44.7,42.2,0.986,0.982,0.981,0.988,/tmpdir/crf_16.mpd,/videos/BigBuckBunny-2160.avi
10268,0.98436,6.33833,0.99731,41.70222,0.99963,0.75762,0.97288,0.9873,0.99296,100.0,3.85,3.0,2.54,4.39,42.27,43.36,44.08,41.7,0.984,0.979,0.979,0.987,/tmpdir/crf_16.mpd,/videos/BigBuckBunny-2160.avi
10269,0.99265,6.01835,0.9981,44.12242,0.99982,0.80924,0.98695,0.99421,0.99684,100.0,2.24,1.76,1.64,2.52,44.62,45.68,45.98,44.12,0.988,0.986,0.985,0.99,/tmpdir/crf_16.mpd,/videos/BigBuckBunny-2160.avi
10270,0.98656,6.01835,0.99752,42.49675,0.99967,0.77403,0.97641,0.98905,0.99402,100.0,3.3,2.79,2.38,3.66,42.94,43.68,44.37,42.5,0.985,0.98,0.98,0.988,/tmpdir/crf_16.mpd,/videos/BigBuckBunny-2160.avi
10271,0.98682,6.09478,0.99763,42.50086,0.9997,0.77468,0.97892,0.99023,0.99459,100.0,3.2,2.41,2.16,3.66,43.08,44.31,44.78,42.5,0.986,0.983,0.981,0.988,/tmpdir/crf_16.mpd,/videos/BigBuckBunny-2160.avi
10272,0.98511,6.09478,0.99741,41.92082,0.99965,0.76175,0.97488,0.98841,0.99369,100.0,3.68,2.89,2.5,4.18,42.47,43.53,44.15,41.92,0.985,0.98,0.979,0.987,/tmpdir/crf_16.mpd,/videos/BigBuckBunny-2160.avi
10273,0.99296,6.18353,0.99818,44.37732,0.99983,0.81484,0.98818,0.99483,0.99718,100.0,2.14,1.71,1.61,2.37,44.83,45.8,46.05,44.38,0.989,0.986,0.985,0.99,/tmpdir/crf_16.mpd,/videos/BigBuckBunny-2160.avi
10274,0.98711,6.18353,0.9976,42.71261,0.99968,0.77873,0.97794,0.98974,0.99433,100.0,3.16,2.71,2.34,3.48,43.13,43.8,44.44,42.71,0.986,0.981,0.98,0.988,/tmpdir/crf_16.mpd,/videos/BigBuckBunny-2160.avi
10275,0.98751,6.31268,0.99771,42.79493,0.99972,0.78025,0.98084,0.99128,0.9952,100.0,3.02,2.35,2.12,3.42,43.33,44.42,44.87,42.79,0.986,0.983,0.981,0.988,/tmpdir/crf_16.mpd,/videos/BigBuckBunny-2160.avi
10276,0.98583,6.31268,0.99751,42.20078,0.99968,0.76676,0.97663,0.98922,0.99403,100.0,3.5,2.86,2.47,3.92,42.69,43.57,44.21,42.2,0.985,0.98,0.979,0.988,/tmpdir/crf_16.mpd,/videos/BigBuckBunny-2160.avi
10277,0.99305,5.99252,0.99819,44.43602,0.99983,0.81528,0.98846,0.99495,0.99724,100.0,2.12,1.71,1.62,2.34,44.88,45.8,46.04,44.44,0.989,0.986,0.985,0.99,/tmpdir/crf_16.mpd,/videos/BigBuckBunny-2160.avi
10278,0.98736,5.99252,0.99767,42.8664,0.99971,0.78103,0.9788,0.99022,0.99465,100.0,3.08,2.7,2.33,3.36,43.25,43.82,44.46,42.87,0.986,0.981,0.98,0.988,/tmpdir/crf_16.mpd,/videos/BigBuckBunny-2160.avi
10279,0.98787,5.77729,0.99776,42.91556,0.99972,0.78252,0.98138,0.99149,0.99526,100.0,2.95,2.33,2.11,3.32,43.43,44.46,44.89,42.92,0.986,0.983,0.981,0.989,/tmpdir/crf_16.mpd,/videos/BigBuckBunny-2160.avi
10280,0.98623,5.77729,0.99754,42.28829,0.99967,0.76862,0.97718,0.98954,0.99428,100.0,3.44,2.82,2.44,3.84,42.77,43.63,44.26,42.29,0.985,0.98,0.979,0.988,/tmpdir/crf_16.mpd,/videos/BigBuckBunny-2160.avi
10281,0.99314,5.61842,0.99819,44.48019,0.99984,0.815,0.98867,0.99504,0.99727,100.0,2.1,1.71,1.62,2.32,44.91,45.8,46.04,44.48,0.989,0.986,0.985,0.99,/tmpdir/crf_16.mpd,/videos/BigBuckBunny-2160.avi
10282,0.9876,5.61842,0.9977,42.97682,0.9997,0.78294,0.9796,0.99068,0.99494,100.0,3.02,2.67,2.32,3.28,43.34,43.87,44.47,42.98,0.986,0.981,0.98,0.989,/tmpdir/crf_16.mpd,/videos/BigBuckBunny-2160.avi
10283,0.98829,5.41573,0.99779,43.09062,0.99973,0.78527,0.98236,0.99203,0.99567,100.0,2.86,2.31,2.11,3.19,43.56,44.5,44.9,43.09,0.986,0.983,0.981,0.989,/tmpdir/crf_16.mpd,/videos/BigBuckBunny-2160.avi
10284,0.98653,5.41573,0.9976,42.47074,0.99969,0.77148,0.97838,0.99017,0.99462,100.0,3.33,2.81,2.45,3.68,42.91,43.65,44.24,42.47,0.985,0.98,0.978,0.988,/tmpdir/crf_16.mpd,/videos/BigBuckBunny-2160.avi
10285,0.99284,5.30445,0.99814,44.35912,0.99983,0.8112,0.98837,0.9949,0.99721,100.0,2.16,1.76,1.67,2.38,44.78,45.67,45.9,44.36,0.988,0.986,0.984,0.99,/tmpdir/crf_16.mpd,/videos/BigBuckBunny-2160.avi
10286,0.9877,5.30445,0.99768,43.0061,0.99972,0.78091,0.98005,0.9909,0.99497,100.0,3.02,2.71,2.39,3.25,43.33,43.8,44.35,43.01,0.985,0.98,0.979,0.988,/tmpdir/crf_16.mpd,/videos/BigBuckBunny-2160.avi
10287,0.98916,5.28363,0.99772,43.16675,0.99972,0.78364,0.9823,0.99199,0.9956,100.0,2.86,2.41,2.2,3.14,43.57,44.31,44.7,43.17,0.986,0.982,0.98,0.989,/tmpdir/crf_16.mpd,/videos/BigBuckBunny-2160.avi
10288,0.98695,5.28363,0.99751,42.52262,0.99968,0.76876,0.97834,0.99024,0.9947,100.0,3.37,3.02,2.65,3.64,42.85,43.33,43.9,42.52,0.984,0.978,0.977,0.988,/tmpdir/crf_16.mpd,/videos/BigBuckBunny-2160.avi
10289,0.99029,5.26583,0.99769,43.19033,0.99975,0.78091,0.98321,0.99256,0.99594,100.0,2.82,2.3,2.13,3.12,43.63,44.52,44.85,43.19,0.986,0.982,0.98,0.988,/tmpdir/crf_16.mpd,/videos/BigBuckBunny-2160.avi
10290,0.98784,5.26583,0.99735,42.41316,0.99969,0.76153,0.97745,0.98987,0.99453,100.0,3.4,2.9,2.6,3.73,42.81,43.5,43.99,42.41,0.984,0.978,0.977,0.987,/tmpdir/crf_16.mpd,/videos/BigBuckBunny-2160.avi
10291,0.99442,5.41575,0.9982,54.35601,0.99912,0.92967,0.99561,0.998,0.99887,100.0,0.22,0.17,0.18,0.24,54.75,55.84,55.52,54.36,0.998,0.998,0.998,0.998,/tmpdir/crf_16.mpd,/videos/BigBuckBunny-2160.avi
10292,0.9935,5.41575,0.99808,53.37641,0.99912,0.91727,0.9944,0.99747,0.99851,100.0,0.27,0.19,0.21,0.3,53.89,55.36,54.96,53.38,0.997,0.998,0.998,0.997,/tmpdir/crf_16.mpd,/videos/BigBuckBunny-2160.avi
10293,0.98735,5.8543,0.99785,51.95123,0.99905,0.89646,0.99097,0.99563,0.99729,100.0,0.36,0.25,0.28,0.41,52.53,54.23,53.73,51.95,0.997,0.997,0.997,0.996,/tmpdir/crf_16.mpd,/videos/BigBuckBunny-2160.avi
10294,0.98973,5.8543,0.99795,52.55305,0.99908,0.90511,0.99225,0.99626,0.99763,100.0,0.32,0.23,0.26,0.36,53.05,54.49,54.0,52.55,0.997,0.997,0.997,0.997,/tmpdir/crf_16.mpd,/videos/BigBuckBunny-2160.avi
10295,0.98952,5.99902,0.99789,52.22061,0.99906,0.90117,0.99101,0.99556,0.99712,100.0,0.35,0.25,0.29,0.39,52.7,54.14,53.56,52.22,0.997,0.997,0.997,0.997,/tmpdir/crf_16.mpd,/videos/BigBuckBunny-2160.avi
10296,0.99387,5.99902,0.99805,53.20438,0.99911,0.91449,0.99382,0.99715,0.99837,100.0,0.28,0.2,0.22,0.31,53.7,55.1,54.68,53.2,0.997,0.998,0.997,0.997,/tmpdir/crf_16.mpd,/videos/BigBuckBunny-2160.avi
10297,0.98792,5.73451,0.99785,52.0382,0.99905,0.89815,0.99089,0.99553,0.99714,100.0,0.36,0.25,0.29,0.41,52.56,54.13,53.56,52.04,0.997,0.997,0.997,0.996,/tmpdir/crf_16.mpd,/videos/BigBuckBunny-2160.avi
10298,0.99028,5.73451,0.99792,52.40998,0.99908,0.90281,0.99231,0.99639,0.99782,100.0,0.33,0.24,0.27,0.37,52.9,54.35,53.82,52.41,0.997,0.997,0.997,0.997,/tmpdir/crf_16.mpd,/videos/BigBuckBunny-2160.avi
10299,0.98921,5.49554,0.99787,52.21242,0.99906,0.90086,0.9914,0.99579,0.99733,100.0,0.35,0.25,0.29,0.39,52.7,54.19,53.56,52.21,0.997,0.997,0.997,0.997,/tmpdir/crf_16.mpd,/videos/BigBuckBunny-2160.avi
10300,0.9934,5.49554,0.99804,53.20849,0.99911,0.91434,0.99424,0.99742,0.99859,100.0,0.28,0.2,0.22,0.31,53.7,55.14,54.66,53.21,0.997,0.998,0.997,0.997,/tmpdir/crf_16.mpd,/videos/BigBuckBunny-2160.avi
10301,0.9878,4.95883,0.99783,52.07123,0.99905,0.89789,0.99089,0.99561,0.99726,100.0,0.36,0.25,0.29,0.4,52.57,54.09,53.53,52.07,0.997,0.997,0.997,0.996,/tmpdir/crf_16.mpd,/videos/BigBuckBunny-2160.avi
10302,0.99041,4.95883,0.99793,52.60281,0.99909,0.90512,0.99241,0.99639,0.9978,100.0,0.32,0.23,0.26,0.36,53.07,54.48,53.95,52.6,0.997,0.997,0.997,0.997,/tmpdir/crf_16.mpd,/videos/BigBuckBunny-2160.avi
10303,0.98959,4.50425,0.99787,52.21244,0.99909,0.89946,0.99151,0.99584,0.99737,100.0,0.35,0.25,0.29,0.39,52.7,54.2,53.57,52.21,0.997,0.997,0.997,0.996,/tmpdir/crf_16.mpd,/videos/BigBuckBunny-2160.avi
10304,0.99264,4.50425,0.99805,53.28323,0.99913,0.91345,0.99449,0.99751,0.99856,100.0,0.27,0.19,0.22,0.31,53.78,55.24,54.72,53.28,0.997,0.998,0.997,0.997,/tmpdir/crf_16.mpd,/videos/BigBuckBunny-2160.avi
10305,0.98869,3.95759,0.99785,52.11296,0.99909,0.8974,0.99142,0.99592,0.99752,100.0,0.35,0.24,0.28,0.4,52.63,54.26,53.59,52.11,0.997,0.997,0.997,0.996,/tmpdir/crf_16.mpd,/videos/BigBuckBunny-2160.avi
10306,0.9908,3.95759,0.99795,52.62388,0.99912,0.90418,0.99311,0.99685,0.99816,100.0,0.32,0.23,0.26,0.36,53.1,54.57,53.94,52.62,0.997,0.998,0.997,0.997,/tmpdir/crf_16.mpd,/videos/BigBuckBunny-2160.avi
10307,0.9893,3.41133,0.99789,52.46514,0.9991,0.90234,0.99201,0.99623,0.9977,100.0,0.33,0.23,0.28,0.37,52.94,54.44,53.72,52.47,0.997,0.998,0.997,0.997,/tmpdir/crf_16.mpd,/videos/BigBuckBunny-2160.avi
10308,0.99277,3.41133,0.99802,53.39747,0.99913,0.91394,0.99469,0.99767,0.99868,100.0,0.26,0.19,0.21,0.3,53.9,55.43,54.87,53.4,0.997,0.998,0.998,0.997,/tmpdir/crf_16.mpd,/videos/BigBuckBunny-2160.avi
10309,0.98789,2.95468,0.99779,52.0727,0.99905,0.8947,0.99108,0.99584,0.99749,99.49921,0.36,0.24,0.28,0.4,52.61,54.33,53.61,52.07,0.997,0.998,0.997,0.996,/tmpdir/crf_16.mpd,/videos/BigBuckBunny-2160.avi
10310,0.98888,2.95468,0.99786,52.42473,0.99908,0.89913,0.99215,0.99636,0.99779,99.72008,0.33,0.22,0.26,0.37,52.96,54.65,53.93,52.42,0.997,0.998,0.997,0.997,/tmpdir/crf_16.mpd,/videos/BigBuckBunny-2160.avi
10311,0.98861,2.27806,0.9978,52.25771,0.99904,0.89712,0.99142,0.99591,0.99741,99.2795,0.34,0.23,0.27,0.39,52.81,54.56,53.83,52.26,0.997,0.998,0.997,0.997,/tmpdir/crf_16.mpd,/videos/BigBuckBunny-2160.avi
10312,0.99166,2.27806,0.99797,53.34941,0.99909,0.91153,0.99457,0.99761,0.99863,99.98837,0.27,0.18,0.21,0.3,53.89,55.52,54.92,53.35,0.997,0.998,0.998,0.997,/tmpdir/crf_16.mpd,/videos/BigBuckBunny-2160.avi
10313,0.98693,1.94393,0.99773,52.07488,0.999,0.89211,0.99118,0.99596,0.99755,98.80784,0.35,0.23,0.27,0.4,52.65,54.45,53.79,52.07,0.997,0.998,0.997,0.996,/tmpdir/crf_16.mpd,/videos/BigBuckBunny-2160.avi
10314,0.9881,1.94393,0.99781,52.5067,0.99901,0.89814,0.99266,0.99671,0.99807,99.08739,0.32,0.21,0.25,0.37,53.07,54.81,54.18,52.51,0.997,0.998,0.997,0.997,/tmpdir/crf_16.mpd,/videos/BigBuckBunny-2160.avi
10315,0.98805,1.45219,0.99775,52.2652,0.999,0.89426,0.99176,0.9963,0.99777,98.79218,0.34,0.22,0.27,0.39,52.83,54.63,53.88,52.27,0.997,0.998,0.997,0.997,/tmpdir/crf_16.mpd,/videos/BigBuckBunny-2160.avi
10316,0.99205,1.45219,0.99788,53.34305,0.99901,0.90903,0.99477,0.99779,0.99877,99.65326,0.26,0.18,0.2,0.3,53.91,55.63,55.02,53.34,0.997,0.998,0.998,0.997,/tmpdir/crf_16.mpd,/videos/BigBuckBunny-2160.avi
10317,0.98755,1.15333,0.99765,52.06842,0.99896,0.88918,0.99113,0.9961,0.9977,98.53246,0.35,0.23,0.28,0.4,52.64,54.5,53.71,52.07,0.997,0.998,0.997,0.996,/tmpdir/crf_16.mpd,/videos/BigBuckBunny-2160.avi
10318,0.98883,1.15333,0.99772,52.55224,0.99898,0.89692,0.99237,0.99662,0.99797,98.81543,0.32,0.21,0.26,0.36,53.09,54.83,54.06,52.55,0.997,0.998,0.997,0.997,/tmpdir/crf_16.mpd,/videos/BigBuckBunny-2160.avi
10319,0.98766,0.84521,0.99765,52.13418,0.99895,0.88916,0.99168,0.9964,0.99789,98.4245,0.35,0.23,0.28,0.4,52.7,54.59,53.69,52.13,0.997,0.998,0.997,0.996,/tmpdir/crf_16.mpd,/videos/BigBuckBunny-2160.avi
10320,0.99123,0.84521,0.99782,52.99264,0.99901,0.90292,0.99488,0.998,0.9989,99.2115,0.28,0.18,0.21,0.33,53.61,55.64,54.83,52.99,0.997,0.998,0.998,0.997,/tmpdir/crf_16.mpd,/videos/BigBuckBunny-2160.avi
10321,0.98619,0.76107,0.99752,51.63807,0.9989,0.88118,0.99049,0.99596,0.99775,98.07927,0.39,0.24,0.3,0.45,52.26,54.33,53.43,51.64,0.997,0.998,0.997,0.996,/tmpdir/crf_16.mpd,/videos/BigBuckBunny-2160.avi
10322,0.98797,0.76107,0.99761,52.08861,0.9989,0.88806,0.99234,0.99687,0.99826,98.47352,0.35,0.23,0.28,0.4,52.66,54.56,53.68,52.09,0.997,0.998,0.997,0.996,/tmpdir/crf_16.mpd,/videos/BigBuckBunny-2160.avi
10323,0.98641,0.87765,0.99753,51.75712,0.9989,0.88308,0.99082,0.99614,0.9978,98.18737,0.38,0.23,0.29,0.43,52.37,54.47,53.47,51.76,0.997,0.998,0.997,0.996,/tmpdir/crf_16.mpd,/videos/BigBuckBunny-2160.avi
10324,0.98939,0.87765,0.99769,52.51707,0.99894,0.89498,0.99367,0.99747,0.99858,98.83937,0.31,0.19,0.24,0.36,53.17,55.34,54.42,52.52,0.997,0.998,0.998,0.997,/tmpdir/crf_16.mpd,/videos/BigBuckBunny-2160.avi
10325,0.98351,1.3086,0.99741,51.28804,0.99886,0.87428,0.98899,0.99542,0.99741,97.81476,0.42,0.25,0.31,0.48,51.94,54.12,53.19,51.29,0.996,0.998,0.997,0.996,/tmpdir/crf_16.mpd,/videos/BigBuckBunny-2160.avi
10326,0.98603,1.3086,0.99746,51.60892,0.99887,0.87856,0.99024,0.99596,0.99773,98.30793,0.39,0.24,0.29,0.45,52.25,54.4,53.49,51.61,0.996,0.998,0.997,0.996,/tmpdir/crf_16.mpd,/videos/BigBuckBunny-2160.avi
10327,0.98325,1.56882,0.99737,51.17886,0.99887,0.87085,0.98895,0.99535,0.99733,97.88114,0.42,0.25,0.31,0.5,51.86,54.2,53.21,51.18,0.996,0.998,0.997,0.996,/tmpdir/crf_16.mpd,/videos/BigBuckBunny-2160.avi
10328,0.98662,1.56882,0.99758,52.09597,0.99892,0.8847,0.99255,0.99702,0.99833,98.62683,0.34,0.2,0.24,0.4,52.8,55.18,54.25,52.1,0.997,0.998,0.997,0.996,/tmpdir/crf_16.mpd,/videos/BigBuckBunny-2160.avi
10329,0.97988,1.40512,0.99715,50.48543,0.9988,0.85911,0.98656,0.99425,0.99669,97.10384,0.49,0.27,0.32,0.58,51.27,53.87,53.06,50.49,0.996,0.997,0.997,0.995,/tmpdir/crf_16.mpd,/videos/BigBuckBunny-2160.avi
10330,0.98271,1.40512,0.99724,50.71832,0.99884,0.86305,0.98788,0.99503,0.99719,97.66724,0.46,0.26,0.32,0.55,51.47,54.03,53.09,50.72,0.996,0.997,0.997,0.995,/tmpdir/crf_16.mpd,/videos/BigBuckBunny-2160.avi
10331,0.98178,1.1425,0.99715,50.56728,0.99879,0.86073,0.98619,0.9942,0.99676,97.3153,0.48,0.26,0.33,0.57,51.32,53.91,52.96,50.57,0.996,0.997,0.997,0.995,/tmpdir/crf_16.mpd,/videos/BigBuckBunny-2160.avi
10332,0.9874,1.1425,0.99745,51.59257,0.99888,0.87765,0.99091,0.99637,0.99801,98.49713,0.38,0.21,0.26,0.45,52.34,54.87,53.98,51.59,0.996,0.998,0.997,0.996,/tmpdir/crf_16.mpd,/videos/BigBuckBunny-2160.avi
10333,0.97892,1.49053,0.99694,49.9657,0.99875,0.85009,0.98365,0.993,0.99602,96.87889,0.55,0.29,0.36,0.66,50.76,53.48,52.58,49.97,0.995,0.997,0.997,0.994,/tmpdir/crf_16.mpd,/videos/BigBuckBunny-2160.avi
10334,0.98226,1.49053,0.99707,50.56909,0.99874,0.86156,0.98643,0.99413,0.99648,97.5563,0.48,0.26,0.33,0.57,51.33,53.91,53.01,50.57,0.996,0.997,0.997,0.995,/tmpdir/crf_16.mpd,/videos/BigBuckBunny-2160.avi
10335,0.9815,1.53659,0.99694,50.186,0.9987,0.85244,0.98495,0.99364,0.99629,97.39878,0.52,0.29,0.36,0.62,50.95,53.57,52.6,50.19,0.995,0.997,0.997,0.995,/tmpdir/crf_16.mpd,/videos/BigBuckBunny-2160.avi
10336,0.98505,1.53659,0.99727,51.17959,0.99878,0.87022,0.98972,0.99589,0.99776,98.22612,0.42,0.23,0.28,0.5,51.94,54.57,53.59,51.18,0.996,0.998,0.997,0.995,/tmpdir/crf_16.mpd,/videos/BigBuckBunny-2160.avi
10337,0.97973,1.65996,0.99689,49.98841,0.99869,0.84948,0.98478,0.99356,0.99631,97.13952,0.54,0.3,0.36,0.65,50.77,53.41,52.55,49.99,0.995,0.997,0.997,0.994,/tmpdir/crf_16.mpd,/videos/BigBuckBunny-2160.avi
10338,0.98172,1.65996,0.99693,50.14236,0.99872,0.84785,0.98601,0.99435,0.99692,97.55001,0.52,0.28,0.34,0.63,50.94,53.66,52.78,50.14,0.995,0.997,0.997,0.994,/tmpdir/crf_16.mpd,/videos/BigBuckBunny-2160.avi
10339,0.98094,1.5179,0.99688,49.97413,0.9987,0.84717,0.98461,0.99335,0.99611,97.25831,0.55,0.3,0.37,0.65,50.75,53.37,52.45,49.97,0.995,0.997,0.997,0.994,/tmpdir/crf_16.mpd,/videos/BigBuckBunny-2160.avi
10340,0.98292,1.5179,0.99715,50.4986,0.9988,0.85967,0.98674,0.99435,0.99681,97.70962,0.48,0.25,0.31,0.58,51.32,54.18,53.21,50.5,0.996,0.998,0.997,0.995,/tmpdir/crf_16.mpd,/videos/BigBuckBunny-2160.avi
10341,0.99473,5.33433,0.99801,44.33967,0.99982,0.80653,0.98775,0.99463,0.99713,100.0,2.16,1.8,1.59,2.39,44.78,45.58,46.11,44.34,0.988,0.987,0.986,0.989,/tmpdir/crf_16.mpd,/videos/BigBuckBunny-2160.avi
10342,0.98271,5.33433,0.99621,40.26431,0.99949,0.7026,0.96188,0.98218,0.99057,98.98697,5.09,3.57,2.49,6.12,41.06,42.6,44.17,40.26,0.981,0.979,0.98,0.982,/tmpdir/crf_16.mpd,/videos/BigBuckBunny-2160.avi
10343,0.98285,12.94965,0.99564,40.2305,0.99944,0.69011,0.96305,0.98289,0.99083,100.0,5.39,4.49,3.17,6.17,40.82,41.61,43.12,40.23,0.978,0.973,0.974,0.98,/tmpdir/crf_16.mpd,/videos/BigBuckBunny-2160.avi
10344,0.97993,12.94965,0.99497,39.60936,0.9993,0.67067,0.95574,0.97954,0.98912,100.0,6.33,5.64,3.9,7.11,40.11,40.61,42.22,39.61,0.974,0.967,0.969,0.978,/tmpdir/crf_16.mpd,/videos/BigBuckBunny-2160.avi
10345,0.98946,12.95853,0.99609,41.31198,0.99954,0.71556,0.97267,0.98735,0.99306,100.0,4.29,3.59,2.89,4.81,41.81,42.57,43.52,41.31,0.979,0.976,0.976,0.981,/tmpdir/crf_16.mpd,/videos/BigBuckBunny-2160.avi
10346,0.97809,12.95853,0.99408,38.98768,0.99913,0.64851,0.94731,0.97519,0.9866,100.0,7.18,6.06,4.21,8.21,39.57,40.31,41.89,38.99,0.972,0.964,0.966,0.975,/tmpdir/crf_16.mpd,/videos/BigBuckBunny-2160.avi
10347,0.98037,13.03163,0.9945,39.42551,0.99926,0.65762,0.95507,0.97932,0.98888,100.0,6.63,5.86,4.25,7.42,39.91,40.45,41.84,39.43,0.972,0.964,0.966,0.976,/tmpdir/crf_16.mpd,/videos/BigBuckBunny-2160.avi
10348,0.97751,13.03163,0.99382,38.8457,0.99912,0.64079,0.94678,0.9754,0.98682,100.0,7.59,6.8,4.82,8.48,39.33,39.81,41.3,38.85,0.969,0.959,0.962,0.974,/tmpdir/crf_16.mpd,/videos/BigBuckBunny-2160.avi
10349,0.98714,13.08744,0.99514,40.3524,0.99941,0.68217,0.96535,0.9843,0.99167,100.0,5.4,4.64,3.76,6.0,40.81,41.47,42.38,40.35,0.975,0.969,0.969,0.978,/tmpdir/crf_16.mpd,/videos/BigBuckBunny-2160.avi
10350,0.97612,13.08744,0.99327,38.54627,0.99902,0.62891,0.94132,0.97237,0.98529,100.0,8.05,6.95,4.98,9.09,39.07,39.71,41.16,38.55,0.968,0.958,0.96,0.972,/tmpdir/crf_16.mpd,/videos/BigBuckBunny-2160.avi
10351,0.97885,13.06834,0.99379,38.99538,0.99915,0.63914,0.94964,0.97683,0.98766,100.0,7.39,6.61,4.93,8.19,39.45,39.93,41.2,39.0,0.969,0.959,0.96,0.973,/tmpdir/crf_16.mpd,/videos/BigBuckBunny-2160.avi
10352,0.97628,13.06834,0.99308,38.45594,0.999,0.62322,0.94087,0.97263,0.98537,100.0,8.33,7.45,5.39,9.28,38.93,39.41,40.81,38.46,0.966,0.954,0.957,0.971,/tmpdir/crf_16.mpd,/videos/BigBuckBunny-2160.avi
10353,0.98547,13.18613,0.99443,39.76327,0.99931,0.65944,0.95994,0.98201,0.99055,100.0,6.22,5.43,4.4,6.87,40.2,40.78,41.7,39.76,0.971,0.964,0.964,0.975,/tmpdir/crf_16.mpd,/videos/BigBuckBunny-2160.avi
10354,0.97562,13.18613,0.99289,38.34551,0.99898,0.61806,0.93903,0.97158,0.98491,100.0,8.51,7.53,5.47,9.52,38.83,39.36,40.75,38.35,0.965,0.954,0.956,0.971,/tmpdir/crf_16.mpd,/videos/BigBuckBunny-2160.avi
10355,0.97841,13.30101,0.99344,38.7857,0.99912,0.62898,0.9477,0.97616,0.98728,100.0,7.8,7.06,5.34,8.6,39.21,39.64,40.85,38.79,0.967,0.956,0.957,0.972,/tmpdir/crf_16.mpd,/videos/BigBuckBunny-2160.avi
10356,0.97553,13.30101,0.99282,38.29279,0.99899,0.61504,0.93968,0.97235,0.98533,100.0,8.69,7.82,5.75,9.63,38.74,39.2,40.53,38.29,0.965,0.952,0.954,0.97,/tmpdir/crf_16.mpd,/videos/BigBuckBunny-2160.avi
10357,0.9847,13.44748,0.9941,39.51399,0.99927,0.64838,0.95774,0.98111,0.99014,100.0,6.61,5.82,4.74,7.27,39.93,40.48,41.37,39.51,0.97,0.961,0.961,0.974,/tmpdir/crf_16.mpd,/videos/BigBuckBunny-2160.avi
10358,0.97569,13.44748,0.99269,38.24711,0.99897,0.61208,0.93837,0.97158,0.98502,100.0,8.76,7.82,5.79,9.74,38.71,39.2,40.5,38.25,0.964,0.952,0.954,0.97,/tmpdir/crf_16.mpd,/videos/BigBuckBunny-2160.avi
10359,0.97806,13.59369,0.99329,38.67695,0.99911,0.62311,0.9472,0.97621,0.98737,100.0,8.05,7.37,5.66,8.82,39.07,39.46,40.61,38.68,0.966,0.954,0.955,0.971,/tmpdir/crf_16.mpd,/videos/BigBuckBunny-2160.avi
10360,0.97529,13.59369,0.99263,38.17573,0.99899,0.60868,0.93849,0.97196,0.98521,100.0,8.96,8.11,6.07,9.9,38.61,39.04,40.3,38.18,0.963,0.95,0.952,0.969,/tmpdir/crf_16.mpd,/videos/BigBuckBunny-2160.avi
10361,0.98361,13.73733,0.99387,39.22513,0.99925,0.63708,0.9553,0.98015,0.98967,100.0,7.07,6.23,5.09,7.77,39.64,40.18,41.06,39.23,0.968,0.959,0.959,0.973,/tmpdir/crf_16.mpd,/videos/BigBuckBunny-2160.avi
10362,0.97528,13.73733,0.99253,38.12723,0.99898,0.60521,0.93739,0.97131,0.98498,100.0,9.04,8.11,6.12,10.01,38.57,39.04,40.26,38.13,0.963,0.95,0.952,0.969,/tmpdir/crf_16.mpd,/videos/BigBuckBunny-2160.avi
10363,0.97744,13.96353,0.993,38.44362,0.9991,0.61316,0.94453,0.97512,0.98691,100.0,8.53,7.84,6.11,9.31,38.82,39.19,40.27,38.44,0.964,0.951,0.952,0.97,/tmpdir/crf_16.mpd,/videos/BigBuckBunny-2160.avi
10364,0.97451,13.96353,0.99225,37.90076,0.99895,0.59717,0.93512,0.97053,0.98452,100.0,9.63,8.9,6.72,10.54,38.29,38.64,39.86,37.9,0.961,0.946,0.948,0.968,/tmpdir/crf_16.mpd,/videos/BigBuckBunny-2160.avi
10365,0.97954,14.22364,0.99291,38.31501,0.99911,0.60741,0.9439,0.9746,0.98682,100.0,8.64,7.54,5.99,9.58,38.76,39.36,40.36,38.32,0.964,0.953,0.953,0.969,/tmpdir/crf_16.mpd,/videos/BigBuckBunny-2160.avi
10366,0.97539,14.22364,0.99187,37.63977,0.99892,0.58576,0.93151,0.96847,0.98349,100.0,10.03,8.68,6.72,11.2,38.12,38.75,39.86,37.64,0.96,0.947,0.948,0.966,/tmpdir/crf_16.mpd,/videos/BigBuckBunny-2160.avi
10367,0.98935,2.6344,0.99809,48.43696,0.99977,0.85992,0.98828,0.9942,0.99658,99.40067,0.83,0.68,0.57,0.93,48.94,49.8,50.56,48.44,0.992,0.993,0.993,0.991,/tmpdir/crf_16.mpd,/videos/BigBuckBunny-2160.avi
10368,0.98555,2.6344,0.9975,47.53802,0.9996,0.84531,0.98327,0.99134,0.99462,98.49417,0.96,0.65,0.54,1.15,48.29,50.0,50.79,47.54,0.991,0.993,0.993,0.989,/tmpdir/crf_16.mpd,/videos/BigBuckBunny-2160.avi
10369,0.98927,4.57454,0.99826,48.93606,0.99979,0.87291,0.98932,0.99486,0.99704,100.0,0.75,0.63,0.53,0.83,49.39,50.13,50.85,48.94,0.992,0.993,0.994,0.992,/tmpdir/crf_16.mpd,/videos/BigBuckBunny-2160.avi
10370,0.98612,4.57454,0.99756,47.88214,0.99954,0.8564,0.98208,0.99039,0.99402,99.62315,0.91,0.66,0.54,1.06,48.56,49.96,50.78,47.88,0.991,0.993,0.994,0.99,/tmpdir/crf_16.mpd,/videos/BigBuckBunny-2160.avi
10371,0.98553,5.60375,0.99759,48.03813,0.99956,0.85889,0.98296,0.991,0.99446,100.0,0.88,0.64,0.53,1.02,48.71,50.05,50.93,48.04,0.991,0.993,0.994,0.99,/tmpdir/crf_16.mpd,/videos/BigBuckBunny-2160.avi
10372,0.98408,5.60375,0.99737,47.75459,0.99949,0.85349,0.98085,0.98978,0.9937,99.82559,0.93,0.68,0.55,1.09,48.44,49.81,50.75,47.75,0.991,0.993,0.994,0.99,/tmpdir/crf_16.mpd,/videos/BigBuckBunny-2160.avi
10373,0.98622,5.87497,0.99763,48.20511,0.99965,0.85578,0.98606,0.9932,0.99597,100.0,0.83,0.58,0.48,0.98,48.93,50.53,51.29,48.21,0.991,0.994,0.994,0.99,/tmpdir/crf_16.mpd,/videos/BigBuckBunny-2160.avi
10374,0.98233,5.87497,0.99723,47.68433,0.99944,0.84837,0.98024,0.98945,0.99341,99.64639,0.94,0.67,0.54,1.11,48.4,49.89,50.8,47.68,0.991,0.993,0.994,0.99,/tmpdir/crf_16.mpd,/videos/BigBuckBunny-2160.avi
10375,0.98415,5.46172,0.99741,47.85027,0.99954,0.85095,0.98225,0.99067,0.99422,99.80614,0.9,0.63,0.51,1.07,48.59,50.17,51.05,47.85,0.991,0.993,0.994,0.99,/tmpdir/crf_16.mpd,/videos/BigBuckBunny-2160.avi
10376,0.9839,5.46172,0.99732,47.67333,0.99948,0.84794,0.981,0.98993,0.99372,99.70728,0.94,0.67,0.53,1.11,48.4,49.9,50.87,47.67,0.991,0.993,0.994,0.99,/tmpdir/crf_16.mpd,/videos/BigBuckBunny-2160.avi
10377,0.99117,4.64082,0.99838,49.27085,0.99982,0.87756,0.99146,0.99609,0.99777,100.0,0.67,0.51,0.44,0.77,49.86,51.02,51.71,49.27,0.993,0.994,0.994,0.992,/tmpdir/crf_16.mpd,/videos/BigBuckBunny-2160.avi
10378,0.98658,4.64082,0.9978,48.2348,0.99961,0.85928,0.98544,0.99246,0.99536,99.88787,0.84,0.62,0.51,0.98,48.9,50.23,51.07,48.23,0.992,0.994,0.994,0.991,/tmpdir/crf_16.mpd,/videos/BigBuckBunny-2160.avi
10379,0.98762,4.13782,0.99793,48.38415,0.99967,0.86221,0.98685,0.99314,0.99571,99.83251,0.81,0.59,0.49,0.94,49.05,50.4,51.24,48.38,0.992,0.994,0.994,0.991,/tmpdir/crf_16.mpd,/videos/BigBuckBunny-2160.avi
10380,0.98671,4.13782,0.99781,48.19802,0.99961,0.85899,0.98545,0.99232,0.99514,99.60643,0.85,0.63,0.51,0.98,48.86,50.14,51.07,48.2,0.992,0.993,0.994,0.991,/tmpdir/crf_16.mpd,/videos/BigBuckBunny-2160.avi
10381,0.99094,3.7732,0.99845,49.20911,0.99983,0.87786,0.99184,0.99613,0.99772,100.0,0.68,0.52,0.44,0.78,49.81,51.01,51.66,49.21,0.993,0.994,0.994,0.992,/tmpdir/crf_16.mpd,/videos/BigBuckBunny-2160.avi
10382,0.98625,3.7732,0.99787,48.28731,0.9996,0.8619,0.98563,0.99237,0.99527,99.33799,0.83,0.62,0.51,0.96,48.93,50.19,51.1,48.29,0.992,0.994,0.994,0.991,/tmpdir/crf_16.mpd,/videos/BigBuckBunny-2160.avi
10383,0.98746,3.55199,0.99802,48.46547,0.99967,0.86632,0.98718,0.99317,0.99576,99.49085,0.8,0.59,0.49,0.93,49.12,50.41,51.26,48.47,0.992,0.994,0.994,0.991,/tmpdir/crf_16.mpd,/videos/BigBuckBunny-2160.avi
10384,0.98674,3.55199,0.99792,48.35309,0.99961,0.86445,0.98554,0.99211,0.99495,99.2784,0.82,0.63,0.51,0.95,48.98,50.14,51.09,48.35,0.992,0.993,0.994,0.991,/tmpdir/crf_16.mpd,/videos/BigBuckBunny-2160.avi
10385,0.99151,3.38137,0.99844,49.19275,0.99983,0.87861,0.99208,0.99618,0.99772,100.0,0.68,0.51,0.44,0.78,49.8,51.03,51.68,49.19,0.993,0.994,0.994,0.992,/tmpdir/crf_16.mpd,/videos/BigBuckBunny-2160.avi
10386,0.98723,3.38137,0.99797,48.44023,0.99961,0.86674,0.98613,0.99244,0.99519,99.30159,0.81,0.62,0.5,0.93,49.06,50.24,51.12,48.44,0.992,0.994,0.994,0.991,/tmpdir/crf_16.mpd,/videos/BigBuckBunny-2160.avi
10387,0.98761,3.29434,0.99809,48.58249,0.99967,0.86909,0.98704,0.99289,0.99545,99.3559,0.78,0.58,0.48,0.9,49.22,50.46,51.29,48.58,0.992,0.994,0.994,0.991,/tmpdir/crf_16.mpd,/videos/BigBuckBunny-2160.avi
10388,0.98751,3.29434,0.99795,48.41003,0.9996,0.86641,0.98604,0.99233,0.99505,99.29099,0.81,0.62,0.5,0.94,49.03,50.22,51.11,48.41,0.992,0.994,0.994,0.991,/tmpdir/crf_16.mpd,/videos/BigBuckBunny-2160.avi
10389,0.99114,3.41331,0.99835,49.02294,0.99982,0.87502,0.99193,0.99615,0.9977,100.0,0.7,0.51,0.44,0.81,49.67,51.03,51.67,49.02,0.992,0.994,0.994,0.992,/tmpdir/crf_16.mpd,/videos/BigBuckBunny-2160.avi
10390,0.98699,3.41331,0.99787,48.26213,0.99961,0.86204,0.98596,0.9924,0.99514,99.26337,0.83,0.61,0.51,0.97,48.92,50.25,51.09,48.26,0.992,0.994,0.994,0.991,/tmpdir/crf_16.mpd,/videos/BigBuckBunny-2160.avi
10391,0.98888,4.2378,0.99808,48.68102,0.99967,0.8719,0.98746,0.99322,0.99572,100.0,0.77,0.58,0.48,0.88,49.29,50.48,51.28,48.68,0.992,0.994,0.994,0.992,/tmpdir/crf_16.mpd,/videos/BigBuckBunny-2160.avi
10392,0.98817,4.2378,0.99792,48.4342,0.9996,0.86748,0.98566,0.9921,0.99491,99.91669,0.81,0.63,0.51,0.93,49.04,50.17,51.07,48.43,0.992,0.994,0.994,0.991,/tmpdir/crf_16.mpd,/videos/BigBuckBunny-2160.avi
10393,0.99171,3.54793,0.99842,49.18033,0.99983,0.87743,0.99198,0.99607,0.9976,100.0,0.68,0.52,0.44,0.79,49.78,51.0,51.66,49.18,0.993,0.994,0.994,0.992,/tmpdir/crf_16.mpd,/videos/BigBuckBunny-2160.avi
10394,0.98755,3.54793,0.99792,48.38907,0.99961,0.86447,0.98573,0.99216,0.99497,99.42284,0.82,0.62,0.51,0.94,49.01,50.19,51.04,48.39,0.992,0.994,0.994,0.991,/tmpdir/crf_16.mpd,/videos/BigBuckBunny-2160.avi
10395,0.98808,3.56616,0.99807,48.58143,0.99967,0.86774,0.98715,0.99299,0.9955,99.58987,0.78,0.59,0.49,0.9,49.2,50.42,51.24,48.58,0.992,0.994,0.994,0.991,/tmpdir/crf_16.mpd,/videos/BigBuckBunny-2160.avi
10396,0.98725,3.56616,0.99793,48.42374,0.9996,0.86441,0.9853,0.99188,0.99476,99.35872,0.81,0.63,0.51,0.93,49.03,50.14,51.03,48.42,0.992,0.993,0.994,0.991,/tmpdir/crf_16.mpd,/videos/BigBuckBunny-2160.avi
10397,0.9911,3.38636,0.99837,49.06064,0.99982,0.87482,0.99163,0.99596,0.99757,100.0,0.7,0.52,0.45,0.81,49.68,50.95,51.59,49.06,0.993,0.994,0.994,0.992,/tmpdir/crf_16.mpd,/videos/BigBuckBunny-2160.avi
10398,0.9869,3.38636,0.99791,48.35904,0.99962,0.86276,0.98554,0.99212,0.99492,99.21252,0.82,0.63,0.52,0.95,48.97,50.14,50.98,48.36,0.992,0.993,0.994,0.991,/tmpdir/crf_16.mpd,/videos/BigBuckBunny-2160.avi
10399,0.98759,4.1794,0.99799,48.3999,0.99967,0.86246,0.98658,0.99273,0.99537,99.8179,0.81,0.6,0.5,0.94,49.04,50.34,51.14,48.4,0.992,0.994,0.994,0.991,/tmpdir/crf_16.mpd,/videos/BigBuckBunny-2160.avi
10400,0.98726,4.1794,0.99788,48.31851,0.9996,0.86369,0.98506,0.99182,0.99472,99.69494,0.83,0.64,0.52,0.96,48.92,50.05,50.93,48.32,0.992,0.993,0.994,0.991,/tmpdir/crf_16.mpd,/videos/BigBuckBunny-2160.avi
10401,0.99037,3.73674,0.99827,48.87373,0.9998,0.87126,0.99084,0.99549,0.99726,100.0,0.73,0.54,0.46,0.84,49.51,50.83,51.47,48.87,0.992,0.994,0.994,0.991,/tmpdir/crf_16.mpd,/videos/BigBuckBunny-2160.avi
10402,0.9864,3.73674,0.99784,48.23171,0.99958,0.86048,0.98477,0.99159,0.99457,99.27505,0.85,0.65,0.53,0.98,48.85,50.02,50.88,48.23,0.992,0.993,0.994,0.991,/tmpdir/crf_16.mpd,/videos/BigBuckBunny-2160.avi
10403,0.98745,3.34543,0.99793,48.30049,0.99964,0.86107,0.98587,0.99218,0.99487,99.28243,0.83,0.62,0.51,0.96,48.94,50.22,51.05,48.3,0.992,0.993,0.994,0.991,/tmpdir/crf_16.mpd,/videos/BigBuckBunny-2160.avi
10404,0.98657,3.34543,0.9978,48.1477,0.99958,0.85841,0.98474,0.99169,0.99467,99.09519,0.86,0.66,0.54,1.0,48.77,49.95,50.81,48.15,0.992,0.993,0.993,0.991,/tmpdir/crf_16.mpd,/videos/BigBuckBunny-2160.avi
10405,0.98989,3.21082,0.99814,48.58552,0.99978,0.86397,0.98969,0.99493,0.99692,99.8542,0.78,0.57,0.49,0.9,49.23,50.59,51.26,48.59,0.992,0.994,0.994,0.991,/tmpdir/crf_16.mpd,/videos/BigBuckBunny-2160.avi
10406,0.98689,3.21082,0.99775,48.101,0.99957,0.85721,0.98422,0.99139,0.99444,99.05285,0.88,0.67,0.55,1.01,48.71,49.86,50.7,48.1,0.991,0.993,0.993,0.991,/tmpdir/crf_16.mpd,/videos/BigBuckBunny-2160.avi
10407,0.98663,3.05653,0.99774,47.93243,0.99962,0.85109,0.98425,0.99147,0.99459,98.92428,0.9,0.65,0.54,1.05,48.6,49.99,50.79,47.93,0.991,0.993,0.993,0.99,/tmpdir/crf_16.mpd,/videos/BigBuckBunny-2160.avi
10408,0.98491,3.05653,0.99747,47.48342,0.99954,0.83947,0.98219,0.99034,0.99381,98.51765,0.99,0.72,0.58,1.16,48.17,49.57,50.47,47.48,0.99,0.993,0.993,0.989,/tmpdir/crf_16.mpd,/videos/BigBuckBunny-2160.avi
10409,0.98325,4.36766,0.99719,46.87156,0.99957,0.81775,0.98192,0.99061,0.99406,98.94948,1.1,0.68,0.56,1.34,47.73,49.83,50.62,46.87,0.989,0.993,0.993,0.987,/tmpdir/crf_16.mpd,/videos/BigBuckBunny-2160.avi
10410,0.99474,1.07562,0.9982,55.1017,0.99908,0.93315,0.99759,0.99908,0.9995,100.0,0.18,0.12,0.15,0.2,55.59,57.18,56.39,55.1,0.998,0.998,0.998,0.998,/tmpdir/crf_16.mpd,/videos/BigBuckBunny-2160.avi
10411,0.98776,0.74532,0.99784,52.43132,0.99903,0.89388,0.99296,0.99702,0.99837,98.45661,0.33,0.21,0.26,0.37,53.01,54.98,54.02,52.43,0.997,0.998,0.997,0.997,/tmpdir/crf_16.mpd,/videos/BigBuckBunny-2160.avi
10412,0.98911,0.74532,0.9979,52.73232,0.99904,0.8977,0.99387,0.99747,0.9986,98.7363,0.3,0.2,0.24,0.35,53.31,55.23,54.31,52.73,0.997,0.998,0.997,0.997,/tmpdir/crf_16.mpd,/videos/BigBuckBunny-2160.avi
10413,0.98759,0.768,0.99781,52.48618,0.99901,0.89535,0.99234,0.99661,0.99794,98.40388,0.32,0.21,0.26,0.37,53.04,54.89,53.97,52.49,0.997,0.998,0.997,0.997,/tmpdir/crf_16.mpd,/videos/BigBuckBunny-2160.avi
10414,0.9892,0.768,0.99795,53.07999,0.99905,0.90405,0.99442,0.99763,0.99861,98.78814,0.28,0.17,0.21,0.32,53.72,55.82,55.0,53.08,0.997,0.998,0.998,0.997,/tmpdir/crf_16.mpd,/videos/BigBuckBunny-2160.avi
10415,0.98796,1.31301,0.99779,52.34173,0.99902,0.89147,0.99137,0.99638,0.99799,98.71682,0.34,0.23,0.27,0.38,52.88,54.59,53.84,52.34,0.997,0.998,0.997,0.996,/tmpdir/crf_16.mpd,/videos/BigBuckBunny-2160.avi
10416,0.98807,1.84231,0.9979,52.94473,0.99907,0.90086,0.99318,0.99717,0.99844,99.07714,0.29,0.2,0.24,0.33,53.44,55.03,54.32,52.94,0.997,0.998,0.997,0.997,/tmpdir/crf_16.mpd,/videos/BigBuckBunny-2160.avi
10417,0.98607,1.50334,0.99782,52.50502,0.99906,0.8933,0.99181,0.99651,0.99804,98.4886,0.32,0.22,0.26,0.37,53.01,54.63,53.91,52.51,0.997,0.998,0.997,0.996,/tmpdir/crf_16.mpd,/videos/BigBuckBunny-2160.avi
10418,0.99019,1.50334,0.998,53.36534,0.99909,0.90646,0.99477,0.99782,0.99877,99.34108,0.26,0.17,0.2,0.3,53.94,55.77,55.04,53.37,0.997,0.998,0.998,0.997,/tmpdir/crf_16.mpd,/videos/BigBuckBunny-2160.avi
10419,0.98453,0.94307,0.99767,51.72246,0.99902,0.87804,0.98998,0.99572,0.9975,97.8399,0.38,0.24,0.29,0.44,52.32,54.25,53.47,51.72,0.996,0.998,0.997,0.996,/tmpdir/crf_16.mpd,/videos/BigBuckBunny-2160.avi
10420,0.98584,0.94307,0.99778,52.04232,0.99906,0.88397,0.9922,0.99677,0.99817,98.16236,0.35,0.23,0.27,0.41,52.65,54.54,53.85,52.04,0.997,0.998,0.997,0.996,/tmpdir/crf_16.mpd,/videos/BigBuckBunny-2160.avi
10421,0.98572,1.00367,0.99772,51.95986,0.99902,0.8846,0.99023,0.9956,0.99727,98.08072,0.36,0.24,0.28,0.41,52.54,54.39,53.67,51.96,0.997,0.998,0.997,0.996,/tmpdir/crf_16.mpd,/videos/BigBuckBunny-2160.avi
10422,0.99028,1.00367,0.99795,52.91826,0.99908,0.89986,0.99453,0.9978,0.99878,99.09587,0.29,0.19,0.22,0.33,53.49,55.28,54.61,52.92,0.997,0.998,0.998,0.997,/tmpdir/crf_16.mpd,/videos/BigBuckBunny-2160.avi
10423,0.98528,0.72709,0.99771,51.75351,0.99902,0.87983,0.99062,0.99598,0.99771,97.89655,0.38,0.25,0.3,0.43,52.31,54.08,53.35,51.75,0.996,0.998,0.997,0.996,/tmpdir/crf_16.mpd,/videos/BigBuckBunny-2160.avi
10424,0.98679,0.72709,0.99779,51.98932,0.99906,0.88413,0.99196,0.99662,0.99808,98.21703,0.36,0.24,0.28,0.41,52.57,54.39,53.73,51.99,0.997,0.998,0.997,0.996,/tmpdir/crf_16.mpd,/videos/BigBuckBunny-2160.avi
10425,0.9856,0.75591,0.99771,51.70866,0.99904,0.88011,0.99095,0.99611,0.99768,97.96783,0.38,0.26,0.3,0.44,52.28,54.06,53.39,51.71,0.996,0.998,0.997,0.996,/tmpdir/crf_16.mpd,/videos/BigBuckBunny-2160.avi
10426,0.98906,0.75591,0.99784,52.27577,0.99906,0.88856,0.99364,0.99749,0.99861,98.70511,0.33,0.21,0.24,0.39,52.93,54.95,54.34,52.28,0.997,0.998,0.997,0.996,/tmpdir/crf_16.mpd,/videos/BigBuckBunny-2160.avi
10427,0.98571,0.92875,0.99767,51.62813,0.999,0.87821,0.99057,0.99588,0.99751,98.04931,0.39,0.26,0.3,0.45,52.2,54.0,53.31,51.63,0.996,0.997,0.997,0.996,/tmpdir/crf_16.mpd,/videos/BigBuckBunny-2160.avi
10428,0.98632,0.92875,0.99769,51.69947,0.999,0.87833,0.99144,0.99646,0.99799,98.20385,0.38,0.25,0.29,0.44,52.31,54.24,53.55,51.7,0.996,0.998,0.997,0.996,/tmpdir/crf_16.mpd,/videos/BigBuckBunny-2160.avi
10429,0.98565,2.56697,0.99767,51.68855,0.99901,0.87988,0.99025,0.99573,0.99744,98.85656,0.39,0.25,0.3,0.44,52.26,54.07,53.36,51.69,0.996,0.998,0.997,0.996,/tmpdir/crf_16.mpd,/videos/BigBuckBunny-2160.avi
10430,0.98797,3.90979,0.99778,51.7574,0.99906,0.88087,0.99198,0.99656,0.99797,100.0,0.37,0.23,0.27,0.43,52.41,54.45,53.78,51.76,0.996,0.998,0.997,0.996,/tmpdir/crf_16.mpd,/videos/BigBuckBunny-2160.avi
10431,0.98685,7.67388,0.99758,51.12783,0.99901,0.87526,0.98731,0.99432,0.99667,100.0,0.44,0.29,0.34,0.5,51.7,53.48,52.84,51.13,0.996,0.997,0.997,0.995,/tmpdir/crf_16.mpd,/videos/BigBuckBunny-2160.avi
10432,0.98707,9.93084,0.99769,51.42549,0.99907,0.88074,0.98853,0.9948,0.99699,100.0,0.41,0.27,0.3,0.47,52.03,53.87,53.3,51.43,0.996,0.997,0.997,0.996,/tmpdir/crf_16.mpd,/videos/BigBuckBunny-2160.avi
10433,0.98539,9.40347,0.99774,51.63119,0.99908,0.88396,0.98906,0.99502,0.99713,100.0,0.39,0.26,0.3,0.45,52.2,53.91,53.36,51.63,0.996,0.997,0.997,0.996,/tmpdir/crf_16.mpd,/videos/BigBuckBunny-2160.avi
10434,0.97762,9.05166,0.9973,50.21892,0.999,0.85425,0.98368,0.99276,0.99585,100.0,0.53,0.34,0.39,0.62,50.86,52.85,52.21,50.22,0.995,0.997,0.996,0.994,/tmpdir/crf_16.mpd,/videos/BigBuckBunny-2160.avi
10435,0.983,7.50712,0.9975,51.04581,0.999,0.87244,0.98699,0.99422,0.99674,100.0,0.45,0.31,0.35,0.51,51.6,53.28,52.67,51.05,0.996,0.997,0.997,0.995,/tmpdir/crf_16.mpd,/videos/BigBuckBunny-2160.avi
10436,0.98247,6.90422,0.99743,51.0249,0.99897,0.87147,0.98559,0.99342,0.9961,100.0,0.46,0.32,0.37,0.51,51.52,53.07,52.43,51.02,0.996,0.997,0.997,0.995,/tmpdir/crf_16.mpd,/videos/BigBuckBunny-2160.avi
10437,0.98986,5.41196,0.99767,51.65891,0.99904,0.88208,0.99069,0.99581,0.99753,100.0,0.39,0.26,0.3,0.44,52.22,53.94,53.35,51.66,0.996,0.997,0.997,0.996,/tmpdir/crf_16.mpd,/videos/BigBuckBunny-2160.avi
10438,0.98218,5.41196,0.99711,49.80666,0.99888,0.84937,0.98356,0.99248,0.99547,99.55825,0.58,0.35,0.42,0.68,50.49,52.75,51.88,49.81,0.995,0.997,0.996,0.994,/tmpdir/crf_16.mpd,/videos/BigBuckBunny-2160.avi
10439,0.98358,5.74023,0.99712,49.98671,0.99888,0.85446,0.98212,0.9914,0.99464,99.92467,0.57,0.37,0.44,0.65,50.58,52.42,51.73,49.99,0.995,0.997,0.996,0.994,/tmpdir/crf_16.mpd,/videos/BigBuckBunny-2160.avi
10440,0.98649,5.74023,0.99735,50.34979,0.99899,0.86014,0.9851,0.99303,0.99578,100.0,0.52,0.33,0.37,0.6,51.0,52.98,52.4,50.35,0.995,0.997,0.996,0.994,/tmpdir/crf_16.mpd,/videos/BigBuckBunny-2160.avi
10441,0.98108,7.02214,0.99711,49.72042,0.9989,0.85135,0.98105,0.99065,0.99415,100.0,0.61,0.4,0.46,0.69,50.3,52.07,51.51,49.72,0.995,0.996,0.996,0.994,/tmpdir/crf_16.mpd,/videos/BigBuckBunny-2160.avi
10442,0.98368,7.02214,0.99722,49.9201,0.99896,0.85447,0.98285,0.99188,0.99512,100.0,0.58,0.39,0.45,0.66,50.49,52.21,51.64,49.92,0.995,0.996,0.996,0.994,/tmpdir/crf_16.mpd,/videos/BigBuckBunny-2160.avi
10443,0.98195,7.43565,0.99707,49.55973,0.99893,0.8486,0.97955,0.99,0.99381,100.0,0.63,0.42,0.49,0.72,50.13,51.93,51.22,49.56,0.994,0.996,0.996,0.994,/tmpdir/crf_16.mpd,/videos/BigBuckBunny-2160.avi
10444,0.98297,7.43565,0.99728,49.9657,0.99902,0.8558,0.9821,0.9915,0.99484,100.0,0.56,0.35,0.41,0.66,50.62,52.68,51.96,49.97,0.995,0.997,0.996,0.994,/tmpdir/crf_16.mpd,/videos/BigBuckBunny-2160.avi
10445,0.98104,7.47448,0.99717,49.65029,0.99897,0.8509,0.97921,0.99015,0.9942,100.0,0.61,0.38,0.46,0.7,50.28,52.28,51.54,49.65,0.995,0.996,0.996,0.994,/tmpdir/crf_16.mpd,/videos/BigBuckBunny-2160.avi
10446,0.99036,18.0295,0.99734,46.08705,0.99972,0.80295,0.98031,0.99068,0.99483,100.0,1.49,1.39,1.16,1.6,46.39,46.7,47.49,46.09,0.988,0.987,0.987,0.988,/tmpdir/crf_16.mpd,/videos/BigBuckBunny-2160.avi
10447,0.9812,15.7582,0.99549,43.70707,0.99919,0.74381,0.95892,0.97959,0.98817,100.0,2.49,2.26,1.63,2.77,44.16,44.59,46.01,43.71,0.983,0.981,0.983,0.983,/tmpdir/crf_16.mpd,/videos/BigBuckBunny-2160.avi
10448,0.98431,15.7582,0.99579,44.01076,0.99938,0.74923,0.96621,0.98414,0.99132,100.0,2.33,2.09,1.57,2.58,44.45,44.94,46.16,44.01,0.983,0.982,0.983,0.983,/tmpdir/crf_16.mpd,/videos/BigBuckBunny-2160.avi
10449,0.98434,16.06319,0.99558,43.78457,0.99935,0.74272,0.96502,0.98393,0.9912,100.0,2.49,2.34,1.72,2.72,44.17,44.43,45.78,43.78,0.982,0.981,0.982,0.982,/tmpdir/crf_16.mpd,/videos/BigBuckBunny-2160.avi
10450,0.97987,16.06319,0.99493,43.09837,0.9991,0.72404,0.95404,0.97721,0.98679,100.0,2.94,2.89,1.98,3.19,43.45,43.52,45.17,43.1,0.98,0.978,0.98,0.981,/tmpdir/crf_16.mpd,/videos/BigBuckBunny-2160.avi
10451,0.97978,15.4875,0.99464,42.86313,0.99902,0.71624,0.95138,0.97608,0.98634,100.0,3.1,3.09,2.08,3.36,43.21,43.23,44.94,42.86,0.979,0.976,0.979,0.98,/tmpdir/crf_16.mpd,/videos/BigBuckBunny-2160.avi
10452,0.98351,15.4875,0.99533,43.50549,0.99931,0.73259,0.96307,0.98289,0.99062,100.0,2.66,2.54,1.85,2.9,43.87,44.09,45.46,43.51,0.981,0.979,0.981,0.982,/tmpdir/crf_16.mpd,/videos/BigBuckBunny-2160.avi
10453,0.97872,15.2833,0.99431,42.60137,0.99896,0.70752,0.94826,0.97423,0.98497,100.0,3.28,3.22,2.19,3.57,42.97,43.06,44.73,42.6,0.978,0.975,0.978,0.979,/tmpdir/crf_16.mpd,/videos/BigBuckBunny-2160.avi
10454,0.9826,15.2833,0.9949,43.1242,0.99923,0.72064,0.95861,0.98074,0.98934,100.0,2.92,2.83,2.01,3.17,43.48,43.62,45.09,43.12,0.98,0.978,0.979,0.98,/tmpdir/crf_16.mpd,/videos/BigBuckBunny-2160.avi
10455,0.97876,15.6063,0.99417,42.38433,0.99896,0.70228,0.94694,0.97381,0.98503,100.0,3.46,3.43,2.33,3.76,42.73,42.77,44.45,42.38,0.978,0.974,0.977,0.979,/tmpdir/crf_16.mpd,/videos/BigBuckBunny-2160.avi
10456,0.98196,15.6063,0.9947,42.78711,0.99921,0.71288,0.957,0.98014,0.98902,100.0,3.15,3.06,2.17,3.42,43.14,43.28,44.77,42.79,0.979,0.976,0.978,0.98,/tmpdir/crf_16.mpd,/videos/BigBuckBunny-2160.avi
10457,0.98225,15.92486,0.99472,42.78592,0.99922,0.71273,0.95719,0.98022,0.98911,100.0,3.17,3.1,2.21,3.42,43.12,43.21,44.69,42.79,0.979,0.976,0.978,0.98,/tmpdir/crf_16.mpd,/videos/BigBuckBunny-2160.avi
10458,0.97813,15.92486,0.99401,42.16485,0.99896,0.69632,0.94553,0.97321,0.98472,100.0,3.65,3.64,2.48,3.95,42.51,42.52,44.19,42.16,0.977,0.973,0.975,0.978,/tmpdir/crf_16.mpd,/videos/BigBuckBunny-2160.avi
10459,0.98277,15.63621,0.99463,42.82415,0.99921,0.71053,0.95641,0.97976,0.98886,100.0,3.15,3.08,2.22,3.39,43.15,43.25,44.67,42.82,0.978,0.975,0.977,0.979,/tmpdir/crf_16.mpd,/videos/BigBuckBunny-2160.avi
10460,0.97786,15.63621,0.99386,42.19073,0.99892,0.69328,0.94442,0.97269,0.98427,100.0,3.64,3.61,2.52,3.93,42.52,42.55,44.12,42.19,0.976,0.972,0.975,0.978,/tmpdir/crf_16.mpd,/videos/BigBuckBunny-2160.avi
10461,0.97935,15.26394,0.99423,42.54825,0.99903,0.70099,0.9499,0.97582,0.98616,100.0,3.35,3.27,2.38,3.62,42.88,42.99,44.36,42.55,0.977,0.974,0.976,0.979,/tmpdir/crf_16.mpd,/videos/BigBuckBunny-2160.avi
10462,0.9778,15.26394,0.99396,42.32209,0.99894,0.69519,0.94575,0.97358,0.98489,100.0,3.53,3.48,2.47,3.81,42.65,42.71,44.2,42.32,0.977,0.973,0.975,0.978,/tmpdir/crf_16.mpd,/videos/BigBuckBunny-2160.avi
10463,0.98332,15.23576,0.99479,43.00071,0.99928,0.71331,0.9595,0.98166,0.99008,100.0,3.01,2.83,2.16,3.26,43.35,43.61,44.78,43.0,0.979,0.977,0.978,0.98,/tmpdir/crf_16.mpd,/videos/BigBuckBunny-2160.avi
10464,0.97856,15.23576,0.99415,42.40136,0.99901,0.69961,0.94835,0.97503,0.98576,100.0,3.43,3.25,2.39,3.74,42.77,43.01,44.35,42.4,0.977,0.975,0.976,0.978,/tmpdir/crf_16.mpd,/videos/BigBuckBunny-2160.avi
10465,0.98377,15.12558,0.99499,43.22605,0.99934,0.71958,0.9624,0.9831,0.99073,100.0,2.86,2.66,2.12,3.09,43.57,43.88,44.88,43.23,0.979,0.977,0.978,0.98,/tmpdir/crf_16.mpd,/videos/BigBuckBunny-2160.avi
10466,0.97995,15.12558,0.99443,42.71289,0.9991,0.70658,0.95204,0.97713,0.98707,100.0,3.22,3.09,2.32,3.48,43.05,43.24,44.48,42.71,0.978,0.975,0.976,0.979,/tmpdir/crf_16.mpd,/videos/BigBuckBunny-2160.avi
10467,0.97895,14.74168,0.99426,42.56993,0.99902,0.70316,0.95037,0.97609,0.9863,100.0,3.33,3.2,2.36,3.6,42.91,43.08,44.4,42.57,0.978,0.975,0.976,0.979,/tmpdir/crf_16.mpd,/videos/BigBuckBunny-2160.avi
10468,0.98394,14.74168,0.99506,43.30009,0.99934,0.72143,0.96344,0.98367,0.99118,100.0,2.82,2.61,2.12,3.04,43.63,43.96,44.88,43.3,0.98,0.978,0.978,0.98,/tmpdir/crf_16.mpd,/videos/BigBuckBunny-2160.avi
10469,0.97958,14.32862,0.99448,42.78325,0.99908,0.70867,0.95319,0.97781,0.98745,100.0,3.17,3.01,2.31,3.43,43.12,43.34,44.5,42.78,0.978,0.976,0.977,0.979,/tmpdir/crf_16.mpd,/videos/BigBuckBunny-2160.avi
10470,0.98409,14.32862,0.99521,43.42051,0.99936,0.72555,0.96491,0.98447,0.99165,100.0,2.75,2.58,2.1,2.96,43.73,44.01,44.91,43.42,0.98,0.978,0.978,0.981,/tmpdir/crf_16.mpd,/videos/BigBuckBunny-2160.avi
10471,0.98006,14.1385,0.99473,42.92523,0.99914,0.71433,0.9555,0.97907,0.98832,100.0,3.08,2.96,2.27,3.32,43.24,43.42,44.58,42.93,0.979,0.976,0.977,0.98,/tmpdir/crf_16.mpd,/videos/BigBuckBunny-2160.avi
10472,0.98358,14.1385,0.99539,43.46732,0.99939,0.72932,0.96598,0.98492,0.99182,100.0,2.73,2.57,2.08,2.93,43.78,44.03,44.95,43.47,0.98,0.978,0.978,0.981,/tmpdir/crf_16.mpd,/videos/BigBuckBunny-2160.avi
10473,0.97992,14.07029,0.99468,42.85368,0.99911,0.71392,0.95478,0.97885,0.98827,100.0,3.14,3.01,2.36,3.37,43.16,43.35,44.41,42.85,0.979,0.976,0.976,0.98,/tmpdir/crf_16.mpd,/videos/BigBuckBunny-2160.avi
10474,0.98113,14.07029,0.99492,43.0376,0.9992,0.7183,0.95877,0.98101,0.98942,100.0,3.01,2.84,2.29,3.23,43.35,43.59,44.54,43.04,0.979,0.977,0.977,0.98,/tmpdir/crf_16.mpd,/videos/BigBuckBunny-2160.avi
10475,0.97972,14.36581,0.99459,42.67506,0.9991,0.71015,0.95364,0.97807,0.98759,100.0,3.25,3.05,2.41,3.51,43.01,43.29,44.31,42.68,0.978,0.976,0.976,0.98,/tmpdir/crf_16.mpd,/videos/BigBuckBunny-2160.avi
10476,0.98321,14.36581,0.99523,43.10829,0.99938,0.72343,0.96445,0.98447,0.99176,100.0,2.92,2.64,2.18,3.18,43.47,43.92,44.74,43.11,0.98,0.978,0.978,0.981,/tmpdir/crf_16.mpd,/videos/BigBuckBunny-2160.avi
10477,0.98828,14.62816,0.99726,45.07086,0.99972,0.78853,0.97836,0.99015,0.99467,100.0,1.87,1.66,1.45,2.02,45.42,45.93,46.5,45.07,0.987,0.986,0.985,0.987,/tmpdir/crf_16.mpd,/videos/BigBuckBunny-2160.avi
10478,0.97896,14.62816,0.99516,42.6799,0.99916,0.7267,0.95378,0.97724,0.98692,100.0,3.12,2.59,2.08,3.51,43.19,44.0,44.95,42.68,0.981,0.981,0.98,0.981,/tmpdir/crf_16.mpd,/videos/BigBuckBunny-2160.avi
10479,0.9806,14.72774,0.99519,42.78624,0.99919,0.72544,0.95602,0.97871,0.98781,100.0,3.07,2.58,2.12,3.42,43.27,44.01,44.87,42.79,0.981,0.981,0.979,0.981,/tmpdir/crf_16.mpd,/videos/BigBuckBunny-2160.avi
10480,0.97877,14.72774,0.99473,42.31474,0.99906,0.71335,0.95039,0.97583,0.98617,100.0,3.41,2.87,2.31,3.82,42.81,43.55,44.49,42.31,0.98,0.979,0.978,0.98,/tmpdir/crf_16.mpd,/videos/BigBuckBunny-2160.avi
10481,0.98245,14.8284,0.99561,42.99338,0.99941,0.73101,0.9626,0.98278,0.99069,100.0,2.93,2.49,2.06,3.26,43.46,44.18,44.99,42.99,0.982,0.981,0.98,0.982,/tmpdir/crf_16.mpd,/videos/BigBuckBunny-2160.avi
10482,0.97768,14.8284,0.99432,41.92304,0.99898,0.70178,0.94555,0.9732,0.98454,100.0,3.73,3.16,2.52,4.18,42.41,43.14,44.11,41.92,0.978,0.978,0.976,0.979,/tmpdir/crf_16.mpd,/videos/BigBuckBunny-2160.avi
10483,0.97903,14.81091,0.99464,42.2324,0.9991,0.70808,0.95044,0.97613,0.98636,100.0,3.49,2.98,2.42,3.89,42.7,43.38,44.29,42.23,0.979,0.978,0.977,0.98,/tmpdir/crf_16.mpd,/videos/BigBuckBunny-2160.avi
10484,0.97703,14.81091,0.99406,41.8418,0.99895,0.69569,0.94452,0.97294,0.98451,100.0,3.81,3.24,2.61,4.26,42.32,43.03,43.97,41.84,0.977,0.977,0.975,0.978,/tmpdir/crf_16.mpd,/videos/BigBuckBunny-2160.avi
10485,0.98,14.81667,0.99496,42.51225,0.99927,0.71392,0.95639,0.97971,0.98876,100.0,3.28,2.8,2.32,3.65,42.97,43.66,44.48,42.51,0.98,0.979,0.977,0.98,/tmpdir/crf_16.mpd,/videos/BigBuckBunny-2160.avi
10486,0.97624,14.81667,0.99412,41.91869,0.99898,0.69709,0.9453,0.97323,0.98461,100.0,3.76,3.21,2.63,4.18,42.38,43.06,43.93,41.92,0.977,0.976,0.975,0.978,/tmpdir/crf_16.mpd,/videos/BigBuckBunny-2160.avi
10487,0.98181,14.64586,0.99518,42.82917,0.99936,0.72057,0.9606,0.98213,0.99031,100.0,3.08,2.65,2.27,3.39,43.25,43.89,44.57,42.83,0.98,0.979,0.977,0.981,/tmpdir/crf_16.mpd,/videos/BigBuckBunny-2160.avi
10488,0.97774,14.64586,0.99418,42.16373,0.99899,0.69928,0.94754,0.9748,0.98573,100.0,3.59,3.13,2.6,3.95,42.58,43.18,43.98,42.16,0.977,0.976,0.974,0.978,/tmpdir/crf_16.mpd,/videos/BigBuckBunny-2160.avi
10489,0.97958,14.02026,0.99451,42.59063,0.99908,0.7076,0.95247,0.97752,0.98721,100.0,3.27,2.85,2.42,3.58,42.99,43.58,44.3,42.59,0.978,0.977,0.976,0.979,/tmpdir/crf_16.mpd,/videos/BigBuckBunny-2160.avi
10490,0.97797,14.02026,0.99415,42.40703,0.99897,0.70048,0.94805,0.97494,0.98567,100.0,3.4,2.95,2.51,3.74,42.82,43.44,44.14,42.41,0.978,0.977,0.975,0.979,/tmpdir/crf_16.mpd,/videos/BigBuckBunny-2160.avi
10491,0.98255,13.91442,0.99518,43.19039,0.99935,0.72209,0.96218,0.98303,0.99078,100.0,2.84,2.41,2.13,3.12,43.6,44.31,44.85,43.19,0.98,0.98,0.978,0.981,/tmpdir/crf_16.mpd,/videos/BigBuckBunny-2160.avi
10492,0.97859,13.91442,0.99428,42.50676,0.999,0.70377,0.94923,0.97554,0.98601,100.0,3.31,2.86,2.43,3.65,42.93,43.57,44.28,42.51,0.978,0.977,0.976,0.979,/tmpdir/crf_16.mpd,/videos/BigBuckBunny-2160.avi
10493,0.98036,13.71062,0.99464,42.88381,0.9991,0.71202,0.9546,0.97863,0.98788,100.0,3.04,2.61,2.25,3.35,43.3,43.96,44.6,42.88,0.979,0.979,0.977,0.98,/tmpdir/crf_16.mpd,/videos/BigBuckBunny-2160.avi
10494,0.97829,13.71062,0.99435,42.65239,0.99899,0.70654,0.9507,0.97629,0.98644,100.0,3.2,2.74,2.34,3.53,43.08,43.75,44.44,42.65,0.978,0.978,0.976,0.979,/tmpdir/crf_16.mpd,/videos/BigBuckBunny-2160.avi
10495,0.98478,13.30012,0.9958,43.96866,0.99948,0.74128,0.97007,0.98694,0.99306,100.0,2.39,2.04,1.85,2.61,44.35,45.04,45.45,43.97,0.982,0.982,0.98,0.983,/tmpdir/crf_16.mpd,/videos/BigBuckBunny-2160.avi
10496,0.97991,13.30012,0.99486,43.23349,0.99911,0.72073,0.95671,0.97959,0.98852,100.0,2.82,2.45,2.13,3.09,43.62,44.24,44.84,43.23,0.98,0.979,0.978,0.981,/tmpdir/crf_16.mpd,/videos/BigBuckBunny-2160.avi
10497,0.98146,12.78897,0.99523,43.63354,0.99922,0.72995,0.96185,0.98233,0.98997,100.0,2.59,2.26,2.0,2.82,44.0,44.6,45.11,43.63,0.981,0.98,0.979,0.982,/tmpdir/crf_16.mpd,/videos/BigBuckBunny-2160.avi
10498,0.9801,12.78897,0.99494,43.44003,0.99913,0.72378,0.95772,0.98008,0.98867,100.0,2.7,2.37,2.07,2.94,43.81,44.39,44.97,43.44,0.98,0.979,0.978,0.981,/tmpdir/crf_16.mpd,/videos/BigBuckBunny-2160.avi
10499,0.98493,12.37376,0.99578,44.23939,0.99944,0.74393,0.97058,0.9871,0.99297,100.0,2.25,1.91,1.76,2.45,44.62,45.32,45.68,44.24,0.982,0.982,0.981,0.983,/tmpdir/crf_16.mpd,/videos/BigBuckBunny-2160.avi
10500,0.98051,12.37376,0.99499,43.59307,0.99914,0.72551,0.95843,0.98023,0.98863,100.0,2.6,2.25,1.97,2.84,43.98,44.61,45.19,43.59,0.98,0.98,0.979,0.981,/tmpdir/crf_16.mpd,/videos/BigBuckBunny-2160.avi
10501,0.98009,12.49393,0.99476,43.36697,0.99905,0.71965,0.9558,0.97888,0.98787,100.0,2.75,2.43,2.09,2.99,43.74,44.27,44.93,43.37,0.98,0.979,0.978,0.981,/tmpdir/crf_16.mpd,/videos/BigBuckBunny-2160.avi
10502,0.9842,12.49393,0.99552,43.90321,0.99936,0.73555,0.96754,0.98576,0.99232,100.0,2.43,2.11,1.88,2.65,44.28,44.89,45.39,43.9,0.981,0.981,0.98,0.982,/tmpdir/crf_16.mpd,/videos/BigBuckBunny-2160.avi
10503,0.97969,12.97657,0.99477,43.16311,0.99906,0.71753,0.95442,0.97811,0.98754,100.0,2.9,2.6,2.21,3.14,43.51,43.98,44.68,43.16,0.98,0.978,0.977,0.98,/tmpdir/crf_16.mpd,/videos/BigBuckBunny-2160.avi
10504,0.98125,12.97657,0.99507,43.35998,0.99917,0.72358,0.95971,0.98123,0.98938,100.0,2.76,2.43,2.11,3.0,43.73,44.27,44.89,43.36,0.98,0.979,0.978,0.981,/tmpdir/crf_16.mpd,/videos/BigBuckBunny-2160.avi
10505,0.98004,13.04638,0.99475,43.03785,0.99905,0.71609,0.95543,0.97884,0.98803,100.0,2.95,2.58,2.18,3.23,43.44,44.01,44.74,43.04,0.98,0.978,0.978,0.98,/tmpdir/crf_16.mpd,/videos/BigBuckBunny-2160.avi
10506,0.98527,13.04638,0.99588,44.00313,0.99947,0.74279,0.97088,0.98732,0.99317,100.0,2.38,2.07,1.84,2.59,44.37,44.97,45.48,44.0,0.982,0.982,0.98,0.983,/tmpdir/crf_16.mpd,/videos/BigBuckBunny-2160.avi
10507,0.98076,13.07385,0.99513,43.38437,0.99914,0.72566,0.95824,0.98009,0.9886,100.0,2.75,2.47,2.09,2.98,43.74,44.2,44.92,43.38,0.981,0.979,0.978,0.981,/tmpdir/crf_16.mpd,/videos/BigBuckBunny-2160.avi
10508,0.98254,13.07385,0.99549,43.70337,0.99927,0.73464,0.96404,0.98335,0.99058,100.0,2.55,2.26,1.95,2.77,44.06,44.58,45.23,43.7,0.981,0.98,0.98,0.982,/tmpdir/crf_16.mpd,/videos/BigBuckBunny-2160.avi
10509,0.98148,13.2174,0.99524,43.44231,0.99918,0.7289,0.95986,0.981,0.98916,100.0,2.69,2.39,1.99,2.94,43.83,44.35,45.13,43.44,0.981,0.98,0.979,0.982,/tmpdir/crf_16.mpd,/videos/BigBuckBunny-2160.avi
10510,0.98673,13.2174,0.99641,44.57162,0.99958,0.75976,0.9759,0.98963,0.99451,100.0,2.09,1.84,1.64,2.27,44.92,45.48,45.97,44.57,0.984,0.983,0.982,0.984,/tmpdir/crf_16.mpd,/videos/BigBuckBunny-2160.avi
10511,0.98317,13.24989,0.99566,43.9352,0.9993,0.74102,0.9652,0.98399,0.99099,100.0,2.43,2.2,1.87,2.63,44.27,44.7,45.42,43.94,0.982,0.981,0.98,0.983,/tmpdir/crf_16.mpd,/videos/BigBuckBunny-2160.avi
10512,0.98479,13.24989,0.99593,44.22033,0.99938,0.74733,0.96917,0.98597,0.99203,100.0,2.28,2.04,1.77,2.46,44.56,45.03,45.66,44.22,0.983,0.981,0.981,0.983,/tmpdir/crf_16.mpd,/videos/BigBuckBunny-2160.avi
10513,0.98274,13.2452,0.99556,43.85184,0.99929,0.73614,0.96415,0.98349,0.99078,100.0,2.47,2.22,1.89,2.68,44.2,44.66,45.36,43.85,0.982,0.98,0.98,0.982,/tmpdir/crf_16.mpd,/videos/BigBuckBunny-2160.avi
10514,0.98519,13.2452,0.99601,44.22043,0.99948,0.7461,0.97119,0.98731,0.99313,100.0,2.25,1.95,1.7,2.46,44.61,45.24,45.83,44.22,0.983,0.982,0.982,0.983,/tmpdir/crf_16.mpd,/videos/BigBuckBunny-2160.avi
10515,0.98754,13.31579,0.99641,44.70561,0.99956,0.76039,0.97519,0.9893,0.99429,100.0,2.02,1.76,1.56,2.2,45.07,45.66,46.19,44.71,0.984,0.983,0.983,0.985,/tmpdir/crf_16.mpd,/videos/BigBuckBunny-2160.avi
10516,0.99303,10.20938,0.99814,52.39571,0.99929,0.90332,0.99088,0.99526,0.99705,100.0,0.34,0.27,0.28,0.37,52.79,53.8,53.64,52.4,0.996,0.997,0.997,0.996,/tmpdir/crf_16.mpd,/videos/BigBuckBunny-2160.avi
10517,0.98688,8.69303,0.99784,50.946,0.99922,0.88394,0.98779,0.99355,0.99565,100.0,0.47,0.35,0.38,0.52,51.41,52.71,52.3,50.95,0.996,0.996,0.996,0.995,/tmpdir/crf_16.mpd,/videos/BigBuckBunny-2160.avi
10518,0.98837,8.69303,0.99795,51.37868,0.99926,0.88968,0.9894,0.99455,0.99643,100.0,0.43,0.32,0.34,0.47,51.83,53.05,52.76,51.38,0.996,0.997,0.996,0.996,/tmpdir/crf_16.mpd,/videos/BigBuckBunny-2160.avi
10519,0.98682,8.1064,0.99783,51.02151,0.99922,0.8844,0.98795,0.99365,0.99572,100.0,0.46,0.34,0.37,0.51,51.49,52.84,52.39,51.02,0.996,0.997,0.996,0.995,/tmpdir/crf_16.mpd,/videos/BigBuckBunny-2160.avi
10520,0.99094,8.1064,0.99805,52.07167,0.99928,0.89862,0.99141,0.99573,0.99743,100.0,0.36,0.28,0.3,0.4,52.51,53.69,53.4,52.07,0.996,0.997,0.997,0.996,/tmpdir/crf_16.mpd,/videos/BigBuckBunny-2160.avi
10521,0.99095,7.58717,0.99802,52.02372,0.99925,0.89817,0.99243,0.99661,0.99809,100.0,0.37,0.27,0.29,0.41,52.49,53.76,53.47,52.02,0.996,0.997,0.997,0.996,/tmpdir/crf_16.mpd,/videos/BigBuckBunny-2160.avi
10522,0.99171,7.58717,0.99798,51.98642,0.99925,0.89806,0.99247,0.99669,0.99819,100.0,0.37,0.27,0.29,0.41,52.47,53.8,53.44,51.99,0.996,0.997,0.997,0.996,/tmpdir/crf_16.mpd,/videos/BigBuckBunny-2160.avi
10523,0.99202,6.85656,0.998,52.11955,0.99923,0.89871,0.99283,0.99676,0.99815,100.0,0.36,0.27,0.29,0.4,52.59,53.89,53.57,52.12,0.996,0.997,0.997,0.996,/tmpdir/crf_16.mpd,/videos/BigBuckBunny-2160.avi
10524,0.99233,6.85656,0.998,52.19292,0.99922,0.90028,0.99302,0.99692,0.99827,100.0,0.35,0.26,0.28,0.39,52.67,53.97,53.66,52.19,0.996,0.997,0.997,0.996,/tmpdir/crf_16.mpd,/videos/BigBuckBunny-2160.avi
10525,0.99227,6.21943,0.99801,52.30678,0.99921,0.90153,0.99321,0.99693,0.99825,100.0,0.34,0.25,0.27,0.38,52.79,54.11,53.79,52.31,0.996,0.997,0.997,0.996,/tmpdir/crf_16.mpd,/videos/BigBuckBunny-2160.avi
10526,0.98912,6.21943,0.99788,51.73363,0.99915,0.89415,0.99058,0.99524,0.9969,100.0,0.4,0.3,0.34,0.44,52.15,53.37,52.88,51.73,0.996,0.997,0.997,0.996,/tmpdir/crf_16.mpd,/videos/BigBuckBunny-2160.avi
10527,0.99103,5.45292,0.99791,52.07664,0.99917,0.897,0.99198,0.99613,0.99758,100.0,0.37,0.28,0.31,0.4,52.49,53.71,53.19,52.08,0.996,0.997,0.997,0.996,/tmpdir/crf_16.mpd,/videos/BigBuckBunny-2160.avi
10528,0.98982,5.45292,0.99783,51.98166,0.99911,0.89643,0.99076,0.99543,0.99704,100.0,0.38,0.29,0.33,0.41,52.35,53.53,52.9,51.98,0.996,0.997,0.997,0.996,/tmpdir/crf_16.mpd,/videos/BigBuckBunny-2160.avi
10529,0.99274,4.61839,0.99796,52.59448,0.99916,0.90341,0.99343,0.997,0.99826,100.0,0.32,0.23,0.26,0.36,53.06,54.43,53.95,52.59,0.997,0.997,0.997,0.996,/tmpdir/crf_16.mpd,/videos/BigBuckBunny-2160.avi
10530,0.99086,4.61839,0.99791,52.34458,0.99915,0.89983,0.99313,0.99694,0.99824,100.0,0.33,0.23,0.26,0.38,52.89,54.49,53.98,52.34,0.997,0.997,0.997,0.996,/tmpdir/crf_16.mpd,/videos/BigBuckBunny-2160.avi
10531,0.98763,4.74166,0.99781,51.99962,0.99913,0.8929,0.99049,0.99546,0.99718,100.0,0.37,0.28,0.32,0.41,52.41,53.66,53.07,52.0,0.996,0.997,0.997,0.996,/tmpdir/crf_16.mpd,/videos/BigBuckBunny-2160.avi
10532,0.98918,4.74166,0.99793,52.68474,0.99918,0.90442,0.99235,0.99642,0.9978,100.0,0.32,0.25,0.28,0.35,53.06,54.2,53.68,52.68,0.997,0.997,0.997,0.997,/tmpdir/crf_16.mpd,/videos/BigBuckBunny-2160.avi
10533,0.98897,3.567,0.99784,52.1779,0.99915,0.89617,0.99061,0.99548,0.9972,99.99186,0.35,0.25,0.29,0.39,52.65,54.1,53.46,52.18,0.997,0.997,0.997,0.996,/tmpdir/crf_16.mpd,/videos/BigBuckBunny-2160.avi
10534,0.99317,3.567,0.99808,53.55164,0.99919,0.91545,0.99478,0.9976,0.99859,100.0,0.26,0.2,0.22,0.29,53.94,55.07,54.62,53.55,0.997,0.998,0.997,0.997,/tmpdir/crf_16.mpd,/videos/BigBuckBunny-2160.avi
10535,0.98814,2.87202,0.99776,52.08979,0.99907,0.89353,0.99061,0.9955,0.99716,99.46537,0.37,0.26,0.32,0.4,52.51,53.94,53.08,52.09,0.997,0.997,0.997,0.996,/tmpdir/crf_16.mpd,/videos/BigBuckBunny-2160.avi
10536,0.98864,2.87202,0.99779,52.27764,0.99907,0.89575,0.99192,0.99634,0.99787,99.62977,0.35,0.25,0.29,0.38,52.73,54.2,53.45,52.28,0.997,0.997,0.997,0.996,/tmpdir/crf_16.mpd,/videos/BigBuckBunny-2160.avi
10537,0.98771,2.27527,0.99771,52.00924,0.99902,0.89143,0.99089,0.9958,0.99749,99.10404,0.37,0.26,0.31,0.41,52.48,54.03,53.25,52.01,0.997,0.997,0.997,0.996,/tmpdir/crf_16.mpd,/videos/BigBuckBunny-2160.avi
10538,0.99132,2.27527,0.99789,53.04912,0.99907,0.90561,0.99364,0.99713,0.99829,99.87313,0.29,0.2,0.23,0.32,53.54,55.05,54.42,53.05,0.997,0.998,0.997,0.997,/tmpdir/crf_16.mpd,/videos/BigBuckBunny-2160.avi
10539,0.98683,1.76211,0.9977,52.08519,0.99898,0.89206,0.99107,0.99596,0.99759,98.70221,0.36,0.26,0.31,0.4,52.53,53.98,53.19,52.09,0.997,0.997,0.997,0.996,/tmpdir/crf_16.mpd,/videos/BigBuckBunny-2160.avi
10540,0.98784,1.76211,0.99778,52.49215,0.999,0.89829,0.99234,0.99651,0.99789,98.93303,0.33,0.23,0.28,0.37,52.95,54.43,53.71,52.49,0.997,0.998,0.997,0.997,/tmpdir/crf_16.mpd,/videos/BigBuckBunny-2160.avi
10541,0.98593,1.37083,0.99771,52.19532,0.99897,0.89284,0.99164,0.99627,0.99778,98.37235,0.35,0.24,0.29,0.39,52.71,54.4,53.56,52.2,0.997,0.998,0.997,0.996,/tmpdir/crf_16.mpd,/videos/BigBuckBunny-2160.avi
10542,0.99105,1.37083,0.99796,53.55667,0.99905,0.91203,0.99529,0.99797,0.99883,99.45479,0.26,0.18,0.21,0.29,54.05,55.56,54.93,53.56,0.997,0.998,0.998,0.997,/tmpdir/crf_16.mpd,/videos/BigBuckBunny-2160.avi
10543,0.9889,1.26154,0.99783,52.83851,0.999,0.90164,0.99321,0.99708,0.99829,98.92844,0.31,0.23,0.27,0.34,53.24,54.6,53.82,52.84,0.997,0.998,0.997,0.997,/tmpdir/crf_16.mpd,/videos/BigBuckBunny-2160.avi
10544,0.98954,1.26154,0.99787,53.09775,0.99902,0.90567,0.99388,0.99743,0.99855,99.07989,0.29,0.21,0.25,0.32,53.52,54.88,54.15,53.1,0.997,0.998,0.997,0.997,/tmpdir/crf_16.mpd,/videos/BigBuckBunny-2160.avi
10545,0.98762,1.12031,0.99783,52.75875,0.99899,0.8999,0.99316,0.99707,0.99827,98.62597,0.31,0.22,0.27,0.34,53.2,54.64,53.86,52.76,0.997,0.998,0.997,0.997,/tmpdir/crf_16.mpd,/videos/BigBuckBunny-2160.avi
10546,0.99084,1.12031,0.99796,53.65016,0.99903,0.91263,0.99538,0.99805,0.9989,99.30582,0.25,0.17,0.2,0.28,54.15,55.72,55.02,53.65,0.997,0.998,0.998,0.997,/tmpdir/crf_16.mpd,/videos/BigBuckBunny-2160.avi
10547,0.9878,0.94268,0.99782,52.71568,0.99899,0.89791,0.99312,0.99699,0.99818,98.55805,0.32,0.23,0.27,0.35,53.14,54.54,53.74,52.72,0.997,0.998,0.997,0.997,/tmpdir/crf_16.mpd,/videos/BigBuckBunny-2160.avi
10548,0.98947,0.94268,0.99788,53.18252,0.999,0.90678,0.99411,0.99752,0.99858,98.92238,0.28,0.21,0.24,0.31,53.61,55.0,54.26,53.18,0.997,0.998,0.997,0.997,/tmpdir/crf_16.mpd,/videos/BigBuckBunny-2160.avi
10549,0.98705,0.96396,0.99776,52.42387,0.99896,0.89334,0.99245,0.99683,0.9982,98.41723,0.33,0.22,0.27,0.37,52.96,54.71,53.87,52.42,0.997,0.998,0.997,0.997,/tmpdir/crf_16.mpd,/videos/BigBuckBunny-2160.avi
10550,0.9905,0.96396,0.99793,53.51712,0.99901,0.91074,0.99507,0.99802,0.99894,99.16619,0.26,0.18,0.21,0.29,54.04,55.67,54.97,53.52,0.997,0.998,0.998,0.997,/tmpdir/crf_16.mpd,/videos/BigBuckBunny-2160.avi
10551,0.98761,1.40474,0.99779,52.86716,0.99898,0.90001,0.99244,0.99673,0.99811,98.74323,0.3,0.22,0.26,0.34,53.29,54.67,53.94,52.87,0.997,0.998,0.997,0.997,/tmpdir/crf_16.mpd,/videos/BigBuckBunny-2160.avi
10552,0.9889,1.40474,0.99786,53.34489,0.99898,0.90727,0.99404,0.99752,0.99863,99.04873,0.27,0.2,0.24,0.3,53.75,55.11,54.34,53.34,0.997,0.998,0.998,0.997,/tmpdir/crf_16.mpd,/videos/BigBuckBunny-2160.avi
10553,0.98648,1.12698,0.99776,52.80699,0.99894,0.89894,0.99214,0.99663,0.99811,98.40039,0.31,0.21,0.26,0.34,53.27,54.81,53.98,52.81,0.997,0.998,0.997,0.997,/tmpdir/crf_16.mpd,/videos/BigBuckBunny-2160.avi
10554,0.99151,1.11971,0.99794,53.82223,0.99899,0.91386,0.99581,0.99835,0.99911,99.44974,0.24,0.17,0.2,0.27,54.29,55.76,55.07,53.82,0.997,0.998,0.998,0.997,/tmpdir/crf_16.mpd,/videos/BigBuckBunny-2160.avi
10555,0.98654,0.91754,0.99779,52.8229,0.99896,0.8979,0.99327,0.99714,0.9983,98.33513,0.31,0.22,0.27,0.34,53.23,54.62,53.78,52.82,0.997,0.998,0.997,0.997,/tmpdir/crf_16.mpd,/videos/BigBuckBunny-2160.avi
10556,0.98845,0.91754,0.99783,53.06399,0.99897,0.90221,0.99424,0.99767,0.99873,98.7302,0.29,0.2,0.25,0.32,53.53,55.07,54.23,53.06,0.997,0.998,0.997,0.997,/tmpdir/crf_16.mpd,/videos/BigBuckBunny-2160.avi
10557,0.98632,0.80648,0.99775,52.41139,0.99898,0.89107,0.99286,0.99694,0.99824,98.21139,0.33,0.22,0.28,0.37,52.92,54.61,53.72,52.41,0.997,0.998,0.997,0.997,/tmpdir/crf_16.mpd,/videos/BigBuckBunny-2160.avi
10558,0.99066,0.80648,0.99783,52.90625,0.999,0.89995,0.99461,0.99785,0.99881,99.07234,0.29,0.19,0.23,0.33,53.46,55.25,54.49,52.91,0.997,0.998,0.998,0.997,/tmpdir/crf_16.mpd,/videos/BigBuckBunny-2160.avi
10559,0.99008,1.18213,0.99775,52.57159,0.99897,0.89406,0.99342,0.99732,0.99846,99.09462,0.32,0.21,0.25,0.36,53.15,55.01,54.21,52.57,0.997,0.998,0.998,0.997,/tmpdir/crf_16.mpd,/videos/BigBuckBunny-2160.avi
10560,0.99721,9.49228,0.99861,51.78181,0.99947,0.92622,0.99617,0.99832,0.99909,100.0,0.4,0.35,0.34,0.43,52.09,52.75,52.83,51.78,0.997,0.997,0.996,0.997,/tmpdir/crf_16.mpd,/videos/BigBuckBunny-2160.avi
10561,0.99005,8.0205,0.99826,49.39449,0.99937,0.89706,0.98576,0.99202,0.99478,100.0,0.67,0.56,0.45,0.75,49.89,50.65,51.62,49.39,0.996,0.996,0.995,0.997,/tmpdir/crf_16.mpd,/videos/BigBuckBunny-2160.avi
10562,0.98879,8.0205,0.99819,48.8135,0.99936,0.88946,0.98364,0.99115,0.99431,100.0,0.78,0.73,0.54,0.85,49.2,49.5,50.81,48.81,0.996,0.995,0.994,0.996,/tmpdir/crf_16.mpd,/videos/BigBuckBunny-2160.avi
10563,0.99423,9.9082,0.99832,49.41023,0.99945,0.89274,0.99054,0.99545,0.99728,100.0,0.67,0.56,0.49,0.74,49.86,50.64,51.22,49.41,0.996,0.995,0.995,0.996,/tmpdir/crf_16.mpd,/videos/BigBuckBunny-2160.avi
10564,0.98932,9.9082,0.99813,48.31734,0.99936,0.88066,0.98259,0.99068,0.9941,100.0,0.87,0.78,0.6,0.96,48.75,49.23,50.36,48.32,0.995,0.994,0.994,0.996,/tmpdir/crf_16.mpd,/videos/BigBuckBunny-2160.avi
10565,0.99322,12.16062,0.99824,48.65925,0.99945,0.88047,0.98882,0.99469,0.9969,100.0,0.8,0.67,0.59,0.89,49.1,49.85,50.46,48.66,0.995,0.995,0.994,0.996,/tmpdir/crf_16.mpd,/videos/BigBuckBunny-2160.avi
10566,0.9932,12.16062,0.99817,48.3366,0.99943,0.87597,0.98818,0.99458,0.99689,100.0,0.86,0.73,0.62,0.95,48.79,49.53,50.22,48.34,0.995,0.994,0.993,0.996,/tmpdir/crf_16.mpd,/videos/BigBuckBunny-2160.avi
10567,0.9929,15.17705,0.99815,48.04745,0.99945,0.87096,0.98767,0.99432,0.99675,100.0,0.92,0.79,0.68,1.02,48.47,49.16,49.83,48.05,0.995,0.994,0.993,0.995,/tmpdir/crf_16.mpd,/videos/BigBuckBunny-2160.avi
10568,0.99252,15.17705,0.99809,47.66976,0.99945,0.86511,0.98663,0.99389,0.9965,100.0,1.01,0.87,0.73,1.11,48.1,48.74,49.5,47.67,0.994,0.993,0.992,0.995,/tmpdir/crf_16.mpd,/videos/BigBuckBunny-2160.avi
10569,0.99223,19.4693,0.99807,47.27715,0.99947,0.85796,0.98579,0.99341,0.99617,100.0,1.11,0.96,0.81,1.22,47.69,48.3,49.07,47.28,0.994,0.993,0.992,0.995,/tmpdir/crf_16.mpd,/videos/BigBuckBunny-2160.avi
10570,0.99157,19.4693,0.99799,46.69729,0.99948,0.84834,0.98375,0.99251,0.99569,100.0,1.26,1.09,0.89,1.39,47.14,47.76,48.65,46.7,0.993,0.992,0.991,0.994,/tmpdir/crf_16.mpd,/videos/BigBuckBunny-2160.avi
10571,0.99125,26.47862,0.99798,46.22725,0.99953,0.83984,0.98333,0.99233,0.99562,100.0,1.41,1.24,1.0,1.55,46.65,47.21,48.14,46.23,0.993,0.991,0.99,0.994,/tmpdir/crf_16.mpd,/videos/BigBuckBunny-2160.avi
10572,0.99001,27.05504,0.99785,45.38725,0.99957,0.82448,0.98037,0.99101,0.99491,100.0,1.69,1.48,1.14,1.88,45.85,46.43,47.57,45.39,0.992,0.99,0.988,0.993,/tmpdir/crf_16.mpd,/videos/BigBuckBunny-2160.avi
10573,0.98824,37.57899,0.9977,44.56647,0.99966,0.8097,0.97739,0.98972,0.99428,100.0,2.04,1.83,1.33,2.27,45.03,45.5,46.89,44.57,0.99,0.988,0.987,0.991,/tmpdir/crf_16.mpd,/videos/BigBuckBunny-2160.avi
10574,0.99003,43.9263,0.99768,44.24945,0.99973,0.79988,0.9793,0.99082,0.99508,100.0,2.19,1.95,1.43,2.44,44.72,45.24,46.58,44.25,0.989,0.986,0.986,0.99,/tmpdir/crf_16.mpd,/videos/BigBuckBunny-2160.avi
10575,0.99657,0.00027,0.99803,56.54325,0.99855,0.95618,0.99833,0.99932,0.99964,100.0,0.13,0.11,0.11,0.14,56.93,57.76,57.89,56.54,0.999,0.999,0.999,0.999,/tmpdir/crf_16.mpd,/videos/BigBuckBunny-2160.avi
10576,0.99657,0.00027,0.99804,56.55079,0.99855,0.95617,0.99832,0.99931,0.99963,100.0,0.13,0.11,0.11,0.14,56.93,57.75,57.89,56.55,0.999,0.999,0.999,0.999,/tmpdir/crf_16.mpd,/videos/BigBuckBunny-2160.avi
10577,0.99656,0.00027,0.99804,56.55644,0.99855,0.95621,0.99833,0.99931,0.99964,100.0,0.13,0.11,0.11,0.14,56.94,57.76,57.89,56.56,0.999,0.999,0.999,0.999,/tmpdir/crf_16.mpd,/videos/BigBuckBunny-2160.avi
10578,0.99653,0.00051,0.99803,56.54432,0.99855,0.95612,0.99832,0.99931,0.99964,100.0,0.13,0.11,0.11,0.14,56.93,57.75,57.88,56.54,0.999,0.999,0.999,0.999,/tmpdir/crf_16.mpd,/videos/BigBuckBunny-2160.avi
10579,0.99504,0.72923,0.9979,54.07203,0.99854,0.94117,0.99678,0.9986,0.99923,100.0,0.22,0.17,0.14,0.25,54.67,55.87,56.57,54.07,0.998,0.998,0.998,0.998,/tmpdir/crf_16.mpd,/videos/BigBuckBunny-2160.avi
10580,0.99065,1.60093,0.99788,54.26795,0.99855,0.93984,0.99533,0.99793,0.99887,99.59021,0.22,0.2,0.17,0.24,54.65,55.21,55.84,54.27,0.998,0.998,0.998,0.998,/tmpdir/crf_16.mpd,/videos/BigBuckBunny-2160.avi
10581,0.99217,3.74759,0.99791,54.7186,0.99857,0.94156,0.99551,0.998,0.99891,100.0,0.2,0.19,0.16,0.22,55.04,55.42,56.1,54.72,0.998,0.998,0.998,0.998,/tmpdir/crf_16.mpd,/videos/BigBuckBunny-2160.avi
10582,0.99125,4.72044,0.99788,54.74044,0.99857,0.94117,0.99524,0.99786,0.99881,100.0,0.2,0.18,0.15,0.22,55.1,55.62,56.26,54.74,0.998,0.998,0.998,0.998,/tmpdir/crf_16.mpd,/videos/BigBuckBunny-2160.avi
10583,0.99076,9.76743,0.99788,53.93246,0.99867,0.93026,0.9939,0.99724,0.99845,100.0,0.24,0.21,0.19,0.26,54.29,54.85,55.41,53.93,0.998,0.998,0.998,0.998,/tmpdir/crf_16.mpd,/videos/BigBuckBunny-2160.avi
10584,0.99061,12.37584,0.99789,52.84102,0.9988,0.91687,0.99244,0.99663,0.99811,100.0,0.31,0.28,0.24,0.34,53.19,53.7,54.31,52.84,0.997,0.997,0.997,0.997,/tmpdir/crf_16.mpd,/videos/BigBuckBunny-2160.avi
10585,0.99446,9.89471,0.99818,53.29807,0.99896,0.9254,0.99548,0.99806,0.99896,100.0,0.28,0.24,0.22,0.3,53.65,54.24,54.68,53.3,0.997,0.998,0.997,0.997,/tmpdir/crf_16.mpd,/videos/BigBuckBunny-2160.avi
10586,0.98756,9.89471,0.99763,50.00854,0.99892,0.87373,0.98808,0.99485,0.99718,100.0,0.6,0.55,0.48,0.65,50.32,50.73,51.35,50.01,0.995,0.995,0.995,0.995,/tmpdir/crf_16.mpd,/videos/BigBuckBunny-2160.avi
10587,0.99149,9.06415,0.99791,51.25983,0.99897,0.89493,0.992,0.99674,0.99834,100.0,0.44,0.38,0.33,0.49,51.68,52.36,52.99,51.26,0.996,0.997,0.996,0.996,/tmpdir/crf_16.mpd,/videos/BigBuckBunny-2160.avi
10588,0.98713,9.06415,0.99766,50.21552,0.99892,0.87707,0.98998,0.99578,0.99777,100.0,0.54,0.4,0.37,0.62,50.81,52.13,52.48,50.22,0.995,0.996,0.996,0.995,/tmpdir/crf_16.mpd,/videos/BigBuckBunny-2160.avi
10589,0.99059,6.2479,0.99799,51.70367,0.99894,0.9002,0.99365,0.99736,0.9986,100.0,0.39,0.31,0.29,0.44,52.17,53.17,53.44,51.7,0.996,0.997,0.997,0.996,/tmpdir/crf_16.mpd,/videos/BigBuckBunny-2160.avi
10590,0.98759,5.56577,0.99783,51.11122,0.9989,0.89221,0.99229,0.99677,0.99827,100.0,0.45,0.34,0.32,0.5,51.64,52.86,53.03,51.11,0.996,0.997,0.997,0.996,/tmpdir/crf_16.mpd,/videos/BigBuckBunny-2160.avi
10591,0.9876,3.35509,0.99781,51.22724,0.99886,0.89512,0.99255,0.99686,0.99827,99.74134,0.43,0.32,0.31,0.49,51.78,53.14,53.17,51.23,0.996,0.997,0.997,0.996,/tmpdir/crf_16.mpd,/videos/BigBuckBunny-2160.avi
10592,0.99093,3.35509,0.99797,52.04762,0.99888,0.90604,0.99466,0.99781,0.99886,100.0,0.36,0.26,0.26,0.41,52.61,54.0,54.03,52.05,0.997,0.997,0.997,0.996,/tmpdir/crf_16.mpd,/videos/BigBuckBunny-2160.avi
10593,0.98841,2.63198,0.99782,51.30111,0.99885,0.89725,0.99319,0.9972,0.99851,99.53317,0.42,0.3,0.29,0.48,51.9,53.42,53.46,51.3,0.996,0.997,0.997,0.996,/tmpdir/crf_16.mpd,/videos/BigBuckBunny-2160.avi
10594,0.99088,2.63198,0.99798,52.05396,0.99888,0.90649,0.99489,0.99792,0.99889,100.0,0.36,0.26,0.26,0.41,52.62,54.02,54.04,52.05,0.997,0.997,0.997,0.996,/tmpdir/crf_16.mpd,/videos/BigBuckBunny-2160.avi
10595,0.98781,1.80527,0.99777,50.9458,0.99883,0.89139,0.99277,0.99704,0.99844,98.98079,0.46,0.34,0.33,0.52,51.49,52.78,52.91,50.95,0.996,0.997,0.997,0.996,/tmpdir/crf_16.mpd,/videos/BigBuckBunny-2160.avi
10596,0.98865,1.80527,0.99785,51.43689,0.99885,0.89801,0.99362,0.99741,0.99864,99.17272,0.41,0.3,0.3,0.47,52.0,53.42,53.43,51.44,0.996,0.997,0.997,0.996,/tmpdir/crf_16.mpd,/videos/BigBuckBunny-2160.avi
10597,0.98731,2.76405,0.99778,51.21221,0.99883,0.89549,0.99243,0.99678,0.99823,99.37289,0.43,0.3,0.31,0.49,51.8,53.33,53.22,51.21,0.996,0.997,0.997,0.996,/tmpdir/crf_16.mpd,/videos/BigBuckBunny-2160.avi
10598,0.98915,2.80815,0.99785,51.49567,0.99886,0.89891,0.99322,0.99718,0.9985,99.75952,0.4,0.27,0.27,0.46,52.13,53.75,53.76,51.5,0.996,0.997,0.997,0.996,/tmpdir/crf_16.mpd,/videos/BigBuckBunny-2160.avi
10599,0.98525,4.42986,0.9977,50.85907,0.99885,0.88805,0.99163,0.99649,0.99808,99.87717,0.46,0.31,0.32,0.53,51.5,53.22,53.11,50.86,0.996,0.997,0.997,0.995,/tmpdir/crf_16.mpd,/videos/BigBuckBunny-2160.avi
10600,0.99048,4.6601,0.99794,51.93956,0.9989,0.90474,0.99402,0.99748,0.99866,100.0,0.37,0.27,0.26,0.42,52.5,53.88,53.91,51.94,0.997,0.997,0.997,0.996,/tmpdir/crf_16.mpd,/videos/BigBuckBunny-2160.avi
10601,0.98598,3.00097,0.99769,50.51185,0.99886,0.88493,0.99077,0.99605,0.99783,99.18898,0.51,0.38,0.36,0.58,51.06,52.34,52.52,50.51,0.996,0.997,0.996,0.995,/tmpdir/crf_16.mpd,/videos/BigBuckBunny-2160.avi
10602,0.98934,3.00097,0.99778,50.64904,0.99889,0.88539,0.99245,0.99691,0.99834,99.84124,0.5,0.38,0.37,0.56,51.16,52.34,52.5,50.65,0.996,0.996,0.996,0.995,/tmpdir/crf_16.mpd,/videos/BigBuckBunny-2160.avi
10603,0.98792,2.23502,0.99774,50.31462,0.99888,0.88381,0.99178,0.99665,0.99821,99.17246,0.54,0.41,0.38,0.6,50.84,52.0,52.28,50.31,0.996,0.996,0.996,0.995,/tmpdir/crf_16.mpd,/videos/BigBuckBunny-2160.avi
10604,0.9916,2.23502,0.99803,51.58929,0.99892,0.90236,0.99456,0.9978,0.99885,99.94938,0.41,0.33,0.31,0.45,52.04,53.0,53.24,51.59,0.996,0.997,0.997,0.996,/tmpdir/crf_16.mpd,/videos/BigBuckBunny-2160.avi
10605,0.98684,2.38489,0.99782,50.84254,0.99887,0.89196,0.99237,0.99678,0.99819,99.08274,0.47,0.35,0.34,0.54,51.41,52.75,52.88,50.84,0.996,0.997,0.997,0.996,/tmpdir/crf_16.mpd,/videos/BigBuckBunny-2160.avi
10606,0.98867,2.38489,0.9979,51.29861,0.99888,0.89818,0.99353,0.99726,0.99851,99.45716,0.42,0.3,0.3,0.48,51.88,53.32,53.36,51.3,0.996,0.997,0.997,0.996,/tmpdir/crf_16.mpd,/videos/BigBuckBunny-2160.avi
10607,0.98825,1.79452,0.9979,51.42876,0.99886,0.9012,0.99322,0.99705,0.99833,99.07504,0.41,0.3,0.3,0.47,51.99,53.41,53.4,51.43,0.996,0.997,0.997,0.996,/tmpdir/crf_16.mpd,/videos/BigBuckBunny-2160.avi
10608,0.99045,1.79452,0.99801,52.04195,0.99889,0.90805,0.99512,0.99799,0.99892,99.55044,0.36,0.26,0.26,0.41,52.61,54.03,54.01,52.04,0.997,0.997,0.997,0.996,/tmpdir/crf_16.mpd,/videos/BigBuckBunny-2160.avi
10609,0.98803,1.04472,0.99788,51.49033,0.99884,0.9015,0.99337,0.9972,0.99843,98.68159,0.41,0.3,0.3,0.46,52.03,53.41,53.33,51.49,0.997,0.997,0.997,0.996,/tmpdir/crf_16.mpd,/videos/BigBuckBunny-2160.avi
10610,0.98824,1.0195,0.9979,51.57781,0.99885,0.90169,0.99402,0.99751,0.99866,98.73067,0.4,0.29,0.29,0.45,52.13,53.54,53.43,51.58,0.997,0.997,0.997,0.996,/tmpdir/crf_16.mpd,/videos/BigBuckBunny-2160.avi
10611,0.9877,1.0195,0.99782,51.20485,0.99883,0.89652,0.99327,0.99716,0.99844,98.59361,0.43,0.32,0.32,0.49,51.76,53.15,53.13,51.2,0.996,0.997,0.997,0.996,/tmpdir/crf_16.mpd,/videos/BigBuckBunny-2160.avi
10612,0.98788,1.66318,0.99784,51.47061,0.99885,0.8991,0.99369,0.99743,0.99862,98.96872,0.4,0.28,0.29,0.46,52.08,53.73,53.51,51.47,0.996,0.997,0.997,0.996,/tmpdir/crf_16.mpd,/videos/BigBuckBunny-2160.avi
10613,0.98489,4.29302,0.99776,51.41868,0.99884,0.89822,0.99214,0.9967,0.99819,99.77232,0.41,0.29,0.3,0.47,51.99,53.51,53.38,51.42,0.996,0.997,0.997,0.996,/tmpdir/crf_16.mpd,/videos/BigBuckBunny-2160.avi
10614,0.98741,4.29302,0.99787,51.94864,0.99887,0.90469,0.99326,0.99716,0.99847,100.0,0.37,0.26,0.27,0.42,52.5,54.02,53.75,51.95,0.997,0.997,0.997,0.996,/tmpdir/crf_16.mpd,/videos/BigBuckBunny-2160.avi
10615,0.98783,5.71228,0.99789,51.86391,0.99889,0.90302,0.99351,0.99728,0.99854,100.0,0.37,0.27,0.28,0.42,52.41,53.83,53.68,51.86,0.996,0.997,0.997,0.996,/tmpdir/crf_16.mpd,/videos/BigBuckBunny-2160.avi
10616,0.98842,5.71228,0.99787,51.83159,0.99887,0.90397,0.99337,0.9972,0.9985,100.0,0.38,0.28,0.28,0.43,52.35,53.66,53.61,51.83,0.996,0.997,0.997,0.996,/tmpdir/crf_16.mpd,/videos/BigBuckBunny-2160.avi
10617,0.99211,6.82304,0.99802,52.31657,0.99893,0.91178,0.99361,0.9973,0.99857,100.0,0.35,0.28,0.28,0.38,52.73,53.65,53.74,52.32,0.997,0.997,0.997,0.997,/tmpdir/crf_16.mpd,/videos/BigBuckBunny-2160.avi
10618,0.99039,5.56909,0.99791,51.54343,0.99892,0.89992,0.99316,0.99726,0.99857,100.0,0.41,0.32,0.31,0.46,52.02,53.13,53.2,51.54,0.996,0.997,0.997,0.996,/tmpdir/crf_16.mpd,/videos/BigBuckBunny-2160.avi
10619,0.98856,4.39456,0.99779,50.57,0.99893,0.88603,0.99186,0.99662,0.99819,100.0,0.51,0.39,0.37,0.57,51.09,52.25,52.48,50.57,0.996,0.997,0.996,0.995,/tmpdir/crf_16.mpd,/videos/BigBuckBunny-2160.avi
10620,0.98623,4.39456,0.99773,50.62665,0.99894,0.88491,0.99114,0.99634,0.99805,100.0,0.51,0.4,0.38,0.56,51.09,52.12,52.3,50.63,0.996,0.996,0.996,0.995,/tmpdir/crf_16.mpd,/videos/BigBuckBunny-2160.avi
10621,0.99084,4.8866,0.99794,51.89154,0.99891,0.90598,0.99373,0.99739,0.9986,100.0,0.37,0.28,0.28,0.42,52.39,53.61,53.6,51.89,0.997,0.997,0.997,0.996,/tmpdir/crf_16.mpd,/videos/BigBuckBunny-2160.avi
10622,0.99018,5.57317,0.99793,51.81082,0.99891,0.90524,0.99389,0.99753,0.99869,100.0,0.38,0.29,0.29,0.43,52.32,53.56,53.55,51.81,0.996,0.997,0.997,0.996,/tmpdir/crf_16.mpd,/videos/BigBuckBunny-2160.avi
10623,0.98567,4.47613,0.99774,51.04182,0.99888,0.89275,0.99176,0.99657,0.99813,99.99202,0.45,0.33,0.33,0.51,51.58,52.9,52.94,51.04,0.996,0.997,0.997,0.996,/tmpdir/crf_16.mpd,/videos/BigBuckBunny-2160.avi
10624,0.98811,4.47613,0.99791,51.75859,0.99892,0.90399,0.994,0.99758,0.99875,100.0,0.38,0.28,0.28,0.43,52.3,53.71,53.59,51.76,0.996,0.997,0.997,0.996,/tmpdir/crf_16.mpd,/videos/BigBuckBunny-2160.avi
10625,0.9856,3.25411,0.99772,50.68212,0.99894,0.88449,0.99143,0.99648,0.99811,99.28662,0.48,0.34,0.35,0.56,51.28,52.88,52.75,50.68,0.996,0.997,0.997,0.995,/tmpdir/crf_16.mpd,/videos/BigBuckBunny-2160.avi
10626,0.98835,3.25411,0.99789,51.75456,0.99891,0.9028,0.99373,0.99748,0.99867,99.88306,0.38,0.27,0.28,0.43,52.32,53.8,53.69,51.75,0.996,0.997,0.997,0.996,/tmpdir/crf_16.mpd,/videos/BigBuckBunny-2160.avi
10627,0.98809,4.51922,0.99789,51.76682,0.99889,0.90329,0.99352,0.99732,0.99855,100.0,0.38,0.28,0.28,0.43,52.31,53.69,53.6,51.77,0.996,0.997,0.997,0.996,/tmpdir/crf_16.mpd,/videos/BigBuckBunny-2160.avi
10628,0.98811,4.51922,0.99784,51.45529,0.9989,0.8983,0.99351,0.99743,0.99867,100.0,0.41,0.29,0.3,0.47,52.03,53.55,53.42,51.46,0.996,0.997,0.997,0.996,/tmpdir/crf_16.mpd,/videos/BigBuckBunny-2160.avi
10629,0.99064,4.47582,0.99798,52.04989,0.99893,0.90871,0.99473,0.99786,0.99884,100.0,0.36,0.26,0.27,0.41,52.59,53.99,53.87,52.05,0.997,0.997,0.997,0.996,/tmpdir/crf_16.mpd,/videos/BigBuckBunny-2160.avi
10630,0.98614,4.21402,0.9978,51.07136,0.99895,0.89355,0.99209,0.99674,0.99829,99.94567,0.45,0.34,0.34,0.51,51.59,52.85,52.86,51.07,0.996,0.997,0.997,0.996,/tmpdir/crf_16.mpd,/videos/BigBuckBunny-2160.avi
10631,0.9908,4.21402,0.99796,52.12729,0.99892,0.90984,0.99461,0.99778,0.9988,100.0,0.35,0.25,0.26,0.4,52.67,54.1,53.96,52.13,0.997,0.997,0.997,0.996,/tmpdir/crf_16.mpd,/videos/BigBuckBunny-2160.avi
10632,0.9908,4.97697,0.99796,52.04864,0.99891,0.90826,0.99447,0.99774,0.99878,100.0,0.36,0.26,0.27,0.41,52.57,53.94,53.79,52.05,0.997,0.997,0.997,0.996,/tmpdir/crf_16.mpd,/videos/BigBuckBunny-2160.avi
10633,0.98642,3.81485,0.99776,50.92199,0.99889,0.89032,0.992,0.99674,0.9983,99.76842,0.47,0.36,0.35,0.53,51.42,52.55,52.72,50.92,0.996,0.997,0.997,0.996,/tmpdir/crf_16.mpd,/videos/BigBuckBunny-2160.avi
10634,0.98959,3.81485,0.99793,51.70459,0.99893,0.90358,0.99426,0.99766,0.99875,100.0,0.39,0.27,0.28,0.44,52.28,53.8,53.62,51.7,0.996,0.997,0.997,0.996,/tmpdir/crf_16.mpd,/videos/BigBuckBunny-2160.avi
10635,0.98622,3.15655,0.99775,50.60051,0.99896,0.88361,0.99165,0.99657,0.99817,99.3485,0.5,0.38,0.37,0.57,51.13,52.38,52.46,50.6,0.996,0.997,0.996,0.995,/tmpdir/crf_16.mpd,/videos/BigBuckBunny-2160.avi
10636,0.98903,3.15655,0.99793,51.87703,0.99893,0.90645,0.99409,0.99762,0.99876,99.972,0.37,0.26,0.27,0.42,52.45,53.95,53.82,51.88,0.996,0.997,0.997,0.996,/tmpdir/crf_16.mpd,/videos/BigBuckBunny-2160.avi
10637,0.98949,4.35505,0.99796,52.03096,0.99892,0.9084,0.99407,0.99753,0.99867,100.0,0.36,0.26,0.27,0.41,52.58,54.02,53.85,52.03,0.997,0.997,0.997,0.996,/tmpdir/crf_16.mpd,/videos/BigBuckBunny-2160.avi
10638,0.98814,4.35505,0.99794,51.76547,0.99892,0.90392,0.9943,0.9977,0.99879,100.0,0.38,0.27,0.27,0.43,52.35,53.88,53.77,51.77,0.996,0.997,0.997,0.996,/tmpdir/crf_16.mpd,/videos/BigBuckBunny-2160.avi
10639,0.98836,3.34541,0.99784,51.26922,0.99891,0.89932,0.99271,0.99681,0.99818,99.87375,0.43,0.32,0.32,0.49,51.8,53.07,53.15,51.27,0.996,0.997,0.997,0.996,/tmpdir/crf_16.mpd,/videos/BigBuckBunny-2160.avi
10640,0.99021,3.23413,0.99791,51.57151,0.99891,0.90383,0.99337,0.99714,0.99839,100.0,0.4,0.29,0.29,0.45,52.13,53.55,53.53,51.57,0.996,0.997,0.997,0.996,/tmpdir/crf_16.mpd,/videos/BigBuckBunny-2160.avi
10641,0.98887,1.07158,0.9979,51.31402,0.99889,0.89934,0.99352,0.99724,0.99848,98.84086,0.42,0.3,0.29,0.48,51.92,53.41,53.5,51.31,0.996,0.997,0.997,0.996,/tmpdir/crf_16.mpd,/videos/BigBuckBunny-2160.avi
10642,0.99351,0.66835,0.99817,52.93449,0.99894,0.91918,0.99682,0.99879,0.99938,99.6404,0.29,0.21,0.22,0.33,53.48,54.93,54.77,52.93,0.997,0.998,0.997,0.997,/tmpdir/crf_16.mpd,/videos/BigBuckBunny-2160.avi
10643,0.98913,0.61659,0.99798,51.79079,0.9989,0.9055,0.99445,0.99767,0.99874,98.71898,0.38,0.29,0.29,0.43,52.28,53.44,53.51,51.79,0.997,0.997,0.997,0.996,/tmpdir/crf_16.mpd,/videos/BigBuckBunny-2160.avi
10644,0.98977,0.61659,0.99802,51.99789,0.99891,0.90817,0.99478,0.99778,0.99875,98.84558,0.37,0.28,0.27,0.41,52.5,53.68,53.76,52.0,0.997,0.997,0.997,0.997,/tmpdir/crf_16.mpd,/videos/BigBuckBunny-2160.avi
10645,0.98934,0.55479,0.99798,51.73884,0.99889,0.90593,0.99437,0.99759,0.99866,98.72061,0.39,0.3,0.29,0.44,52.25,53.4,53.57,51.74,0.997,0.997,0.997,0.996,/tmpdir/crf_16.mpd,/videos/BigBuckBunny-2160.avi
10646,0.99293,0.55479,0.99816,52.77646,0.99894,0.91805,0.99663,0.9986,0.99921,99.46378,0.3,0.22,0.22,0.34,53.33,54.78,54.64,52.78,0.997,0.998,0.997,0.997,/tmpdir/crf_16.mpd,/videos/BigBuckBunny-2160.avi
10647,0.98933,0.4632,0.998,51.80702,0.9989,0.90643,0.9944,0.99763,0.99873,98.684,0.39,0.3,0.29,0.43,52.27,53.3,53.48,51.81,0.997,0.997,0.997,0.996,/tmpdir/crf_16.mpd,/videos/BigBuckBunny-2160.avi
10648,0.99023,0.4632,0.99802,51.90857,0.99891,0.9075,0.99475,0.99774,0.99873,98.85067,0.37,0.27,0.27,0.42,52.45,53.78,53.8,51.91,0.997,0.997,0.997,0.996,/tmpdir/crf_16.mpd,/videos/BigBuckBunny-2160.avi
10649,0.98917,0.32674,0.99799,51.71549,0.9989,0.90515,0.99434,0.99756,0.99865,98.58028,0.39,0.31,0.29,0.44,52.19,53.21,53.49,51.72,0.997,0.997,0.997,0.996,/tmpdir/crf_16.mpd,/videos/BigBuckBunny-2160.avi
10650,0.99141,0.32674,0.9981,52.4637,0.99893,0.91401,0.9962,0.9984,0.99909,99.06061,0.32,0.22,0.23,0.37,53.07,54.71,54.54,52.46,0.997,0.998,0.997,0.997,/tmpdir/crf_16.mpd,/videos/BigBuckBunny-2160.avi
10651,0.98754,0.36659,0.99794,51.42719,0.99889,0.90119,0.99421,0.99754,0.99865,98.29595,0.4,0.26,0.27,0.47,52.1,53.96,53.77,51.43,0.997,0.997,0.997,0.996,/tmpdir/crf_16.mpd,/videos/BigBuckBunny-2160.avi
10652,0.98939,0.64939,0.99793,51.52474,0.99889,0.90331,0.99416,0.99752,0.99861,98.76055,0.4,0.28,0.28,0.46,52.14,53.71,53.68,51.52,0.997,0.997,0.997,0.996,/tmpdir/crf_16.mpd,/videos/BigBuckBunny-2160.avi
10653,0.98799,1.46067,0.99789,51.42196,0.99889,0.90069,0.99329,0.99707,0.99835,98.86392,0.41,0.3,0.3,0.47,51.98,53.38,53.39,51.42,0.996,0.997,0.997,0.996,/tmpdir/crf_16.mpd,/videos/BigBuckBunny-2160.avi
10654,0.99287,0.64315,0.99816,52.92224,0.99893,0.92039,0.99673,0.99866,0.99927,99.50749,0.29,0.22,0.22,0.33,53.44,54.8,54.64,52.92,0.997,0.998,0.997,0.997,/tmpdir/crf_16.mpd,/videos/BigBuckBunny-2160.avi
10655,0.98794,0.24812,0.99793,51.54036,0.99888,0.9025,0.99407,0.99752,0.99866,98.31717,0.4,0.3,0.29,0.46,52.09,53.41,53.48,51.54,0.997,0.997,0.997,0.996,/tmpdir/crf_16.mpd,/videos/BigBuckBunny-2160.avi
10656,0.98855,0.24812,0.99796,51.59516,0.99889,0.90271,0.99466,0.99778,0.9988,98.44201,0.4,0.29,0.29,0.45,52.13,53.46,53.47,51.6,0.997,0.997,0.997,0.996,/tmpdir/crf_16.mpd,/videos/BigBuckBunny-2160.avi
10657,0.98727,0.25459,0.9979,51.26626,0.99888,0.89714,0.99414,0.99756,0.99869,98.18605,0.42,0.3,0.3,0.49,51.85,53.3,53.35,51.27,0.996,0.997,0.997,0.996,/tmpdir/crf_16.mpd,/videos/BigBuckBunny-2160.avi
10658,0.99059,0.25459,0.99802,52.07,0.99891,0.90777,0.99587,0.99838,0.99915,98.86493,0.35,0.23,0.25,0.4,52.71,54.48,54.23,52.07,0.997,0.997,0.997,0.996,/tmpdir/crf_16.mpd,/videos/BigBuckBunny-2160.avi
10659,0.98896,0.29427,0.99792,51.55031,0.99888,0.90288,0.99429,0.99766,0.99876,98.53036,0.4,0.29,0.3,0.46,52.1,53.5,53.43,51.55,0.997,0.997,0.997,0.996,/tmpdir/crf_16.mpd,/videos/BigBuckBunny-2160.avi
10660,0.9889,0.29427,0.9979,51.41916,0.99888,0.90108,0.99423,0.99758,0.99869,98.50765,0.41,0.3,0.3,0.47,51.98,53.38,53.37,51.42,0.996,0.997,0.997,0.996,/tmpdir/crf_16.mpd,/videos/BigBuckBunny-2160.avi
10661,0.98854,1.81613,0.9979,51.65786,0.99888,0.90573,0.99298,0.99692,0.99829,99.144,0.39,0.28,0.28,0.44,52.22,53.65,53.61,51.66,0.997,0.997,0.997,0.996,/tmpdir/crf_16.mpd,/videos/BigBuckBunny-2160.avi
10662,0.99198,4.25905,0.99805,52.64426,0.99891,0.91769,0.99504,0.99791,0.99886,100.0,0.31,0.23,0.24,0.35,53.17,54.55,54.4,52.64,0.997,0.998,0.997,0.997,/tmpdir/crf_16.mpd,/videos/BigBuckBunny-2160.avi
10663,0.99069,4.57472,0.99796,52.20229,0.99887,0.91335,0.99345,0.99712,0.9984,100.0,0.35,0.26,0.26,0.39,52.72,53.97,54.0,52.2,0.997,0.997,0.997,0.997,/tmpdir/crf_16.mpd,/videos/BigBuckBunny-2160.avi
10664,0.99331,4.26722,0.99809,53.16159,0.99888,0.92376,0.9953,0.99798,0.99891,100.0,0.28,0.21,0.22,0.31,53.64,54.81,54.76,53.16,0.997,0.998,0.998,0.997,/tmpdir/crf_16.mpd,/videos/BigBuckBunny-2160.avi
10665,0.98898,1.30138,0.99784,51.36378,0.99884,0.90192,0.9933,0.99713,0.9984,98.97025,0.41,0.3,0.29,0.48,51.96,53.39,53.54,51.36,0.996,0.997,0.997,0.996,/tmpdir/crf_16.mpd,/videos/BigBuckBunny-2160.avi
10666,0.98967,0.84211,0.9979,51.37974,0.99885,0.90022,0.99431,0.99759,0.99866,98.89766,0.41,0.29,0.28,0.47,51.99,53.53,53.61,51.38,0.996,0.997,0.997,0.996,/tmpdir/crf_16.mpd,/videos/BigBuckBunny-2160.avi
10667,0.98737,0.45901,0.99787,51.28814,0.99884,0.89899,0.99377,0.99737,0.99854,98.29099,0.41,0.28,0.28,0.48,51.96,53.73,53.73,51.29,0.996,0.997,0.997,0.996,/tmpdir/crf_16.mpd,/videos/BigBuckBunny-2160.avi
10668,0.99134,0.45901,0.99805,52.2746,0.99887,0.91117,0.99587,0.99836,0.99913,99.10063,0.34,0.23,0.24,0.39,52.88,54.44,54.39,52.27,0.997,0.997,0.997,0.997,/tmpdir/crf_16.mpd,/videos/BigBuckBunny-2160.avi
10669,0.98759,0.51152,0.99786,51.22512,0.99884,0.89808,0.99379,0.99742,0.99862,98.35864,0.42,0.28,0.28,0.49,51.9,53.7,53.68,51.23,0.996,0.997,0.997,0.996,/tmpdir/crf_16.mpd,/videos/BigBuckBunny-2160.avi
10670,0.98938,0.51152,0.9979,51.33284,0.99885,0.89858,0.99437,0.99763,0.99866,98.68444,0.41,0.27,0.27,0.48,52.0,53.75,53.79,51.33,0.996,0.997,0.997,0.996,/tmpdir/crf_16.mpd,/videos/BigBuckBunny-2160.avi
10671,0.98824,1.73636,0.99781,51.21309,0.99883,0.89684,0.99344,0.99716,0.99836,99.0373,0.42,0.27,0.28,0.49,51.9,53.79,53.63,51.21,0.996,0.997,0.997,0.996,/tmpdir/crf_16.mpd,/videos/BigBuckBunny-2160.avi
10672,0.99179,4.29674,0.99805,53.06724,0.99884,0.9217,0.99473,0.99766,0.9987,100.0,0.29,0.22,0.22,0.32,53.55,54.69,54.73,53.07,0.997,0.998,0.997,0.997,/tmpdir/crf_16.mpd,/videos/BigBuckBunny-2160.avi
10673,0.99256,7.20623,0.99805,53.69893,0.99877,0.93037,0.99582,0.99808,0.99887,100.0,0.25,0.2,0.19,0.28,54.15,55.18,55.27,53.7,0.997,0.998,0.998,0.997,/tmpdir/crf_16.mpd,/videos/BigBuckBunny-2160.avi
10674,0.99294,5.38633,0.998,54.07239,0.99867,0.93454,0.99619,0.99827,0.99901,100.0,0.23,0.19,0.19,0.25,54.45,55.31,55.34,54.07,0.998,0.998,0.998,0.998,/tmpdir/crf_16.mpd,/videos/BigBuckBunny-2160.avi
10675,0.99353,0.87338,0.99797,54.86535,0.99857,0.9422,0.99711,0.9987,0.99926,99.81022,0.2,0.17,0.16,0.21,55.22,55.94,56.09,54.87,0.998,0.998,0.998,0.998,/tmpdir/crf_16.mpd,/videos/BigBuckBunny-2160.avi
10676,0.99471,0.09088,0.99798,55.29551,0.99855,0.94634,0.99758,0.99892,0.99939,99.69229,0.18,0.15,0.14,0.19,55.63,56.26,56.56,55.3,0.998,0.998,0.998,0.998,/tmpdir/crf_16.mpd,/videos/BigBuckBunny-2160.avi
10677,0.99492,0.00301,0.99798,55.32509,0.99855,0.94714,0.99752,0.99882,0.99927,99.68273,0.18,0.15,0.14,0.19,55.68,56.29,56.68,55.33,0.998,0.998,0.998,0.998,/tmpdir/crf_16.mpd,/videos/BigBuckBunny-2160.avi
10678,0.995,0.00301,0.99798,55.29321,0.99855,0.94693,0.99746,0.99878,0.99926,99.69438,0.18,0.15,0.14,0.19,55.65,56.27,56.67,55.29,0.998,0.998,0.998,0.998,/tmpdir/crf_16.mpd,/videos/BigBuckBunny-2160.avi
10679,0.99509,0.00261,0.99798,55.26044,0.99854,0.94677,0.99742,0.99875,0.99923,99.70595,0.18,0.15,0.14,0.19,55.63,56.27,56.67,55.26,0.998,0.998,0.998,0.998,/tmpdir/crf_16.mpd,/videos/BigBuckBunny-2160.avi
10680,0.99509,0.00261,0.99798,55.26326,0.99855,0.9468,0.99745,0.99878,0.99926,99.70969,0.18,0.15,0.14,0.19,55.63,56.27,56.67,55.26,0.998,0.998,0.998,0.998,/tmpdir/crf_16.mpd,/videos/BigBuckBunny-2160.avi
10681,0.99818,0.0554,0.99866,58.29676,0.99901,0.97099,0.99906,0.99961,0.9998,100.0,0.09,0.07,0.07,0.1,58.65,59.48,59.41,58.3,0.999,0.999,0.999,0.999,/tmpdir/crf_16.mpd,/videos/BigBuckBunny-2160.avi
10682,0.99217,0.0554,0.99861,55.56729,0.999,0.9556,0.99594,0.99806,0.99884,99.20162,0.16,0.12,0.11,0.18,56.11,57.19,57.74,55.57,0.999,0.999,0.999,0.999,/tmpdir/crf_16.mpd,/videos/BigBuckBunny-2160.avi
10683,0.99291,0.07731,0.99861,55.69265,0.999,0.95548,0.99663,0.99844,0.99908,99.3674,0.16,0.15,0.13,0.18,55.99,56.32,57.03,55.69,0.999,0.999,0.999,0.999,/tmpdir/crf_16.mpd,/videos/BigBuckBunny-2160.avi
10684,0.99124,0.07731,0.9986,55.23756,0.999,0.95294,0.99573,0.99793,0.99876,99.02678,0.18,0.15,0.13,0.19,55.66,56.37,56.93,55.24,0.999,0.999,0.999,0.999,/tmpdir/crf_16.mpd,/videos/BigBuckBunny-2160.avi
10685,0.99648,0.06136,0.99863,56.62929,0.99901,0.95986,0.9981,0.99917,0.99955,100.0,0.13,0.12,0.11,0.14,56.89,57.37,57.56,56.63,0.999,0.999,0.999,0.999,/tmpdir/crf_16.mpd,/videos/BigBuckBunny-2160.avi
10686,0.99222,0.06136,0.9986,55.28532,0.999,0.95256,0.9959,0.998,0.99879,99.19501,0.17,0.15,0.13,0.19,55.71,56.5,56.91,55.29,0.999,0.999,0.999,0.999,/tmpdir/crf_16.mpd,/videos/BigBuckBunny-2160.avi
10687,0.99233,0.06027,0.9986,55.29609,0.999,0.95142,0.99596,0.9981,0.9989,99.21945,0.18,0.15,0.14,0.19,55.67,56.27,56.78,55.3,0.999,0.999,0.999,0.999,/tmpdir/crf_16.mpd,/videos/BigBuckBunny-2160.avi
10688,0.99261,0.06027,0.9986,55.11038,0.999,0.95019,0.9955,0.99781,0.99869,99.24165,0.18,0.15,0.14,0.2,55.51,56.23,56.7,55.11,0.999,0.999,0.999,0.999,/tmpdir/crf_16.mpd,/videos/BigBuckBunny-2160.avi
10689,0.99623,0.05427,0.99862,56.09239,0.99901,0.95488,0.99736,0.99882,0.99938,99.97656,0.15,0.13,0.13,0.16,56.37,56.85,57.15,56.09,0.999,0.999,0.999,0.999,/tmpdir/crf_16.mpd,/videos/BigBuckBunny-2160.avi
10690,0.99353,0.05427,0.9986,55.26433,0.999,0.95001,0.99585,0.998,0.9988,99.41384,0.18,0.15,0.14,0.19,55.66,56.4,56.79,55.26,0.999,0.999,0.999,0.999,/tmpdir/crf_16.mpd,/videos/BigBuckBunny-2160.avi
10691,0.99339,0.05869,0.99859,55.00709,0.999,0.94781,0.99557,0.99793,0.99881,99.38075,0.19,0.16,0.15,0.21,55.38,56.06,56.42,55.01,0.999,0.999,0.999,0.999,/tmpdir/crf_16.mpd,/videos/BigBuckBunny-2160.avi
10692,0.9958,0.05869,0.9986,55.65339,0.99901,0.95093,0.99705,0.99873,0.99936,99.88188,0.17,0.16,0.14,0.18,55.89,56.22,56.56,55.65,0.999,0.999,0.999,0.999,/tmpdir/crf_16.mpd,/videos/BigBuckBunny-2160.avi
10693,0.99796,0.06723,0.99863,57.50634,0.99901,0.96621,0.99884,0.99953,0.99975,100.0,0.11,0.09,0.09,0.12,57.79,58.47,58.36,57.51,0.999,0.999,0.999,0.999,/tmpdir/crf_16.mpd,/videos/BigBuckBunny-2160.avi
10694,0.99329,0.06723,0.99859,55.26545,0.999,0.95161,0.99595,0.99808,0.99885,99.38978,0.17,0.13,0.13,0.19,55.77,56.89,57.15,55.27,0.999,0.999,0.999,0.999,/tmpdir/crf_16.mpd,/videos/BigBuckBunny-2160.avi
10695,0.99224,0.08225,0.99858,54.91655,0.999,0.94778,0.99545,0.99779,0.99866,99.17374,0.19,0.15,0.14,0.21,55.4,56.35,56.79,54.92,0.999,0.999,0.999,0.999,/tmpdir/crf_16.mpd,/videos/BigBuckBunny-2160.avi
10696,0.99191,0.08225,0.99857,54.53142,0.999,0.94442,0.99494,0.99762,0.9986,99.09399,0.21,0.17,0.15,0.23,55.0,55.91,56.37,54.53,0.999,0.999,0.999,0.999,/tmpdir/crf_16.mpd,/videos/BigBuckBunny-2160.avi
10697,0.99547,0.08586,0.99858,55.22485,0.99901,0.94723,0.99678,0.9986,0.99926,99.81046,0.18,0.17,0.15,0.2,55.49,55.89,56.29,55.22,0.999,0.999,0.999,0.999,/tmpdir/crf_16.mpd,/videos/BigBuckBunny-2160.avi
10698,0.99059,0.08586,0.99855,54.05697,0.999,0.94013,0.99429,0.99726,0.99835,98.81834,0.24,0.22,0.19,0.26,54.35,54.66,55.38,54.06,0.999,0.999,0.999,0.999,/tmpdir/crf_16.mpd,/videos/BigBuckBunny-2160.avi
10699,0.99179,0.10689,0.99855,54.06475,0.999,0.93869,0.99448,0.99745,0.99855,99.052,0.25,0.27,0.22,0.26,54.13,53.84,54.72,54.06,0.999,0.999,0.998,0.999,/tmpdir/crf_16.mpd,/videos/BigBuckBunny-2160.avi
10700,0.99004,0.10689,0.99853,53.62991,0.999,0.93493,0.99331,0.99684,0.99815,98.68357,0.27,0.28,0.23,0.28,53.78,53.64,54.57,53.63,0.999,0.999,0.998,0.999,/tmpdir/crf_16.mpd,/videos/BigBuckBunny-2160.avi
10701,0.99577,0.12497,0.99855,54.4376,0.99901,0.93943,0.99634,0.99849,0.99923,99.84541,0.22,0.22,0.19,0.23,54.63,54.8,55.33,54.44,0.999,0.999,0.998,0.999,/tmpdir/crf_16.mpd,/videos/BigBuckBunny-2160.avi
10702,0.99,0.12497,0.99852,53.60811,0.999,0.93354,0.99378,0.99717,0.99841,98.70737,0.27,0.26,0.22,0.28,53.84,53.98,54.75,53.61,0.999,0.999,0.998,0.999,/tmpdir/crf_16.mpd,/videos/BigBuckBunny-2160.avi
10703,0.99041,0.13891,0.99849,53.16236,0.999,0.92773,0.99269,0.99656,0.99801,98.72062,0.29,0.27,0.23,0.31,53.48,53.82,54.59,53.16,0.999,0.999,0.998,0.999,/tmpdir/crf_16.mpd,/videos/BigBuckBunny-2160.avi
10704,0.99631,0.13891,0.9985,53.50992,0.99901,0.92946,0.99605,0.99841,0.99919,99.90603,0.27,0.24,0.21,0.29,53.83,54.25,54.9,53.51,0.999,0.999,0.998,0.999,/tmpdir/crf_16.mpd,/videos/BigBuckBunny-2160.avi
10705,0.99583,0.14889,0.99847,53.12732,0.99901,0.92448,0.99583,0.99838,0.9992,99.80749,0.29,0.26,0.22,0.32,53.5,54.03,54.69,53.13,0.998,0.998,0.998,0.998,/tmpdir/crf_16.mpd,/videos/BigBuckBunny-2160.avi
10706,0.99537,0.14889,0.99845,52.85632,0.999,0.92112,0.99553,0.99826,0.99913,99.70417,0.31,0.27,0.23,0.34,53.26,53.89,54.58,52.86,0.998,0.998,0.998,0.998,/tmpdir/crf_16.mpd,/videos/BigBuckBunny-2160.avi
10707,0.99524,0.1592,0.99842,52.67688,0.999,0.91839,0.99558,0.99831,0.99917,99.6808,0.32,0.28,0.24,0.35,53.08,53.71,54.39,52.68,0.998,0.998,0.998,0.998,/tmpdir/crf_16.mpd,/videos/BigBuckBunny-2160.avi
10708,0.99493,0.1592,0.9984,52.53755,0.999,0.91681,0.99528,0.99823,0.99914,99.61611,0.33,0.29,0.24,0.36,52.95,53.57,54.27,52.54,0.998,0.998,0.998,0.998,/tmpdir/crf_16.mpd,/videos/BigBuckBunny-2160.avi
10709,0.99526,0.2322,0.99838,52.55103,0.999,0.91674,0.99532,0.99825,0.99915,99.70814,0.33,0.29,0.25,0.36,52.92,53.49,54.09,52.55,0.998,0.998,0.998,0.998,/tmpdir/crf_16.mpd,/videos/BigBuckBunny-2160.avi
10710,0.99601,0.2322,0.99836,52.52685,0.999,0.9173,0.99491,0.99813,0.99908,99.83691,0.33,0.29,0.25,0.36,52.9,53.48,54.09,52.53,0.998,0.998,0.998,0.998,/tmpdir/crf_16.mpd,/videos/BigBuckBunny-2160.avi
10711,0.99603,0.39087,0.99834,52.63356,0.99899,0.91929,0.99497,0.99815,0.99909,99.92089,0.33,0.28,0.25,0.35,53.0,53.62,54.1,52.63,0.998,0.998,0.998,0.998,/tmpdir/crf_16.mpd,/videos/BigBuckBunny-2160.avi
10712,0.99563,0.39087,0.9983,52.41115,0.99899,0.91687,0.9943,0.99796,0.99902,99.83067,0.34,0.29,0.26,0.37,52.83,53.57,54.04,52.41,0.998,0.998,0.998,0.998,/tmpdir/crf_16.mpd,/videos/BigBuckBunny-2160.avi
10713,0.99431,0.68475,0.99828,52.42194,0.99899,0.91571,0.99434,0.99795,0.99902,99.72873,0.34,0.29,0.26,0.37,52.81,53.51,53.9,52.42,0.998,0.998,0.998,0.998,/tmpdir/crf_16.mpd,/videos/BigBuckBunny-2160.avi
10714,0.99376,0.71264,0.99822,52.11237,0.99899,0.9112,0.99322,0.99761,0.99891,99.61257,0.37,0.31,0.28,0.4,52.5,53.2,53.63,52.11,0.998,0.998,0.998,0.998,/tmpdir/crf_16.mpd,/videos/BigBuckBunny-2160.avi
10715,0.99332,1.42497,0.99821,52.10968,0.99901,0.90875,0.99284,0.99738,0.99881,99.85582,0.37,0.32,0.29,0.4,52.46,53.03,53.48,52.11,0.997,0.998,0.997,0.997,/tmpdir/crf_16.mpd,/videos/BigBuckBunny-2160.avi
10716,0.98669,1.76599,0.99817,51.90474,0.99903,0.90496,0.98718,0.99397,0.99633,98.57861,0.38,0.3,0.28,0.42,52.39,53.43,53.7,51.9,0.997,0.998,0.997,0.997,/tmpdir/crf_16.mpd,/videos/BigBuckBunny-2160.avi
10717,0.98835,4.24847,0.99813,51.681,0.9991,0.90053,0.98468,0.99354,0.99678,100.0,0.4,0.32,0.31,0.44,52.11,53.02,53.25,51.68,0.997,0.997,0.997,0.997,/tmpdir/crf_16.mpd,/videos/BigBuckBunny-2160.avi
10718,0.98833,9.43496,0.99819,51.83707,0.99927,0.89821,0.98761,0.9945,0.99707,100.0,0.4,0.34,0.33,0.43,52.15,52.8,52.93,51.84,0.996,0.997,0.997,0.996,/tmpdir/crf_16.mpd,/videos/BigBuckBunny-2160.avi
10719,0.99016,62.69414,0.99817,54.03508,0.99915,0.95102,0.99405,0.99668,0.99772,100.0,0.22,0.14,0.15,0.26,54.7,56.58,56.28,54.04,0.997,0.998,0.998,0.997,/tmpdir/crf_16.mpd,/videos/BigBuckBunny-2160.avi
10720,0.9916,55.02712,0.99789,41.14851,0.9999,0.75721,0.98469,0.99366,0.99676,100.0,4.48,3.4,3.53,4.99,41.62,42.82,42.65,41.15,0.982,0.972,0.974,0.987,/tmpdir/crf_16.mpd,/videos/BigBuckBunny-2160.avi
10721,0.98204,55.02712,0.99609,39.24238,0.9998,0.69529,0.96442,0.98485,0.99215,100.0,6.68,4.34,4.79,7.74,39.88,41.76,41.33,39.24,0.975,0.964,0.965,0.98,/tmpdir/crf_16.mpd,/videos/BigBuckBunny-2160.avi
10722,0.99045,56.0727,0.99628,39.51889,0.99985,0.69987,0.97433,0.9894,0.99463,100.0,6.34,4.29,4.7,7.26,40.11,41.8,41.41,39.52,0.975,0.965,0.965,0.979,/tmpdir/crf_16.mpd,/videos/BigBuckBunny-2160.avi
10723,0.99171,56.46874,0.9966,40.53663,0.99986,0.7271,0.97652,0.99055,0.99531,100.0,5.1,3.69,3.93,5.75,41.05,42.46,42.18,40.54,0.978,0.969,0.969,0.982,/tmpdir/crf_16.mpd,/videos/BigBuckBunny-2160.avi
10724,0.99294,56.46874,0.99692,41.46098,0.99986,0.75408,0.97841,0.99145,0.9958,100.0,4.16,3.1,3.28,4.64,41.94,43.22,42.97,41.46,0.981,0.973,0.974,0.984,/tmpdir/crf_16.mpd,/videos/BigBuckBunny-2160.avi
10725,0.99408,55.93203,0.99732,42.51292,0.99988,0.78051,0.98232,0.99314,0.99666,100.0,3.25,2.37,2.53,3.65,43.02,44.39,44.1,42.51,0.984,0.979,0.979,0.986,/tmpdir/crf_16.mpd,/videos/BigBuckBunny-2160.avi
10726,0.99435,55.93203,0.99727,42.90621,0.99987,0.79017,0.98057,0.99249,0.99637,100.0,2.9,1.98,2.12,3.33,43.5,45.16,44.87,42.91,0.985,0.982,0.982,0.987,/tmpdir/crf_16.mpd,/videos/BigBuckBunny-2160.avi
10727,0.99397,54.46577,0.9974,43.60837,0.99987,0.80241,0.98163,0.99298,0.99666,100.0,2.42,1.53,1.67,2.83,44.29,46.3,45.9,43.61,0.987,0.986,0.985,0.988,/tmpdir/crf_16.mpd,/videos/BigBuckBunny-2160.avi
10728,0.99421,54.46577,0.9973,43.89268,0.99985,0.80782,0.97917,0.99207,0.99627,100.0,2.22,1.27,1.42,2.65,44.67,47.1,46.62,43.89,0.988,0.988,0.987,0.988,/tmpdir/crf_16.mpd,/videos/BigBuckBunny-2160.avi
10729,0.99291,51.11375,0.99772,45.03965,0.99987,0.8277,0.98149,0.99274,0.99657,100.0,1.73,1.02,1.18,2.04,45.76,48.03,47.41,45.04,0.99,0.99,0.989,0.99,/tmpdir/crf_16.mpd,/videos/BigBuckBunny-2160.avi
10730,0.99296,51.11375,0.99761,45.27543,0.99983,0.83112,0.98026,0.99247,0.99656,100.0,1.62,0.92,1.07,1.93,46.04,48.5,47.85,45.28,0.99,0.991,0.99,0.99,/tmpdir/crf_16.mpd,/videos/BigBuckBunny-2160.avi
10731,0.99194,40.83424,0.99799,46.39576,0.99985,0.84982,0.982,0.99257,0.99643,100.0,1.3,0.85,0.98,1.49,47.0,48.83,48.23,46.4,0.991,0.991,0.991,0.991,/tmpdir/crf_16.mpd,/videos/BigBuckBunny-2160.avi
10732,0.99212,40.83424,0.99775,46.26208,0.99979,0.84724,0.97969,0.99198,0.99629,100.0,1.31,0.81,0.92,1.54,46.95,49.06,48.48,46.26,0.991,0.992,0.991,0.991,/tmpdir/crf_16.mpd,/videos/BigBuckBunny-2160.avi
10733,0.99057,26.897,0.99805,47.186,0.99983,0.86048,0.98186,0.99249,0.99641,100.0,1.09,0.74,0.81,1.24,47.77,49.42,49.04,47.19,0.992,0.992,0.992,0.992,/tmpdir/crf_16.mpd,/videos/BigBuckBunny-2160.avi
10734,0.98994,26.897,0.99788,47.10641,0.99978,0.85915,0.98019,0.992,0.9962,100.0,1.09,0.71,0.77,1.27,47.75,49.6,49.28,47.11,0.992,0.992,0.992,0.992,/tmpdir/crf_16.mpd,/videos/BigBuckBunny-2160.avi
10735,0.98962,18.88036,0.99812,47.88615,0.99981,0.86988,0.98167,0.99222,0.99617,100.0,0.93,0.65,0.68,1.06,48.46,50.0,49.78,47.89,0.993,0.993,0.993,0.993,/tmpdir/crf_16.mpd,/videos/BigBuckBunny-2160.avi
10736,0.98053,18.88036,0.99811,48.15049,0.99963,0.88631,0.97232,0.98338,0.98867,100.0,0.87,0.63,0.63,1.0,48.71,50.11,50.12,48.15,0.994,0.994,0.993,0.994,/tmpdir/crf_16.mpd,/videos/BigBuckBunny-2160.avi
10737,0.98361,16.07655,0.99817,48.69931,0.99967,0.88981,0.9756,0.98612,0.99099,100.0,0.77,0.56,0.58,0.88,49.24,50.65,50.52,48.7,0.994,0.994,0.994,0.994,/tmpdir/crf_16.mpd,/videos/BigBuckBunny-2160.avi
10738,0.98279,16.07655,0.99823,48.89502,0.99963,0.89746,0.97524,0.98513,0.98988,100.0,0.75,0.58,0.57,0.84,49.38,50.51,50.58,48.9,0.994,0.994,0.994,0.994,/tmpdir/crf_16.mpd,/videos/BigBuckBunny-2160.avi
10739,0.98927,12.76572,0.99846,49.82218,0.99981,0.89939,0.98295,0.99157,0.99522,100.0,0.62,0.51,0.52,0.68,50.19,51.09,50.99,49.82,0.994,0.994,0.994,0.994,/tmpdir/crf_16.mpd,/videos/BigBuckBunny-2160.avi
10740,0.98403,12.76572,0.99835,49.33517,0.99967,0.90241,0.97871,0.98754,0.99163,100.0,0.68,0.53,0.52,0.76,49.81,50.93,50.99,49.34,0.995,0.995,0.994,0.995,/tmpdir/crf_16.mpd,/videos/BigBuckBunny-2160.avi
10741,0.98588,8.25969,0.99819,49.24942,0.9997,0.8916,0.97892,0.98909,0.99334,100.0,0.68,0.49,0.51,0.77,49.79,51.22,51.06,49.25,0.994,0.994,0.994,0.994,/tmpdir/crf_16.mpd,/videos/BigBuckBunny-2160.avi
10742,0.98559,8.25969,0.99824,49.29989,0.99967,0.89784,0.97862,0.98839,0.99265,100.0,0.68,0.52,0.52,0.76,49.78,50.95,50.96,49.3,0.994,0.995,0.994,0.994,/tmpdir/crf_16.mpd,/videos/BigBuckBunny-2160.avi
10743,0.98649,11.24761,0.99811,49.19301,0.9997,0.88908,0.97859,0.9898,0.99446,100.0,0.7,0.51,0.53,0.78,49.71,51.08,50.87,49.19,0.994,0.994,0.994,0.994,/tmpdir/crf_16.mpd,/videos/BigBuckBunny-2160.avi
10744,0.992,7.72709,0.9967,54.96744,0.99785,0.93111,0.99342,0.99701,0.99831,100.0,0.18,0.12,0.14,0.21,55.52,57.33,56.53,54.97,0.998,0.999,0.998,0.998,/tmpdir/crf_16.mpd,/videos/BigBuckBunny-2160.avi
10745,0.98385,7.72709,0.99631,51.39993,0.99795,0.87638,0.98417,0.99288,0.99604,100.0,0.39,0.21,0.25,0.47,52.22,54.99,54.2,51.4,0.996,0.998,0.997,0.996,/tmpdir/crf_16.mpd,/videos/BigBuckBunny-2160.avi
10746,0.98628,9.69051,0.9966,52.0659,0.99805,0.89496,0.98487,0.99278,0.99588,100.0,0.34,0.21,0.24,0.4,52.78,55.01,54.4,52.07,0.997,0.998,0.997,0.996,/tmpdir/crf_16.mpd,/videos/BigBuckBunny-2160.avi
10747,0.983,15.54105,0.99671,50.961,0.99826,0.87676,0.98427,0.99256,0.99584,100.0,0.44,0.27,0.31,0.52,51.65,53.79,53.23,50.96,0.996,0.997,0.997,0.995,/tmpdir/crf_16.mpd,/videos/BigBuckBunny-2160.avi
10748,0.98098,15.86433,0.9967,50.30996,0.9984,0.86819,0.9815,0.9911,0.99496,100.0,0.51,0.31,0.35,0.61,51.03,53.27,52.72,50.31,0.995,0.996,0.996,0.995,/tmpdir/crf_16.mpd,/videos/BigBuckBunny-2160.avi
10749,0.98035,20.40243,0.99678,49.78027,0.99859,0.86189,0.98049,0.99052,0.99473,100.0,0.58,0.35,0.39,0.68,50.5,52.71,52.17,49.78,0.995,0.996,0.996,0.994,/tmpdir/crf_16.mpd,/videos/BigBuckBunny-2160.avi
10750,0.98037,20.40243,0.99684,49.76735,0.99866,0.86338,0.9793,0.98985,0.99425,100.0,0.58,0.35,0.39,0.69,50.49,52.68,52.21,49.77,0.995,0.996,0.996,0.994,/tmpdir/crf_16.mpd,/videos/BigBuckBunny-2160.avi
10751,0.98069,22.81598,0.99691,49.55048,0.9988,0.86099,0.97983,0.99022,0.99453,100.0,0.61,0.36,0.39,0.72,50.3,52.52,52.18,49.55,0.994,0.996,0.996,0.994,/tmpdir/crf_16.mpd,/videos/BigBuckBunny-2160.avi
10752,0.98119,22.81598,0.99693,49.41952,0.99883,0.85945,0.97974,0.99023,0.99454,100.0,0.63,0.38,0.4,0.74,50.17,52.37,52.08,49.42,0.994,0.996,0.995,0.993,/tmpdir/crf_16.mpd,/videos/BigBuckBunny-2160.avi
10753,0.9824,21.20936,0.99693,49.68425,0.99882,0.86098,0.97977,0.99016,0.99442,100.0,0.59,0.36,0.38,0.7,50.43,52.57,52.36,49.68,0.994,0.996,0.996,0.994,/tmpdir/crf_16.mpd,/videos/BigBuckBunny-2160.avi
10754,0.98211,21.20936,0.99688,49.81323,0.99881,0.86021,0.98024,0.99051,0.99465,100.0,0.57,0.34,0.36,0.68,50.58,52.83,52.55,49.81,0.995,0.996,0.996,0.994,/tmpdir/crf_16.mpd,/videos/BigBuckBunny-2160.avi
10755,0.98568,14.22157,0.99707,50.85729,0.99887,0.87398,0.98443,0.99266,0.99587,100.0,0.46,0.29,0.32,0.53,51.54,53.53,53.14,50.86,0.996,0.997,0.996,0.995,/tmpdir/crf_16.mpd,/videos/BigBuckBunny-2160.avi
10756,0.98562,14.22157,0.99697,51.14031,0.99875,0.87789,0.98529,0.99324,0.9962,100.0,0.42,0.25,0.29,0.5,51.87,54.14,53.54,51.14,0.996,0.997,0.997,0.996,/tmpdir/crf_16.mpd,/videos/BigBuckBunny-2160.avi
10757,0.98088,7.95134,0.99681,52.0654,0.99843,0.88872,0.98463,0.99313,0.99613,100.0,0.35,0.22,0.25,0.4,52.71,54.7,54.07,52.07,0.997,0.998,0.997,0.996,/tmpdir/crf_16.mpd,/videos/BigBuckBunny-2160.avi
10758,0.98168,7.95134,0.99677,52.4165,0.99832,0.89153,0.98737,0.99461,0.99702,100.0,0.32,0.19,0.24,0.37,53.08,55.28,54.38,52.42,0.997,0.998,0.997,0.997,/tmpdir/crf_16.mpd,/videos/BigBuckBunny-2160.avi
10759,0.98262,4.76925,0.9968,53.01935,0.99827,0.90477,0.98651,0.99393,0.99652,99.47354,0.28,0.17,0.21,0.32,53.66,55.8,54.91,53.02,0.997,0.998,0.998,0.997,/tmpdir/crf_16.mpd,/videos/BigBuckBunny-2160.avi
10760,0.9861,4.76925,0.99694,53.58668,0.9983,0.90924,0.99031,0.99596,0.99792,100.0,0.25,0.15,0.19,0.28,54.21,56.32,55.33,53.59,0.998,0.998,0.998,0.997,/tmpdir/crf_16.mpd,/videos/BigBuckBunny-2160.avi
10761,0.98114,5.87068,0.99692,53.18244,0.99826,0.90666,0.98634,0.99365,0.99634,99.83714,0.28,0.18,0.22,0.31,53.73,55.51,54.74,53.18,0.997,0.998,0.998,0.997,/tmpdir/crf_16.mpd,/videos/BigBuckBunny-2160.avi
10762,0.98373,5.87068,0.99698,53.36363,0.99829,0.90845,0.98801,0.99473,0.99709,100.0,0.27,0.18,0.22,0.3,53.87,55.5,54.76,53.36,0.998,0.998,0.998,0.997,/tmpdir/crf_16.mpd,/videos/BigBuckBunny-2160.avi
10763,0.98211,6.88663,0.99701,53.26142,0.99826,0.91206,0.9859,0.99317,0.99596,100.0,0.27,0.19,0.22,0.31,53.77,55.33,54.69,53.26,0.998,0.998,0.998,0.997,/tmpdir/crf_16.mpd,/videos/BigBuckBunny-2160.avi
10764,0.98798,6.88663,0.99713,53.89745,0.99828,0.9192,0.99028,0.99574,0.99775,100.0,0.24,0.17,0.2,0.27,54.36,55.82,55.13,53.9,0.998,0.998,0.998,0.998,/tmpdir/crf_16.mpd,/videos/BigBuckBunny-2160.avi
10765,0.98302,10.14917,0.99701,52.73167,0.99823,0.90697,0.98452,0.99251,0.99555,100.0,0.31,0.22,0.24,0.35,53.25,54.79,54.27,52.73,0.997,0.998,0.997,0.997,/tmpdir/crf_16.mpd,/videos/BigBuckBunny-2160.avi
10766,0.98621,12.94878,0.99729,51.96093,0.99859,0.89825,0.98527,0.99326,0.99628,100.0,0.38,0.3,0.31,0.41,52.37,53.38,53.27,51.96,0.997,0.997,0.997,0.997,/tmpdir/crf_16.mpd,/videos/BigBuckBunny-2160.avi
10767,0.98648,10.48824,0.99706,52.78837,0.99816,0.90867,0.98759,0.99453,0.99706,100.0,0.31,0.22,0.25,0.34,53.25,54.62,54.08,52.79,0.997,0.998,0.997,0.997,/tmpdir/crf_16.mpd,/videos/BigBuckBunny-2160.avi
10768,0.98606,10.48824,0.997,52.51804,0.99809,0.90537,0.98694,0.99422,0.99678,100.0,0.32,0.24,0.26,0.36,53.02,54.41,54.04,52.52,0.997,0.998,0.997,0.997,/tmpdir/crf_16.mpd,/videos/BigBuckBunny-2160.avi
10769,0.99063,19.07328,0.99756,52.99082,0.99848,0.92014,0.99151,0.9961,0.99782,100.0,0.31,0.27,0.27,0.33,53.26,53.87,53.84,52.99,0.997,0.997,0.997,0.997,/tmpdir/crf_16.mpd,/videos/BigBuckBunny-2160.avi
10770,0.98736,17.4065,0.99717,52.16149,0.99817,0.90729,0.98762,0.99447,0.99696,100.0,0.36,0.28,0.29,0.4,52.58,53.64,53.45,52.16,0.997,0.997,0.997,0.997,/tmpdir/crf_16.mpd,/videos/BigBuckBunny-2160.avi
10771,0.98684,14.642,0.99704,52.12053,0.99796,0.90664,0.98758,0.99445,0.99697,100.0,0.36,0.28,0.3,0.4,52.52,53.63,53.29,52.12,0.997,0.997,0.997,0.997,/tmpdir/crf_16.mpd,/videos/BigBuckBunny-2160.avi
10772,0.98578,14.642,0.99701,51.59249,0.99797,0.90037,0.98576,0.9936,0.99647,100.0,0.41,0.31,0.33,0.45,52.03,53.19,52.93,51.59,0.997,0.997,0.997,0.997,/tmpdir/crf_16.mpd,/videos/BigBuckBunny-2160.avi
10773,0.98477,18.44654,0.99712,51.34792,0.99807,0.89969,0.98594,0.99367,0.99653,100.0,0.44,0.35,0.37,0.48,51.73,52.74,52.48,51.35,0.997,0.997,0.996,0.997,/tmpdir/crf_16.mpd,/videos/BigBuckBunny-2160.avi
10774,0.98456,19.12103,0.99716,51.01445,0.99814,0.89621,0.98537,0.99346,0.99642,100.0,0.47,0.37,0.38,0.51,51.42,52.41,52.31,51.01,0.997,0.996,0.996,0.997,/tmpdir/crf_16.mpd,/videos/BigBuckBunny-2160.avi
10775,0.98477,21.10777,0.9973,51.02726,0.99828,0.89833,0.98534,0.99332,0.99637,100.0,0.47,0.39,0.4,0.51,51.38,52.22,52.14,51.03,0.996,0.996,0.996,0.997,/tmpdir/crf_16.mpd,/videos/BigBuckBunny-2160.avi
10776,0.98358,21.85192,0.99744,51.34183,0.99843,0.90218,0.98515,0.99304,0.99611,100.0,0.44,0.38,0.37,0.48,51.67,52.37,52.48,51.34,0.996,0.996,0.996,0.997,/tmpdir/crf_16.mpd,/videos/BigBuckBunny-2160.avi
10777,0.98347,24.62858,0.99758,50.87386,0.99867,0.89691,0.98423,0.99248,0.99575,100.0,0.49,0.41,0.41,0.53,51.22,52.03,52.02,50.87,0.996,0.996,0.996,0.996,/tmpdir/crf_16.mpd,/videos/BigBuckBunny-2160.avi
10778,0.98334,24.70753,0.99769,50.5129,0.99886,0.89339,0.98417,0.99258,0.99578,100.0,0.53,0.43,0.43,0.58,50.9,51.78,51.82,50.51,0.996,0.995,0.995,0.996,/tmpdir/crf_16.mpd,/videos/BigBuckBunny-2160.avi
10779,0.98296,33.1699,0.99786,49.97947,0.99912,0.89024,0.98288,0.99183,0.99542,100.0,0.6,0.5,0.51,0.65,50.33,51.17,51.08,49.98,0.995,0.995,0.994,0.995,/tmpdir/crf_16.mpd,/videos/BigBuckBunny-2160.avi
10780,0.9818,36.59517,0.99787,49.48609,0.99924,0.8868,0.98075,0.99073,0.99484,100.0,0.67,0.55,0.57,0.73,49.84,50.75,50.55,49.49,0.994,0.994,0.994,0.995,/tmpdir/crf_16.mpd,/videos/BigBuckBunny-2160.avi
10781,0.98558,38.61134,0.99815,49.76652,0.99962,0.88752,0.97868,0.98887,0.99366,100.0,0.64,0.55,0.57,0.69,50.04,50.73,50.58,49.77,0.994,0.994,0.993,0.994,/tmpdir/crf_16.mpd,/videos/BigBuckBunny-2160.avi
10782,0.98304,35.1138,0.99833,50.14655,0.99974,0.89125,0.97979,0.98903,0.99359,100.0,0.59,0.49,0.56,0.63,50.39,51.19,50.67,50.15,0.994,0.994,0.993,0.994,/tmpdir/crf_16.mpd,/videos/BigBuckBunny-2160.avi
10783,0.98133,35.1138,0.9983,50.01822,0.99975,0.88798,0.98019,0.98937,0.99378,100.0,0.61,0.46,0.58,0.65,50.3,51.48,50.46,50.02,0.994,0.994,0.993,0.994,/tmpdir/crf_16.mpd,/videos/BigBuckBunny-2160.avi
10784,0.9896,36.7875,0.99859,50.13383,0.99983,0.9006,0.98535,0.99236,0.99554,100.0,0.6,0.49,0.56,0.63,50.38,51.25,50.62,50.13,0.994,0.994,0.994,0.994,/tmpdir/crf_16.mpd,/videos/BigBuckBunny-2160.avi
10785,0.9941,15.9001,0.99893,50.51643,0.99991,0.91452,0.99204,0.99605,0.9977,100.0,0.55,0.46,0.51,0.58,50.76,51.51,51.07,50.52,0.995,0.994,0.994,0.995,/tmpdir/crf_16.mpd,/videos/BigBuckBunny-2160.avi
10786,0.99415,11.01657,0.99894,50.15675,0.99992,0.91075,0.99263,0.99628,0.99773,100.0,0.59,0.49,0.52,0.63,50.46,51.27,51.0,50.16,0.994,0.994,0.994,0.995,/tmpdir/crf_16.mpd,/videos/BigBuckBunny-2160.avi
10787,0.9916,3.82622,0.9985,47.84138,0.9998,0.87935,0.98411,0.99142,0.99458,100.0,0.92,0.6,0.63,1.07,48.5,50.33,50.14,47.84,0.993,0.993,0.993,0.993,/tmpdir/crf_16.mpd,/videos/BigBuckBunny-2160.avi
10788,0.99297,2.51132,0.99864,48.2747,0.99984,0.88569,0.98732,0.99326,0.99581,99.96158,0.83,0.54,0.57,0.97,48.94,50.78,50.6,48.27,0.994,0.993,0.994,0.993,/tmpdir/crf_16.mpd,/videos/BigBuckBunny-2160.avi
10789,0.99361,2.28225,0.99877,48.79685,0.99985,0.89637,0.98821,0.9935,0.99586,99.99519,0.75,0.52,0.55,0.86,49.38,50.97,50.73,48.8,0.994,0.994,0.994,0.994,/tmpdir/crf_16.mpd,/videos/BigBuckBunny-2160.avi
10790,0.99619,2.28225,0.99903,49.82923,0.99994,0.90875,0.99437,0.99731,0.9984,100.0,0.61,0.48,0.49,0.68,50.27,51.36,51.23,49.83,0.994,0.994,0.994,0.995,/tmpdir/crf_16.mpd,/videos/BigBuckBunny-2160.avi
10791,0.99373,4.65769,0.99879,48.91603,0.99985,0.89949,0.98901,0.99403,0.9963,100.0,0.73,0.52,0.54,0.83,49.48,51.01,50.77,48.92,0.994,0.994,0.994,0.994,/tmpdir/crf_16.mpd,/videos/BigBuckBunny-2160.avi
10792,0.99412,4.65769,0.99881,48.94497,0.99986,0.89892,0.98996,0.99464,0.99667,100.0,0.72,0.5,0.52,0.83,49.54,51.13,50.94,48.94,0.994,0.994,0.994,0.994,/tmpdir/crf_16.mpd,/videos/BigBuckBunny-2160.avi
10793,0.99407,4.80847,0.99882,48.92422,0.99986,0.899,0.99,0.99468,0.99674,100.0,0.72,0.5,0.52,0.83,49.53,51.16,51.0,48.92,0.994,0.994,0.994,0.994,/tmpdir/crf_16.mpd,/videos/BigBuckBunny-2160.avi
10794,0.99611,4.80847,0.99899,49.69096,0.99993,0.9075,0.99419,0.99731,0.99847,100.0,0.62,0.46,0.47,0.7,50.2,51.51,51.41,49.69,0.994,0.994,0.995,0.994,/tmpdir/crf_16.mpd,/videos/BigBuckBunny-2160.avi
10795,0.99415,3.31286,0.99884,49.02959,0.99986,0.90127,0.99026,0.9948,0.99677,100.0,0.72,0.52,0.55,0.81,49.56,50.96,50.74,49.03,0.994,0.994,0.994,0.994,/tmpdir/crf_16.mpd,/videos/BigBuckBunny-2160.avi
10796,0.99403,3.31286,0.99887,49.12829,0.99987,0.90301,0.99094,0.99523,0.99709,100.0,0.7,0.5,0.52,0.79,49.68,51.14,50.94,49.13,0.994,0.994,0.994,0.994,/tmpdir/crf_16.mpd,/videos/BigBuckBunny-2160.avi
10797,0.99434,2.4201,0.9989,49.20628,0.99989,0.90354,0.99125,0.99538,0.99713,100.0,0.68,0.48,0.49,0.78,49.79,51.36,51.2,49.21,0.994,0.994,0.994,0.994,/tmpdir/crf_16.mpd,/videos/BigBuckBunny-2160.avi
10798,0.99606,2.4201,0.99901,49.83342,0.99993,0.91017,0.99428,0.9973,0.99845,100.0,0.6,0.44,0.46,0.68,50.34,51.65,51.54,49.83,0.995,0.994,0.995,0.995,/tmpdir/crf_16.mpd,/videos/BigBuckBunny-2160.avi
10799,0.99461,2.20261,0.99893,49.29657,0.99988,0.90721,0.99145,0.99545,0.99723,100.0,0.67,0.48,0.5,0.76,49.85,51.36,51.1,49.3,0.995,0.994,0.995,0.995,/tmpdir/crf_16.mpd,/videos/BigBuckBunny-2160.avi
10800,0.99626,2.20261,0.99907,50.03841,0.99994,0.91362,0.99483,0.99758,0.99862,100.0,0.57,0.43,0.44,0.64,50.54,51.82,51.68,50.04,0.995,0.995,0.995,0.995,/tmpdir/crf_16.mpd,/videos/BigBuckBunny-2160.avi
10801,0.99806,1.89792,0.99955,52.60584,0.99998,0.94773,0.99802,0.99914,0.99955,100.0,0.32,0.25,0.26,0.36,53.05,54.18,54.03,52.61,0.997,0.997,0.997,0.997,/tmpdir/crf_16.mpd,/videos/BigBuckBunny-2160.avi
10802,0.99583,1.89792,0.99918,50.33599,0.9999,0.92377,0.99348,0.99654,0.99789,100.0,0.52,0.34,0.37,0.6,50.98,52.82,52.49,50.34,0.996,0.996,0.996,0.996,/tmpdir/crf_16.mpd,/videos/BigBuckBunny-2160.avi
10803,0.99558,1.51552,0.99916,50.29354,0.9999,0.92313,0.99311,0.99628,0.99773,100.0,0.52,0.34,0.37,0.61,50.94,52.81,52.48,50.29,0.996,0.996,0.996,0.996,/tmpdir/crf_16.mpd,/videos/BigBuckBunny-2160.avi
10804,0.99536,1.51552,0.99914,50.11302,0.99989,0.92112,0.99261,0.99597,0.99748,100.0,0.55,0.37,0.4,0.63,50.71,52.41,52.06,50.11,0.996,0.996,0.996,0.996,/tmpdir/crf_16.mpd,/videos/BigBuckBunny-2160.avi
10805,0.99671,1.09594,0.99929,50.97267,0.99995,0.92901,0.99581,0.99799,0.99883,100.0,0.46,0.32,0.34,0.52,51.54,53.07,52.86,50.97,0.996,0.996,0.996,0.996,/tmpdir/crf_16.mpd,/videos/BigBuckBunny-2160.avi
10806,0.99542,1.09594,0.99918,50.33248,0.99991,0.92304,0.99292,0.99611,0.99754,99.99485,0.54,0.39,0.42,0.6,50.83,52.21,51.91,50.33,0.996,0.996,0.996,0.996,/tmpdir/crf_16.mpd,/videos/BigBuckBunny-2160.avi
10807,0.99579,0.71307,0.9992,50.42549,0.99991,0.9238,0.99354,0.99655,0.99787,99.91773,0.51,0.35,0.37,0.59,51.02,52.67,52.39,50.43,0.996,0.996,0.996,0.996,/tmpdir/crf_16.mpd,/videos/BigBuckBunny-2160.avi
10808,0.99444,0.71307,0.99918,50.25062,0.99989,0.92499,0.99262,0.99594,0.99746,99.63688,0.54,0.39,0.42,0.61,50.78,52.27,51.91,50.25,0.996,0.996,0.996,0.996,/tmpdir/crf_16.mpd,/videos/BigBuckBunny-2160.avi
10809,0.99698,0.39749,0.99931,51.03954,0.99995,0.9296,0.99603,0.99814,0.99893,100.0,0.45,0.32,0.34,0.51,51.59,53.09,52.84,51.04,0.996,0.996,0.996,0.996,/tmpdir/crf_16.mpd,/videos/BigBuckBunny-2160.avi
10810,0.99511,0.38499,0.99923,50.40484,0.99991,0.92654,0.9941,0.99697,0.99822,99.68802,0.52,0.36,0.39,0.59,50.97,52.59,52.2,50.4,0.996,0.996,0.996,0.996,/tmpdir/crf_16.mpd,/videos/BigBuckBunny-2160.avi
10811,0.99583,0.16492,0.99922,50.44939,0.99991,0.92396,0.99364,0.99653,0.9978,99.66556,0.51,0.34,0.36,0.59,51.07,52.84,52.51,50.45,0.996,0.996,0.996,0.996,/tmpdir/crf_16.mpd,/videos/BigBuckBunny-2160.avi
10812,0.99646,0.13996,0.99928,50.80551,0.99994,0.9277,0.99499,0.99745,0.99849,99.85193,0.47,0.33,0.35,0.54,51.39,53.0,52.72,50.81,0.996,0.996,0.996,0.996,/tmpdir/crf_16.mpd,/videos/BigBuckBunny-2160.avi
10813,0.99682,0.13996,0.99934,51.08517,0.99996,0.93034,0.99617,0.99821,0.999,99.98211,0.45,0.32,0.33,0.51,51.64,53.14,52.89,51.09,0.996,0.996,0.996,0.996,/tmpdir/crf_16.mpd,/videos/BigBuckBunny-2160.avi
10814,0.9969,0.15445,0.99934,51.13343,0.99996,0.93097,0.99618,0.99822,0.99902,100.0,0.44,0.32,0.34,0.5,51.67,53.12,52.84,51.13,0.996,0.996,0.996,0.996,/tmpdir/crf_16.mpd,/videos/BigBuckBunny-2160.avi
10815,0.99685,0.34442,0.99933,51.08909,0.99996,0.93038,0.99613,0.99819,0.99899,100.0,0.45,0.32,0.34,0.51,51.63,53.1,52.83,51.09,0.996,0.996,0.996,0.996,/tmpdir/crf_16.mpd,/videos/BigBuckBunny-2160.avi
10816,0.99686,0.41873,0.99932,51.04743,0.99996,0.92984,0.99603,0.99814,0.99896,100.0,0.45,0.32,0.34,0.51,51.59,53.09,52.82,51.05,0.996,0.996,0.996,0.996,/tmpdir/crf_16.mpd,/videos/BigBuckBunny-2160.avi
10817,0.99679,0.64182,0.99932,51.05198,0.99996,0.92951,0.99609,0.9982,0.99901,100.0,0.45,0.32,0.34,0.51,51.6,53.11,52.84,51.05,0.996,0.996,0.996,0.996,/tmpdir/crf_16.mpd,/videos/BigBuckBunny-2160.avi
10818,0.99675,0.66556,0.99931,51.0042,0.99996,0.9293,0.99597,0.99811,0.99894,100.0,0.45,0.32,0.34,0.52,51.55,53.07,52.79,51.0,0.996,0.996,0.996,0.996,/tmpdir/crf_16.mpd,/videos/BigBuckBunny-2160.avi
10819,0.9967,0.85311,0.9993,50.99542,0.99995,0.92896,0.996,0.99813,0.99896,100.0,0.45,0.32,0.34,0.52,51.55,53.1,52.79,51.0,0.996,0.996,0.996,0.996,/tmpdir/crf_16.mpd,/videos/BigBuckBunny-2160.avi
10820,0.99661,0.85311,0.99929,50.94582,0.99995,0.92839,0.99591,0.99809,0.99895,100.0,0.46,0.32,0.34,0.52,51.51,53.07,52.76,50.95,0.996,0.996,0.996,0.996,/tmpdir/crf_16.mpd,/videos/BigBuckBunny-2160.avi
10821,0.99665,1.0032,0.99932,51.02401,0.99996,0.92887,0.99618,0.99824,0.99903,100.0,0.45,0.32,0.34,0.51,51.58,53.1,52.8,51.02,0.996,0.996,0.996,0.996,/tmpdir/crf_16.mpd,/videos/BigBuckBunny-2160.avi
10822,0.9967,1.0032,0.99931,51.01741,0.99996,0.92879,0.99618,0.99826,0.99905,100.0,0.45,0.32,0.34,0.51,51.57,53.11,52.81,51.02,0.996,0.996,0.996,0.996,/tmpdir/crf_16.mpd,/videos/BigBuckBunny-2160.avi
10823,0.99661,1.19113,0.99931,51.0054,0.99996,0.92866,0.99621,0.99826,0.99904,100.0,0.45,0.32,0.34,0.52,51.56,53.1,52.78,51.01,0.996,0.996,0.996,0.996,/tmpdir/crf_16.mpd,/videos/BigBuckBunny-2160.avi
10824,0.99648,1.19113,0.99929,50.88104,0.99995,0.92769,0.99592,0.99813,0.99897,100.0,0.47,0.33,0.36,0.53,51.43,53.01,52.61,50.88,0.996,0.996,0.996,0.996,/tmpdir/crf_16.mpd,/videos/BigBuckBunny-2160.avi
10825,0.99662,1.25839,0.99931,50.95168,0.99996,0.92796,0.99632,0.99835,0.9991,100.0,0.46,0.32,0.35,0.52,51.5,53.05,52.71,50.95,0.996,0.996,0.996,0.996,/tmpdir/crf_16.mpd,/videos/BigBuckBunny-2160.avi
10826,0.99657,1.25839,0.99931,50.9466,0.99996,0.92806,0.99636,0.99837,0.99911,100.0,0.46,0.32,0.35,0.52,51.5,53.05,52.69,50.95,0.996,0.996,0.996,0.996,/tmpdir/crf_16.mpd,/videos/BigBuckBunny-2160.avi
10827,0.99644,1.316,0.99927,50.76849,0.99995,0.92642,0.99592,0.99813,0.99896,100.0,0.48,0.33,0.37,0.54,51.32,52.93,52.5,50.77,0.996,0.996,0.996,0.996,/tmpdir/crf_16.mpd,/videos/BigBuckBunny-2160.avi
10828,0.99647,1.316,0.99931,50.89818,0.99996,0.9275,0.99634,0.99835,0.9991,100.0,0.47,0.33,0.36,0.53,51.45,52.99,52.63,50.9,0.996,0.996,0.996,0.996,/tmpdir/crf_16.mpd,/videos/BigBuckBunny-2160.avi
10829,0.99629,1.3409,0.99927,50.71517,0.99995,0.92565,0.99594,0.99817,0.999,100.0,0.49,0.34,0.37,0.55,51.27,52.86,52.42,50.72,0.996,0.996,0.996,0.996,/tmpdir/crf_16.mpd,/videos/BigBuckBunny-2160.avi
10830,0.99615,1.3409,0.99926,50.63938,0.99995,0.92507,0.99578,0.99808,0.99895,100.0,0.49,0.34,0.38,0.56,51.19,52.83,52.33,50.64,0.996,0.996,0.996,0.996,/tmpdir/crf_16.mpd,/videos/BigBuckBunny-2160.avi
10831,0.99631,1.29663,0.99931,50.81268,0.99996,0.92654,0.99636,0.99837,0.99913,100.0,0.47,0.33,0.36,0.54,51.37,52.95,52.55,50.81,0.996,0.996,0.996,0.996,/tmpdir/crf_16.mpd,/videos/BigBuckBunny-2160.avi
10832,0.99619,1.29663,0.99926,50.65195,0.99996,0.92494,0.99591,0.99814,0.999,100.0,0.49,0.34,0.38,0.56,51.21,52.86,52.35,50.65,0.996,0.996,0.996,0.996,/tmpdir/crf_16.mpd,/videos/BigBuckBunny-2160.avi
10833,0.99594,1.23746,0.99925,50.54721,0.99995,0.92413,0.9958,0.99808,0.99894,100.0,0.5,0.34,0.39,0.57,51.11,52.8,52.26,50.55,0.996,0.996,0.996,0.996,/tmpdir/crf_16.mpd,/videos/BigBuckBunny-2160.avi
10834,0.99632,1.23746,0.99931,50.78015,0.99996,0.92624,0.99638,0.99836,0.99912,100.0,0.48,0.33,0.37,0.54,51.33,52.92,52.5,50.78,0.996,0.996,0.996,0.996,/tmpdir/crf_16.mpd,/videos/BigBuckBunny-2160.avi
10835,0.99564,1.17486,0.99924,50.45075,0.99995,0.92314,0.99574,0.99807,0.99895,100.0,0.51,0.35,0.4,0.59,51.01,52.73,52.13,50.45,0.996,0.996,0.996,0.996,/tmpdir/crf_16.mpd,/videos/BigBuckBunny-2160.avi
10836,0.99577,1.17486,0.99925,50.50281,0.99995,0.92354,0.99586,0.99811,0.99898,100.0,0.51,0.34,0.39,0.58,51.07,52.76,52.22,50.5,0.996,0.996,0.996,0.996,/tmpdir/crf_16.mpd,/videos/BigBuckBunny-2160.avi
10837,0.99561,1.11634,0.99924,50.41659,0.99995,0.92281,0.99569,0.99802,0.99892,100.0,0.52,0.35,0.4,0.59,50.98,52.71,52.11,50.42,0.996,0.996,0.996,0.996,/tmpdir/crf_16.mpd,/videos/BigBuckBunny-2160.avi
10838,0.9961,1.11634,0.9993,50.71586,0.99996,0.92557,0.99636,0.99836,0.99913,100.0,0.49,0.34,0.37,0.55,51.26,52.85,52.41,50.72,0.996,0.996,0.996,0.996,/tmpdir/crf_16.mpd,/videos/BigBuckBunny-2160.avi
10839,0.99557,1.03578,0.99924,50.43459,0.99995,0.92297,0.99563,0.998,0.9989,100.0,0.52,0.35,0.4,0.59,50.99,52.7,52.08,50.43,0.996,0.996,0.996,0.996,/tmpdir/crf_16.mpd,/videos/BigBuckBunny-2160.avi
10840,0.99565,1.03578,0.99926,50.52265,0.99995,0.92367,0.99586,0.99811,0.99898,100.0,0.51,0.35,0.39,0.58,51.08,52.75,52.19,50.52,0.996,0.996,0.996,0.996,/tmpdir/crf_16.mpd,/videos/BigBuckBunny-2160.avi
10841,0.99563,0.98569,0.99924,50.43997,0.99995,0.923,0.99569,0.99802,0.99893,100.0,0.52,0.35,0.4,0.59,51.0,52.74,52.1,50.44,0.996,0.996,0.996,0.996,/tmpdir/crf_16.mpd,/videos/BigBuckBunny-2160.avi
10842,0.99613,0.98569,0.99931,50.72629,0.99996,0.92578,0.99642,0.9984,0.99915,100.0,0.49,0.34,0.38,0.55,51.27,52.85,52.39,50.73,0.996,0.996,0.996,0.996,/tmpdir/crf_16.mpd,/videos/BigBuckBunny-2160.avi
10843,0.99557,0.9181,0.99925,50.46173,0.99995,0.92337,0.99568,0.998,0.9989,100.0,0.52,0.35,0.4,0.58,51.01,52.71,52.06,50.46,0.996,0.996,0.996,0.996,/tmpdir/crf_16.mpd,/videos/BigBuckBunny-2160.avi
10844,0.99572,0.9181,0.99926,50.53317,0.99995,0.92384,0.99594,0.99814,0.99897,100.0,0.51,0.35,0.39,0.58,51.08,52.74,52.17,50.53,0.996,0.996,0.996,0.996,/tmpdir/crf_16.mpd,/videos/BigBuckBunny-2160.avi
10845,0.99533,0.8524,0.99925,50.43213,0.99995,0.92302,0.99571,0.99803,0.99893,100.0,0.52,0.35,0.4,0.59,50.99,52.73,52.06,50.43,0.996,0.996,0.996,0.996,/tmpdir/crf_16.mpd,/videos/BigBuckBunny-2160.avi
10846,0.99596,0.8524,0.99931,50.72443,0.99996,0.92582,0.99643,0.99838,0.99911,100.0,0.49,0.34,0.38,0.55,51.26,52.82,52.37,50.72,0.996,0.996,0.996,0.996,/tmpdir/crf_16.mpd,/videos/BigBuckBunny-2160.avi
10847,0.99547,0.7921,0.99925,50.4451,0.99995,0.92328,0.99567,0.998,0.99889,100.0,0.52,0.35,0.41,0.59,51.0,52.71,52.05,50.45,0.996,0.996,0.996,0.996,/tmpdir/crf_16.mpd,/videos/BigBuckBunny-2160.avi
10848,0.99562,0.7921,0.99926,50.51733,0.99995,0.9238,0.99589,0.9981,0.99895,100.0,0.51,0.35,0.39,0.58,51.07,52.74,52.19,50.52,0.996,0.996,0.996,0.996,/tmpdir/crf_16.mpd,/videos/BigBuckBunny-2160.avi
10849,0.99547,0.73519,0.99925,50.4429,0.99995,0.92321,0.99571,0.99804,0.99892,99.98147,0.52,0.35,0.4,0.59,51.0,52.75,52.09,50.44,0.996,0.996,0.996,0.996,/tmpdir/crf_16.mpd,/videos/BigBuckBunny-2160.avi
10850,0.99604,0.73519,0.99932,50.76406,0.99996,0.92628,0.99651,0.99842,0.99913,100.0,0.48,0.34,0.37,0.55,51.3,52.87,52.4,50.76,0.996,0.996,0.996,0.996,/tmpdir/crf_16.mpd,/videos/BigBuckBunny-2160.avi
10851,0.99553,0.68047,0.99926,50.48038,0.99995,0.92375,0.99572,0.99801,0.99889,99.9652,0.51,0.35,0.41,0.58,51.03,52.75,52.04,50.48,0.996,0.996,0.996,0.996,/tmpdir/crf_16.mpd,/videos/BigBuckBunny-2160.avi
10852,0.99574,0.68047,0.99927,50.56017,0.99995,0.92442,0.99601,0.99816,0.99898,100.0,0.5,0.34,0.39,0.57,51.11,52.76,52.18,50.56,0.996,0.996,0.996,0.996,/tmpdir/crf_16.mpd,/videos/BigBuckBunny-2160.avi
10853,0.99555,0.62428,0.99925,50.45132,0.99995,0.92339,0.99572,0.99803,0.99892,99.94386,0.52,0.34,0.4,0.59,51.01,52.77,52.09,50.45,0.996,0.996,0.996,0.996,/tmpdir/crf_16.mpd,/videos/BigBuckBunny-2160.avi
10854,0.99614,0.62428,0.99933,50.77336,0.99996,0.92645,0.9966,0.99848,0.99918,100.0,0.48,0.34,0.37,0.54,51.31,52.86,52.4,50.77,0.996,0.996,0.996,0.996,/tmpdir/crf_16.mpd,/videos/BigBuckBunny-2160.avi
10855,0.99549,0.56977,0.99926,50.4699,0.99995,0.92364,0.99574,0.99804,0.99892,99.90923,0.51,0.35,0.41,0.58,51.02,52.75,52.04,50.47,0.996,0.996,0.996,0.996,/tmpdir/crf_16.mpd,/videos/BigBuckBunny-2160.avi
10856,0.99571,0.56977,0.99928,50.55869,0.99995,0.92438,0.996,0.99814,0.99896,99.95656,0.5,0.34,0.39,0.57,51.1,52.76,52.18,50.56,0.996,0.996,0.996,0.996,/tmpdir/crf_16.mpd,/videos/BigBuckBunny-2160.avi
10857,0.99552,0.51548,0.99926,50.48779,0.99995,0.92381,0.99574,0.99802,0.99891,99.88856,0.51,0.34,0.4,0.58,51.05,52.78,52.12,50.49,0.996,0.996,0.996,0.996,/tmpdir/crf_16.mpd,/videos/BigBuckBunny-2160.avi
10858,0.99624,0.51548,0.99933,50.80534,0.99997,0.92684,0.99666,0.99851,0.9992,100.0,0.48,0.34,0.37,0.54,51.34,52.87,52.44,50.81,0.996,0.996,0.996,0.996,/tmpdir/crf_16.mpd,/videos/BigBuckBunny-2160.avi
10859,0.99559,0.46456,0.99926,50.53017,0.99995,0.92431,0.9958,0.99805,0.99891,99.87978,0.51,0.34,0.4,0.58,51.07,52.77,52.08,50.53,0.996,0.996,0.996,0.996,/tmpdir/crf_16.mpd,/videos/BigBuckBunny-2160.avi
10860,0.99581,0.46456,0.99928,50.61213,0.99995,0.92506,0.99609,0.99821,0.99901,99.93179,0.5,0.34,0.39,0.56,51.15,52.8,52.21,50.61,0.996,0.996,0.996,0.996,/tmpdir/crf_16.mpd,/videos/BigBuckBunny-2160.avi
10861,0.99558,0.41565,0.99927,50.54617,0.99995,0.92438,0.99584,0.99807,0.99892,99.85644,0.51,0.34,0.4,0.57,51.1,52.81,52.15,50.55,0.996,0.996,0.996,0.996,/tmpdir/crf_16.mpd,/videos/BigBuckBunny-2160.avi
10862,0.99636,0.41565,0.99934,50.85609,0.99997,0.92739,0.99674,0.99855,0.99922,100.0,0.47,0.33,0.37,0.53,51.39,52.9,52.5,50.86,0.996,0.996,0.996,0.996,/tmpdir/crf_16.mpd,/videos/BigBuckBunny-2160.avi
10863,0.99558,0.36905,0.99927,50.56314,0.99995,0.92464,0.99582,0.99806,0.9989,99.8339,0.5,0.34,0.4,0.57,51.11,52.82,52.13,50.56,0.996,0.996,0.996,0.996,/tmpdir/crf_16.mpd,/videos/BigBuckBunny-2160.avi
10864,0.99581,0.36905,0.99929,50.64401,0.99995,0.92534,0.99607,0.99819,0.999,99.88919,0.49,0.34,0.39,0.56,51.19,52.83,52.25,50.64,0.996,0.996,0.996,0.996,/tmpdir/crf_16.mpd,/videos/BigBuckBunny-2160.avi
10865,0.99567,0.3228,0.99928,50.59663,0.99995,0.92489,0.99589,0.99809,0.99894,99.83286,0.5,0.34,0.39,0.57,51.14,52.84,52.19,50.6,0.996,0.996,0.996,0.996,/tmpdir/crf_16.mpd,/videos/BigBuckBunny-2160.avi
10866,0.99651,0.3228,0.99934,50.89384,0.99997,0.92779,0.99677,0.99857,0.99923,100.0,0.47,0.33,0.36,0.53,51.43,52.93,52.55,50.89,0.996,0.996,0.996,0.996,/tmpdir/crf_16.mpd,/videos/BigBuckBunny-2160.avi
10867,0.99568,0.27917,0.99928,50.61649,0.99995,0.92517,0.99591,0.99811,0.99896,99.81812,0.5,0.34,0.39,0.56,51.16,52.85,52.17,50.62,0.996,0.996,0.996,0.996,/tmpdir/crf_16.mpd,/videos/BigBuckBunny-2160.avi
10868,0.99583,0.27917,0.99929,50.67941,0.99995,0.92571,0.99606,0.99818,0.999,99.85215,0.49,0.33,0.38,0.56,51.22,52.88,52.28,50.68,0.996,0.996,0.996,0.996,/tmpdir/crf_16.mpd,/videos/BigBuckBunny-2160.avi
10869,0.9959,0.23652,0.99928,50.64677,0.99995,0.92547,0.996,0.99816,0.99899,99.84192,0.5,0.33,0.39,0.56,51.18,52.88,52.18,50.65,0.996,0.996,0.996,0.996,/tmpdir/crf_16.mpd,/videos/BigBuckBunny-2160.avi
10870,0.99654,0.23652,0.99934,50.9094,0.99997,0.92794,0.99679,0.99858,0.99924,99.99298,0.47,0.33,0.36,0.53,51.45,52.96,52.58,50.91,0.996,0.996,0.996,0.996,/tmpdir/crf_16.mpd,/videos/BigBuckBunny-2160.avi
10871,0.99573,0.19939,0.99929,50.66761,0.99995,0.92573,0.99603,0.99818,0.99899,99.79672,0.49,0.33,0.39,0.56,51.2,52.88,52.19,50.67,0.996,0.996,0.996,0.996,/tmpdir/crf_16.mpd,/videos/BigBuckBunny-2160.avi
10872,0.99591,0.19939,0.99929,50.69464,0.99995,0.92596,0.99617,0.99825,0.99905,99.83627,0.49,0.33,0.38,0.55,51.25,52.91,52.35,50.69,0.996,0.996,0.996,0.996,/tmpdir/crf_16.mpd,/videos/BigBuckBunny-2160.avi
10873,0.99589,0.16038,0.99929,50.66504,0.99995,0.92555,0.99612,0.99822,0.99902,99.80931,0.49,0.34,0.39,0.56,51.2,52.88,52.22,50.67,0.996,0.996,0.996,0.996,/tmpdir/crf_16.mpd,/videos/BigBuckBunny-2160.avi
10874,0.99649,0.16038,0.99934,50.89647,0.99997,0.92776,0.99681,0.99859,0.99926,99.95038,0.47,0.33,0.36,0.53,51.44,52.96,52.6,50.9,0.996,0.996,0.996,0.996,/tmpdir/crf_16.mpd,/videos/BigBuckBunny-2160.avi
10875,0.99589,0.12432,0.99929,50.69001,0.99996,0.92587,0.99614,0.99822,0.99903,99.79625,0.49,0.33,0.39,0.55,51.22,52.88,52.19,50.69,0.996,0.996,0.996,0.996,/tmpdir/crf_16.mpd,/videos/BigBuckBunny-2160.avi
10876,0.99598,0.12432,0.9993,50.71656,0.99995,0.92623,0.99619,0.99824,0.99902,99.81185,0.49,0.33,0.38,0.55,51.26,52.91,52.31,50.72,0.996,0.996,0.996,0.996,/tmpdir/crf_16.mpd,/videos/BigBuckBunny-2160.avi
10877,0.99589,0.09074,0.99929,50.67574,0.99995,0.92574,0.99618,0.99825,0.99904,99.78208,0.49,0.33,0.38,0.56,51.23,52.89,52.36,50.68,0.996,0.996,0.996,0.996,/tmpdir/crf_16.mpd,/videos/BigBuckBunny-2160.avi
10878,0.99649,0.09074,0.99933,50.86466,0.99996,0.92748,0.99675,0.99856,0.99923,99.91556,0.47,0.33,0.36,0.53,51.41,52.96,52.59,50.86,0.996,0.996,0.996,0.996,/tmpdir/crf_16.mpd,/videos/BigBuckBunny-2160.avi
10879,0.9959,0.061,0.99929,50.67925,0.99995,0.92572,0.99621,0.9983,0.9991,99.77409,0.49,0.33,0.37,0.56,51.24,52.9,52.41,50.68,0.996,0.996,0.996,0.996,/tmpdir/crf_16.mpd,/videos/BigBuckBunny-2160.avi
10880,0.99606,0.061,0.99929,50.67811,0.99995,0.92577,0.99625,0.9983,0.99907,99.8029,0.49,0.33,0.37,0.56,51.24,52.9,52.41,50.68,0.996,0.996,0.996,0.996,/tmpdir/crf_16.mpd,/videos/BigBuckBunny-2160.avi
10881,0.9955,0.05689,0.99925,50.36713,0.99996,0.92195,0.9961,0.99825,0.99903,99.68256,0.52,0.34,0.37,0.6,51.0,52.87,52.4,50.37,0.996,0.996,0.996,0.995,/tmpdir/crf_16.mpd,/videos/BigBuckBunny-2160.avi
10882,0.99608,0.05689,0.9993,50.65702,0.99996,0.92484,0.99645,0.99841,0.99914,99.80798,0.49,0.33,0.37,0.56,51.24,52.92,52.49,50.66,0.996,0.996,0.996,0.996,/tmpdir/crf_16.mpd,/videos/BigBuckBunny-2160.avi
10883,0.99555,0.18151,0.99924,50.44641,0.99995,0.92347,0.99593,0.99819,0.99902,99.75203,0.51,0.34,0.38,0.59,51.05,52.85,52.34,50.45,0.996,0.996,0.996,0.996,/tmpdir/crf_16.mpd,/videos/BigBuckBunny-2160.avi
10884,0.99593,0.18151,0.99926,50.52554,0.99996,0.92397,0.99613,0.99827,0.99907,99.82579,0.5,0.34,0.38,0.58,51.11,52.86,52.3,50.53,0.996,0.996,0.996,0.996,/tmpdir/crf_16.mpd,/videos/BigBuckBunny-2160.avi
10885,0.9956,0.24514,0.99922,50.37371,0.99995,0.92249,0.99577,0.99809,0.99896,99.77851,0.52,0.34,0.39,0.6,50.97,52.83,52.18,50.37,0.996,0.996,0.996,0.995,/tmpdir/crf_16.mpd,/videos/BigBuckBunny-2160.avi
10886,0.99629,0.24514,0.99928,50.62815,0.99996,0.92495,0.99649,0.99845,0.99916,99.93329,0.49,0.33,0.37,0.56,51.21,52.91,52.46,50.63,0.996,0.996,0.996,0.996,/tmpdir/crf_16.mpd,/videos/BigBuckBunny-2160.avi
10887,0.99541,0.3332,0.99919,50.24969,0.99995,0.92109,0.9956,0.99802,0.99893,99.77661,0.53,0.34,0.41,0.61,50.86,52.78,52.05,50.25,0.995,0.996,0.996,0.995,/tmpdir/crf_16.mpd,/videos/BigBuckBunny-2160.avi
10888,0.99566,0.3332,0.99923,50.36874,0.99995,0.92223,0.99594,0.99819,0.99902,99.83597,0.52,0.34,0.39,0.6,50.97,52.82,52.23,50.37,0.995,0.996,0.996,0.995,/tmpdir/crf_16.mpd,/videos/BigBuckBunny-2160.avi
10889,0.99541,0.31508,0.99921,50.29745,0.99995,0.92159,0.9957,0.99807,0.99894,99.77119,0.53,0.34,0.41,0.61,50.89,52.78,52.04,50.3,0.995,0.996,0.996,0.995,/tmpdir/crf_16.mpd,/videos/BigBuckBunny-2160.avi
10890,0.9962,0.31508,0.99929,50.61801,0.99996,0.92469,0.99652,0.99847,0.99918,99.95122,0.49,0.33,0.37,0.56,51.2,52.89,52.45,50.62,0.996,0.996,0.996,0.996,/tmpdir/crf_16.mpd,/videos/BigBuckBunny-2160.avi
10891,0.99545,0.41339,0.99921,50.32771,0.99995,0.92187,0.9957,0.99807,0.99894,99.82584,0.53,0.34,0.41,0.6,50.91,52.77,52.04,50.33,0.995,0.996,0.996,0.995,/tmpdir/crf_16.mpd,/videos/BigBuckBunny-2160.avi
10892,0.99583,0.41339,0.99922,50.37479,0.99995,0.92229,0.99595,0.99819,0.999,99.90216,0.52,0.34,0.39,0.6,50.98,52.81,52.26,50.37,0.995,0.996,0.996,0.995,/tmpdir/crf_16.mpd,/videos/BigBuckBunny-2160.avi
10893,0.99552,0.57422,0.99919,50.25698,0.99995,0.92118,0.9956,0.99801,0.99889,99.90397,0.53,0.34,0.41,0.61,50.86,52.78,52.02,50.26,0.995,0.996,0.996,0.995,/tmpdir/crf_16.mpd,/videos/BigBuckBunny-2160.avi
10894,0.99614,0.57422,0.99926,50.508,0.99996,0.92353,0.99638,0.99841,0.99914,100.0,0.5,0.34,0.37,0.58,51.11,52.86,52.42,50.51,0.996,0.996,0.996,0.995,/tmpdir/crf_16.mpd,/videos/BigBuckBunny-2160.avi
10895,0.99533,0.62533,0.99919,50.23618,0.99995,0.92073,0.99552,0.99798,0.99889,99.89209,0.54,0.35,0.41,0.62,50.83,52.73,51.99,50.24,0.995,0.996,0.996,0.995,/tmpdir/crf_16.mpd,/videos/BigBuckBunny-2160.avi
10896,0.99563,0.62533,0.99922,50.35819,0.99995,0.92181,0.99583,0.99813,0.99899,99.95987,0.52,0.34,0.39,0.6,50.96,52.79,52.23,50.36,0.995,0.996,0.996,0.995,/tmpdir/crf_16.mpd,/videos/BigBuckBunny-2160.avi
10897,0.99525,0.5284,0.99917,50.1552,0.99995,0.91979,0.99549,0.99799,0.99891,99.83185,0.54,0.35,0.41,0.63,50.77,52.72,51.98,50.16,0.995,0.996,0.996,0.995,/tmpdir/crf_16.mpd,/videos/BigBuckBunny-2160.avi
10898,0.9962,0.5284,0.99924,50.46257,0.99996,0.92265,0.9963,0.9984,0.99915,100.0,0.51,0.34,0.37,0.58,51.07,52.83,52.41,50.46,0.996,0.996,0.996,0.995,/tmpdir/crf_16.mpd,/videos/BigBuckBunny-2160.avi
10899,0.99519,0.56867,0.99916,50.17718,0.99995,0.91969,0.99546,0.99799,0.99891,99.83905,0.54,0.35,0.42,0.62,50.78,52.7,51.92,50.18,0.995,0.996,0.996,0.995,/tmpdir/crf_16.mpd,/videos/BigBuckBunny-2160.avi
10900,0.99556,0.56867,0.9992,50.29052,0.99996,0.92077,0.99583,0.99815,0.999,99.91875,0.53,0.35,0.4,0.61,50.89,52.74,52.11,50.29,0.995,0.996,0.996,0.995,/tmpdir/crf_16.mpd,/videos/BigBuckBunny-2160.avi
10901,0.99541,0.58402,0.99914,50.12751,0.99995,0.91922,0.99538,0.99794,0.99889,99.87991,0.54,0.35,0.4,0.63,50.77,52.74,52.13,50.13,0.995,0.996,0.996,0.995,/tmpdir/crf_16.mpd,/videos/BigBuckBunny-2160.avi
10902,0.99629,0.58402,0.99924,50.44056,0.99996,0.92229,0.99632,0.99841,0.99915,100.0,0.51,0.34,0.38,0.59,51.05,52.82,52.39,50.44,0.995,0.996,0.996,0.995,/tmpdir/crf_16.mpd,/videos/BigBuckBunny-2160.avi
10903,0.995,0.58065,0.99913,49.9935,0.99995,0.91766,0.99534,0.99795,0.9989,99.80142,0.56,0.35,0.4,0.65,50.65,52.69,52.1,49.99,0.995,0.996,0.996,0.995,/tmpdir/crf_16.mpd,/videos/BigBuckBunny-2160.avi
10904,0.99545,0.58065,0.99918,50.15133,0.99996,0.91907,0.99586,0.99821,0.99905,99.90495,0.54,0.35,0.4,0.63,50.78,52.71,52.15,50.15,0.995,0.996,0.996,0.995,/tmpdir/crf_16.mpd,/videos/BigBuckBunny-2160.avi
10905,0.99511,0.75568,0.99913,50.01535,0.99995,0.91793,0.99536,0.99797,0.9989,99.90551,0.56,0.35,0.41,0.65,50.66,52.67,52.02,50.02,0.995,0.996,0.996,0.995,/tmpdir/crf_16.mpd,/videos/BigBuckBunny-2160.avi
10906,0.99599,0.75568,0.99922,50.29256,0.99996,0.92082,0.9962,0.99838,0.99914,100.0,0.53,0.35,0.39,0.61,50.91,52.74,52.22,50.29,0.995,0.996,0.996,0.995,/tmpdir/crf_16.mpd,/videos/BigBuckBunny-2160.avi
10907,0.99529,1.04021,0.99913,49.96194,0.99995,0.91765,0.99536,0.998,0.99894,100.0,0.57,0.35,0.42,0.66,50.6,52.64,51.93,49.96,0.995,0.996,0.996,0.995,/tmpdir/crf_16.mpd,/videos/BigBuckBunny-2160.avi
10908,0.99594,1.04021,0.99919,50.22084,0.99996,0.92035,0.99605,0.99832,0.99912,100.0,0.53,0.35,0.39,0.62,50.85,52.73,52.22,50.22,0.995,0.996,0.996,0.995,/tmpdir/crf_16.mpd,/videos/BigBuckBunny-2160.avi
10909,0.9977,1.48899,0.99956,52.5663,0.99998,0.94812,0.99797,0.99915,0.99956,100.0,0.32,0.22,0.24,0.36,53.12,54.66,54.36,52.57,0.997,0.997,0.997,0.997,/tmpdir/crf_16.mpd,/videos/BigBuckBunny-2160.avi
10910,0.99649,1.48899,0.99937,51.45014,0.99996,0.93917,0.99642,0.99845,0.99919,100.0,0.4,0.25,0.3,0.47,52.1,54.2,53.42,51.45,0.997,0.997,0.997,0.996,/tmpdir/crf_16.mpd,/videos/BigBuckBunny-2160.avi
10911,0.99663,1.60373,0.9994,51.55683,0.99997,0.9396,0.9967,0.99857,0.99924,100.0,0.39,0.25,0.29,0.45,52.18,54.17,53.44,51.56,0.997,0.997,0.997,0.996,/tmpdir/crf_16.mpd,/videos/BigBuckBunny-2160.avi
10912,0.99637,1.60373,0.99935,51.35422,0.99996,0.93804,0.99624,0.99836,0.99913,100.0,0.41,0.26,0.31,0.48,51.98,54.05,53.16,51.35,0.996,0.997,0.997,0.996,/tmpdir/crf_16.mpd,/videos/BigBuckBunny-2160.avi
10913,0.9971,1.61435,0.99943,51.68667,0.99997,0.9404,0.99716,0.99882,0.9994,100.0,0.38,0.25,0.28,0.44,52.31,54.18,53.7,51.69,0.997,0.997,0.997,0.997,/tmpdir/crf_16.mpd,/videos/BigBuckBunny-2160.avi
10914,0.99631,1.61435,0.99934,51.27105,0.99996,0.93716,0.99618,0.99832,0.9991,100.0,0.42,0.26,0.32,0.49,51.9,53.96,53.09,51.27,0.996,0.997,0.997,0.996,/tmpdir/crf_16.mpd,/videos/BigBuckBunny-2160.avi
10915,0.99655,1.42706,0.99938,51.35045,0.99996,0.93759,0.99657,0.99851,0.9992,100.0,0.41,0.26,0.31,0.48,51.98,53.98,53.26,51.35,0.996,0.997,0.997,0.996,/tmpdir/crf_16.mpd,/videos/BigBuckBunny-2160.avi
10916,0.99617,1.42706,0.99933,51.10389,0.99996,0.93562,0.9961,0.99826,0.99905,100.0,0.43,0.27,0.33,0.5,51.75,53.87,53.01,51.1,0.996,0.997,0.997,0.996,/tmpdir/crf_16.mpd,/videos/BigBuckBunny-2160.avi
10917,0.99701,1.39529,0.99942,51.57259,0.99997,0.93935,0.99707,0.99875,0.99933,100.0,0.39,0.26,0.29,0.45,52.19,54.05,53.55,51.57,0.997,0.997,0.997,0.996,/tmpdir/crf_16.mpd,/videos/BigBuckBunny-2160.avi
10918,0.99631,1.39529,0.99935,51.26442,0.99996,0.93689,0.99621,0.9983,0.99908,100.0,0.42,0.27,0.33,0.49,51.87,53.89,53.01,51.26,0.996,0.997,0.997,0.996,/tmpdir/crf_16.mpd,/videos/BigBuckBunny-2160.avi
10919,0.99674,1.5101,0.99938,51.4095,0.99996,0.93782,0.99651,0.99844,0.99916,100.0,0.41,0.26,0.3,0.47,52.03,53.94,53.3,51.41,0.996,0.997,0.997,0.996,/tmpdir/crf_16.mpd,/videos/BigBuckBunny-2160.avi
10920,0.99653,1.5101,0.99934,51.27293,0.99996,0.93698,0.9962,0.9983,0.99906,100.0,0.42,0.27,0.32,0.49,51.88,53.86,53.05,51.27,0.996,0.997,0.997,0.996,/tmpdir/crf_16.mpd,/videos/BigBuckBunny-2160.avi
10921,0.99727,1.63197,0.99941,51.55373,0.99997,0.93913,0.99701,0.99874,0.99933,100.0,0.39,0.26,0.29,0.45,52.18,54.02,53.54,51.55,0.997,0.997,0.997,0.996,/tmpdir/crf_16.mpd,/videos/BigBuckBunny-2160.avi
10922,0.9966,1.63197,0.99934,51.26082,0.99996,0.93679,0.99622,0.99836,0.99914,100.0,0.42,0.27,0.32,0.49,51.87,53.87,53.04,51.26,0.996,0.997,0.997,0.996,/tmpdir/crf_16.mpd,/videos/BigBuckBunny-2160.avi
10923,0.99693,1.64088,0.99937,51.38538,0.99996,0.93752,0.99652,0.9985,0.99922,100.0,0.41,0.26,0.31,0.47,52.0,53.91,53.28,51.39,0.996,0.997,0.997,0.996,/tmpdir/crf_16.mpd,/videos/BigBuckBunny-2160.avi
10924,0.99669,1.64088,0.99934,51.2285,0.99996,0.93631,0.99605,0.99825,0.99905,100.0,0.42,0.27,0.32,0.49,51.85,53.85,53.06,51.23,0.996,0.997,0.997,0.996,/tmpdir/crf_16.mpd,/videos/BigBuckBunny-2160.avi
10925,0.99727,1.58915,0.9994,51.49206,0.99997,0.93834,0.99685,0.99867,0.99933,100.0,0.4,0.26,0.29,0.46,52.12,53.94,53.51,51.49,0.997,0.997,0.997,0.996,/tmpdir/crf_16.mpd,/videos/BigBuckBunny-2160.avi
10926,0.99661,1.58915,0.99933,51.19852,0.99996,0.93598,0.9961,0.99828,0.99908,100.0,0.43,0.27,0.32,0.49,51.82,53.83,53.07,51.2,0.996,0.997,0.997,0.996,/tmpdir/crf_16.mpd,/videos/BigBuckBunny-2160.avi
10927,0.99696,1.51757,0.99937,51.358,0.99996,0.93716,0.99651,0.99848,0.99921,100.0,0.41,0.27,0.31,0.48,51.97,53.88,53.26,51.36,0.996,0.997,0.997,0.996,/tmpdir/crf_16.mpd,/videos/BigBuckBunny-2160.avi
10928,0.99656,1.51757,0.99931,51.10848,0.99996,0.93502,0.9961,0.99829,0.99909,100.0,0.44,0.27,0.33,0.5,51.74,53.8,52.99,51.11,0.996,0.997,0.997,0.996,/tmpdir/crf_16.mpd,/videos/BigBuckBunny-2160.avi
10929,0.99721,1.39111,0.99938,51.43797,0.99997,0.93761,0.99682,0.99866,0.9993,100.0,0.4,0.26,0.3,0.47,52.06,53.91,53.42,51.44,0.996,0.997,0.997,0.996,/tmpdir/crf_16.mpd,/videos/BigBuckBunny-2160.avi
10930,0.997,1.39111,0.99931,51.18411,0.99995,0.93538,0.99612,0.99832,0.99911,100.0,0.43,0.27,0.32,0.5,51.81,53.83,53.04,51.18,0.996,0.997,0.997,0.996,/tmpdir/crf_16.mpd,/videos/BigBuckBunny-2160.avi
10931,0.99709,1.26217,0.99935,51.32244,0.99996,0.93642,0.99649,0.9985,0.99923,100.0,0.42,0.27,0.31,0.48,51.95,53.89,53.26,51.32,0.996,0.997,0.997,0.996,/tmpdir/crf_16.mpd,/videos/BigBuckBunny-2160.avi
10932,0.99701,1.26217,0.9993,51.1403,0.99995,0.93493,0.99602,0.99826,0.99909,100.0,0.43,0.27,0.32,0.5,51.78,53.84,53.06,51.14,0.996,0.997,0.997,0.996,/tmpdir/crf_16.mpd,/videos/BigBuckBunny-2160.avi
10933,0.99751,1.18475,0.99939,51.50803,0.99996,0.938,0.99687,0.99868,0.99933,100.0,0.4,0.26,0.29,0.46,52.13,53.96,53.52,51.51,0.996,0.997,0.997,0.996,/tmpdir/crf_16.mpd,/videos/BigBuckBunny-2160.avi
10934,0.99694,1.18475,0.99931,51.19165,0.99995,0.93532,0.99619,0.99834,0.9991,100.0,0.43,0.27,0.32,0.49,51.82,53.84,53.11,51.19,0.996,0.997,0.997,0.996,/tmpdir/crf_16.mpd,/videos/BigBuckBunny-2160.avi
10935,0.99733,1.09742,0.99935,51.34717,0.99996,0.9365,0.99655,0.99851,0.99923,100.0,0.41,0.26,0.3,0.48,51.98,53.91,53.32,51.35,0.996,0.997,0.997,0.996,/tmpdir/crf_16.mpd,/videos/BigBuckBunny-2160.avi
10936,0.99724,1.09742,0.99929,51.17464,0.99995,0.93523,0.99616,0.99832,0.9991,100.0,0.43,0.27,0.32,0.5,51.82,53.86,53.13,51.17,0.996,0.997,0.997,0.996,/tmpdir/crf_16.mpd,/videos/BigBuckBunny-2160.avi
10937,0.99773,1.13871,0.99938,51.51074,0.99996,0.93802,0.99683,0.99867,0.99933,100.0,0.4,0.26,0.29,0.46,52.13,53.95,53.5,51.51,0.996,0.997,0.997,0.996,/tmpdir/crf_16.mpd,/videos/BigBuckBunny-2160.avi
10938,0.9972,1.13871,0.99932,51.30057,0.99995,0.93632,0.99615,0.99828,0.99908,100.0,0.42,0.27,0.31,0.48,51.91,53.85,53.15,51.3,0.996,0.997,0.997,0.996,/tmpdir/crf_16.mpd,/videos/BigBuckBunny-2160.avi
10939,0.99741,1.09964,0.99936,51.39094,0.99996,0.93703,0.99653,0.99849,0.99921,100.0,0.41,0.27,0.3,0.47,52.0,53.86,53.3,51.39,0.996,0.997,0.997,0.996,/tmpdir/crf_16.mpd,/videos/BigBuckBunny-2160.avi
10940,0.99728,1.09964,0.99931,51.2344,0.99995,0.936,0.99614,0.99829,0.9991,100.0,0.42,0.27,0.31,0.49,51.86,53.82,53.17,51.23,0.996,0.997,0.997,0.996,/tmpdir/crf_16.mpd,/videos/BigBuckBunny-2160.avi
10941,0.99762,0.90154,0.99938,51.49887,0.99996,0.93812,0.99678,0.99862,0.99929,100.0,0.4,0.27,0.29,0.46,52.11,53.9,53.49,51.5,0.996,0.997,0.997,0.996,/tmpdir/crf_16.mpd,/videos/BigBuckBunny-2160.avi
10942,0.99723,0.90154,0.99931,51.19761,0.99995,0.93563,0.99618,0.99833,0.9991,100.0,0.43,0.27,0.31,0.49,51.83,53.79,53.16,51.2,0.996,0.997,0.997,0.996,/tmpdir/crf_16.mpd,/videos/BigBuckBunny-2160.avi
10943,0.9975,0.846,0.99935,51.33963,0.99996,0.9369,0.99653,0.9985,0.99922,100.0,0.41,0.27,0.3,0.48,51.96,53.82,53.3,51.34,0.996,0.997,0.997,0.996,/tmpdir/crf_16.mpd,/videos/BigBuckBunny-2160.avi
10944,0.99725,0.846,0.99931,51.1924,0.99995,0.93575,0.99619,0.99834,0.99912,100.0,0.43,0.27,0.31,0.49,51.82,53.76,53.15,51.19,0.996,0.997,0.997,0.996,/tmpdir/crf_16.mpd,/videos/BigBuckBunny-2160.avi
10945,0.99764,0.62586,0.99938,51.45859,0.99996,0.938,0.9967,0.99856,0.99924,100.0,0.4,0.27,0.3,0.46,52.07,53.83,53.42,51.46,0.996,0.997,0.997,0.996,/tmpdir/crf_16.mpd,/videos/BigBuckBunny-2160.avi
10946,0.9974,0.62586,0.99932,51.19922,0.99995,0.93597,0.99619,0.99832,0.99911,100.0,0.43,0.27,0.32,0.49,51.83,53.77,53.13,51.2,0.996,0.997,0.997,0.996,/tmpdir/crf_16.mpd,/videos/BigBuckBunny-2160.avi
10947,0.99729,0.53366,0.99931,51.15148,0.99994,0.93564,0.99607,0.99826,0.99908,100.0,0.43,0.28,0.32,0.5,51.77,53.69,53.04,51.15,0.996,0.996,0.997,0.996,/tmpdir/crf_16.mpd,/videos/BigBuckBunny-2160.avi
10948,0.99738,0.53366,0.99934,51.2055,0.99995,0.93614,0.9962,0.99831,0.9991,100.0,0.43,0.28,0.32,0.49,51.82,53.67,53.12,51.21,0.996,0.996,0.997,0.996,/tmpdir/crf_16.mpd,/videos/BigBuckBunny-2160.avi
10949,0.99668,1.98984,0.9995,52.98303,0.99997,0.94454,0.99754,0.99891,0.99939,100.0,0.29,0.2,0.22,0.33,53.52,55.07,54.64,52.98,0.997,0.997,0.997,0.997,/tmpdir/crf_16.mpd,/videos/BigBuckBunny-2160.avi
10950,0.99434,1.98984,0.99928,51.65704,0.99995,0.93219,0.99559,0.99803,0.99891,100.0,0.38,0.24,0.28,0.44,52.31,54.36,53.7,51.66,0.996,0.997,0.997,0.996,/tmpdir/crf_16.mpd,/videos/BigBuckBunny-2160.avi
10951,0.99515,1.72956,0.99935,51.99881,0.99996,0.93518,0.99616,0.99832,0.9991,100.0,0.36,0.24,0.27,0.41,52.59,54.41,53.81,52.0,0.997,0.997,0.997,0.996,/tmpdir/crf_16.mpd,/videos/BigBuckBunny-2160.avi
10952,0.99417,1.72956,0.99928,51.66484,0.99995,0.93217,0.99561,0.99804,0.99891,100.0,0.38,0.24,0.28,0.44,52.3,54.27,53.62,51.66,0.996,0.997,0.997,0.996,/tmpdir/crf_16.mpd,/videos/BigBuckBunny-2160.avi
10953,0.99538,1.62539,0.99939,52.16924,0.99996,0.93637,0.99659,0.99852,0.9992,100.0,0.34,0.23,0.26,0.39,52.76,54.54,54.02,52.17,0.997,0.997,0.997,0.996,/tmpdir/crf_16.mpd,/videos/BigBuckBunny-2160.avi
10954,0.99383,1.62539,0.99927,51.60191,0.99994,0.93157,0.99552,0.99798,0.99888,100.0,0.39,0.25,0.29,0.45,52.22,54.17,53.49,51.6,0.996,0.997,0.997,0.996,/tmpdir/crf_16.mpd,/videos/BigBuckBunny-2160.avi
10955,0.99445,1.67195,0.99932,51.81772,0.99995,0.93334,0.99602,0.99825,0.99904,100.0,0.37,0.25,0.28,0.43,52.41,54.21,53.62,51.82,0.996,0.997,0.997,0.996,/tmpdir/crf_16.mpd,/videos/BigBuckBunny-2160.avi
10956,0.99379,1.67195,0.99927,51.59728,0.99994,0.93138,0.99536,0.99789,0.99881,100.0,0.39,0.25,0.29,0.45,52.21,54.09,53.47,51.6,0.996,0.997,0.997,0.996,/tmpdir/crf_16.mpd,/videos/BigBuckBunny-2160.avi
10957,0.99523,1.73227,0.99936,52.05578,0.99996,0.93498,0.99634,0.99842,0.99914,100.0,0.35,0.24,0.26,0.41,52.65,54.4,53.9,52.06,0.997,0.997,0.997,0.996,/tmpdir/crf_16.mpd,/videos/BigBuckBunny-2160.avi
10958,0.99363,1.73227,0.99927,51.56989,0.99994,0.93107,0.99534,0.9979,0.99881,100.0,0.39,0.26,0.29,0.45,52.18,54.02,53.45,51.57,0.996,0.997,0.997,0.996,/tmpdir/crf_16.mpd,/videos/BigBuckBunny-2160.avi
10959,0.99429,1.74428,0.99931,51.77746,0.99995,0.93252,0.99575,0.9981,0.99893,100.0,0.38,0.25,0.29,0.43,52.36,54.08,53.56,51.78,0.996,0.997,0.997,0.996,/tmpdir/crf_16.mpd,/videos/BigBuckBunny-2160.avi
10960,0.99369,1.74428,0.99926,51.5145,0.99994,0.93028,0.99528,0.9979,0.99886,100.0,0.4,0.26,0.3,0.46,52.11,53.91,53.37,51.51,0.996,0.997,0.997,0.996,/tmpdir/crf_16.mpd,/videos/BigBuckBunny-2160.avi
10961,0.99481,1.68385,0.99935,51.94475,0.99996,0.93352,0.99618,0.99834,0.99909,100.0,0.36,0.25,0.27,0.42,52.52,54.22,53.76,51.94,0.996,0.997,0.997,0.996,/tmpdir/crf_16.mpd,/videos/BigBuckBunny-2160.avi
10962,0.99366,1.68385,0.99925,51.4473,0.99994,0.92922,0.99525,0.99791,0.99886,100.0,0.41,0.27,0.3,0.47,52.04,53.82,53.3,51.45,0.996,0.997,0.997,0.996,/tmpdir/crf_16.mpd,/videos/BigBuckBunny-2160.avi
10963,0.99365,1.60022,0.99929,51.60257,0.99995,0.93034,0.99557,0.99801,0.99889,100.0,0.39,0.27,0.3,0.45,52.18,53.89,53.38,51.6,0.996,0.997,0.997,0.996,/tmpdir/crf_16.mpd,/videos/BigBuckBunny-2160.avi
10964,0.99334,1.60022,0.99923,51.34439,0.99994,0.92792,0.99499,0.99775,0.99875,100.0,0.42,0.28,0.31,0.48,51.94,53.73,53.22,51.34,0.996,0.997,0.996,0.996,/tmpdir/crf_16.mpd,/videos/BigBuckBunny-2160.avi
10965,0.9948,1.58656,0.99935,51.88165,0.99996,0.93297,0.99613,0.99829,0.99906,100.0,0.37,0.25,0.28,0.42,52.45,54.11,53.65,51.88,0.996,0.997,0.997,0.996,/tmpdir/crf_16.mpd,/videos/BigBuckBunny-2160.avi
10966,0.99314,1.58656,0.99923,51.34271,0.99994,0.92827,0.99493,0.99771,0.99873,99.96868,0.42,0.28,0.31,0.48,51.93,53.66,53.15,51.34,0.996,0.997,0.996,0.996,/tmpdir/crf_16.mpd,/videos/BigBuckBunny-2160.avi
10967,0.99206,7.67215,0.99895,50.27557,0.99983,0.91278,0.99105,0.99515,0.99685,100.0,0.52,0.32,0.36,0.61,50.96,53.03,52.52,50.28,0.995,0.996,0.996,0.995,/tmpdir/crf_16.mpd,/videos/BigBuckBunny-2160.avi
10968,0.99117,15.24646,0.99886,49.99984,0.99983,0.90816,0.99003,0.9947,0.99667,100.0,0.56,0.37,0.42,0.65,50.61,52.45,51.93,50.0,0.995,0.996,0.996,0.995,/tmpdir/crf_16.mpd,/videos/BigBuckBunny-2160.avi
10969,0.99345,22.34991,0.99901,50.59865,0.99988,0.91414,0.9925,0.99618,0.99767,100.0,0.49,0.31,0.34,0.57,51.25,53.2,52.75,50.6,0.995,0.996,0.996,0.995,/tmpdir/crf_16.mpd,/videos/BigBuckBunny-2160.avi
10970,0.99105,22.34991,0.99882,49.9789,0.99983,0.90567,0.98938,0.99422,0.99627,100.0,0.56,0.36,0.4,0.65,50.63,52.59,52.1,49.98,0.995,0.996,0.996,0.995,/tmpdir/crf_16.mpd,/videos/BigBuckBunny-2160.avi
10971,0.99046,26.04791,0.99873,49.67876,0.9998,0.90102,0.98818,0.99362,0.99594,100.0,0.6,0.38,0.43,0.7,50.33,52.3,51.76,49.68,0.995,0.996,0.995,0.994,/tmpdir/crf_16.mpd,/videos/BigBuckBunny-2160.avi
10972,0.99361,26.04791,0.99891,50.33551,0.99987,0.90859,0.99172,0.99586,0.99752,100.0,0.52,0.32,0.36,0.6,51.01,53.03,52.54,50.34,0.995,0.996,0.996,0.995,/tmpdir/crf_16.mpd,/videos/BigBuckBunny-2160.avi
10973,0.9914,29.44072,0.99875,49.72121,0.99981,0.89973,0.98844,0.99373,0.99594,100.0,0.59,0.37,0.41,0.69,50.4,52.43,51.97,49.72,0.995,0.996,0.995,0.994,/tmpdir/crf_16.mpd,/videos/BigBuckBunny-2160.avi
10974,0.99151,29.44072,0.99866,49.38676,0.99979,0.89499,0.9876,0.99336,0.99579,100.0,0.64,0.41,0.45,0.75,50.05,52.04,51.58,49.39,0.994,0.995,0.995,0.994,/tmpdir/crf_16.mpd,/videos/BigBuckBunny-2160.avi
10975,0.99477,31.36247,0.99886,50.16473,0.99987,0.90212,0.99118,0.99556,0.99732,100.0,0.54,0.34,0.37,0.63,50.84,52.8,52.42,50.16,0.995,0.996,0.996,0.994,/tmpdir/crf_16.mpd,/videos/BigBuckBunny-2160.avi
10976,0.99193,31.36247,0.99861,49.30685,0.99979,0.88816,0.98754,0.99318,0.9956,100.0,0.64,0.38,0.41,0.76,50.07,52.35,51.98,49.31,0.994,0.996,0.995,0.994,/tmpdir/crf_16.mpd,/videos/BigBuckBunny-2160.avi
10977,0.99209,30.92276,0.99848,49.01454,0.99977,0.88052,0.98747,0.99342,0.99588,100.0,0.69,0.41,0.44,0.82,49.77,52.05,51.68,49.01,0.994,0.995,0.995,0.993,/tmpdir/crf_16.mpd,/videos/BigBuckBunny-2160.avi
10978,0.9948,30.92276,0.99874,49.84268,0.99986,0.89079,0.99097,0.99549,0.99725,100.0,0.57,0.34,0.37,0.67,50.58,52.77,52.44,49.84,0.994,0.996,0.995,0.994,/tmpdir/crf_16.mpd,/videos/BigBuckBunny-2160.avi
10979,0.99207,30.82491,0.99842,48.9557,0.99978,0.87331,0.98762,0.99334,0.99571,100.0,0.68,0.38,0.41,0.83,49.78,52.33,51.95,48.96,0.993,0.995,0.995,0.992,/tmpdir/crf_16.mpd,/videos/BigBuckBunny-2160.avi
10980,0.99212,30.82491,0.99832,48.67133,0.99976,0.86793,0.9872,0.99333,0.99582,100.0,0.73,0.4,0.44,0.88,49.51,52.14,51.68,48.67,0.993,0.995,0.995,0.992,/tmpdir/crf_16.mpd,/videos/BigBuckBunny-2160.avi
10981,0.99504,29.41895,0.9987,49.69215,0.99988,0.88437,0.99186,0.99604,0.99764,100.0,0.58,0.33,0.36,0.7,50.49,52.95,52.51,49.69,0.994,0.996,0.996,0.993,/tmpdir/crf_16.mpd,/videos/BigBuckBunny-2160.avi
10982,0.99203,29.41895,0.99833,48.67946,0.99977,0.86725,0.98754,0.99349,0.99592,100.0,0.72,0.38,0.44,0.88,49.53,52.33,51.71,48.68,0.993,0.996,0.995,0.992,/tmpdir/crf_16.mpd,/videos/BigBuckBunny-2160.avi
10983,0.99256,27.43547,0.99846,48.907,0.9998,0.87054,0.9892,0.99434,0.99643,100.0,0.68,0.35,0.41,0.84,49.78,52.64,52.03,48.91,0.993,0.996,0.995,0.992,/tmpdir/crf_16.mpd,/videos/BigBuckBunny-2160.avi
10984,0.9913,27.43547,0.99835,48.59847,0.99978,0.86548,0.98837,0.99402,0.99628,100.0,0.73,0.37,0.43,0.9,49.49,52.5,51.8,48.6,0.993,0.996,0.995,0.992,/tmpdir/crf_16.mpd,/videos/BigBuckBunny-2160.avi
10985,0.99524,22.18365,0.99885,50.03008,0.99991,0.89111,0.99382,0.99718,0.99836,100.0,0.54,0.3,0.35,0.65,50.82,53.33,52.73,50.03,0.994,0.996,0.996,0.994,/tmpdir/crf_16.mpd,/videos/BigBuckBunny-2160.avi
10986,0.99194,22.13946,0.99842,48.78794,0.99979,0.87015,0.98898,0.99436,0.99652,100.0,0.7,0.36,0.42,0.86,49.66,52.61,51.88,48.79,0.993,0.996,0.995,0.992,/tmpdir/crf_16.mpd,/videos/BigBuckBunny-2160.avi
10987,0.99269,11.29103,0.99854,49.06491,0.99982,0.87521,0.99051,0.99517,0.99704,100.0,0.66,0.34,0.4,0.81,49.92,52.8,52.07,49.06,0.994,0.996,0.995,0.993,/tmpdir/crf_16.mpd,/videos/BigBuckBunny-2160.avi
10988,0.99088,3.86538,0.99842,48.78332,0.99979,0.87001,0.98955,0.99467,0.99667,100.0,0.7,0.35,0.42,0.86,49.67,52.68,51.92,48.78,0.993,0.996,0.995,0.992,/tmpdir/crf_16.mpd,/videos/BigBuckBunny-2160.avi
10989,0.99544,1.44531,0.99894,50.30215,0.99993,0.89645,0.99502,0.99783,0.99879,100.0,0.51,0.29,0.33,0.61,51.09,53.58,53.0,50.3,0.995,0.996,0.996,0.994,/tmpdir/crf_16.mpd,/videos/BigBuckBunny-2160.avi
10990,0.9946,1.44531,0.99884,49.99785,0.9999,0.89283,0.99404,0.99734,0.99849,100.0,0.54,0.3,0.34,0.65,50.81,53.42,52.79,50.0,0.994,0.996,0.996,0.994,/tmpdir/crf_16.mpd,/videos/BigBuckBunny-2160.avi
10991,0.99503,1.36043,0.9989,50.15383,0.99991,0.89512,0.99473,0.99771,0.99873,100.0,0.52,0.29,0.33,0.63,50.96,53.53,52.91,50.15,0.995,0.996,0.996,0.994,/tmpdir/crf_16.mpd,/videos/BigBuckBunny-2160.avi
10992,0.99491,1.36043,0.99887,50.06668,0.9999,0.89439,0.99439,0.99756,0.99865,100.0,0.53,0.29,0.33,0.64,50.88,53.5,52.88,50.07,0.994,0.996,0.996,0.994,/tmpdir/crf_16.mpd,/videos/BigBuckBunny-2160.avi
10993,0.99604,0.9024,0.99907,50.72494,0.99994,0.90449,0.99616,0.99833,0.99905,100.0,0.46,0.27,0.3,0.55,51.48,53.81,53.29,50.72,0.995,0.996,0.996,0.994,/tmpdir/crf_16.mpd,/videos/BigBuckBunny-2160.avi
10994,0.99512,0.72515,0.99893,50.19311,0.99991,0.89751,0.99494,0.99778,0.99875,99.8119,0.52,0.28,0.33,0.62,51.01,53.63,53.01,50.19,0.995,0.996,0.996,0.994,/tmpdir/crf_16.mpd,/videos/BigBuckBunny-2160.avi
10995,0.9959,0.17427,0.99899,50.31961,0.99992,0.90078,0.9957,0.99811,0.99895,99.72623,0.5,0.27,0.31,0.6,51.15,53.78,53.25,50.32,0.995,0.996,0.996,0.994,/tmpdir/crf_16.mpd,/videos/BigBuckBunny-2160.avi
10996,0.99563,0.17427,0.999,50.40647,0.99992,0.9003,0.99587,0.99822,0.999,99.68326,0.49,0.27,0.31,0.59,51.22,53.79,53.27,50.41,0.995,0.996,0.996,0.994,/tmpdir/crf_16.mpd,/videos/BigBuckBunny-2160.avi
10997,0.99601,0.13895,0.99908,50.7377,0.99993,0.90508,0.99654,0.99849,0.99914,99.76661,0.46,0.27,0.3,0.55,51.5,53.88,53.39,50.74,0.995,0.996,0.996,0.994,/tmpdir/crf_16.mpd,/videos/BigBuckBunny-2160.avi
10998,0.99479,0.13895,0.99897,50.32869,0.9999,0.89872,0.99575,0.99815,0.99896,99.50709,0.5,0.27,0.3,0.6,51.16,53.81,53.3,50.33,0.995,0.996,0.996,0.994,/tmpdir/crf_16.mpd,/videos/BigBuckBunny-2160.avi
10999,0.99409,0.12789,0.99895,50.25437,0.9999,0.89752,0.99569,0.99812,0.99894,99.37171,0.5,0.27,0.3,0.61,51.1,53.82,53.31,50.25,0.995,0.996,0.996,0.994,/tmpdir/crf_16.mpd,/videos/BigBuckBunny-2160.avi
11000,0.99406,0.12789,0.99892,50.20418,0.99989,0.89662,0.99556,0.99806,0.9989,99.35856,0.51,0.27,0.3,0.62,51.06,53.8,53.29,50.2,0.995,0.996,0.996,0.994,/tmpdir/crf_16.mpd,/videos/BigBuckBunny-2160.avi
11001,0.99577,0.10851,0.99904,50.6269,0.99993,0.90267,0.99642,0.99843,0.99909,99.69818,0.47,0.27,0.3,0.56,51.41,53.87,53.37,50.63,0.995,0.996,0.996,0.994,/tmpdir/crf_16.mpd,/videos/BigBuckBunny-2160.avi
11002,0.99316,0.10851,0.99891,50.16395,0.99988,0.89587,0.99557,0.99808,0.99893,99.19167,0.51,0.27,0.31,0.63,51.02,53.79,53.28,50.16,0.995,0.996,0.996,0.994,/tmpdir/crf_16.mpd,/videos/BigBuckBunny-2160.avi
11003,0.99289,0.09327,0.99891,50.12819,0.99989,0.89531,0.9955,0.99799,0.99885,99.12716,0.52,0.27,0.3,0.63,51.0,53.8,53.29,50.13,0.995,0.996,0.996,0.994,/tmpdir/crf_16.mpd,/videos/BigBuckBunny-2160.avi
11004,0.99293,0.09327,0.99887,50.03088,0.99987,0.89402,0.99547,0.99802,0.99888,99.1328,0.53,0.27,0.31,0.65,50.91,53.78,53.27,50.03,0.995,0.996,0.996,0.994,/tmpdir/crf_16.mpd,/videos/BigBuckBunny-2160.avi
11005,0.9959,0.0969,0.99903,50.61319,0.99993,0.90251,0.99648,0.99848,0.99915,99.7204,0.47,0.27,0.3,0.56,51.4,53.85,53.37,50.61,0.995,0.996,0.996,0.994,/tmpdir/crf_16.mpd,/videos/BigBuckBunny-2160.avi
11006,0.99323,0.0969,0.9989,50.13026,0.99988,0.89535,0.99565,0.9981,0.99894,99.19736,0.52,0.27,0.31,0.63,50.99,53.77,53.28,50.13,0.995,0.996,0.996,0.994,/tmpdir/crf_16.mpd,/videos/BigBuckBunny-2160.avi
11007,0.99328,0.0989,0.99889,50.08109,0.99988,0.89456,0.99543,0.99794,0.9988,99.19172,0.52,0.27,0.31,0.64,50.95,53.75,53.25,50.08,0.995,0.996,0.996,0.994,/tmpdir/crf_16.mpd,/videos/BigBuckBunny-2160.avi
11008,0.99269,0.0989,0.99886,50.00755,0.99986,0.89365,0.99553,0.99806,0.99891,99.09341,0.53,0.27,0.31,0.65,50.89,53.74,53.24,50.01,0.995,0.996,0.996,0.994,/tmpdir/crf_16.mpd,/videos/BigBuckBunny-2160.avi
11009,0.9958,0.10157,0.99902,50.58406,0.99992,0.90207,0.99648,0.99849,0.99915,99.70308,0.47,0.27,0.3,0.57,51.38,53.86,53.38,50.58,0.995,0.996,0.996,0.994,/tmpdir/crf_16.mpd,/videos/BigBuckBunny-2160.avi
11010,0.99289,0.10157,0.99887,50.05443,0.99987,0.89422,0.99562,0.99813,0.99898,99.13944,0.52,0.27,0.31,0.64,50.93,53.75,53.26,50.05,0.995,0.996,0.996,0.994,/tmpdir/crf_16.mpd,/videos/BigBuckBunny-2160.avi
11011,0.99332,0.09669,0.9989,50.13473,0.99988,0.89531,0.99562,0.99805,0.99887,99.20819,0.52,0.28,0.31,0.63,50.98,53.69,53.19,50.13,0.995,0.996,0.996,0.994,/tmpdir/crf_16.mpd,/videos/BigBuckBunny-2160.avi
11012,0.993,0.09669,0.99887,50.06564,0.99987,0.89453,0.99557,0.99804,0.99886,99.14652,0.52,0.28,0.31,0.64,50.93,53.73,53.23,50.07,0.995,0.996,0.996,0.994,/tmpdir/crf_16.mpd,/videos/BigBuckBunny-2160.avi
11013,0.99599,0.09339,0.999,50.56939,0.99992,0.90193,0.99645,0.99845,0.99911,99.72938,0.47,0.27,0.3,0.57,51.37,53.87,53.37,50.57,0.995,0.996,0.996,0.994,/tmpdir/crf_16.mpd,/videos/BigBuckBunny-2160.avi
11014,0.994,0.09339,0.99894,50.33653,0.9999,0.89751,0.99597,0.99825,0.99902,99.34962,0.5,0.27,0.3,0.6,51.17,53.83,53.35,50.34,0.995,0.996,0.996,0.994,/tmpdir/crf_16.mpd,/videos/BigBuckBunny-2160.avi
11015,0.99394,0.08668,0.9989,50.19255,0.99988,0.89614,0.9958,0.99818,0.99897,99.32603,0.51,0.27,0.3,0.62,51.05,53.8,53.31,50.19,0.995,0.996,0.996,0.994,/tmpdir/crf_16.mpd,/videos/BigBuckBunny-2160.avi
11016,0.99568,0.08668,0.99901,50.58542,0.99992,0.90219,0.99651,0.99849,0.99914,99.67386,0.47,0.27,0.3,0.57,51.38,53.86,53.36,50.59,0.995,0.996,0.996,0.994,/tmpdir/crf_16.mpd,/videos/BigBuckBunny-2160.avi
11017,0.99788,0.08557,0.99956,53.61055,0.99997,0.94622,0.99857,0.99942,0.99969,100.0,0.24,0.15,0.16,0.28,54.32,56.43,56.07,53.61,0.997,0.998,0.998,0.997,/tmpdir/crf_16.mpd,/videos/BigBuckBunny-2160.avi
11018,0.9959,0.08557,0.99926,51.91515,0.99992,0.92819,0.99762,0.99903,0.99947,99.84141,0.34,0.16,0.18,0.42,52.87,56.0,55.62,51.92,0.996,0.998,0.998,0.996,/tmpdir/crf_16.mpd,/videos/BigBuckBunny-2160.avi
11019,0.99592,0.07478,0.99922,51.6535,0.99991,0.92304,0.99733,0.99886,0.99935,99.80779,0.35,0.17,0.18,0.44,52.64,55.92,55.53,51.65,0.996,0.998,0.998,0.996,/tmpdir/crf_16.mpd,/videos/BigBuckBunny-2160.avi
11020,0.99546,0.07478,0.99919,51.5411,0.9999,0.92173,0.99727,0.99883,0.99932,99.71937,0.36,0.17,0.18,0.46,52.54,55.88,55.48,51.54,0.996,0.998,0.998,0.995,/tmpdir/crf_16.mpd,/videos/BigBuckBunny-2160.avi
11021,0.99651,0.07101,0.99928,51.91078,0.99994,0.92559,0.99772,0.99905,0.99946,99.9342,0.34,0.17,0.18,0.42,52.85,55.91,55.51,51.91,0.996,0.998,0.998,0.996,/tmpdir/crf_16.mpd,/videos/BigBuckBunny-2160.avi
11022,0.99543,0.07101,0.99918,51.50755,0.9999,0.92086,0.99725,0.99884,0.99937,99.71202,0.37,0.17,0.19,0.46,52.5,55.79,55.41,51.51,0.996,0.998,0.997,0.995,/tmpdir/crf_16.mpd,/videos/BigBuckBunny-2160.avi
11023,0.99578,0.07761,0.9992,51.55498,0.99991,0.92143,0.99727,0.99885,0.99937,99.78054,0.36,0.17,0.19,0.45,52.53,55.78,55.4,51.55,0.996,0.998,0.997,0.995,/tmpdir/crf_16.mpd,/videos/BigBuckBunny-2160.avi
11024,0.99538,0.07761,0.99917,51.49751,0.99989,0.92092,0.99728,0.99888,0.9994,99.71054,0.37,0.17,0.19,0.46,52.48,55.75,55.37,51.5,0.996,0.998,0.997,0.995,/tmpdir/crf_16.mpd,/videos/BigBuckBunny-2160.avi
11025,0.99673,0.10381,0.99928,51.99111,0.99994,0.92651,0.99777,0.99906,0.99947,99.99179,0.33,0.17,0.18,0.41,52.9,55.84,55.46,51.99,0.996,0.998,0.997,0.996,/tmpdir/crf_16.mpd,/videos/BigBuckBunny-2160.avi
11026,0.99553,0.10381,0.99918,51.55312,0.9999,0.9219,0.99729,0.99885,0.99933,99.74638,0.36,0.17,0.19,0.45,52.52,55.74,55.36,51.55,0.996,0.998,0.997,0.995,/tmpdir/crf_16.mpd,/videos/BigBuckBunny-2160.avi
11027,0.99571,0.08477,0.99918,51.51972,0.9999,0.92139,0.99727,0.99883,0.99934,99.76849,0.37,0.17,0.19,0.46,52.49,55.72,55.35,51.52,0.996,0.998,0.997,0.995,/tmpdir/crf_16.mpd,/videos/BigBuckBunny-2160.avi
11028,0.99525,0.08477,0.99915,51.40029,0.99989,0.91953,0.99716,0.99879,0.99931,99.67713,0.38,0.18,0.19,0.47,52.38,55.66,55.26,51.4,0.996,0.998,0.997,0.995,/tmpdir/crf_16.mpd,/videos/BigBuckBunny-2160.avi
11029,0.99639,0.08902,0.99926,51.79411,0.99994,0.92376,0.99763,0.99899,0.99943,99.91081,0.35,0.17,0.19,0.43,52.72,55.71,55.31,51.79,0.996,0.998,0.997,0.996,/tmpdir/crf_16.mpd,/videos/BigBuckBunny-2160.avi
11030,0.99503,0.08902,0.99915,51.33917,0.9999,0.9183,0.99711,0.99878,0.99932,99.63478,0.38,0.18,0.2,0.48,52.32,55.58,55.18,51.34,0.996,0.997,0.997,0.995,/tmpdir/crf_16.mpd,/videos/BigBuckBunny-2160.avi
11031,0.99495,0.07253,0.99916,51.30231,0.99991,0.91786,0.99707,0.99874,0.9993,99.61057,0.38,0.18,0.2,0.48,52.28,55.57,55.15,51.3,0.996,0.997,0.997,0.995,/tmpdir/crf_16.mpd,/videos/BigBuckBunny-2160.avi
11032,0.9948,0.07253,0.99913,51.22162,0.9999,0.91651,0.99705,0.99874,0.9993,99.57824,0.39,0.18,0.2,0.49,52.21,55.52,55.09,51.22,0.996,0.997,0.997,0.995,/tmpdir/crf_16.mpd,/videos/BigBuckBunny-2160.avi
11033,0.99602,0.06634,0.99924,51.65332,0.99994,0.92156,0.99754,0.99895,0.99941,99.82341,0.36,0.18,0.2,0.44,52.57,55.56,55.13,51.65,0.996,0.997,0.997,0.995,/tmpdir/crf_16.mpd,/videos/BigBuckBunny-2160.avi
11034,0.99477,0.06634,0.99915,51.24308,0.99991,0.91659,0.99706,0.99875,0.99932,99.57178,0.39,0.19,0.21,0.49,52.21,55.46,55.01,51.24,0.996,0.997,0.997,0.995,/tmpdir/crf_16.mpd,/videos/BigBuckBunny-2160.avi
11035,0.99449,0.06612,0.99916,51.21502,0.99991,0.91639,0.99696,0.99866,0.99923,99.5126,0.39,0.19,0.21,0.49,52.19,55.42,54.99,51.22,0.996,0.997,0.997,0.995,/tmpdir/crf_16.mpd,/videos/BigBuckBunny-2160.avi
11036,0.99458,0.06612,0.99914,51.15393,0.99991,0.91541,0.99698,0.9987,0.99926,99.52866,0.4,0.19,0.21,0.5,52.13,55.38,54.92,51.15,0.996,0.997,0.997,0.995,/tmpdir/crf_16.mpd,/videos/BigBuckBunny-2160.avi
11037,0.99576,0.06315,0.99923,51.56694,0.99994,0.9205,0.99751,0.99895,0.99942,99.77322,0.37,0.19,0.21,0.45,52.47,55.42,54.96,51.57,0.996,0.997,0.997,0.995,/tmpdir/crf_16.mpd,/videos/BigBuckBunny-2160.avi
11038,0.99476,0.06315,0.99916,51.2406,0.99992,0.91657,0.9971,0.99881,0.99938,99.57432,0.39,0.19,0.21,0.49,52.19,55.32,54.85,51.24,0.996,0.997,0.997,0.995,/tmpdir/crf_16.mpd,/videos/BigBuckBunny-2160.avi
11039,0.9946,0.05923,0.99916,51.18697,0.99992,0.91604,0.99698,0.99873,0.99932,99.53585,0.4,0.19,0.21,0.49,52.14,55.29,54.82,51.19,0.996,0.997,0.997,0.995,/tmpdir/crf_16.mpd,/videos/BigBuckBunny-2160.avi
11040,0.99474,0.05923,0.99915,51.15272,0.99992,0.91533,0.99695,0.99871,0.99931,99.55716,0.4,0.19,0.22,0.5,52.1,55.25,54.77,51.15,0.996,0.997,0.997,0.995,/tmpdir/crf_16.mpd,/videos/BigBuckBunny-2160.avi
11041,0.9958,0.07447,0.99921,51.43866,0.99994,0.91877,0.99734,0.99885,0.99935,99.77112,0.38,0.19,0.22,0.47,52.34,55.28,54.8,51.44,0.996,0.997,0.997,0.995,/tmpdir/crf_16.mpd,/videos/BigBuckBunny-2160.avi
11042,0.99496,0.07641,0.99913,51.13399,0.99991,0.91597,0.99664,0.99852,0.99917,99.59069,0.4,0.2,0.22,0.5,52.07,55.18,54.65,51.13,0.996,0.997,0.997,0.995,/tmpdir/crf_16.mpd,/videos/BigBuckBunny-2160.avi
11043,0.99501,0.13114,0.99913,51.16277,0.99991,0.91701,0.99661,0.99847,0.99912,99.62496,0.4,0.2,0.23,0.5,52.09,55.16,54.6,51.16,0.996,0.997,0.997,0.995,/tmpdir/crf_16.mpd,/videos/BigBuckBunny-2160.avi
11044,0.99473,0.13114,0.99912,51.1073,0.99991,0.9158,0.99642,0.99838,0.99909,99.56516,0.41,0.2,0.23,0.5,52.02,55.08,54.47,51.11,0.996,0.997,0.997,0.995,/tmpdir/crf_16.mpd,/videos/BigBuckBunny-2160.avi
11045,0.99597,0.20318,0.99916,51.30138,0.99993,0.91823,0.99716,0.99877,0.99931,99.85285,0.39,0.2,0.22,0.48,52.21,55.19,54.66,51.3,0.996,0.997,0.997,0.995,/tmpdir/crf_16.mpd,/videos/BigBuckBunny-2160.avi
11046,0.99419,0.20318,0.99908,50.94061,0.9999,0.91307,0.99603,0.99818,0.99894,99.47714,0.42,0.21,0.24,0.52,51.86,54.94,54.32,50.94,0.996,0.997,0.997,0.995,/tmpdir/crf_16.mpd,/videos/BigBuckBunny-2160.avi
11047,0.9937,0.25767,0.99906,50.85614,0.9999,0.91175,0.99609,0.99824,0.99898,99.41541,0.43,0.21,0.24,0.53,51.79,54.96,54.36,50.86,0.996,0.997,0.997,0.995,/tmpdir/crf_16.mpd,/videos/BigBuckBunny-2160.avi
11048,0.99371,0.25767,0.999,50.67888,0.99988,0.90905,0.99582,0.99815,0.99895,99.40418,0.45,0.21,0.25,0.56,51.63,54.87,54.22,50.68,0.995,0.997,0.997,0.995,/tmpdir/crf_16.mpd,/videos/BigBuckBunny-2160.avi
11049,0.99556,0.30996,0.99909,51.00641,0.99992,0.91286,0.9969,0.9987,0.99929,99.80785,0.42,0.21,0.24,0.52,51.92,54.97,54.42,51.01,0.996,0.997,0.997,0.995,/tmpdir/crf_16.mpd,/videos/BigBuckBunny-2160.avi
11050,0.99315,0.30996,0.99894,50.47924,0.99987,0.90582,0.99563,0.99808,0.99891,99.31335,0.47,0.22,0.25,0.58,51.44,54.77,54.12,50.48,0.995,0.997,0.997,0.994,/tmpdir/crf_16.mpd,/videos/BigBuckBunny-2160.avi
11051,0.99361,0.35266,0.99896,50.50858,0.99988,0.9058,0.9957,0.9981,0.9989,99.41404,0.46,0.22,0.25,0.58,51.47,54.76,54.15,50.51,0.995,0.997,0.997,0.994,/tmpdir/crf_16.mpd,/videos/BigBuckBunny-2160.avi
11052,0.99329,0.35266,0.9989,50.37561,0.99985,0.90441,0.99527,0.99789,0.99875,99.33666,0.48,0.22,0.26,0.6,51.34,54.68,54.04,50.38,0.995,0.997,0.997,0.994,/tmpdir/crf_16.mpd,/videos/BigBuckBunny-2160.avi
11053,0.99573,0.37987,0.99906,50.90447,0.99992,0.91261,0.99676,0.99863,0.99924,99.86285,0.43,0.21,0.24,0.53,51.82,54.84,54.29,50.9,0.995,0.997,0.997,0.995,/tmpdir/crf_16.mpd,/videos/BigBuckBunny-2160.avi
11054,0.99344,0.37987,0.99888,50.41037,0.99984,0.90559,0.99523,0.99788,0.99878,99.38173,0.47,0.22,0.26,0.59,51.37,54.65,54.02,50.41,0.995,0.997,0.997,0.994,/tmpdir/crf_16.mpd,/videos/BigBuckBunny-2160.avi
11055,0.99357,0.40539,0.99894,50.52791,0.99987,0.90745,0.99561,0.99807,0.99889,99.43517,0.46,0.22,0.26,0.58,51.46,54.63,54.02,50.53,0.995,0.997,0.997,0.994,/tmpdir/crf_16.mpd,/videos/BigBuckBunny-2160.avi
11056,0.99339,0.40539,0.99885,50.33963,0.99983,0.90497,0.99507,0.99785,0.99879,99.38352,0.48,0.23,0.26,0.6,51.3,54.57,53.95,50.34,0.995,0.997,0.997,0.994,/tmpdir/crf_16.mpd,/videos/BigBuckBunny-2160.avi
11057,0.99537,0.43238,0.99903,50.83536,0.99991,0.91274,0.99658,0.99857,0.99922,99.8216,0.44,0.22,0.25,0.54,51.74,54.76,54.19,50.84,0.995,0.997,0.997,0.995,/tmpdir/crf_16.mpd,/videos/BigBuckBunny-2160.avi
11058,0.99301,0.43238,0.99884,50.30101,0.99983,0.90435,0.995,0.9978,0.99875,99.32179,0.49,0.23,0.27,0.61,51.25,54.51,53.88,50.3,0.995,0.997,0.997,0.994,/tmpdir/crf_16.mpd,/videos/BigBuckBunny-2160.avi
11059,0.99339,0.47031,0.9989,50.41929,0.99986,0.90597,0.99539,0.99799,0.99885,99.42363,0.48,0.23,0.27,0.59,51.35,54.47,53.86,50.42,0.995,0.997,0.997,0.994,/tmpdir/crf_16.mpd,/videos/BigBuckBunny-2160.avi
11060,0.99288,0.47031,0.99879,50.16377,0.99982,0.90229,0.99489,0.99779,0.99877,99.3111,0.5,0.24,0.27,0.63,51.11,54.35,53.74,50.16,0.995,0.997,0.997,0.994,/tmpdir/crf_16.mpd,/videos/BigBuckBunny-2160.avi
11061,0.99496,0.50264,0.99896,50.59393,0.99989,0.90877,0.99618,0.99839,0.99911,99.75514,0.46,0.23,0.26,0.57,51.5,54.52,53.95,50.59,0.995,0.997,0.997,0.994,/tmpdir/crf_16.mpd,/videos/BigBuckBunny-2160.avi
11062,0.9931,0.50264,0.99876,50.08207,0.99981,0.90077,0.99472,0.99769,0.99867,99.35019,0.51,0.24,0.28,0.64,51.03,54.25,53.67,50.08,0.995,0.997,0.997,0.994,/tmpdir/crf_16.mpd,/videos/BigBuckBunny-2160.avi
11063,0.99292,0.5179,0.99883,50.20176,0.99985,0.90212,0.99511,0.99791,0.99884,99.34662,0.5,0.25,0.28,0.62,51.13,54.23,53.66,50.2,0.995,0.997,0.997,0.994,/tmpdir/crf_16.mpd,/videos/BigBuckBunny-2160.avi
11064,0.9926,0.5179,0.9987,49.92598,0.9998,0.8979,0.99455,0.9977,0.99872,99.264,0.53,0.25,0.29,0.66,50.88,54.16,53.53,49.93,0.995,0.997,0.997,0.994,/tmpdir/crf_16.mpd,/videos/BigBuckBunny-2160.avi
11065,0.9941,0.73508,0.99881,50.17482,0.99986,0.90422,0.99547,0.99806,0.99889,99.67266,0.5,0.24,0.28,0.62,51.12,54.29,53.7,50.17,0.995,0.997,0.997,0.994,/tmpdir/crf_16.mpd,/videos/BigBuckBunny-2160.avi
11066,0.99235,0.86072,0.99856,49.57855,0.99978,0.89322,0.99342,0.99715,0.99836,99.3273,0.57,0.26,0.3,0.72,50.56,53.96,53.36,49.58,0.994,0.997,0.996,0.993,/tmpdir/crf_16.mpd,/videos/BigBuckBunny-2160.avi
11067,0.99286,2.37015,0.99855,49.69682,0.99984,0.89402,0.99338,0.99713,0.99835,100.0,0.56,0.26,0.31,0.7,50.65,53.95,53.27,49.7,0.994,0.997,0.996,0.993,/tmpdir/crf_16.mpd,/videos/BigBuckBunny-2160.avi
11068,0.99146,2.93981,0.99835,49.34203,0.99978,0.88679,0.99221,0.99664,0.99806,100.0,0.6,0.28,0.33,0.76,50.31,53.7,53.01,49.34,0.994,0.997,0.996,0.993,/tmpdir/crf_16.mpd,/videos/BigBuckBunny-2160.avi
11069,0.99436,3.617,0.99866,49.96139,0.99987,0.89496,0.99437,0.99767,0.99873,100.0,0.53,0.25,0.29,0.66,50.91,54.15,53.5,49.96,0.994,0.997,0.997,0.993,/tmpdir/crf_16.mpd,/videos/BigBuckBunny-2160.avi
11070,0.99158,3.617,0.99852,49.5491,0.99984,0.89183,0.99225,0.99666,0.99817,100.0,0.58,0.27,0.32,0.72,50.5,53.86,53.06,49.55,0.994,0.997,0.996,0.993,/tmpdir/crf_16.mpd,/videos/BigBuckBunny-2160.avi
11071,0.99079,7.7362,0.99863,49.69585,0.99984,0.90024,0.99201,0.9964,0.99796,100.0,0.57,0.27,0.33,0.7,50.61,53.76,52.97,49.7,0.995,0.997,0.996,0.994,/tmpdir/crf_16.mpd,/videos/BigBuckBunny-2160.avi
11072,0.99227,9.49419,0.99881,50.17077,0.99987,0.90844,0.99334,0.99711,0.99842,100.0,0.51,0.26,0.31,0.63,51.05,54.02,53.26,50.17,0.995,0.997,0.996,0.994,/tmpdir/crf_16.mpd,/videos/BigBuckBunny-2160.avi
11073,0.99375,10.08863,0.99898,51.31144,0.99987,0.92284,0.99449,0.9975,0.99861,100.0,0.4,0.23,0.26,0.48,52.08,54.55,53.93,51.31,0.996,0.997,0.997,0.995,/tmpdir/crf_16.mpd,/videos/BigBuckBunny-2160.avi
11074,0.99297,7.99173,0.99882,50.80729,0.99986,0.90922,0.99419,0.99745,0.99859,100.0,0.44,0.23,0.26,0.54,51.67,54.48,53.92,50.81,0.995,0.997,0.997,0.994,/tmpdir/crf_16.mpd,/videos/BigBuckBunny-2160.avi
11075,0.98994,4.36363,0.99801,48.89006,0.99973,0.86485,0.9917,0.99646,0.99802,100.0,0.66,0.28,0.32,0.84,49.94,53.67,53.07,48.89,0.993,0.996,0.996,0.991,/tmpdir/crf_16.mpd,/videos/BigBuckBunny-2160.avi
11076,0.99181,4.36363,0.99829,49.27612,0.99981,0.87374,0.99286,0.997,0.9984,100.0,0.61,0.27,0.31,0.77,50.28,53.79,53.16,49.28,0.993,0.996,0.996,0.992,/tmpdir/crf_16.mpd,/videos/BigBuckBunny-2160.avi
11077,0.99062,3.45798,0.9982,49.14206,0.99974,0.87475,0.99204,0.99667,0.99818,100.0,0.63,0.28,0.32,0.79,50.15,53.72,53.03,49.14,0.994,0.996,0.996,0.992,/tmpdir/crf_16.mpd,/videos/BigBuckBunny-2160.avi
11078,0.99317,3.45798,0.99868,50.05341,0.99987,0.88892,0.9944,0.99772,0.99883,100.0,0.52,0.26,0.29,0.64,50.97,54.06,53.45,50.05,0.994,0.997,0.996,0.993,/tmpdir/crf_16.mpd,/videos/BigBuckBunny-2160.avi
11079,0.99061,2.84682,0.99822,49.18399,0.99974,0.87438,0.99216,0.99668,0.99813,99.93737,0.63,0.28,0.33,0.78,50.17,53.59,52.99,49.18,0.994,0.996,0.996,0.992,/tmpdir/crf_16.mpd,/videos/BigBuckBunny-2160.avi
11080,0.99203,2.84682,0.99838,49.44135,0.99979,0.87876,0.99326,0.99719,0.99843,100.0,0.59,0.27,0.32,0.74,50.41,53.75,53.12,49.44,0.994,0.996,0.996,0.992,/tmpdir/crf_16.mpd,/videos/BigBuckBunny-2160.avi
11081,0.99116,2.74191,0.99827,49.23967,0.99975,0.87789,0.9926,0.99685,0.9982,99.99852,0.62,0.28,0.32,0.77,50.24,53.72,53.09,49.24,0.994,0.996,0.996,0.992,/tmpdir/crf_16.mpd,/videos/BigBuckBunny-2160.avi
11082,0.99425,2.74191,0.99869,50.07252,0.99988,0.89171,0.99506,0.99798,0.99891,100.0,0.52,0.26,0.29,0.64,50.99,54.04,53.47,50.07,0.994,0.997,0.996,0.993,/tmpdir/crf_16.mpd,/videos/BigBuckBunny-2160.avi
11083,0.99032,2.55079,0.99828,49.12456,0.99974,0.87642,0.99258,0.99683,0.9982,99.74544,0.63,0.29,0.33,0.8,50.11,53.5,52.93,49.12,0.994,0.996,0.996,0.992,/tmpdir/crf_16.mpd,/videos/BigBuckBunny-2160.avi
11084,0.9915,2.55079,0.99845,49.47125,0.99979,0.88262,0.99356,0.99727,0.99846,99.99972,0.59,0.28,0.32,0.73,50.43,53.72,53.12,49.47,0.994,0.996,0.996,0.993,/tmpdir/crf_16.mpd,/videos/BigBuckBunny-2160.avi
11085,0.99132,1.98359,0.99838,49.29268,0.99978,0.88039,0.99304,0.99702,0.99833,99.65474,0.61,0.28,0.32,0.77,50.28,53.72,53.12,49.29,0.994,0.996,0.996,0.992,/tmpdir/crf_16.mpd,/videos/BigBuckBunny-2160.avi
11086,0.99414,1.98359,0.99878,50.12689,0.99989,0.89386,0.99549,0.99815,0.99902,100.0,0.51,0.26,0.29,0.63,51.03,54.06,53.46,50.13,0.994,0.997,0.996,0.993,/tmpdir/crf_16.mpd,/videos/BigBuckBunny-2160.avi
11087,0.99058,1.67437,0.99839,49.29601,0.99976,0.88084,0.99308,0.99703,0.9983,99.36836,0.61,0.28,0.32,0.76,50.28,53.69,53.02,49.3,0.994,0.996,0.996,0.993,/tmpdir/crf_16.mpd,/videos/BigBuckBunny-2160.avi
11088,0.99121,1.67437,0.99854,49.54442,0.99981,0.88436,0.994,0.99742,0.99855,99.51619,0.58,0.27,0.32,0.72,50.5,53.81,53.13,49.54,0.994,0.996,0.996,0.993,/tmpdir/crf_16.mpd,/videos/BigBuckBunny-2160.avi
11089,0.99132,1.62052,0.99845,49.40326,0.99978,0.88353,0.99348,0.99724,0.99848,99.49817,0.6,0.27,0.32,0.75,50.37,53.74,53.07,49.4,0.994,0.996,0.996,0.993,/tmpdir/crf_16.mpd,/videos/BigBuckBunny-2160.avi
11090,0.99402,1.62052,0.99876,50.07548,0.99989,0.89418,0.99567,0.99825,0.99909,100.0,0.52,0.26,0.3,0.64,50.98,54.05,53.35,50.08,0.994,0.997,0.996,0.993,/tmpdir/crf_16.mpd,/videos/BigBuckBunny-2160.avi
11091,0.99116,1.39916,0.99848,49.50076,0.99978,0.88583,0.99347,0.99718,0.99839,99.35858,0.59,0.28,0.32,0.73,50.45,53.72,53.02,49.5,0.994,0.996,0.996,0.993,/tmpdir/crf_16.mpd,/videos/BigBuckBunny-2160.avi
11092,0.99145,1.39916,0.99857,49.61207,0.99982,0.88697,0.99421,0.9976,0.99871,99.44553,0.57,0.27,0.32,0.71,50.56,53.81,53.13,49.61,0.994,0.996,0.996,0.993,/tmpdir/crf_16.mpd,/videos/BigBuckBunny-2160.avi
11093,0.99149,1.14367,0.99851,49.49465,0.99979,0.88698,0.99381,0.99738,0.99854,99.31107,0.59,0.27,0.32,0.73,50.46,53.78,53.11,49.49,0.994,0.996,0.996,0.993,/tmpdir/crf_16.mpd,/videos/BigBuckBunny-2160.avi
11094,0.99427,1.14367,0.99881,50.14018,0.99989,0.89551,0.99593,0.99833,0.9991,99.89301,0.51,0.26,0.3,0.63,51.03,53.97,53.34,50.14,0.994,0.997,0.996,0.993,/tmpdir/crf_16.mpd,/videos/BigBuckBunny-2160.avi
11095,0.99074,0.87554,0.99846,49.19833,0.99981,0.8764,0.99388,0.99739,0.99854,99.01913,0.62,0.28,0.32,0.78,50.2,53.71,53.02,49.2,0.994,0.996,0.996,0.992,/tmpdir/crf_16.mpd,/videos/BigBuckBunny-2160.avi
11096,0.99184,0.87554,0.99853,49.31715,0.99984,0.87729,0.99446,0.99766,0.99871,99.23529,0.61,0.27,0.32,0.76,50.31,53.78,53.12,49.32,0.994,0.996,0.996,0.992,/tmpdir/crf_16.mpd,/videos/BigBuckBunny-2160.avi
11097,0.99128,0.64235,0.99851,49.41082,0.9998,0.8827,0.99419,0.99752,0.99861,99.02921,0.59,0.27,0.32,0.74,50.39,53.76,53.14,49.41,0.994,0.996,0.996,0.993,/tmpdir/crf_16.mpd,/videos/BigBuckBunny-2160.avi
11098,0.99353,0.64235,0.99872,49.93247,0.99988,0.89177,0.99576,0.99826,0.99907,99.50722,0.54,0.26,0.31,0.66,50.84,53.91,53.27,49.93,0.994,0.996,0.996,0.993,/tmpdir/crf_16.mpd,/videos/BigBuckBunny-2160.avi
11099,0.99049,0.71133,0.99852,49.536,0.99978,0.88706,0.99402,0.99741,0.99855,98.92853,0.58,0.28,0.32,0.72,50.49,53.73,53.1,49.54,0.994,0.996,0.996,0.993,/tmpdir/crf_16.mpd,/videos/BigBuckBunny-2160.avi
11100,0.99113,0.71133,0.99858,49.62933,0.99982,0.88787,0.99437,0.99759,0.99865,99.0547,0.57,0.27,0.32,0.71,50.57,53.77,53.1,49.63,0.994,0.996,0.996,0.993,/tmpdir/crf_16.mpd,/videos/BigBuckBunny-2160.avi
11101,0.98974,0.96632,0.99844,49.35575,0.99977,0.88362,0.99362,0.99724,0.9984,98.89151,0.6,0.28,0.33,0.75,50.32,53.66,52.97,49.36,0.994,0.996,0.996,0.993,/tmpdir/crf_16.mpd,/videos/BigBuckBunny-2160.avi
11102,0.9921,0.96632,0.99852,49.47008,0.99983,0.88522,0.99477,0.99783,0.99881,99.3586,0.59,0.27,0.32,0.73,50.43,53.76,53.01,49.47,0.994,0.996,0.996,0.993,/tmpdir/crf_16.mpd,/videos/BigBuckBunny-2160.avi
11103,0.99014,1.42176,0.99834,49.12762,0.99978,0.87792,0.99301,0.99701,0.99831,99.15799,0.63,0.29,0.34,0.79,50.11,53.58,52.81,49.13,0.994,0.996,0.996,0.992,/tmpdir/crf_16.mpd,/videos/BigBuckBunny-2160.avi
11104,0.98961,1.42176,0.99826,49.04628,0.99975,0.87618,0.9927,0.99695,0.99834,99.05943,0.65,0.3,0.35,0.81,50.02,53.42,52.67,49.05,0.993,0.996,0.996,0.992,/tmpdir/crf_16.mpd,/videos/BigBuckBunny-2160.avi
11105,0.99077,2.33481,0.99814,48.83398,0.99976,0.87299,0.99249,0.99681,0.99824,99.70775,0.68,0.3,0.35,0.85,49.84,53.39,52.65,48.83,0.993,0.996,0.996,0.992,/tmpdir/crf_16.mpd,/videos/BigBuckBunny-2160.avi
11106,0.99568,2.9424,0.99913,52.02896,0.99992,0.9014,0.99701,0.99898,0.99953,100.0,0.33,0.18,0.19,0.41,52.92,55.64,55.44,52.03,0.996,0.997,0.997,0.995,/tmpdir/crf_16.mpd,/videos/BigBuckBunny-2160.avi
11107,0.98939,2.40725,0.9982,49.76527,0.9996,0.8558,0.99094,0.99653,0.99817,99.44954,0.54,0.23,0.25,0.69,50.82,54.44,54.2,49.77,0.994,0.997,0.997,0.993,/tmpdir/crf_16.mpd,/videos/BigBuckBunny-2160.avi
11108,0.99061,2.40725,0.99824,49.82367,0.99966,0.85487,0.99137,0.99668,0.9982,99.66913,0.53,0.23,0.25,0.68,50.88,54.5,54.21,49.82,0.994,0.997,0.997,0.993,/tmpdir/crf_16.mpd,/videos/BigBuckBunny-2160.avi
11109,0.98941,2.64808,0.99799,49.37751,0.99959,0.84553,0.99037,0.99632,0.99799,99.54018,0.59,0.25,0.26,0.75,50.46,54.15,53.98,49.38,0.993,0.997,0.997,0.992,/tmpdir/crf_16.mpd,/videos/BigBuckBunny-2160.avi
11110,0.99374,2.64808,0.99832,49.84324,0.9998,0.85662,0.99391,0.99784,0.99896,100.0,0.53,0.22,0.24,0.67,50.92,54.68,54.33,49.84,0.994,0.997,0.997,0.992,/tmpdir/crf_16.mpd,/videos/BigBuckBunny-2160.avi
11111,0.98896,2.85377,0.99784,49.17284,0.99956,0.83716,0.9895,0.99596,0.99778,99.53086,0.62,0.27,0.29,0.79,50.23,53.89,53.58,49.17,0.993,0.996,0.996,0.991,/tmpdir/crf_16.mpd,/videos/BigBuckBunny-2160.avi
11112,0.99041,2.85377,0.99802,49.35984,0.99967,0.83947,0.99051,0.99638,0.998,99.81747,0.59,0.25,0.28,0.75,50.42,54.08,53.74,49.36,0.993,0.997,0.996,0.992,/tmpdir/crf_16.mpd,/videos/BigBuckBunny-2160.avi
11113,0.9887,2.83126,0.99783,49.05809,0.99959,0.83335,0.9896,0.99601,0.9978,99.46899,0.63,0.27,0.28,0.81,50.14,53.85,53.63,49.06,0.993,0.996,0.996,0.991,/tmpdir/crf_16.mpd,/videos/BigBuckBunny-2160.avi
11114,0.99254,2.83126,0.99831,49.7129,0.99981,0.84942,0.99347,0.99772,0.99889,100.0,0.54,0.23,0.26,0.69,50.77,54.44,54.05,49.71,0.993,0.997,0.997,0.992,/tmpdir/crf_16.mpd,/videos/BigBuckBunny-2160.avi
11115,0.9877,2.92219,0.99779,49.0176,0.99958,0.82986,0.98907,0.99588,0.9978,99.33004,0.64,0.27,0.3,0.82,50.08,53.75,53.4,49.02,0.993,0.996,0.996,0.991,/tmpdir/crf_16.mpd,/videos/BigBuckBunny-2160.avi
11116,0.98905,2.92219,0.99801,49.27347,0.9997,0.83474,0.99011,0.99618,0.9979,99.59109,0.6,0.26,0.28,0.77,50.33,53.99,53.61,49.27,0.993,0.996,0.996,0.991,/tmpdir/crf_16.mpd,/videos/BigBuckBunny-2160.avi
11117,0.9883,3.01002,0.9978,49.01727,0.9996,0.83071,0.98919,0.99587,0.9977,99.47933,0.64,0.28,0.29,0.82,50.08,53.71,53.48,49.02,0.993,0.996,0.996,0.991,/tmpdir/crf_16.mpd,/videos/BigBuckBunny-2160.avi
11118,0.99241,3.01002,0.99829,49.68655,0.99981,0.8482,0.99299,0.99749,0.99872,100.0,0.55,0.24,0.26,0.7,50.73,54.34,53.93,49.69,0.993,0.997,0.996,0.992,/tmpdir/crf_16.mpd,/videos/BigBuckBunny-2160.avi
11119,0.98699,2.9565,0.99779,49.04533,0.99959,0.83089,0.98892,0.99571,0.99762,99.20831,0.64,0.28,0.3,0.81,50.09,53.65,53.33,49.05,0.993,0.996,0.996,0.991,/tmpdir/crf_16.mpd,/videos/BigBuckBunny-2160.avi
11120,0.98904,2.9565,0.99802,49.34301,0.99971,0.83738,0.99034,0.99634,0.99805,99.62803,0.6,0.27,0.29,0.76,50.38,53.89,53.58,49.34,0.993,0.996,0.996,0.991,/tmpdir/crf_16.mpd,/videos/BigBuckBunny-2160.avi
11121,0.98718,2.82117,0.99782,49.12896,0.9996,0.83421,0.98895,0.99566,0.99759,99.17233,0.63,0.28,0.29,0.79,50.17,53.65,53.46,49.13,0.993,0.996,0.996,0.991,/tmpdir/crf_16.mpd,/videos/BigBuckBunny-2160.avi
11122,0.99209,2.82117,0.99834,49.82021,0.99982,0.85167,0.99296,0.99748,0.99877,100.0,0.54,0.24,0.26,0.68,50.84,54.3,53.92,49.82,0.994,0.997,0.996,0.992,/tmpdir/crf_16.mpd,/videos/BigBuckBunny-2160.avi
11123,0.98741,2.87513,0.99787,49.17166,0.99962,0.83655,0.98917,0.99578,0.9977,99.25667,0.62,0.27,0.29,0.79,50.22,53.78,53.53,49.17,0.993,0.996,0.996,0.991,/tmpdir/crf_16.mpd,/videos/BigBuckBunny-2160.avi
11124,0.99202,2.87513,0.99817,49.56093,0.99979,0.8471,0.99278,0.99744,0.99872,100.0,0.57,0.25,0.27,0.72,50.6,54.18,53.81,49.56,0.993,0.997,0.996,0.991,/tmpdir/crf_16.mpd,/videos/BigBuckBunny-2160.avi
11125,0.99489,3.02233,0.9991,52.0123,0.99992,0.90293,0.99654,0.99874,0.99937,100.0,0.34,0.18,0.19,0.41,52.88,55.55,55.28,52.01,0.996,0.997,0.997,0.995,/tmpdir/crf_16.mpd,/videos/BigBuckBunny-2160.avi
11126,0.98854,3.02233,0.99817,49.85846,0.99963,0.85914,0.99038,0.99615,0.99787,99.59954,0.53,0.24,0.26,0.67,50.89,54.37,54.05,49.86,0.994,0.997,0.997,0.993,/tmpdir/crf_16.mpd,/videos/BigBuckBunny-2160.avi
11127,0.98903,2.82625,0.99821,49.82945,0.99972,0.8531,0.99088,0.99645,0.99802,99.5886,0.53,0.24,0.25,0.68,50.86,54.35,54.09,49.83,0.994,0.997,0.997,0.992,/tmpdir/crf_16.mpd,/videos/BigBuckBunny-2160.avi
11128,0.98734,2.82625,0.99797,49.45212,0.99961,0.84521,0.98964,0.99596,0.99779,99.24427,0.58,0.26,0.27,0.74,50.5,54.02,53.85,49.45,0.993,0.997,0.997,0.992,/tmpdir/crf_16.mpd,/videos/BigBuckBunny-2160.avi
11129,0.99221,2.41547,0.9985,50.22523,0.99984,0.86279,0.99383,0.99779,0.99886,100.0,0.49,0.22,0.24,0.62,51.25,54.7,54.37,50.23,0.994,0.997,0.997,0.993,/tmpdir/crf_16.mpd,/videos/BigBuckBunny-2160.avi
11130,0.98693,2.41547,0.99796,49.39813,0.99962,0.84322,0.98961,0.99593,0.99773,98.94562,0.59,0.26,0.28,0.75,50.44,53.99,53.73,49.4,0.993,0.997,0.996,0.992,/tmpdir/crf_16.mpd,/videos/BigBuckBunny-2160.avi
11131,0.98881,2.17816,0.99813,49.57629,0.99971,0.84589,0.99083,0.99648,0.99814,99.20314,0.56,0.25,0.27,0.72,50.62,54.18,53.83,49.58,0.993,0.997,0.996,0.992,/tmpdir/crf_16.mpd,/videos/BigBuckBunny-2160.avi
11132,0.98771,2.17816,0.99796,49.3674,0.99963,0.84254,0.98974,0.99596,0.99778,98.96365,0.59,0.26,0.28,0.75,50.41,53.94,53.69,49.37,0.993,0.997,0.996,0.992,/tmpdir/crf_16.mpd,/videos/BigBuckBunny-2160.avi
11133,0.99265,2.07129,0.99849,50.14669,0.99984,0.86133,0.99386,0.99785,0.99893,99.9511,0.5,0.23,0.25,0.63,51.16,54.57,54.18,50.15,0.994,0.997,0.997,0.993,/tmpdir/crf_16.mpd,/videos/BigBuckBunny-2160.avi
11134,0.98761,2.07129,0.99799,49.43165,0.99963,0.84483,0.99024,0.99625,0.9979,98.91013,0.58,0.26,0.28,0.74,50.47,53.98,53.68,49.43,0.993,0.997,0.996,0.992,/tmpdir/crf_16.mpd,/videos/BigBuckBunny-2160.avi
11135,0.98899,2.02911,0.99817,49.63938,0.99972,0.84811,0.99103,0.99655,0.99815,99.16488,0.56,0.25,0.27,0.71,50.66,54.07,53.76,49.64,0.994,0.997,0.996,0.992,/tmpdir/crf_16.mpd,/videos/BigBuckBunny-2160.avi
11136,0.98749,2.02911,0.99799,49.40529,0.99963,0.8446,0.99001,0.99613,0.99793,98.86524,0.59,0.27,0.28,0.75,50.43,53.86,53.61,49.41,0.993,0.996,0.996,0.992,/tmpdir/crf_16.mpd,/videos/BigBuckBunny-2160.avi
11137,0.99292,1.9642,0.9985,50.14457,0.99985,0.86294,0.9941,0.99784,0.99888,99.94491,0.5,0.23,0.25,0.63,51.14,54.48,54.1,50.14,0.994,0.997,0.997,0.993,/tmpdir/crf_16.mpd,/videos/BigBuckBunny-2160.avi
11138,0.98851,1.9642,0.99804,49.47673,0.99964,0.84713,0.99027,0.99612,0.9978,99.00942,0.58,0.26,0.28,0.73,50.5,53.93,53.61,49.48,0.993,0.996,0.996,0.992,/tmpdir/crf_16.mpd,/videos/BigBuckBunny-2160.avi
11139,0.98894,1.84372,0.99819,49.63827,0.99971,0.84951,0.99118,0.99655,0.99812,99.06232,0.56,0.26,0.28,0.71,50.65,54.05,53.67,49.64,0.994,0.996,0.996,0.992,/tmpdir/crf_16.mpd,/videos/BigBuckBunny-2160.avi
11140,0.98766,1.84372,0.99804,49.45846,0.99964,0.84707,0.99042,0.99622,0.99788,98.80487,0.58,0.27,0.29,0.74,50.47,53.83,53.58,49.46,0.993,0.996,0.996,0.992,/tmpdir/crf_16.mpd,/videos/BigBuckBunny-2160.avi
11141,0.99284,1.71821,0.99853,50.15994,0.99985,0.86403,0.9943,0.99793,0.99896,99.81671,0.5,0.24,0.26,0.63,51.14,54.39,53.99,50.16,0.994,0.997,0.996,0.993,/tmpdir/crf_16.mpd,/videos/BigBuckBunny-2160.avi
11142,0.98802,1.71821,0.99809,49.52947,0.99964,0.84917,0.9903,0.99619,0.99789,98.80989,0.58,0.27,0.29,0.72,50.53,53.87,53.53,49.53,0.993,0.996,0.996,0.992,/tmpdir/crf_16.mpd,/videos/BigBuckBunny-2160.avi
11143,0.98909,1.6318,0.99821,49.66428,0.99971,0.85108,0.99112,0.99651,0.99809,98.98118,0.56,0.26,0.28,0.7,50.66,53.96,53.62,49.66,0.994,0.996,0.996,0.992,/tmpdir/crf_16.mpd,/videos/BigBuckBunny-2160.avi
11144,0.98785,1.6318,0.9981,49.51564,0.99965,0.84983,0.99049,0.9962,0.99787,98.73684,0.58,0.27,0.29,0.73,50.51,53.8,53.53,49.52,0.993,0.996,0.996,0.992,/tmpdir/crf_16.mpd,/videos/BigBuckBunny-2160.avi
11145,0.99256,1.54025,0.99857,50.20442,0.99986,0.86624,0.99449,0.99797,0.99894,99.6832,0.5,0.24,0.26,0.62,51.16,54.35,53.9,50.2,0.994,0.997,0.996,0.993,/tmpdir/crf_16.mpd,/videos/BigBuckBunny-2160.avi
11146,0.98854,1.54025,0.99815,49.59482,0.99965,0.85293,0.99083,0.99641,0.99806,98.83798,0.57,0.27,0.29,0.71,50.59,53.89,53.54,49.59,0.994,0.996,0.996,0.992,/tmpdir/crf_16.mpd,/videos/BigBuckBunny-2160.avi
11147,0.98868,1.39261,0.99825,49.69843,0.99971,0.85457,0.99154,0.99668,0.9982,98.80903,0.56,0.26,0.29,0.7,50.68,53.98,53.58,49.7,0.994,0.996,0.996,0.992,/tmpdir/crf_16.mpd,/videos/BigBuckBunny-2160.avi
11148,0.98788,1.39261,0.99817,49.59036,0.99967,0.85347,0.99111,0.99652,0.99811,98.65373,0.57,0.27,0.29,0.71,50.58,53.83,53.54,49.59,0.994,0.996,0.996,0.992,/tmpdir/crf_16.mpd,/videos/BigBuckBunny-2160.avi
11149,0.99244,1.2161,0.99862,50.29667,0.99986,0.86959,0.99484,0.99813,0.99905,99.5216,0.49,0.24,0.27,0.61,51.23,54.3,53.87,50.3,0.994,0.996,0.996,0.993,/tmpdir/crf_16.mpd,/videos/BigBuckBunny-2160.avi
11150,0.9883,1.2161,0.99822,49.67555,0.99967,0.85636,0.99154,0.99674,0.99824,98.66142,0.56,0.26,0.28,0.7,50.66,53.95,53.59,49.68,0.994,0.996,0.996,0.992,/tmpdir/crf_16.mpd,/videos/BigBuckBunny-2160.avi
11151,0.98895,1.0503,0.99829,49.78346,0.99972,0.85756,0.99191,0.99685,0.99832,98.70834,0.55,0.26,0.28,0.68,50.77,54.03,53.66,49.78,0.994,0.996,0.996,0.992,/tmpdir/crf_16.mpd,/videos/BigBuckBunny-2160.avi
11152,0.98729,1.0503,0.9982,49.63913,0.99968,0.85537,0.99159,0.99674,0.99824,98.40023,0.56,0.26,0.29,0.71,50.63,53.91,53.56,49.64,0.994,0.996,0.996,0.992,/tmpdir/crf_16.mpd,/videos/BigBuckBunny-2160.avi
11153,0.99196,0.86151,0.99855,50.18834,0.99985,0.86775,0.99483,0.99812,0.99905,99.25939,0.5,0.25,0.27,0.62,51.13,54.22,53.78,50.19,0.994,0.996,0.996,0.993,/tmpdir/crf_16.mpd,/videos/BigBuckBunny-2160.avi
11154,0.98843,0.86151,0.99832,49.83413,0.99976,0.85829,0.9925,0.9971,0.99843,98.53977,0.54,0.25,0.28,0.68,50.82,54.14,53.67,49.83,0.994,0.996,0.996,0.992,/tmpdir/crf_16.mpd,/videos/BigBuckBunny-2160.avi
11155,0.98813,0.65251,0.99818,49.56137,0.9997,0.85401,0.99204,0.99693,0.99837,98.36605,0.57,0.26,0.29,0.72,50.57,54.0,53.56,49.56,0.993,0.996,0.996,0.992,/tmpdir/crf_16.mpd,/videos/BigBuckBunny-2160.avi
11156,0.99154,0.65251,0.99837,49.85698,0.99981,0.86,0.99425,0.99791,0.99892,99.04925,0.54,0.25,0.28,0.67,50.83,54.13,53.66,49.86,0.994,0.996,0.996,0.992,/tmpdir/crf_16.mpd,/videos/BigBuckBunny-2160.avi
11157,0.98491,7.04228,0.99756,48.50531,0.99961,0.81868,0.98819,0.99517,0.99725,100.0,0.74,0.37,0.41,0.92,49.42,52.41,51.97,48.51,0.992,0.995,0.995,0.99,/tmpdir/crf_16.mpd,/videos/BigBuckBunny-2160.avi
11158,0.98981,7.04228,0.99814,49.64774,0.99975,0.84414,0.99355,0.9976,0.99875,100.0,0.57,0.29,0.32,0.71,50.55,53.47,53.03,49.65,0.993,0.996,0.996,0.991,/tmpdir/crf_16.mpd,/videos/BigBuckBunny-2160.avi
11159,0.98328,7.03589,0.9975,48.74008,0.99955,0.81429,0.9873,0.99376,0.99602,100.0,0.69,0.3,0.35,0.87,49.76,53.3,52.75,48.74,0.992,0.996,0.995,0.99,/tmpdir/crf_16.mpd,/videos/BigBuckBunny-2160.avi
11160,0.98454,7.03589,0.99793,49.54817,0.99967,0.83614,0.99242,0.99716,0.99854,100.0,0.59,0.3,0.33,0.72,50.46,53.42,52.97,49.55,0.993,0.996,0.996,0.991,/tmpdir/crf_16.mpd,/videos/BigBuckBunny-2160.avi
11161,0.98298,7.01464,0.99793,49.99175,0.99955,0.85573,0.98976,0.99469,0.99647,100.0,0.53,0.25,0.29,0.65,50.93,54.08,53.48,49.99,0.993,0.996,0.996,0.992,/tmpdir/crf_16.mpd,/videos/BigBuckBunny-2160.avi
11162,0.9896,7.01464,0.99856,51.491,0.99974,0.90392,0.99648,0.99891,0.99972,100.0,0.38,0.21,0.23,0.46,52.32,54.92,54.5,51.49,0.995,0.997,0.997,0.994,/tmpdir/crf_16.mpd,/videos/BigBuckBunny-2160.avi
11163,0.98111,6.99798,0.99803,50.698,0.99956,0.8914,0.99255,0.99633,0.99771,100.0,0.44,0.2,0.23,0.55,51.68,55.02,54.54,50.7,0.994,0.997,0.997,0.993,/tmpdir/crf_16.mpd,/videos/BigBuckBunny-2160.avi
11164,0.98361,6.99798,0.99832,51.22666,0.99964,0.92102,0.99556,0.99799,0.99886,100.0,0.39,0.2,0.21,0.49,52.17,55.14,54.92,51.23,0.995,0.997,0.997,0.994,/tmpdir/crf_16.mpd,/videos/BigBuckBunny-2160.avi
11165,0.98102,7.02472,0.99854,52.48509,0.99961,0.94765,0.99637,0.99848,0.99936,100.0,0.3,0.14,0.16,0.37,53.42,56.61,55.97,52.49,0.996,0.998,0.998,0.995,/tmpdir/crf_16.mpd,/videos/BigBuckBunny-2160.avi
11166,0.98849,7.02472,0.99925,55.14636,0.99979,0.97916,0.99861,0.99929,0.99951,100.0,0.17,0.13,0.13,0.2,55.71,57.14,57.12,55.15,0.997,0.998,0.998,0.997,/tmpdir/crf_16.mpd,/videos/BigBuckBunny-2160.avi
11167,0.98446,7.14272,0.99935,56.61536,0.9998,0.99236,0.99955,0.99983,0.99999,100.0,0.13,0.1,0.09,0.14,57.08,57.94,58.46,56.62,0.998,0.998,0.999,0.998,/tmpdir/crf_16.mpd,/videos/BigBuckBunny-2160.avi
11168,0.99122,3.41538,0.99985,60.0,0.99996,0.99975,0.99999,0.99999,0.99999,100.0,0.04,0.05,0.06,0.03,62.06,60.98,60.53,62.89,0.999,0.999,0.999,0.999,/tmpdir/crf_16.mpd,/videos/BigBuckBunny-2160.avi
11169,1.0,0.0,0.99996,60.0,0.99996,1.0,1.0,1.0,1.0,100.0,0.0,0.0,0.0,0.0,inf,inf,inf,inf,1.0,1.0,1.0,1.0,/tmpdir/crf_16.mpd,/videos/BigBuckBunny-2160.avi
11170,1.0,0.0,0.99996,60.0,0.99996,1.0,1.0,1.0,1.0,100.0,0.0,0.0,0.0,0.0,inf,inf,inf,inf,1.0,1.0,1.0,1.0,/tmpdir/crf_16.mpd,/videos/BigBuckBunny-2160.avi
11171,1.0,0.0,0.99996,60.0,0.99996,1.0,1.0,1.0,1.0,100.0,0.0,0.0,0.0,0.0,inf,inf,inf,inf,1.0,1.0,1.0,1.0,/tmpdir/crf_16.mpd,/videos/BigBuckBunny-2160.avi
11172,1.0,0.0,0.99996,60.0,0.99996,1.0,1.0,1.0,1.0,100.0,0.0,0.0,0.0,0.0,inf,inf,inf,inf,1.0,1.0,1.0,1.0,/tmpdir/crf_16.mpd,/videos/BigBuckBunny-2160.avi
11173,1.0,0.0,0.99996,60.0,0.99996,1.0,1.0,1.0,1.0,100.0,0.0,0.0,0.0,0.0,inf,inf,inf,inf,1.0,1.0,1.0,1.0,/tmpdir/crf_16.mpd,/videos/BigBuckBunny-2160.avi
11174,1.0,0.0,0.99996,60.0,0.99996,1.0,1.0,1.0,1.0,100.0,0.0,0.0,0.0,0.0,inf,inf,inf,inf,1.0,1.0,1.0,1.0,/tmpdir/crf_16.mpd,/videos/BigBuckBunny-2160.avi
11175,1.0,0.0,0.99996,60.0,0.99996,1.0,1.0,1.0,1.0,100.0,0.0,0.0,0.0,0.0,inf,inf,inf,inf,1.0,1.0,1.0,1.0,/tmpdir/crf_16.mpd,/videos/BigBuckBunny-2160.avi
11176,1.0,0.0,0.99996,60.0,0.99996,1.0,1.0,1.0,1.0,100.0,0.0,0.0,0.0,0.0,inf,inf,inf,inf,1.0,1.0,1.0,1.0,/tmpdir/crf_16.mpd,/videos/BigBuckBunny-2160.avi
11177,1.0,0.0,0.99996,60.0,0.99996,1.0,1.0,1.0,1.0,100.0,0.0,0.0,0.0,0.0,inf,inf,inf,inf,1.0,1.0,1.0,1.0,/tmpdir/crf_16.mpd,/videos/BigBuckBunny-2160.avi
11178,1.0,0.0,0.99996,60.0,0.99996,1.0,1.0,1.0,1.0,100.0,0.0,0.0,0.0,0.0,inf,inf,inf,inf,1.0,1.0,1.0,1.0,/tmpdir/crf_16.mpd,/videos/BigBuckBunny-2160.avi
11179,1.0,0.0,0.99996,60.0,0.99996,1.0,1.0,1.0,1.0,100.0,0.0,0.0,0.0,0.0,inf,inf,inf,inf,1.0,1.0,1.0,1.0,/tmpdir/crf_16.mpd,/videos/BigBuckBunny-2160.avi
11180,1.0,0.0,0.99996,60.0,0.99996,1.0,1.0,1.0,1.0,100.0,0.0,0.0,0.0,0.0,inf,inf,inf,inf,1.0,1.0,1.0,1.0,/tmpdir/crf_16.mpd,/videos/BigBuckBunny-2160.avi
11181,1.0,0.0,0.99996,60.0,0.99996,1.0,1.0,1.0,1.0,100.0,0.0,0.0,0.0,0.0,inf,inf,inf,inf,1.0,1.0,1.0,1.0,/tmpdir/crf_16.mpd,/videos/BigBuckBunny-2160.avi
11182,1.0,0.0,0.99996,60.0,0.99996,1.0,1.0,1.0,1.0,100.0,0.0,0.0,0.0,0.0,inf,inf,inf,inf,1.0,1.0,1.0,1.0,/tmpdir/crf_16.mpd,/videos/BigBuckBunny-2160.avi
11183,1.0,0.0,0.99996,60.0,0.99996,1.0,1.0,1.0,1.0,100.0,0.0,0.0,0.0,0.0,inf,inf,inf,inf,1.0,1.0,1.0,1.0,/tmpdir/crf_16.mpd,/videos/BigBuckBunny-2160.avi
11184,1.0,0.0,0.99996,60.0,0.99996,1.0,1.0,1.0,1.0,100.0,0.0,0.0,0.0,0.0,inf,inf,inf,inf,1.0,1.0,1.0,1.0,/tmpdir/crf_16.mpd,/videos/BigBuckBunny-2160.avi
11185,1.0,0.0,0.99996,60.0,0.99996,1.0,1.0,1.0,1.0,100.0,0.0,0.0,0.0,0.0,inf,inf,inf,inf,1.0,1.0,1.0,1.0,/tmpdir/crf_16.mpd,/videos/BigBuckBunny-2160.avi
11186,1.0,0.0,0.99996,60.0,0.99996,1.0,1.0,1.0,1.0,100.0,0.0,0.0,0.0,0.0,inf,inf,inf,inf,1.0,1.0,1.0,1.0,/tmpdir/crf_16.mpd,/videos/BigBuckBunny-2160.avi
11187,0.98703,2.58576,0.99955,57.81395,0.99988,0.99853,1.0,1.0,1.0,99.79277,0.09,0.07,0.04,0.11,58.61,59.85,62.21,57.81,0.999,0.999,0.999,0.998,/tmpdir/crf_16.mpd,/videos/BigBuckBunny-2160.avi
11188,0.99216,5.08908,0.9995,56.09736,0.99991,0.96303,0.99938,0.99985,0.99997,100.0,0.14,0.11,0.08,0.16,56.71,57.68,59.01,56.1,0.998,0.998,0.999,0.997,/tmpdir/crf_16.mpd,/videos/BigBuckBunny-2160.avi
11189,0.98955,4.89446,0.99885,51.88448,0.9998,0.89701,0.99592,0.99854,0.99933,100.0,0.37,0.3,0.22,0.42,52.47,53.34,54.67,51.88,0.995,0.995,0.997,0.994,/tmpdir/crf_16.mpd,/videos/BigBuckBunny-2160.avi
11190,0.97756,4.89446,0.99777,48.64712,0.99943,0.81449,0.98738,0.99537,0.99818,98.64269,0.72,0.46,0.3,0.89,49.56,51.5,53.31,48.65,0.992,0.993,0.995,0.991,/tmpdir/crf_16.mpd,/videos/BigBuckBunny-2160.avi
11191,0.97041,4.41644,0.9976,47.67071,0.99937,0.79187,0.97408,0.98352,0.98704,96.05842,0.93,0.69,0.44,1.11,48.45,49.73,51.71,47.67,0.991,0.991,0.994,0.99,/tmpdir/crf_16.mpd,/videos/BigBuckBunny-2160.avi
11192,0.98954,4.41644,0.99844,49.18774,0.99974,0.85065,0.99155,0.99589,0.99753,100.0,0.68,0.56,0.41,0.78,49.77,50.65,51.97,49.19,0.992,0.992,0.994,0.992,/tmpdir/crf_16.mpd,/videos/BigBuckBunny-2160.avi
11193,0.9732,3.97902,0.99711,45.98066,0.99918,0.77431,0.96977,0.98032,0.98458,96.04347,1.36,1.01,0.6,1.64,46.79,48.1,50.37,45.98,0.989,0.988,0.992,0.988,/tmpdir/crf_16.mpd,/videos/BigBuckBunny-2160.avi
11194,0.9809,3.97902,0.99656,44.77909,0.99904,0.74637,0.97565,0.98838,0.99342,98.16333,1.78,1.27,0.75,2.16,45.63,47.1,49.4,44.78,0.987,0.986,0.99,0.986,/tmpdir/crf_16.mpd,/videos/BigBuckBunny-2160.avi
11195,0.98642,3.84798,0.99734,46.00445,0.99951,0.7806,0.98397,0.99195,0.99487,99.25937,1.41,1.16,0.78,1.63,46.64,47.5,49.21,46.0,0.988,0.986,0.989,0.988,/tmpdir/crf_16.mpd,/videos/BigBuckBunny-2160.avi
11196,0.98402,3.84798,0.99598,43.57971,0.99875,0.73434,0.96976,0.98477,0.99103,98.39168,2.36,1.74,0.98,2.85,44.41,45.72,48.22,43.58,0.985,0.982,0.988,0.985,/tmpdir/crf_16.mpd,/videos/BigBuckBunny-2160.avi
11197,0.97775,4.0333,0.99622,43.85306,0.99909,0.7229,0.96537,0.97873,0.98419,96.80303,2.28,1.86,1.08,2.68,44.56,45.43,47.8,43.85,0.984,0.981,0.986,0.984,/tmpdir/crf_16.mpd,/videos/BigBuckBunny-2160.avi
11198,0.98242,4.0333,0.99573,42.75078,0.99882,0.7126,0.96708,0.98376,0.99088,98.18898,2.85,2.08,1.19,3.45,43.59,44.95,47.36,42.75,0.983,0.979,0.985,0.983,/tmpdir/crf_16.mpd,/videos/BigBuckBunny-2160.avi
11199,0.98649,4.33944,0.9965,43.9666,0.9994,0.73639,0.9779,0.98943,0.99391,99.4145,2.25,1.85,1.24,2.61,44.6,45.47,47.2,43.97,0.984,0.981,0.983,0.984,/tmpdir/crf_16.mpd,/videos/BigBuckBunny-2160.avi
11200,0.98262,4.33944,0.99566,42.08713,0.99893,0.69988,0.96727,0.98427,0.9912,98.44682,3.29,2.31,1.35,4.02,42.96,44.5,46.82,42.09,0.982,0.978,0.983,0.982,/tmpdir/crf_16.mpd,/videos/BigBuckBunny-2160.avi
11201,0.98537,4.6965,0.99627,43.26305,0.99935,0.72232,0.97501,0.98806,0.99305,99.34362,2.66,2.24,1.43,3.07,43.89,44.63,46.57,43.26,0.982,0.979,0.981,0.983,/tmpdir/crf_16.mpd,/videos/BigBuckBunny-2160.avi
11202,0.98659,4.6965,0.9964,43.20636,0.99937,0.72599,0.97526,0.98866,0.99354,99.60603,2.71,2.38,1.48,3.11,43.79,44.37,46.44,43.21,0.983,0.978,0.981,0.984,/tmpdir/crf_16.mpd,/videos/BigBuckBunny-2160.avi
11203,0.97679,5.17561,0.99598,42.07937,0.99923,0.70093,0.96231,0.97946,0.98619,97.49647,3.45,2.93,1.66,4.03,42.75,43.46,45.93,42.08,0.981,0.976,0.98,0.983,/tmpdir/crf_16.mpd,/videos/BigBuckBunny-2160.avi
11204,0.98646,5.17561,0.99645,43.0344,0.9994,0.72681,0.97587,0.98891,0.99372,99.88998,2.84,2.47,1.61,3.23,43.6,44.2,46.06,43.03,0.982,0.978,0.98,0.984,/tmpdir/crf_16.mpd,/videos/BigBuckBunny-2160.avi
11205,0.98606,5.78698,0.99623,42.57674,0.99933,0.71696,0.97285,0.98731,0.99269,100.0,3.15,2.81,1.74,3.59,43.14,43.64,45.73,42.58,0.982,0.976,0.978,0.984,/tmpdir/crf_16.mpd,/videos/BigBuckBunny-2160.avi
11206,0.98648,5.78698,0.99622,42.44386,0.99932,0.71606,0.97039,0.9851,0.99048,99.97805,3.26,2.94,1.78,3.7,43.0,43.45,45.63,42.44,0.981,0.976,0.978,0.984,/tmpdir/crf_16.mpd,/videos/BigBuckBunny-2160.avi
11207,0.98859,6.54568,0.99649,42.54504,0.99938,0.72406,0.97426,0.98797,0.99279,100.0,3.21,2.91,1.84,3.62,43.07,43.49,45.48,42.55,0.982,0.976,0.977,0.985,/tmpdir/crf_16.mpd,/videos/BigBuckBunny-2160.avi
11208,0.98842,6.54568,0.99676,42.67328,0.99946,0.73265,0.97457,0.98769,0.9924,100.0,3.12,2.86,1.81,3.51,43.19,43.56,45.54,42.67,0.983,0.977,0.978,0.986,/tmpdir/crf_16.mpd,/videos/BigBuckBunny-2160.avi
11209,0.97807,6.46211,0.9959,40.80869,0.99922,0.68266,0.95772,0.97752,0.98557,98.4851,4.62,4.08,2.08,5.4,41.48,42.03,44.96,40.81,0.979,0.97,0.976,0.982,/tmpdir/crf_16.mpd,/videos/BigBuckBunny-2160.avi
11210,0.98098,6.46211,0.99632,41.507,0.99931,0.69996,0.96536,0.98202,0.98848,99.25892,3.96,3.43,1.94,4.6,42.15,42.78,45.25,41.51,0.981,0.974,0.977,0.984,/tmpdir/crf_16.mpd,/videos/BigBuckBunny-2160.avi
11211,0.98069,6.8424,0.99594,40.83741,0.99923,0.68381,0.96046,0.9799,0.98778,99.38747,4.52,3.68,2.01,5.36,41.58,42.47,45.11,40.84,0.98,0.973,0.977,0.982,/tmpdir/crf_16.mpd,/videos/BigBuckBunny-2160.avi
11212,0.98873,6.8424,0.99679,42.70652,0.99945,0.73335,0.97502,0.98799,0.99274,100.0,3.08,2.73,1.81,3.49,43.24,43.77,45.56,42.71,0.983,0.979,0.978,0.986,/tmpdir/crf_16.mpd,/videos/BigBuckBunny-2160.avi
11213,0.97891,7.25841,0.99578,40.55111,0.9992,0.67798,0.9574,0.97857,0.98722,99.30176,4.79,3.83,2.01,5.73,41.33,42.3,45.1,40.55,0.979,0.972,0.976,0.982,/tmpdir/crf_16.mpd,/videos/BigBuckBunny-2160.avi
11214,0.98066,7.25841,0.99611,41.003,0.99929,0.68797,0.96319,0.9819,0.98935,99.80066,4.37,3.61,1.99,5.16,41.72,42.56,45.14,41.0,0.98,0.973,0.977,0.983,/tmpdir/crf_16.mpd,/videos/BigBuckBunny-2160.avi
11215,0.97939,7.61914,0.99575,40.48083,0.9992,0.67553,0.95706,0.9784,0.98721,99.62988,4.83,3.72,2.0,5.82,41.29,42.42,45.13,40.48,0.979,0.972,0.976,0.982,/tmpdir/crf_16.mpd,/videos/BigBuckBunny-2160.avi
11216,0.98758,7.61914,0.99659,42.20996,0.99942,0.71992,0.97208,0.98682,0.99234,100.0,3.43,3.04,1.9,3.91,42.78,43.3,45.34,42.21,0.982,0.976,0.977,0.985,/tmpdir/crf_16.mpd,/videos/BigBuckBunny-2160.avi
11217,0.97958,7.92321,0.99569,40.34118,0.99919,0.67282,0.95733,0.97896,0.98774,99.92344,5.06,4.18,2.12,6.01,41.09,41.92,44.87,40.34,0.978,0.969,0.976,0.981,/tmpdir/crf_16.mpd,/videos/BigBuckBunny-2160.avi
11218,0.98137,7.92321,0.99614,41.06358,0.9993,0.69045,0.96423,0.98283,0.9903,100.0,4.36,3.75,2.04,5.09,41.74,42.39,45.03,41.06,0.98,0.972,0.976,0.983,/tmpdir/crf_16.mpd,/videos/BigBuckBunny-2160.avi
11219,0.9797,8.1941,0.99581,40.64368,0.9992,0.68111,0.95795,0.97918,0.98794,100.0,4.76,4.06,2.09,5.61,41.35,42.04,44.92,40.64,0.979,0.97,0.976,0.982,/tmpdir/crf_16.mpd,/videos/BigBuckBunny-2160.avi
11220,0.98801,8.1941,0.99661,42.26263,0.99941,0.72167,0.97257,0.9873,0.99289,100.0,3.4,3.03,1.9,3.86,42.82,43.31,45.34,42.26,0.982,0.976,0.977,0.985,/tmpdir/crf_16.mpd,/videos/BigBuckBunny-2160.avi
11221,0.97924,8.43899,0.99564,40.38589,0.99917,0.67316,0.95636,0.9784,0.98759,100.0,5.02,4.17,2.14,5.95,41.13,41.93,44.83,40.39,0.978,0.969,0.975,0.981,/tmpdir/crf_16.mpd,/videos/BigBuckBunny-2160.avi
11222,0.98156,8.43899,0.99608,41.02449,0.99926,0.68861,0.96377,0.98254,0.99,100.0,4.4,3.8,2.07,5.14,41.69,42.34,44.96,41.02,0.98,0.972,0.976,0.983,/tmpdir/crf_16.mpd,/videos/BigBuckBunny-2160.avi
11223,0.97955,8.70661,0.99568,40.39618,0.99919,0.67359,0.95729,0.97905,0.98812,100.0,4.95,3.9,2.07,5.94,41.18,42.22,44.96,40.4,0.979,0.971,0.976,0.981,/tmpdir/crf_16.mpd,/videos/BigBuckBunny-2160.avi
11224,0.98776,8.70661,0.99655,42.19037,0.9994,0.71922,0.97214,0.9871,0.99271,100.0,3.45,3.08,1.92,3.93,42.75,43.24,45.29,42.19,0.982,0.976,0.977,0.985,/tmpdir/crf_16.mpd,/videos/BigBuckBunny-2160.avi
11225,0.97812,8.9421,0.99557,40.27785,0.99915,0.66955,0.95578,0.97827,0.98755,100.0,5.11,4.16,2.12,6.1,41.04,41.94,44.86,40.28,0.978,0.969,0.975,0.981,/tmpdir/crf_16.mpd,/videos/BigBuckBunny-2160.avi
11226,0.98041,8.9421,0.99599,40.81247,0.99927,0.68275,0.96338,0.98262,0.99019,100.0,4.59,3.85,2.09,5.39,41.52,42.28,44.92,40.81,0.979,0.971,0.975,0.982,/tmpdir/crf_16.mpd,/videos/BigBuckBunny-2160.avi
11227,0.9796,9.15165,0.9956,40.36239,0.99917,0.67196,0.95712,0.97904,0.98802,100.0,5.0,3.97,2.08,5.98,41.14,42.15,44.95,40.36,0.978,0.97,0.976,0.981,/tmpdir/crf_16.mpd,/videos/BigBuckBunny-2160.avi
11228,0.98754,9.15165,0.99646,42.05543,0.99937,0.71515,0.97154,0.98691,0.99267,100.0,3.56,3.19,1.98,4.05,42.61,43.09,45.17,42.06,0.981,0.975,0.976,0.984,/tmpdir/crf_16.mpd,/videos/BigBuckBunny-2160.avi
11229,0.97846,9.34899,0.99547,40.18169,0.99913,0.66655,0.95572,0.97828,0.98771,100.0,5.25,4.34,2.2,6.24,40.93,41.76,44.71,40.18,0.977,0.968,0.974,0.98,/tmpdir/crf_16.mpd,/videos/BigBuckBunny-2160.avi
11230,0.98083,9.34899,0.99592,40.88585,0.99924,0.68417,0.96316,0.98253,0.99019,100.0,4.56,3.98,2.15,5.3,41.54,42.13,44.81,40.89,0.979,0.97,0.975,0.982,/tmpdir/crf_16.mpd,/videos/BigBuckBunny-2160.avi
11231,0.97848,9.50856,0.99548,40.25728,0.99913,0.66825,0.95456,0.97762,0.98718,100.0,5.17,4.3,2.2,6.13,41.0,41.79,44.7,40.26,0.978,0.968,0.974,0.981,/tmpdir/crf_16.mpd,/videos/BigBuckBunny-2160.avi
11232,0.98696,9.50856,0.99633,41.84097,0.99934,0.70902,0.96997,0.98621,0.9924,100.0,3.74,3.35,2.04,4.26,42.41,42.88,45.04,41.84,0.981,0.974,0.976,0.984,/tmpdir/crf_16.mpd,/videos/BigBuckBunny-2160.avi
11233,0.99346,9.66748,0.99802,44.85008,0.9996,0.80445,0.98512,0.99303,0.99611,100.0,1.87,1.54,1.16,2.13,45.42,46.26,47.5,44.85,0.99,0.988,0.986,0.991,/tmpdir/crf_16.mpd,/videos/BigBuckBunny-2160.avi
11234,0.98054,9.66748,0.99621,40.60826,0.99921,0.69318,0.95941,0.97988,0.98873,100.0,4.55,3.16,1.55,5.65,41.55,43.14,46.23,40.61,0.982,0.977,0.982,0.984,/tmpdir/crf_16.mpd,/videos/BigBuckBunny-2160.avi
11235,0.98187,9.80768,0.99651,41.10622,0.99931,0.70388,0.96533,0.98346,0.99085,100.0,4.18,3.27,1.63,5.04,41.92,42.98,46.01,41.11,0.983,0.976,0.981,0.985,/tmpdir/crf_16.mpd,/videos/BigBuckBunny-2160.avi
11236,0.97921,9.80768,0.99592,40.20016,0.99918,0.67927,0.95706,0.97886,0.98807,100.0,5.09,3.91,1.79,6.21,41.06,42.21,45.6,40.2,0.98,0.972,0.979,0.982,/tmpdir/crf_16.mpd,/videos/BigBuckBunny-2160.avi
11237,0.98795,9.91872,0.99686,42.08654,0.9994,0.72577,0.97183,0.98682,0.99269,100.0,3.44,2.91,1.66,4.02,42.76,43.49,45.94,42.09,0.984,0.979,0.98,0.986,/tmpdir/crf_16.mpd,/videos/BigBuckBunny-2160.avi
11238,0.979,9.91872,0.99586,40.20842,0.99916,0.67764,0.95626,0.97827,0.98765,100.0,5.11,4.0,1.86,6.2,41.05,42.11,45.43,40.21,0.98,0.972,0.978,0.982,/tmpdir/crf_16.mpd,/videos/BigBuckBunny-2160.avi
11239,0.98117,10.03735,0.99629,40.86551,0.99926,0.69372,0.96377,0.98281,0.99055,100.0,4.51,3.84,1.88,5.33,41.59,42.29,45.39,40.87,0.981,0.973,0.978,0.984,/tmpdir/crf_16.mpd,/videos/BigBuckBunny-2160.avi
11240,0.98003,10.03735,0.99588,40.27639,0.99915,0.6795,0.95705,0.97883,0.988,100.0,5.06,4.07,1.9,6.1,41.09,42.04,45.34,40.28,0.98,0.971,0.978,0.982,/tmpdir/crf_16.mpd,/videos/BigBuckBunny-2160.avi
11241,0.98826,10.13159,0.99685,42.23474,0.99938,0.72957,0.97295,0.98753,0.99322,100.0,3.37,2.94,1.73,3.89,42.86,43.45,45.76,42.23,0.984,0.978,0.979,0.986,/tmpdir/crf_16.mpd,/videos/BigBuckBunny-2160.avi
11242,0.97872,10.13159,0.99586,40.30515,0.99915,0.67883,0.95719,0.97899,0.98817,100.0,5.0,3.87,1.89,6.06,41.14,42.25,45.36,40.31,0.98,0.972,0.978,0.982,/tmpdir/crf_16.mpd,/videos/BigBuckBunny-2160.avi
11243,0.98151,10.19372,0.99628,40.93285,0.99925,0.694,0.96424,0.98314,0.99064,100.0,4.47,3.87,1.94,5.25,41.63,42.26,45.24,40.93,0.981,0.972,0.977,0.984,/tmpdir/crf_16.mpd,/videos/BigBuckBunny-2160.avi
11244,0.97897,10.19372,0.9958,40.15255,0.99913,0.67311,0.95701,0.9791,0.98827,100.0,5.21,4.13,1.99,6.28,40.97,41.97,45.15,40.15,0.979,0.97,0.977,0.982,/tmpdir/crf_16.mpd,/videos/BigBuckBunny-2160.avi
11245,0.98823,10.24656,0.99678,42.19894,0.99936,0.72598,0.97307,0.98765,0.99327,100.0,3.42,3.01,1.81,3.92,42.8,43.35,45.55,42.2,0.983,0.977,0.978,0.986,/tmpdir/crf_16.mpd,/videos/BigBuckBunny-2160.avi
11246,0.97996,10.24656,0.99589,40.40062,0.99916,0.67833,0.95879,0.98004,0.98878,100.0,4.93,3.91,1.97,5.93,41.2,42.2,45.19,40.4,0.98,0.971,0.977,0.982,/tmpdir/crf_16.mpd,/videos/BigBuckBunny-2160.avi
11247,0.97825,10.31305,0.99557,39.96333,0.99908,0.66659,0.95414,0.97746,0.98726,100.0,5.45,4.4,2.1,6.56,40.76,41.7,44.92,39.96,0.978,0.968,0.976,0.981,/tmpdir/crf_16.mpd,/videos/BigBuckBunny-2160.avi
11248,0.98731,10.31305,0.99653,41.70418,0.99931,0.71307,0.9702,0.98655,0.99283,100.0,3.84,3.53,1.95,4.39,42.29,42.65,45.23,41.7,0.982,0.974,0.977,0.985,/tmpdir/crf_16.mpd,/videos/BigBuckBunny-2160.avi
11249,0.97921,10.36389,0.99555,39.9984,0.99908,0.66678,0.95471,0.97795,0.9878,100.0,5.49,4.72,2.22,6.5,40.73,41.39,44.67,40.0,0.977,0.966,0.974,0.981,/tmpdir/crf_16.mpd,/videos/BigBuckBunny-2160.avi
11250,0.98077,10.36389,0.996,40.702,0.99919,0.68426,0.96192,0.9822,0.99028,100.0,4.77,4.32,2.16,5.53,41.35,41.78,44.78,40.7,0.979,0.969,0.975,0.983,/tmpdir/crf_16.mpd,/videos/BigBuckBunny-2160.avi
11251,0.97935,10.41141,0.99551,39.89687,0.99907,0.66352,0.95389,0.97744,0.98728,100.0,5.56,4.55,2.19,6.66,40.68,41.55,44.73,39.9,0.977,0.967,0.974,0.981,/tmpdir/crf_16.mpd,/videos/BigBuckBunny-2160.avi
11252,0.98729,10.41141,0.9965,41.70361,0.9993,0.71159,0.97012,0.98641,0.99268,100.0,3.84,3.46,2.0,4.39,42.29,42.74,45.12,41.7,0.982,0.974,0.976,0.985,/tmpdir/crf_16.mpd,/videos/BigBuckBunny-2160.avi
11253,0.97808,10.43773,0.99537,39.75033,0.99904,0.6578,0.95306,0.97718,0.98722,100.0,5.78,4.86,2.3,6.89,40.51,41.27,44.52,39.75,0.977,0.965,0.974,0.98,/tmpdir/crf_16.mpd,/videos/BigBuckBunny-2160.avi
11254,0.98027,10.43773,0.99589,40.52617,0.99918,0.67746,0.96152,0.98208,0.99035,100.0,4.94,4.4,2.22,5.76,41.19,41.69,44.66,40.53,0.979,0.968,0.974,0.982,/tmpdir/crf_16.mpd,/videos/BigBuckBunny-2160.avi
11255,0.97836,10.47238,0.99539,39.81689,0.99904,0.659,0.95252,0.97692,0.98717,100.0,5.68,4.67,2.27,6.78,40.59,41.44,44.58,39.82,0.977,0.966,0.974,0.98,/tmpdir/crf_16.mpd,/videos/BigBuckBunny-2160.avi
11256,0.98701,10.47238,0.99637,41.55205,0.99928,0.70564,0.96929,0.98605,0.99247,100.0,3.98,3.59,2.08,4.55,42.13,42.58,44.94,41.55,0.981,0.973,0.975,0.984,/tmpdir/crf_16.mpd,/videos/BigBuckBunny-2160.avi
11257,0.97696,10.44287,0.99517,39.57623,0.99901,0.65043,0.95122,0.9764,0.98699,100.0,6.0,4.94,2.35,7.17,40.35,41.19,44.41,39.58,0.976,0.964,0.973,0.979,/tmpdir/crf_16.mpd,/videos/BigBuckBunny-2160.avi
11258,0.98003,10.44287,0.9957,40.30083,0.99916,0.66893,0.96014,0.9816,0.99012,100.0,5.18,4.52,2.28,6.07,40.99,41.58,44.54,40.3,0.978,0.967,0.973,0.981,/tmpdir/crf_16.mpd,/videos/BigBuckBunny-2160.avi
11259,0.97766,10.45396,0.99521,39.68403,0.99902,0.65319,0.95144,0.97649,0.98706,100.0,5.86,4.84,2.35,6.99,40.45,41.28,44.42,39.68,0.976,0.965,0.973,0.98,/tmpdir/crf_16.mpd,/videos/BigBuckBunny-2160.avi
11260,0.98681,10.45396,0.99622,41.37121,0.99926,0.69923,0.96793,0.9855,0.99233,100.0,4.14,3.71,2.15,4.74,41.96,42.44,44.8,41.37,0.98,0.972,0.974,0.984,/tmpdir/crf_16.mpd,/videos/BigBuckBunny-2160.avi
11261,0.97881,10.49182,0.99532,39.77929,0.99907,0.65396,0.9543,0.97831,0.98805,100.0,5.74,4.72,2.33,6.84,40.54,41.39,44.45,39.78,0.976,0.965,0.973,0.98,/tmpdir/crf_16.mpd,/videos/BigBuckBunny-2160.avi
11262,0.97653,10.49182,0.995,39.40904,0.99899,0.64493,0.94971,0.97556,0.98638,100.0,6.23,5.15,2.42,7.45,40.19,41.01,44.3,39.41,0.975,0.963,0.972,0.979,/tmpdir/crf_16.mpd,/videos/BigBuckBunny-2160.avi
11263,0.98619,10.4956,0.99614,41.21739,0.99925,0.6946,0.96763,0.98554,0.99238,100.0,4.3,3.93,2.22,4.91,41.8,42.18,44.67,41.22,0.98,0.97,0.973,0.983,/tmpdir/crf_16.mpd,/videos/BigBuckBunny-2160.avi
11264,0.97688,10.4956,0.99506,39.53462,0.99899,0.64847,0.95027,0.97588,0.98666,100.0,6.09,5.12,2.45,7.24,40.29,41.04,44.24,39.53,0.975,0.963,0.972,0.979,/tmpdir/crf_16.mpd,/videos/BigBuckBunny-2160.avi
11265,0.9797,10.4737,0.99547,40.01856,0.99912,0.65967,0.95776,0.98048,0.98946,100.0,5.51,4.79,2.4,6.47,40.72,41.33,44.33,40.02,0.976,0.965,0.972,0.981,/tmpdir/crf_16.mpd,/videos/BigBuckBunny-2160.avi
11266,0.97614,10.4737,0.99495,39.28946,0.99898,0.64073,0.94938,0.97554,0.98643,100.0,6.4,5.27,2.5,7.66,40.07,40.91,44.15,39.29,0.974,0.962,0.971,0.978,/tmpdir/crf_16.mpd,/videos/BigBuckBunny-2160.avi
11267,0.98579,10.48037,0.99609,41.09219,0.99923,0.69077,0.96674,0.98523,0.99236,100.0,4.42,4.03,2.28,5.06,41.67,42.08,44.55,41.09,0.979,0.969,0.973,0.983,/tmpdir/crf_16.mpd,/videos/BigBuckBunny-2160.avi
11268,0.97776,10.48037,0.99506,39.46991,0.999,0.64621,0.95089,0.97636,0.98698,100.0,6.15,5.08,2.46,7.35,40.24,41.08,44.22,39.47,0.975,0.963,0.971,0.979,/tmpdir/crf_16.mpd,/videos/BigBuckBunny-2160.avi
11269,0.97951,10.44071,0.99551,40.10461,0.99912,0.66199,0.95814,0.98074,0.98979,100.0,5.45,4.86,2.45,6.35,40.77,41.27,44.24,40.1,0.976,0.964,0.971,0.981,/tmpdir/crf_16.mpd,/videos/BigBuckBunny-2160.avi
11270,0.97695,10.44071,0.99499,39.34641,0.99899,0.64233,0.95021,0.97602,0.98676,100.0,6.34,5.28,2.52,7.56,40.11,40.91,44.12,39.35,0.975,0.962,0.971,0.979,/tmpdir/crf_16.mpd,/videos/BigBuckBunny-2160.avi
11271,0.98616,10.39566,0.99622,41.25159,0.99926,0.69551,0.96839,0.98588,0.99252,100.0,4.27,3.85,2.27,4.87,41.83,42.27,44.57,41.25,0.98,0.971,0.973,0.984,/tmpdir/crf_16.mpd,/videos/BigBuckBunny-2160.avi
11272,0.97884,10.39566,0.99516,39.53252,0.99903,0.648,0.95255,0.97726,0.98746,100.0,6.08,5.07,2.46,7.24,40.29,41.08,44.22,39.53,0.975,0.963,0.971,0.979,/tmpdir/crf_16.mpd,/videos/BigBuckBunny-2160.avi
11273,0.98031,10.40947,0.99563,40.22003,0.99914,0.66588,0.95965,0.98163,0.99028,100.0,5.34,4.85,2.48,6.18,40.85,41.28,44.19,40.22,0.977,0.964,0.971,0.981,/tmpdir/crf_16.mpd,/videos/BigBuckBunny-2160.avi
11274,0.97874,10.40947,0.99508,39.43575,0.99901,0.64483,0.95183,0.97689,0.9872,100.0,6.22,5.21,2.5,7.4,40.19,40.96,44.16,39.44,0.975,0.962,0.971,0.979,/tmpdir/crf_16.mpd,/videos/BigBuckBunny-2160.avi
11275,0.98613,10.37876,0.99624,41.24534,0.99926,0.69536,0.96926,0.98644,0.99285,100.0,4.27,3.8,2.27,4.88,41.83,42.33,44.56,41.25,0.98,0.971,0.973,0.984,/tmpdir/crf_16.mpd,/videos/BigBuckBunny-2160.avi
11276,0.97764,10.37876,0.99512,39.41262,0.99901,0.64451,0.95201,0.97704,0.98734,100.0,6.21,5.03,2.48,7.44,40.2,41.12,44.18,39.41,0.975,0.963,0.971,0.979,/tmpdir/crf_16.mpd,/videos/BigBuckBunny-2160.avi
11277,0.97984,10.37085,0.99558,40.0573,0.99914,0.66076,0.95992,0.98175,0.99027,100.0,5.5,4.85,2.48,6.42,40.73,41.27,44.19,40.06,0.977,0.964,0.971,0.981,/tmpdir/crf_16.mpd,/videos/BigBuckBunny-2160.avi
11278,0.97738,10.37085,0.9951,39.47316,0.99901,0.64521,0.95168,0.97684,0.98728,100.0,6.17,5.17,2.5,7.34,40.23,41.0,44.15,39.47,0.975,0.962,0.971,0.979,/tmpdir/crf_16.mpd,/videos/BigBuckBunny-2160.avi
11279,0.9854,10.32703,0.99617,41.12948,0.99925,0.69109,0.96858,0.98621,0.99279,100.0,4.38,3.92,2.31,5.01,41.71,42.2,44.49,41.13,0.979,0.97,0.972,0.983,/tmpdir/crf_16.mpd,/videos/BigBuckBunny-2160.avi
11280,0.97663,10.32703,0.99509,39.36129,0.999,0.64191,0.95182,0.97695,0.98727,100.0,6.26,4.97,2.48,7.53,40.16,41.17,44.19,39.36,0.975,0.963,0.971,0.979,/tmpdir/crf_16.mpd,/videos/BigBuckBunny-2160.avi
11281,0.98006,10.29488,0.99558,40.14803,0.99913,0.66217,0.95981,0.98174,0.99044,100.0,5.41,4.83,2.49,6.28,40.8,41.29,44.17,40.15,0.977,0.964,0.971,0.981,/tmpdir/crf_16.mpd,/videos/BigBuckBunny-2160.avi
11282,0.97711,10.29488,0.99502,39.26348,0.99899,0.63835,0.95119,0.97666,0.98715,100.0,6.41,5.15,2.51,7.7,40.06,41.01,44.13,39.26,0.975,0.962,0.97,0.979,/tmpdir/crf_16.mpd,/videos/BigBuckBunny-2160.avi
11283,0.9851,10.25614,0.99612,41.02055,0.99923,0.68742,0.9679,0.9859,0.99263,100.0,4.49,4.03,2.36,5.14,41.61,42.08,44.41,41.02,0.979,0.97,0.972,0.983,/tmpdir/crf_16.mpd,/videos/BigBuckBunny-2160.avi
11284,0.97742,10.25614,0.99509,39.38884,0.999,0.6416,0.95193,0.97702,0.98716,100.0,6.24,5.0,2.49,7.49,40.18,41.14,44.16,39.39,0.975,0.963,0.971,0.979,/tmpdir/crf_16.mpd,/videos/BigBuckBunny-2160.avi
11285,0.97989,10.21039,0.99551,39.9694,0.99912,0.6563,0.95933,0.98146,0.99012,100.0,5.6,4.91,2.5,6.55,40.65,41.22,44.14,39.97,0.976,0.964,0.97,0.981,/tmpdir/crf_16.mpd,/videos/BigBuckBunny-2160.avi
11286,0.97657,10.21039,0.99505,39.386,0.99899,0.64052,0.95132,0.97697,0.98755,100.0,6.28,5.18,2.54,7.49,40.15,40.99,44.08,39.39,0.975,0.962,0.97,0.979,/tmpdir/crf_16.mpd,/videos/BigBuckBunny-2160.avi
11287,0.98476,10.14125,0.99613,41.03962,0.99924,0.6866,0.96845,0.98621,0.99288,100.0,4.48,4.03,2.39,5.12,41.62,42.08,44.34,41.04,0.979,0.97,0.971,0.983,/tmpdir/crf_16.mpd,/videos/BigBuckBunny-2160.avi
11288,0.97883,10.14125,0.99538,39.85069,0.99908,0.65265,0.95655,0.97986,0.98911,100.0,5.71,4.85,2.51,6.73,40.56,41.28,44.14,39.85,0.976,0.964,0.97,0.98,/tmpdir/crf_16.mpd,/videos/BigBuckBunny-2160.avi
11289,0.97807,10.08319,0.99506,39.50018,0.999,0.64203,0.95184,0.97724,0.98746,100.0,6.15,5.18,2.56,7.3,40.24,40.99,44.04,39.5,0.975,0.962,0.97,0.979,/tmpdir/crf_16.mpd,/videos/BigBuckBunny-2160.avi
11290,0.98391,10.08319,0.99599,40.81648,0.99921,0.67916,0.96684,0.98543,0.99237,100.0,4.72,4.31,2.45,5.39,41.39,41.78,44.24,40.82,0.978,0.968,0.971,0.983,/tmpdir/crf_16.mpd,/videos/BigBuckBunny-2160.avi
11291,0.97753,10.01602,0.99501,39.44853,0.99899,0.63955,0.95128,0.97675,0.98706,100.0,6.28,5.52,2.65,7.38,40.15,40.72,43.9,39.45,0.974,0.96,0.969,0.979,/tmpdir/crf_16.mpd,/videos/BigBuckBunny-2160.avi
11292,0.979,10.01602,0.99545,40.03972,0.9991,0.65553,0.95889,0.98122,0.9898,100.0,5.6,5.2,2.64,6.44,40.65,40.97,43.91,40.04,0.976,0.962,0.969,0.98,/tmpdir/crf_16.mpd,/videos/BigBuckBunny-2160.avi
11293,0.97626,9.91482,0.99493,39.33297,0.99898,0.63516,0.95079,0.97665,0.98719,100.0,6.42,5.5,2.68,7.58,40.06,40.73,43.85,39.33,0.974,0.96,0.969,0.978,/tmpdir/crf_16.mpd,/videos/BigBuckBunny-2160.avi
11294,0.98142,9.91482,0.99567,40.39934,0.99915,0.66463,0.96314,0.98353,0.99132,100.0,5.14,4.57,2.56,5.93,41.02,41.53,44.05,40.4,0.977,0.966,0.97,0.981,/tmpdir/crf_16.mpd,/videos/BigBuckBunny-2160.avi
11295,0.97546,9.84158,0.99475,39.24028,0.99893,0.63057,0.94883,0.97586,0.98674,100.0,6.61,5.91,2.77,7.75,39.93,40.41,43.71,39.24,0.973,0.957,0.968,0.978,/tmpdir/crf_16.mpd,/videos/BigBuckBunny-2160.avi
11296,0.976,9.84158,0.99463,39.08534,0.99894,0.62454,0.94879,0.97636,0.98717,100.0,6.78,5.8,2.77,8.03,39.82,40.49,43.71,39.09,0.972,0.958,0.968,0.977,/tmpdir/crf_16.mpd,/videos/BigBuckBunny-2160.avi
11297,0.98496,11.42113,0.99813,47.57611,0.99972,0.85032,0.98346,0.99157,0.99499,100.0,1.04,1.02,0.7,1.14,47.94,48.04,49.68,47.58,0.991,0.988,0.991,0.992,/tmpdir/crf_16.mpd,/videos/BigBuckBunny-2160.avi
11298,0.97398,11.42113,0.99705,45.91096,0.9994,0.81458,0.9668,0.98254,0.98924,100.0,1.44,1.23,0.76,1.67,46.54,47.23,49.33,45.91,0.989,0.986,0.99,0.99,/tmpdir/crf_16.mpd,/videos/BigBuckBunny-2160.avi
11299,0.9718,11.35921,0.9966,45.24233,0.99929,0.79859,0.96258,0.98071,0.98835,100.0,1.68,1.46,0.82,1.94,45.89,46.49,49.01,45.24,0.988,0.984,0.989,0.989,/tmpdir/crf_16.mpd,/videos/BigBuckBunny-2160.avi
11300,0.97891,11.35921,0.99721,45.92556,0.99954,0.8108,0.97512,0.98817,0.99317,100.0,1.47,1.37,0.79,1.66,46.47,46.77,49.17,45.93,0.989,0.984,0.989,0.989,/tmpdir/crf_16.mpd,/videos/BigBuckBunny-2160.avi
11301,0.97146,11.32461,0.99658,45.28932,0.9993,0.79676,0.96296,0.98088,0.98823,100.0,1.66,1.46,0.82,1.92,45.93,46.5,49.02,45.29,0.988,0.983,0.989,0.988,/tmpdir/crf_16.mpd,/videos/BigBuckBunny-2160.avi
11302,0.97066,11.32461,0.99665,45.31564,0.99929,0.80125,0.96228,0.98036,0.9879,100.0,1.66,1.49,0.85,1.91,45.92,46.4,48.86,45.32,0.988,0.984,0.989,0.989,/tmpdir/crf_16.mpd,/videos/BigBuckBunny-2160.avi
11303,0.98374,11.32277,0.99789,46.9994,0.9997,0.83699,0.98385,0.99262,0.99588,100.0,1.19,1.19,0.75,1.3,47.38,47.37,49.36,47.0,0.99,0.986,0.99,0.991,/tmpdir/crf_16.mpd,/videos/BigBuckBunny-2160.avi
11304,0.97492,11.32277,0.9972,46.07979,0.99946,0.81679,0.96997,0.98443,0.99047,100.0,1.43,1.36,0.8,1.6,46.58,46.81,49.12,46.08,0.989,0.984,0.989,0.99,/tmpdir/crf_16.mpd,/videos/BigBuckBunny-2160.avi
11305,0.97331,11.35769,0.99691,45.62029,0.99938,0.80702,0.96718,0.98339,0.98998,100.0,1.58,1.48,0.84,1.78,46.16,46.42,48.89,45.62,0.988,0.983,0.989,0.989,/tmpdir/crf_16.mpd,/videos/BigBuckBunny-2160.avi
11306,0.98084,11.35769,0.99754,46.35635,0.99963,0.82098,0.98007,0.99081,0.99479,100.0,1.36,1.34,0.79,1.5,46.8,46.84,49.15,46.36,0.989,0.985,0.989,0.99,/tmpdir/crf_16.mpd,/videos/BigBuckBunny-2160.avi
11307,0.9715,11.36025,0.99679,45.47141,0.99937,0.80259,0.96514,0.98217,0.98913,100.0,1.64,1.58,0.86,1.84,45.99,46.16,48.76,45.47,0.988,0.983,0.989,0.989,/tmpdir/crf_16.mpd,/videos/BigBuckBunny-2160.avi
11308,0.97389,11.36025,0.99708,45.8401,0.99946,0.80963,0.97048,0.98508,0.99075,100.0,1.51,1.48,0.83,1.69,46.33,46.44,48.94,45.84,0.988,0.983,0.989,0.989,/tmpdir/crf_16.mpd,/videos/BigBuckBunny-2160.avi
11309,0.97321,11.35069,0.99692,45.62657,0.99938,0.80717,0.96669,0.98294,0.98958,100.0,1.58,1.49,0.85,1.78,46.16,46.41,48.85,45.63,0.988,0.983,0.989,0.989,/tmpdir/crf_16.mpd,/videos/BigBuckBunny-2160.avi
11310,0.98204,11.35069,0.99772,46.65501,0.99968,0.82811,0.98203,0.99177,0.99537,100.0,1.28,1.28,0.78,1.4,47.06,47.07,49.21,46.66,0.989,0.985,0.989,0.991,/tmpdir/crf_16.mpd,/videos/BigBuckBunny-2160.avi
11311,0.97374,11.31599,0.99707,45.88168,0.99944,0.80997,0.96894,0.98391,0.99003,100.0,1.49,1.41,0.81,1.68,46.4,46.64,49.04,45.88,0.988,0.984,0.989,0.989,/tmpdir/crf_16.mpd,/videos/BigBuckBunny-2160.avi
11312,0.97213,11.31599,0.99693,45.67833,0.99939,0.80777,0.96648,0.98266,0.98933,100.0,1.56,1.49,0.84,1.76,46.2,46.4,48.91,45.68,0.988,0.983,0.989,0.989,/tmpdir/crf_16.mpd,/videos/BigBuckBunny-2160.avi
11313,0.98165,11.30248,0.99764,46.51742,0.99966,0.82433,0.98127,0.99149,0.99525,100.0,1.31,1.31,0.78,1.45,46.95,46.97,49.23,46.52,0.989,0.985,0.989,0.99,/tmpdir/crf_16.mpd,/videos/BigBuckBunny-2160.avi
11314,0.97412,11.30248,0.99715,45.98866,0.99947,0.81303,0.97003,0.98472,0.99075,100.0,1.46,1.4,0.8,1.64,46.49,46.66,49.11,45.99,0.989,0.984,0.989,0.99,/tmpdir/crf_16.mpd,/videos/BigBuckBunny-2160.avi
11315,0.97324,11.28157,0.99699,45.70174,0.9994,0.80825,0.96775,0.9836,0.98997,100.0,1.55,1.46,0.82,1.75,46.24,46.48,48.99,45.7,0.988,0.984,0.989,0.989,/tmpdir/crf_16.mpd,/videos/BigBuckBunny-2160.avi
11316,0.98181,11.28157,0.99768,46.56688,0.99968,0.82537,0.98165,0.99167,0.99538,100.0,1.3,1.29,0.76,1.43,47.0,47.03,49.3,46.57,0.989,0.985,0.99,0.99,/tmpdir/crf_16.mpd,/videos/BigBuckBunny-2160.avi
11317,0.97201,11.19539,0.99697,45.69347,0.99942,0.80736,0.96738,0.98342,0.98988,100.0,1.56,1.51,0.83,1.75,46.2,46.34,48.92,45.69,0.988,0.983,0.989,0.989,/tmpdir/crf_16.mpd,/videos/BigBuckBunny-2160.avi
11318,0.97522,11.19539,0.99724,46.06184,0.9995,0.81425,0.9726,0.98625,0.99163,100.0,1.44,1.42,0.81,1.61,46.54,46.62,49.06,46.06,0.989,0.984,0.989,0.99,/tmpdir/crf_16.mpd,/videos/BigBuckBunny-2160.avi
11319,0.97303,11.17486,0.99707,45.84063,0.99943,0.81122,0.96875,0.98407,0.99019,100.0,1.51,1.43,0.82,1.69,46.35,46.57,48.98,45.84,0.989,0.984,0.989,0.99,/tmpdir/crf_16.mpd,/videos/BigBuckBunny-2160.avi
11320,0.98226,11.17486,0.99778,46.74702,0.9997,0.82936,0.98231,0.9918,0.99537,100.0,1.25,1.24,0.76,1.38,47.17,47.21,49.35,46.75,0.99,0.986,0.99,0.991,/tmpdir/crf_16.mpd,/videos/BigBuckBunny-2160.avi
11321,0.97253,11.1359,0.99702,45.78052,0.99942,0.80983,0.96771,0.98358,0.98992,100.0,1.53,1.48,0.83,1.72,46.28,46.44,48.92,45.78,0.988,0.984,0.989,0.989,/tmpdir/crf_16.mpd,/videos/BigBuckBunny-2160.avi
11322,0.97492,11.1359,0.99726,46.094,0.9995,0.81493,0.97247,0.98606,0.99138,100.0,1.43,1.39,0.8,1.6,46.57,46.69,49.08,46.09,0.989,0.984,0.989,0.99,/tmpdir/crf_16.mpd,/videos/BigBuckBunny-2160.avi
11323,0.97254,11.06618,0.99704,45.81194,0.99942,0.80999,0.96796,0.98359,0.98994,100.0,1.51,1.44,0.82,1.71,46.33,46.54,48.98,45.81,0.989,0.984,0.989,0.989,/tmpdir/crf_16.mpd,/videos/BigBuckBunny-2160.avi
11324,0.98193,11.06618,0.99772,46.65349,0.99969,0.82659,0.9818,0.99165,0.99538,100.0,1.27,1.25,0.76,1.41,47.09,47.15,49.34,46.65,0.989,0.986,0.99,0.99,/tmpdir/crf_16.mpd,/videos/BigBuckBunny-2160.avi
11325,0.97184,10.9457,0.99701,45.76853,0.99942,0.8087,0.96743,0.98337,0.98975,100.0,1.53,1.48,0.83,1.72,46.27,46.41,48.96,45.77,0.988,0.984,0.989,0.989,/tmpdir/crf_16.mpd,/videos/BigBuckBunny-2160.avi
11326,0.97488,10.9457,0.99724,46.0925,0.9995,0.81435,0.97233,0.98593,0.99124,100.0,1.43,1.39,0.79,1.6,46.58,46.69,49.14,46.09,0.989,0.984,0.989,0.99,/tmpdir/crf_16.mpd,/videos/BigBuckBunny-2160.avi
11327,0.97276,10.87902,0.99703,45.84226,0.99941,0.81006,0.96777,0.98336,0.98967,100.0,1.5,1.43,0.81,1.69,46.36,46.59,49.03,45.84,0.989,0.984,0.989,0.989,/tmpdir/crf_16.mpd,/videos/BigBuckBunny-2160.avi
11328,0.98191,10.87902,0.99774,46.70416,0.99969,0.8274,0.98197,0.9917,0.99537,100.0,1.26,1.23,0.75,1.39,47.14,47.22,49.36,46.7,0.99,0.986,0.99,0.99,/tmpdir/crf_16.mpd,/videos/BigBuckBunny-2160.avi
11329,0.97221,10.76504,0.99701,45.79348,0.99942,0.80885,0.96758,0.98334,0.98969,100.0,1.52,1.46,0.82,1.71,46.31,46.49,49.0,45.79,0.988,0.984,0.989,0.989,/tmpdir/crf_16.mpd,/videos/BigBuckBunny-2160.avi
11330,0.97505,10.76504,0.99728,46.14536,0.99951,0.81509,0.97291,0.98627,0.99152,100.0,1.41,1.38,0.79,1.58,46.62,46.74,49.15,46.15,0.989,0.984,0.99,0.99,/tmpdir/crf_16.mpd,/videos/BigBuckBunny-2160.avi
11331,0.97258,10.62628,0.99707,45.88131,0.99942,0.8111,0.96813,0.98358,0.98991,100.0,1.49,1.41,0.81,1.68,46.4,46.64,49.07,45.88,0.989,0.984,0.99,0.99,/tmpdir/crf_16.mpd,/videos/BigBuckBunny-2160.avi
11332,0.98211,10.62628,0.99778,46.77755,0.9997,0.82879,0.9822,0.99176,0.99533,100.0,1.24,1.22,0.74,1.37,47.2,47.26,49.42,46.78,0.99,0.986,0.99,0.991,/tmpdir/crf_16.mpd,/videos/BigBuckBunny-2160.avi
11333,0.97242,10.5377,0.99706,45.84018,0.99944,0.81005,0.96789,0.98351,0.98984,100.0,1.5,1.44,0.81,1.69,46.36,46.55,49.07,45.84,0.989,0.984,0.99,0.989,/tmpdir/crf_16.mpd,/videos/BigBuckBunny-2160.avi
11334,0.9749,10.5377,0.99731,46.19447,0.99952,0.81606,0.97349,0.98661,0.99174,100.0,1.4,1.37,0.78,1.56,46.67,46.77,49.22,46.19,0.989,0.985,0.99,0.99,/tmpdir/crf_16.mpd,/videos/BigBuckBunny-2160.avi
11335,0.9726,10.41895,0.99708,45.90566,0.99943,0.81116,0.96852,0.98381,0.99003,100.0,1.48,1.39,0.79,1.67,46.44,46.71,49.14,45.91,0.989,0.984,0.99,0.99,/tmpdir/crf_16.mpd,/videos/BigBuckBunny-2160.avi
11336,0.98217,10.41895,0.99779,46.81201,0.9997,0.82942,0.98227,0.99173,0.99531,100.0,1.23,1.21,0.73,1.35,47.25,47.32,49.5,46.81,0.99,0.986,0.99,0.991,/tmpdir/crf_16.mpd,/videos/BigBuckBunny-2160.avi
11337,0.97276,10.30032,0.99705,45.8529,0.99943,0.80969,0.96832,0.98375,0.98993,100.0,1.5,1.44,0.8,1.69,46.37,46.56,49.11,45.85,0.989,0.984,0.99,0.989,/tmpdir/crf_16.mpd,/videos/BigBuckBunny-2160.avi
11338,0.97523,10.30032,0.99732,46.2094,0.99951,0.8163,0.97371,0.98661,0.99167,100.0,1.39,1.35,0.77,1.56,46.7,46.82,49.28,46.21,0.989,0.985,0.99,0.99,/tmpdir/crf_16.mpd,/videos/BigBuckBunny-2160.avi
11339,0.97327,10.20019,0.99709,45.92611,0.99943,0.81173,0.96838,0.98348,0.98962,100.0,1.47,1.39,0.79,1.66,46.45,46.71,49.14,45.93,0.989,0.985,0.99,0.99,/tmpdir/crf_16.mpd,/videos/BigBuckBunny-2160.avi
11340,0.98241,10.20019,0.99778,46.83555,0.99969,0.82981,0.98223,0.99167,0.99518,100.0,1.22,1.2,0.73,1.35,47.27,47.36,49.5,46.84,0.99,0.986,0.99,0.991,/tmpdir/crf_16.mpd,/videos/BigBuckBunny-2160.avi
11341,0.98864,10.05925,0.99869,48.94381,0.99985,0.87912,0.9901,0.9952,0.99723,100.0,0.77,0.74,0.54,0.83,49.29,49.45,50.82,48.94,0.993,0.991,0.992,0.994,/tmpdir/crf_16.mpd,/videos/BigBuckBunny-2160.avi
11342,0.97628,10.05925,0.99763,46.78267,0.99955,0.83539,0.97438,0.98681,0.99187,100.0,1.19,1.04,0.63,1.36,47.38,47.95,50.15,46.78,0.991,0.988,0.992,0.991,/tmpdir/crf_16.mpd,/videos/BigBuckBunny-2160.avi
11343,0.97841,9.91242,0.99773,46.8978,0.99961,0.83511,0.97809,0.98899,0.99328,100.0,1.17,1.1,0.64,1.33,47.43,47.74,50.07,46.9,0.991,0.988,0.991,0.991,/tmpdir/crf_16.mpd,/videos/BigBuckBunny-2160.avi
11344,0.97501,9.91242,0.99744,46.43758,0.99952,0.8264,0.97294,0.9862,0.99147,100.0,1.3,1.21,0.68,1.48,46.99,47.3,49.81,46.44,0.99,0.987,0.991,0.991,/tmpdir/crf_16.mpd,/videos/BigBuckBunny-2160.avi
11345,0.98425,9.75691,0.99812,47.53897,0.99975,0.8484,0.98544,0.99314,0.99608,100.0,1.04,1.02,0.63,1.15,47.96,48.04,50.14,47.54,0.991,0.988,0.991,0.992,/tmpdir/crf_16.mpd,/videos/BigBuckBunny-2160.avi
11346,0.97462,9.75691,0.99743,46.44869,0.99951,0.82666,0.97261,0.98578,0.99116,100.0,1.3,1.23,0.69,1.47,46.98,47.22,49.75,46.45,0.99,0.986,0.991,0.991,/tmpdir/crf_16.mpd,/videos/BigBuckBunny-2160.avi
11347,0.97738,9.57903,0.99765,46.73673,0.99959,0.82999,0.97714,0.98825,0.99264,100.0,1.23,1.19,0.68,1.38,47.23,47.37,49.83,46.74,0.99,0.986,0.991,0.991,/tmpdir/crf_16.mpd,/videos/BigBuckBunny-2160.avi
11348,0.97426,9.57903,0.99741,46.40932,0.99951,0.82493,0.97261,0.9859,0.99123,100.0,1.32,1.25,0.7,1.49,46.94,47.17,49.69,46.41,0.99,0.986,0.991,0.991,/tmpdir/crf_16.mpd,/videos/BigBuckBunny-2160.avi
11349,0.98495,9.37792,0.99815,47.60056,0.99976,0.84915,0.9859,0.99343,0.99622,100.0,1.03,1.0,0.63,1.13,48.02,48.11,50.12,47.6,0.991,0.988,0.991,0.992,/tmpdir/crf_16.mpd,/videos/BigBuckBunny-2160.avi
11350,0.97474,9.37792,0.99751,46.5979,0.99952,0.82926,0.97371,0.98646,0.99154,100.0,1.27,1.22,0.69,1.42,47.1,47.28,49.74,46.6,0.99,0.986,0.991,0.991,/tmpdir/crf_16.mpd,/videos/BigBuckBunny-2160.avi
11351,0.97807,9.19137,0.99771,46.89433,0.9996,0.83331,0.97809,0.98879,0.99295,100.0,1.19,1.16,0.68,1.33,47.37,47.49,49.83,46.89,0.99,0.987,0.991,0.991,/tmpdir/crf_16.mpd,/videos/BigBuckBunny-2160.avi
11352,0.97513,9.19137,0.99747,46.54361,0.99953,0.82738,0.97356,0.98645,0.99165,100.0,1.28,1.23,0.7,1.44,47.05,47.23,49.69,46.54,0.99,0.986,0.991,0.991,/tmpdir/crf_16.mpd,/videos/BigBuckBunny-2160.avi
11353,0.98531,9.01629,0.99816,47.62226,0.99976,0.84923,0.98614,0.99353,0.99628,100.0,1.02,1.01,0.64,1.12,48.03,48.1,50.1,47.62,0.991,0.988,0.991,0.992,/tmpdir/crf_16.mpd,/videos/BigBuckBunny-2160.avi
11354,0.97558,9.01629,0.99753,46.63295,0.99953,0.82986,0.97385,0.98642,0.99149,100.0,1.26,1.21,0.7,1.41,47.13,47.29,49.7,46.63,0.99,0.986,0.991,0.991,/tmpdir/crf_16.mpd,/videos/BigBuckBunny-2160.avi
11355,0.9782,8.83815,0.99772,46.89707,0.99961,0.8335,0.9782,0.98889,0.99306,100.0,1.19,1.15,0.68,1.33,47.37,47.52,49.81,46.9,0.99,0.987,0.991,0.991,/tmpdir/crf_16.mpd,/videos/BigBuckBunny-2160.avi
11356,0.97516,8.83815,0.99748,46.5563,0.99952,0.82804,0.97347,0.98624,0.99134,100.0,1.28,1.22,0.7,1.44,47.07,47.27,49.68,46.56,0.99,0.986,0.991,0.991,/tmpdir/crf_16.mpd,/videos/BigBuckBunny-2160.avi
11357,0.98556,8.66168,0.99818,47.66975,0.99977,0.8502,0.98652,0.99373,0.99643,100.0,1.01,0.99,0.63,1.11,48.08,48.18,50.12,47.67,0.991,0.988,0.991,0.992,/tmpdir/crf_16.mpd,/videos/BigBuckBunny-2160.avi
11358,0.97534,8.66168,0.99756,46.67741,0.99954,0.83152,0.97426,0.98665,0.99162,100.0,1.25,1.2,0.7,1.4,47.17,47.34,49.7,46.68,0.99,0.987,0.991,0.991,/tmpdir/crf_16.mpd,/videos/BigBuckBunny-2160.avi
11359,0.97793,8.4718,0.99775,46.92342,0.99961,0.83471,0.97846,0.98896,0.99306,100.0,1.19,1.15,0.68,1.32,47.39,47.53,49.8,46.92,0.99,0.987,0.991,0.991,/tmpdir/crf_16.mpd,/videos/BigBuckBunny-2160.avi
11360,0.97541,8.4718,0.99752,46.61869,0.99953,0.82989,0.9739,0.9865,0.99159,99.88821,1.26,1.2,0.7,1.42,47.12,47.33,49.69,46.62,0.99,0.987,0.991,0.991,/tmpdir/crf_16.mpd,/videos/BigBuckBunny-2160.avi
11361,0.98559,8.26874,0.9982,47.6921,0.99977,0.85076,0.98672,0.9938,0.99644,100.0,1.01,0.98,0.63,1.11,48.11,48.23,50.13,47.69,0.991,0.989,0.991,0.992,/tmpdir/crf_16.mpd,/videos/BigBuckBunny-2160.avi
11362,0.97563,8.26874,0.99758,46.7197,0.99953,0.83242,0.97412,0.98637,0.99135,99.77239,1.23,1.18,0.69,1.38,47.22,47.42,49.74,46.72,0.99,0.987,0.991,0.991,/tmpdir/crf_16.mpd,/videos/BigBuckBunny-2160.avi
11363,0.97874,8.08311,0.99777,46.98832,0.99961,0.83585,0.97857,0.98898,0.99308,100.0,1.17,1.13,0.68,1.3,47.46,47.62,49.83,46.99,0.99,0.987,0.991,0.991,/tmpdir/crf_16.mpd,/videos/BigBuckBunny-2160.avi
11364,0.97603,8.08311,0.99754,46.67443,0.99953,0.83106,0.97414,0.98657,0.99164,99.74289,1.25,1.18,0.69,1.4,47.18,47.4,49.71,46.67,0.99,0.987,0.991,0.991,/tmpdir/crf_16.mpd,/videos/BigBuckBunny-2160.avi
11365,0.98553,7.86209,0.9982,47.72228,0.99977,0.85124,0.98678,0.99379,0.99641,100.0,1.0,0.96,0.63,1.1,48.14,48.31,50.14,47.72,0.991,0.989,0.991,0.992,/tmpdir/crf_16.mpd,/videos/BigBuckBunny-2160.avi
11366,0.97625,7.86209,0.9976,46.77431,0.99954,0.83401,0.97457,0.98671,0.99163,99.6406,1.22,1.17,0.7,1.37,47.26,47.45,49.71,46.77,0.99,0.987,0.991,0.991,/tmpdir/crf_16.mpd,/videos/BigBuckBunny-2160.avi
11367,0.97825,7.65112,0.99778,47.01572,0.99962,0.83681,0.97851,0.98888,0.99298,99.99275,1.16,1.12,0.68,1.29,47.48,47.64,49.83,47.02,0.991,0.987,0.991,0.991,/tmpdir/crf_16.mpd,/videos/BigBuckBunny-2160.avi
11368,0.97595,7.65112,0.99758,46.7229,0.99954,0.83247,0.97446,0.98667,0.99159,99.44638,1.24,1.19,0.7,1.38,47.21,47.39,49.69,46.72,0.99,0.987,0.991,0.991,/tmpdir/crf_16.mpd,/videos/BigBuckBunny-2160.avi
11369,0.9859,7.43744,0.99823,47.78358,0.99978,0.85256,0.98708,0.99391,0.99648,100.0,0.98,0.95,0.63,1.08,48.2,48.36,50.16,47.78,0.991,0.989,0.991,0.992,/tmpdir/crf_16.mpd,/videos/BigBuckBunny-2160.avi
11370,0.97643,7.43744,0.99764,46.8274,0.99955,0.83571,0.97515,0.98703,0.99185,99.41779,1.21,1.16,0.69,1.35,47.31,47.48,49.73,46.83,0.99,0.987,0.991,0.991,/tmpdir/crf_16.mpd,/videos/BigBuckBunny-2160.avi
11371,0.97838,7.2421,0.9978,47.05618,0.99962,0.83832,0.97894,0.98916,0.99323,99.77573,1.15,1.1,0.67,1.28,47.53,47.7,49.87,47.06,0.991,0.987,0.991,0.991,/tmpdir/crf_16.mpd,/videos/BigBuckBunny-2160.avi
11372,0.97628,7.2421,0.99762,46.78238,0.99955,0.83454,0.97502,0.98706,0.99191,99.27021,1.22,1.17,0.69,1.36,47.27,47.45,49.75,46.78,0.99,0.987,0.991,0.991,/tmpdir/crf_16.mpd,/videos/BigBuckBunny-2160.avi
11373,0.98647,7.04003,0.99827,47.87728,0.99979,0.85488,0.98765,0.99425,0.99668,100.0,0.96,0.93,0.62,1.06,48.29,48.46,50.2,47.88,0.991,0.989,0.991,0.992,/tmpdir/crf_16.mpd,/videos/BigBuckBunny-2160.avi
11374,0.97713,7.04003,0.9977,46.94728,0.99956,0.83852,0.97598,0.98746,0.99212,99.3155,1.18,1.16,0.69,1.31,47.4,47.5,49.76,46.95,0.991,0.987,0.991,0.991,/tmpdir/crf_16.mpd,/videos/BigBuckBunny-2160.avi
11375,0.97859,6.83487,0.99784,47.14445,0.99962,0.84043,0.97945,0.98942,0.99333,99.5697,1.13,1.08,0.67,1.25,47.61,47.79,49.88,47.14,0.991,0.988,0.991,0.991,/tmpdir/crf_16.mpd,/videos/BigBuckBunny-2160.avi
11376,0.9767,6.83487,0.99764,46.86239,0.99955,0.83615,0.97545,0.98719,0.99186,99.08539,1.2,1.16,0.69,1.34,47.33,47.5,49.72,46.86,0.99,0.987,0.991,0.991,/tmpdir/crf_16.mpd,/videos/BigBuckBunny-2160.avi
11377,0.98662,6.60084,0.99828,47.91997,0.99979,0.85588,0.98788,0.99435,0.99679,100.0,0.96,0.91,0.62,1.05,48.33,48.52,50.22,47.92,0.992,0.989,0.991,0.992,/tmpdir/crf_16.mpd,/videos/BigBuckBunny-2160.avi
11378,0.97735,6.60084,0.99773,46.99755,0.99957,0.84,0.9763,0.98758,0.99215,99.08304,1.17,1.15,0.69,1.3,47.44,47.53,49.77,47.0,0.991,0.987,0.991,0.991,/tmpdir/crf_16.mpd,/videos/BigBuckBunny-2160.avi
11379,0.97873,6.35419,0.99787,47.21538,0.99963,0.84185,0.97952,0.98938,0.9933,99.29156,1.11,1.08,0.66,1.23,47.67,47.82,49.92,47.22,0.991,0.988,0.991,0.992,/tmpdir/crf_16.mpd,/videos/BigBuckBunny-2160.avi
11380,0.9771,6.35419,0.99768,46.92597,0.99956,0.83761,0.97575,0.98728,0.99196,98.86472,1.18,1.12,0.68,1.32,47.41,47.63,49.81,46.93,0.991,0.987,0.991,0.991,/tmpdir/crf_16.mpd,/videos/BigBuckBunny-2160.avi
11381,0.98706,6.0975,0.99831,47.99252,0.99979,0.85759,0.98833,0.99458,0.9969,100.0,0.94,0.9,0.61,1.03,48.4,48.58,50.26,47.99,0.992,0.989,0.991,0.992,/tmpdir/crf_16.mpd,/videos/BigBuckBunny-2160.avi
11382,0.97751,6.0975,0.99775,47.04997,0.99957,0.84134,0.97687,0.9879,0.99235,98.82164,1.15,1.12,0.67,1.28,47.51,47.62,49.84,47.05,0.991,0.987,0.991,0.992,/tmpdir/crf_16.mpd,/videos/BigBuckBunny-2160.avi
11383,0.9797,5.84923,0.99789,47.28126,0.99963,0.8436,0.98013,0.98974,0.99356,99.18045,1.1,1.05,0.66,1.22,47.74,47.91,49.97,47.28,0.991,0.988,0.991,0.992,/tmpdir/crf_16.mpd,/videos/BigBuckBunny-2160.avi
11384,0.9775,5.84923,0.99772,46.99394,0.99956,0.83959,0.97641,0.98765,0.99221,98.65059,1.16,1.12,0.67,1.3,47.47,47.66,49.85,46.99,0.991,0.988,0.991,0.991,/tmpdir/crf_16.mpd,/videos/BigBuckBunny-2160.avi
11385,0.98693,5.57513,0.99834,48.05254,0.9998,0.85901,0.98859,0.99465,0.99691,100.0,0.93,0.89,0.61,1.02,48.45,48.63,50.29,48.05,0.992,0.989,0.991,0.992,/tmpdir/crf_16.mpd,/videos/BigBuckBunny-2160.avi
11386,0.97761,5.57513,0.9978,47.11753,0.99958,0.84275,0.97713,0.9879,0.99222,98.51405,1.14,1.1,0.67,1.26,47.58,47.73,49.88,47.12,0.991,0.988,0.991,0.992,/tmpdir/crf_16.mpd,/videos/BigBuckBunny-2160.avi
11387,0.97972,5.26016,0.99793,47.3818,0.99963,0.84621,0.98036,0.98971,0.99342,98.82384,1.07,1.03,0.65,1.19,47.83,48.02,50.02,47.38,0.991,0.988,0.991,0.992,/tmpdir/crf_16.mpd,/videos/BigBuckBunny-2160.avi
11388,0.97776,5.26016,0.99778,47.12427,0.99957,0.84284,0.97726,0.98814,0.99244,98.37298,1.13,1.08,0.67,1.26,47.59,47.8,49.9,47.12,0.991,0.988,0.991,0.992,/tmpdir/crf_16.mpd,/videos/BigBuckBunny-2160.avi
11389,0.98794,4.93747,0.99845,48.32082,0.99982,0.86515,0.98964,0.99515,0.99717,100.0,0.88,0.84,0.59,0.96,48.71,48.91,50.42,48.32,0.992,0.99,0.992,0.993,/tmpdir/crf_16.mpd,/videos/BigBuckBunny-2160.avi
11390,0.97846,4.93747,0.99793,47.38644,0.99961,0.84898,0.979,0.98909,0.99317,98.38491,1.07,1.03,0.65,1.19,47.83,48.01,50.0,47.39,0.991,0.989,0.991,0.992,/tmpdir/crf_16.mpd,/videos/BigBuckBunny-2160.avi
11391,0.98047,4.60874,0.99805,47.6284,0.99966,0.85174,0.98171,0.99041,0.99391,98.63384,1.02,0.99,0.63,1.12,48.06,48.18,50.16,47.63,0.991,0.989,0.991,0.992,/tmpdir/crf_16.mpd,/videos/BigBuckBunny-2160.avi
11392,0.97872,4.60874,0.99792,47.37231,0.99961,0.84901,0.97884,0.98891,0.99298,98.22331,1.07,1.04,0.64,1.19,47.82,47.97,50.06,47.37,0.991,0.988,0.991,0.992,/tmpdir/crf_16.mpd,/videos/BigBuckBunny-2160.avi
11393,0.98849,4.27823,0.99853,48.53501,0.99983,0.86989,0.99056,0.99559,0.99747,100.0,0.83,0.79,0.57,0.91,48.92,49.14,50.57,48.54,0.992,0.991,0.992,0.993,/tmpdir/crf_16.mpd,/videos/BigBuckBunny-2160.avi
11394,0.97928,4.27823,0.99803,47.57569,0.99964,0.85387,0.9803,0.98973,0.99349,98.19425,1.02,0.97,0.62,1.14,48.04,48.27,50.22,47.58,0.992,0.989,0.992,0.992,/tmpdir/crf_16.mpd,/videos/BigBuckBunny-2160.avi
11395,0.98135,3.9483,0.99815,47.82513,0.99968,0.85673,0.98288,0.99106,0.99438,98.46991,0.97,0.93,0.61,1.07,48.26,48.44,50.31,47.83,0.992,0.989,0.992,0.992,/tmpdir/crf_16.mpd,/videos/BigBuckBunny-2160.avi
11396,0.97972,3.9483,0.99799,47.54133,0.99962,0.85307,0.98002,0.98961,0.99345,98.07858,1.03,0.98,0.62,1.15,48.0,48.2,50.21,47.54,0.992,0.989,0.992,0.992,/tmpdir/crf_16.mpd,/videos/BigBuckBunny-2160.avi
11397,0.98909,3.63222,0.99859,48.71051,0.99984,0.87358,0.99109,0.99586,0.99759,100.0,0.8,0.76,0.55,0.88,49.09,49.35,50.7,48.71,0.993,0.991,0.992,0.993,/tmpdir/crf_16.mpd,/videos/BigBuckBunny-2160.avi
11398,0.98017,3.63222,0.99811,47.76682,0.99965,0.85775,0.98132,0.99025,0.99385,98.03236,0.98,0.94,0.61,1.09,48.21,48.42,50.3,47.77,0.992,0.989,0.992,0.993,/tmpdir/crf_16.mpd,/videos/BigBuckBunny-2160.avi
11399,0.98205,3.3326,0.99825,48.06194,0.9997,0.86174,0.98422,0.99181,0.9948,98.30961,0.92,0.88,0.59,1.02,48.49,48.69,50.45,48.06,0.992,0.99,0.992,0.993,/tmpdir/crf_16.mpd,/videos/BigBuckBunny-2160.avi
11400,0.98036,3.3326,0.9981,47.77064,0.99964,0.85779,0.98146,0.99041,0.99398,97.91317,0.98,0.93,0.6,1.09,48.22,48.46,50.33,47.77,0.992,0.99,0.992,0.993,/tmpdir/crf_16.mpd,/videos/BigBuckBunny-2160.avi
11401,0.98964,3.03584,0.99866,48.946,0.99985,0.87849,0.99179,0.99614,0.99774,99.8362,0.76,0.71,0.53,0.83,49.32,49.61,50.85,48.95,0.993,0.991,0.992,0.993,/tmpdir/crf_16.mpd,/videos/BigBuckBunny-2160.avi
11402,0.98126,3.03584,0.99819,47.97338,0.99967,0.86181,0.98244,0.9909,0.99428,97.95149,0.94,0.91,0.59,1.04,48.39,48.54,50.43,47.97,0.992,0.99,0.992,0.993,/tmpdir/crf_16.mpd,/videos/BigBuckBunny-2160.avi
11403,0.98298,2.73243,0.99832,48.24207,0.99972,0.86556,0.98505,0.99219,0.99501,98.18205,0.89,0.87,0.58,0.97,48.63,48.72,50.52,48.24,0.992,0.99,0.992,0.993,/tmpdir/crf_16.mpd,/videos/BigBuckBunny-2160.avi
11404,0.98135,2.73243,0.99816,47.93238,0.99966,0.8607,0.98239,0.99094,0.99431,97.80648,0.95,0.9,0.59,1.05,48.37,48.6,50.43,47.93,0.992,0.99,0.992,0.993,/tmpdir/crf_16.mpd,/videos/BigBuckBunny-2160.avi
11405,0.98954,2.45266,0.99866,48.93876,0.99985,0.87808,0.99179,0.99617,0.99774,99.51248,0.76,0.71,0.53,0.83,49.32,49.63,50.86,48.94,0.993,0.991,0.992,0.993,/tmpdir/crf_16.mpd,/videos/BigBuckBunny-2160.avi
11406,0.98123,2.45266,0.9982,48.00804,0.99968,0.8619,0.98272,0.99111,0.99448,97.65568,0.94,0.94,0.6,1.03,48.39,48.39,50.38,48.01,0.992,0.989,0.992,0.993,/tmpdir/crf_16.mpd,/videos/BigBuckBunny-2160.avi
11407,0.9829,2.19143,0.99833,48.25778,0.99972,0.86564,0.98543,0.99256,0.99535,97.91652,0.89,0.89,0.58,0.97,48.63,48.64,50.49,48.26,0.992,0.99,0.992,0.993,/tmpdir/crf_16.mpd,/videos/BigBuckBunny-2160.avi
11408,0.98181,2.19143,0.99817,47.94711,0.99967,0.86067,0.98266,0.99114,0.99447,97.61889,0.96,0.96,0.6,1.04,48.33,48.32,50.34,47.95,0.992,0.989,0.992,0.993,/tmpdir/crf_16.mpd,/videos/BigBuckBunny-2160.avi
11409,0.98904,1.94876,0.99863,48.84223,0.99985,0.87593,0.99134,0.99589,0.99754,99.13874,0.78,0.72,0.53,0.85,49.24,49.54,50.86,48.84,0.993,0.991,0.992,0.993,/tmpdir/crf_16.mpd,/videos/BigBuckBunny-2160.avi
11410,0.98189,1.94876,0.99822,48.02737,0.99969,0.86244,0.98295,0.99123,0.99455,97.51908,0.94,0.97,0.6,1.02,48.38,48.28,50.35,48.03,0.992,0.989,0.992,0.993,/tmpdir/crf_16.mpd,/videos/BigBuckBunny-2160.avi
11411,0.98259,1.67912,0.99829,48.16241,0.99973,0.86283,0.98522,0.99251,0.99536,97.59401,0.9,0.88,0.58,0.99,48.57,48.71,50.52,48.16,0.992,0.99,0.992,0.993,/tmpdir/crf_16.mpd,/videos/BigBuckBunny-2160.avi
11412,0.98039,1.67912,0.99811,47.81413,0.99966,0.85658,0.98183,0.99069,0.99423,97.06768,0.99,1.0,0.61,1.08,48.2,48.13,50.28,47.81,0.992,0.989,0.992,0.993,/tmpdir/crf_16.mpd,/videos/BigBuckBunny-2160.avi
11413,0.98806,1.43107,0.99853,48.54264,0.99983,0.86931,0.99031,0.99539,0.99729,98.65839,0.83,0.78,0.55,0.91,48.95,49.22,50.74,48.54,0.992,0.991,0.992,0.993,/tmpdir/crf_16.mpd,/videos/BigBuckBunny-2160.avi
11414,0.97999,1.43107,0.99815,47.83162,0.99967,0.85731,0.9818,0.99063,0.99407,96.8613,0.99,1.02,0.62,1.07,48.19,48.05,50.21,47.83,0.992,0.988,0.992,0.993,/tmpdir/crf_16.mpd,/videos/BigBuckBunny-2160.avi
11415,0.9821,1.21048,0.99822,47.95749,0.99972,0.85787,0.98446,0.99204,0.99498,97.2225,0.95,0.93,0.59,1.04,48.37,48.46,50.43,47.96,0.992,0.989,0.992,0.993,/tmpdir/crf_16.mpd,/videos/BigBuckBunny-2160.avi
11416,0.97965,1.21048,0.99801,47.52168,0.99965,0.85037,0.98122,0.9906,0.99422,96.68392,1.05,1.08,0.63,1.15,47.91,47.8,50.12,47.52,0.991,0.988,0.991,0.992,/tmpdir/crf_16.mpd,/videos/BigBuckBunny-2160.avi
11417,0.9843,1.10237,0.99817,47.61542,0.99976,0.84899,0.9867,0.99367,0.99624,97.66408,1.0,0.93,0.59,1.13,48.11,48.43,50.46,47.62,0.991,0.989,0.992,0.992,/tmpdir/crf_16.mpd,/videos/BigBuckBunny-2160.avi
11418,0.97977,1.10237,0.9977,46.8511,0.99965,0.83179,0.98103,0.9911,0.99483,96.66424,1.18,1.07,0.61,1.34,47.43,47.85,50.25,46.85,0.99,0.987,0.991,0.991,/tmpdir/crf_16.mpd,/videos/BigBuckBunny-2160.avi
11419,0.9957,0.03315,0.99929,53.61141,0.99992,0.92294,0.99788,0.99927,0.99962,99.77961,0.24,0.14,0.16,0.28,54.37,56.81,56.13,53.61,0.997,0.998,0.997,0.996,/tmpdir/crf_16.mpd,/videos/BigBuckBunny-2160.avi
11420,0.9951,0.03315,0.9992,53.19148,0.9999,0.91567,0.99746,0.99909,0.99953,99.63653,0.26,0.14,0.17,0.31,53.98,56.55,55.84,53.19,0.996,0.998,0.997,0.996,/tmpdir/crf_16.mpd,/videos/BigBuckBunny-2160.avi
11421,0.99334,0.08268,0.99902,52.44041,0.99984,0.90243,0.99608,0.99858,0.99924,99.26803,0.3,0.15,0.18,0.37,53.32,56.32,55.57,52.44,0.996,0.998,0.997,0.995,/tmpdir/crf_16.mpd,/videos/BigBuckBunny-2160.avi
11422,0.99261,0.0934,0.99888,52.01068,0.9998,0.89429,0.99528,0.99819,0.99904,99.09114,0.33,0.16,0.19,0.41,52.94,56.19,55.39,52.01,0.996,0.998,0.997,0.995,/tmpdir/crf_16.mpd,/videos/BigBuckBunny-2160.avi
11423,0.993,0.14612,0.99881,51.8173,0.99981,0.89184,0.99563,0.99829,0.99907,99.18254,0.34,0.16,0.19,0.43,52.77,56.13,55.3,51.82,0.996,0.997,0.997,0.995,/tmpdir/crf_16.mpd,/videos/BigBuckBunny-2160.avi
11424,0.99137,0.14612,0.99856,51.28828,0.99967,0.88345,0.99295,0.99717,0.9985,98.79742,0.38,0.17,0.2,0.48,52.29,55.94,55.04,51.29,0.995,0.997,0.997,0.994,/tmpdir/crf_16.mpd,/videos/BigBuckBunny-2160.avi
11425,0.9911,0.15726,0.99859,51.31603,0.99969,0.89105,0.99278,0.99698,0.99828,98.75844,0.38,0.17,0.2,0.48,52.31,55.91,55.03,51.32,0.995,0.997,0.997,0.994,/tmpdir/crf_16.mpd,/videos/BigBuckBunny-2160.avi
11426,0.99069,0.15726,0.99849,51.20018,0.99962,0.88881,0.9925,0.9969,0.9982,98.67061,0.39,0.17,0.21,0.49,52.2,55.85,54.95,51.2,0.995,0.997,0.997,0.994,/tmpdir/crf_16.mpd,/videos/BigBuckBunny-2160.avi
11427,0.99359,0.17935,0.99876,51.76441,0.99981,0.90407,0.99622,0.99855,0.99922,99.35916,0.35,0.16,0.2,0.43,52.7,56.01,55.13,51.76,0.995,0.997,0.997,0.995,/tmpdir/crf_16.mpd,/videos/BigBuckBunny-2160.avi
11428,0.99073,0.17935,0.99854,51.27663,0.99963,0.88878,0.99195,0.99659,0.99796,98.66331,0.39,0.18,0.22,0.48,52.23,55.63,54.72,51.28,0.995,0.997,0.997,0.995,/tmpdir/crf_16.mpd,/videos/BigBuckBunny-2160.avi
11429,0.99107,0.1889,0.99859,51.34364,0.99967,0.89039,0.99207,0.99667,0.9981,98.74546,0.38,0.18,0.22,0.48,52.28,55.62,54.69,51.34,0.995,0.997,0.997,0.995,/tmpdir/crf_16.mpd,/videos/BigBuckBunny-2160.avi
11430,0.99077,0.1889,0.99844,51.17621,0.99959,0.88565,0.9913,0.99635,0.99792,98.65539,0.4,0.18,0.23,0.5,52.13,55.56,54.58,51.18,0.995,0.997,0.997,0.994,/tmpdir/crf_16.mpd,/videos/BigBuckBunny-2160.avi
11431,0.99342,0.19952,0.99874,51.77409,0.9998,0.9019,0.99548,0.9982,0.99901,99.30705,0.35,0.17,0.21,0.43,52.66,55.76,54.85,51.77,0.995,0.997,0.997,0.995,/tmpdir/crf_16.mpd,/videos/BigBuckBunny-2160.avi
11432,0.99023,0.19952,0.99849,51.21344,0.99961,0.88623,0.99129,0.9963,0.99794,98.5673,0.4,0.19,0.24,0.49,52.12,55.38,54.37,51.21,0.995,0.997,0.997,0.994,/tmpdir/crf_16.mpd,/videos/BigBuckBunny-2160.avi
11433,0.99023,0.2093,0.99854,51.2524,0.99967,0.88565,0.99166,0.99649,0.99801,98.58044,0.4,0.19,0.24,0.49,52.14,55.32,54.27,51.25,0.995,0.997,0.996,0.994,/tmpdir/crf_16.mpd,/videos/BigBuckBunny-2160.avi
11434,0.99011,0.2093,0.99843,51.09732,0.99958,0.88112,0.99094,0.99626,0.99791,98.53246,0.41,0.19,0.25,0.51,52.0,55.26,54.23,51.1,0.995,0.997,0.996,0.994,/tmpdir/crf_16.mpd,/videos/BigBuckBunny-2160.avi
11435,0.99293,0.2156,0.99869,51.65132,0.99978,0.89448,0.99471,0.99801,0.99907,99.20263,0.36,0.18,0.23,0.44,52.51,55.54,54.57,51.65,0.995,0.997,0.997,0.994,/tmpdir/crf_16.mpd,/videos/BigBuckBunny-2160.avi
11436,0.98981,0.2156,0.99838,50.9926,0.99959,0.87813,0.99053,0.99607,0.99783,98.46271,0.42,0.2,0.25,0.52,51.89,55.15,54.08,50.99,0.995,0.997,0.996,0.994,/tmpdir/crf_16.mpd,/videos/BigBuckBunny-2160.avi
11437,0.99054,0.33012,0.99847,51.06681,0.99966,0.88212,0.99127,0.99629,0.9979,98.6682,0.42,0.2,0.26,0.51,51.94,55.08,54.01,51.07,0.995,0.997,0.996,0.994,/tmpdir/crf_16.mpd,/videos/BigBuckBunny-2160.avi
11438,0.9894,0.47813,0.99831,50.8445,0.99958,0.87469,0.99001,0.99589,0.99773,98.49093,0.44,0.21,0.27,0.54,51.73,54.9,53.81,50.84,0.995,0.997,0.996,0.994,/tmpdir/crf_16.mpd,/videos/BigBuckBunny-2160.avi
11439,0.9929,0.72946,0.99862,51.49909,0.99977,0.88963,0.99426,0.99781,0.99887,99.40371,0.38,0.19,0.24,0.46,52.34,55.31,54.32,51.5,0.995,0.997,0.996,0.994,/tmpdir/crf_16.mpd,/videos/BigBuckBunny-2160.avi
11440,0.9891,0.72946,0.99826,50.7504,0.99958,0.86961,0.98943,0.99564,0.99751,98.52267,0.45,0.22,0.28,0.55,51.63,54.79,53.7,50.75,0.995,0.997,0.996,0.994,/tmpdir/crf_16.mpd,/videos/BigBuckBunny-2160.avi
11441,0.9893,0.44944,0.99834,50.80075,0.99965,0.87133,0.99028,0.99607,0.99797,98.47086,0.44,0.21,0.27,0.54,51.68,54.85,53.76,50.8,0.995,0.997,0.996,0.994,/tmpdir/crf_16.mpd,/videos/BigBuckBunny-2160.avi
11442,0.98858,0.44944,0.99823,50.69433,0.99957,0.86806,0.98953,0.99573,0.99761,98.3017,0.45,0.22,0.28,0.55,51.57,54.71,53.61,50.69,0.995,0.997,0.996,0.994,/tmpdir/crf_16.mpd,/videos/BigBuckBunny-2160.avi
11443,0.99186,0.5927,0.99855,51.32079,0.99976,0.88378,0.99409,0.99786,0.99895,99.14427,0.4,0.2,0.25,0.48,52.16,55.1,54.09,51.32,0.995,0.997,0.996,0.994,/tmpdir/crf_16.mpd,/videos/BigBuckBunny-2160.avi
11444,0.98815,0.5927,0.99826,50.75347,0.99957,0.86964,0.99022,0.99613,0.99788,98.32769,0.45,0.23,0.29,0.55,51.59,54.6,53.49,50.75,0.995,0.997,0.996,0.994,/tmpdir/crf_16.mpd,/videos/BigBuckBunny-2160.avi
11445,0.98931,0.41221,0.99835,50.80823,0.99964,0.8719,0.99077,0.99625,0.99797,98.46242,0.44,0.22,0.28,0.54,51.66,54.74,53.61,50.81,0.995,0.997,0.996,0.994,/tmpdir/crf_16.mpd,/videos/BigBuckBunny-2160.avi
11446,0.9883,0.4034,0.99822,50.62758,0.99956,0.86704,0.98993,0.99591,0.99763,98.23509,0.46,0.22,0.29,0.56,51.49,54.64,53.47,50.63,0.994,0.997,0.996,0.994,/tmpdir/crf_16.mpd,/videos/BigBuckBunny-2160.avi
11447,0.99121,0.27559,0.99844,51.02859,0.99972,0.87582,0.99295,0.99737,0.9987,98.82653,0.42,0.21,0.26,0.51,51.89,54.95,53.9,51.03,0.995,0.997,0.996,0.994,/tmpdir/crf_16.mpd,/videos/BigBuckBunny-2160.avi
11448,0.99092,0.27559,0.99845,51.02008,0.99973,0.87451,0.99303,0.99744,0.99876,98.77688,0.42,0.21,0.27,0.51,51.87,54.89,53.86,51.02,0.995,0.997,0.996,0.994,/tmpdir/crf_16.mpd,/videos/BigBuckBunny-2160.avi
11449,0.99462,0.26495,0.99914,52.9723,0.9999,0.9128,0.99708,0.99894,0.9995,99.63966,0.28,0.16,0.19,0.33,53.68,55.96,55.27,52.97,0.996,0.997,0.997,0.996,/tmpdir/crf_16.mpd,/videos/BigBuckBunny-2160.avi
11450,0.98993,0.26495,0.99843,51.15644,0.99963,0.87772,0.9915,0.99643,0.99796,98.52306,0.4,0.19,0.23,0.5,52.08,55.31,54.44,51.16,0.995,0.997,0.997,0.994,/tmpdir/crf_16.mpd,/videos/BigBuckBunny-2160.avi
11451,0.98999,0.25806,0.9985,51.1818,0.99968,0.87861,0.99194,0.99677,0.99827,98.5646,0.4,0.2,0.24,0.5,52.08,55.21,54.31,51.18,0.995,0.997,0.996,0.994,/tmpdir/crf_16.mpd,/videos/BigBuckBunny-2160.avi
11452,0.98921,0.25806,0.99838,50.98044,0.99963,0.87411,0.99124,0.99639,0.99791,98.37797,0.42,0.2,0.25,0.52,51.88,55.08,54.12,50.98,0.995,0.997,0.996,0.994,/tmpdir/crf_16.mpd,/videos/BigBuckBunny-2160.avi
11453,0.99027,0.25438,0.99845,51.01984,0.9997,0.87532,0.99229,0.99688,0.99832,98.60824,0.41,0.19,0.24,0.51,51.95,55.25,54.35,51.02,0.995,0.997,0.996,0.994,/tmpdir/crf_16.mpd,/videos/BigBuckBunny-2160.avi
11454,0.98848,0.25438,0.9983,50.78151,0.9996,0.8695,0.99032,0.99606,0.99779,98.21681,0.44,0.21,0.26,0.54,51.69,54.96,53.94,50.78,0.995,0.997,0.996,0.994,/tmpdir/crf_16.mpd,/videos/BigBuckBunny-2160.avi
11455,0.98886,0.33393,0.99823,50.54255,0.99963,0.86434,0.99027,0.99602,0.99777,98.30584,0.46,0.2,0.26,0.57,51.51,55.03,54.03,50.54,0.994,0.997,0.996,0.993,/tmpdir/crf_16.mpd,/videos/BigBuckBunny-2160.avi
11456,0.99667,0.0713,0.9995,52.95746,0.99996,0.94942,0.99835,0.99925,0.99958,100.0,0.29,0.21,0.2,0.33,53.55,55.0,55.12,52.96,0.997,0.998,0.997,0.997,/tmpdir/crf_16.mpd,/videos/BigBuckBunny-2160.avi
11457,0.99603,0.06245,0.99939,52.34953,0.99994,0.94432,0.9975,0.99874,0.99924,99.89053,0.33,0.23,0.22,0.38,52.98,54.55,54.68,52.35,0.997,0.997,0.997,0.996,/tmpdir/crf_16.mpd,/videos/BigBuckBunny-2160.avi
11458,0.99568,0.06245,0.99934,52.10379,0.99993,0.94207,0.99729,0.99859,0.99912,99.80769,0.34,0.23,0.23,0.4,52.77,54.47,54.59,52.1,0.997,0.997,0.997,0.996,/tmpdir/crf_16.mpd,/videos/BigBuckBunny-2160.avi
11459,0.99534,0.06798,0.99929,51.8447,0.99992,0.93874,0.99713,0.99856,0.9991,99.73561,0.36,0.24,0.23,0.43,52.54,54.33,54.46,51.84,0.996,0.997,0.997,0.996,/tmpdir/crf_16.mpd,/videos/BigBuckBunny-2160.avi
11460,0.99541,0.06798,0.99928,51.80953,0.99993,0.93767,0.99752,0.99886,0.99932,99.76703,0.36,0.24,0.23,0.43,52.52,54.35,54.46,51.81,0.996,0.997,0.997,0.996,/tmpdir/crf_16.mpd,/videos/BigBuckBunny-2160.avi
11461,0.9945,0.09881,0.99915,51.35982,0.99988,0.93367,0.99659,0.99827,0.99895,99.56223,0.4,0.25,0.24,0.48,52.12,54.16,54.29,51.36,0.996,0.997,0.997,0.996,/tmpdir/crf_16.mpd,/videos/BigBuckBunny-2160.avi
11462,0.99423,0.09881,0.99914,51.31094,0.99988,0.93314,0.9966,0.9983,0.99897,99.51442,0.4,0.25,0.24,0.48,52.08,54.14,54.26,51.31,0.996,0.997,0.997,0.996,/tmpdir/crf_16.mpd,/videos/BigBuckBunny-2160.avi
11463,0.99435,0.12292,0.9991,51.21501,0.99986,0.93222,0.99666,0.99836,0.99903,99.5492,0.41,0.26,0.25,0.49,51.99,54.06,54.19,51.22,0.996,0.997,0.997,0.995,/tmpdir/crf_16.mpd,/videos/BigBuckBunny-2160.avi
11464,0.99499,0.12633,0.99918,51.46021,0.99991,0.93422,0.99739,0.99884,0.99936,99.70792,0.39,0.25,0.24,0.46,52.19,54.12,54.24,51.46,0.996,0.997,0.997,0.996,/tmpdir/crf_16.mpd,/videos/BigBuckBunny-2160.avi
11465,0.99385,0.1332,0.99907,51.08583,0.99986,0.93048,0.99639,0.99819,0.9989,99.44415,0.42,0.26,0.25,0.51,51.86,53.96,54.07,51.09,0.996,0.997,0.997,0.995,/tmpdir/crf_16.mpd,/videos/BigBuckBunny-2160.avi
11466,0.99393,0.13997,0.99908,51.06638,0.99986,0.93143,0.99639,0.99818,0.99889,99.46426,0.43,0.26,0.26,0.51,51.84,53.94,54.06,51.07,0.996,0.997,0.997,0.995,/tmpdir/crf_16.mpd,/videos/BigBuckBunny-2160.avi
11467,0.99379,0.12237,0.99905,51.02096,0.99985,0.93052,0.99633,0.99816,0.99886,99.42686,0.43,0.26,0.26,0.51,51.8,53.91,54.0,51.02,0.996,0.997,0.997,0.995,/tmpdir/crf_16.mpd,/videos/BigBuckBunny-2160.avi
11468,0.99509,0.12237,0.99916,51.40528,0.99991,0.93536,0.99736,0.99882,0.99935,99.72687,0.4,0.26,0.25,0.47,52.12,54.02,54.1,51.41,0.996,0.997,0.997,0.996,/tmpdir/crf_16.mpd,/videos/BigBuckBunny-2160.avi
11469,0.9936,0.14331,0.99906,51.03532,0.99985,0.93129,0.99625,0.99812,0.99885,99.40175,0.43,0.27,0.27,0.51,51.79,53.83,53.89,51.04,0.996,0.997,0.997,0.995,/tmpdir/crf_16.mpd,/videos/BigBuckBunny-2160.avi
11470,0.99379,0.16392,0.99907,51.04017,0.99985,0.93236,0.99632,0.99815,0.99887,99.45215,0.43,0.27,0.27,0.51,51.79,53.81,53.87,51.04,0.996,0.997,0.997,0.995,/tmpdir/crf_16.mpd,/videos/BigBuckBunny-2160.avi
11471,0.99385,0.12904,0.99898,50.90569,0.99983,0.93106,0.99622,0.99813,0.99887,99.44246,0.44,0.27,0.27,0.53,51.68,53.78,53.84,50.91,0.996,0.997,0.997,0.995,/tmpdir/crf_16.mpd,/videos/BigBuckBunny-2160.avi
11472,0.99524,0.12904,0.9991,51.26113,0.9999,0.93505,0.99721,0.99872,0.99929,99.74868,0.41,0.27,0.26,0.49,51.98,53.89,53.97,51.26,0.996,0.997,0.997,0.995,/tmpdir/crf_16.mpd,/videos/BigBuckBunny-2160.avi
11473,0.99367,0.14433,0.99901,50.95219,0.99984,0.93068,0.99607,0.99802,0.99878,99.40617,0.44,0.28,0.27,0.52,51.69,53.69,53.75,50.95,0.996,0.997,0.997,0.995,/tmpdir/crf_16.mpd,/videos/BigBuckBunny-2160.avi
11474,0.99366,0.14433,0.99902,50.98027,0.99985,0.93136,0.99615,0.9981,0.99886,99.41338,0.44,0.28,0.28,0.52,51.71,53.68,53.73,50.98,0.996,0.997,0.997,0.995,/tmpdir/crf_16.mpd,/videos/BigBuckBunny-2160.avi
11475,0.99362,0.64789,0.99892,50.71027,0.99982,0.92846,0.99582,0.99794,0.99873,99.61417,0.46,0.29,0.29,0.55,51.46,53.5,53.54,50.71,0.996,0.997,0.996,0.995,/tmpdir/crf_16.mpd,/videos/BigBuckBunny-2160.avi
11476,0.99474,0.90454,0.99903,50.97808,0.99989,0.9309,0.9967,0.99849,0.99915,99.98471,0.44,0.29,0.29,0.52,51.67,53.51,53.54,50.98,0.996,0.997,0.996,0.995,/tmpdir/crf_16.mpd,/videos/BigBuckBunny-2160.avi
11477,0.99331,1.07498,0.9989,50.49187,0.99983,0.92527,0.99527,0.99762,0.99853,99.72751,0.49,0.31,0.32,0.58,51.21,53.19,53.15,50.49,0.995,0.997,0.996,0.995,/tmpdir/crf_16.mpd,/videos/BigBuckBunny-2160.avi
11478,0.99334,1.07498,0.99892,50.52049,0.99984,0.92547,0.99532,0.99768,0.9986,99.73966,0.49,0.3,0.31,0.58,51.25,53.29,53.16,50.52,0.995,0.997,0.996,0.995,/tmpdir/crf_16.mpd,/videos/BigBuckBunny-2160.avi
11479,0.99333,1.25961,0.99885,50.32563,0.99982,0.92239,0.99488,0.99745,0.99844,99.79906,0.51,0.32,0.33,0.6,51.06,53.09,53.01,50.33,0.995,0.997,0.996,0.995,/tmpdir/crf_16.mpd,/videos/BigBuckBunny-2160.avi
11480,0.99441,1.82556,0.99893,50.63147,0.99988,0.92579,0.99617,0.99825,0.999,100.0,0.48,0.31,0.31,0.56,51.34,53.28,53.24,50.63,0.995,0.997,0.996,0.995,/tmpdir/crf_16.mpd,/videos/BigBuckBunny-2160.avi
11481,0.99246,2.56888,0.9988,50.17377,0.99982,0.92018,0.99453,0.99729,0.99834,100.0,0.53,0.35,0.35,0.62,50.87,52.7,52.74,50.17,0.995,0.996,0.996,0.995,/tmpdir/crf_16.mpd,/videos/BigBuckBunny-2160.avi
11482,0.99268,1.92531,0.9988,50.14976,0.99983,0.91995,0.99476,0.9974,0.99845,99.99949,0.53,0.33,0.33,0.63,50.89,52.89,52.91,50.15,0.995,0.996,0.996,0.994,/tmpdir/crf_16.mpd,/videos/BigBuckBunny-2160.avi
11483,0.99216,1.92531,0.99872,49.99484,0.99981,0.9176,0.99417,0.99719,0.9983,99.88413,0.55,0.34,0.35,0.65,50.73,52.79,52.71,49.99,0.995,0.996,0.996,0.994,/tmpdir/crf_16.mpd,/videos/BigBuckBunny-2160.avi
11484,0.99334,2.05083,0.99884,50.36584,0.99986,0.9219,0.99548,0.99793,0.99881,100.0,0.51,0.33,0.33,0.6,51.08,53.0,52.99,50.37,0.995,0.996,0.996,0.994,/tmpdir/crf_16.mpd,/videos/BigBuckBunny-2160.avi
11485,0.99201,3.13464,0.9986,49.76015,0.99979,0.91458,0.99399,0.99707,0.99822,100.0,0.57,0.35,0.35,0.69,50.54,52.68,52.72,49.76,0.995,0.996,0.996,0.994,/tmpdir/crf_16.mpd,/videos/BigBuckBunny-2160.avi
11486,0.99242,3.13464,0.99873,50.00976,0.99984,0.91723,0.99457,0.99735,0.99841,100.0,0.55,0.35,0.35,0.65,50.74,52.68,52.72,50.01,0.995,0.996,0.996,0.994,/tmpdir/crf_16.mpd,/videos/BigBuckBunny-2160.avi
11487,0.99186,2.42055,0.99862,49.87047,0.99979,0.91535,0.99418,0.99718,0.9983,100.0,0.56,0.35,0.34,0.67,50.64,52.75,52.77,49.87,0.995,0.996,0.996,0.994,/tmpdir/crf_16.mpd,/videos/BigBuckBunny-2160.avi
11488,0.99312,2.26443,0.99887,50.3547,0.99989,0.92009,0.9958,0.99812,0.99894,100.0,0.51,0.32,0.33,0.6,51.08,53.06,52.99,50.35,0.995,0.997,0.996,0.994,/tmpdir/crf_16.mpd,/videos/BigBuckBunny-2160.avi
11489,0.99177,2.15915,0.99863,49.74618,0.99981,0.91234,0.9942,0.99724,0.99837,99.92305,0.58,0.35,0.35,0.69,50.52,52.71,52.63,49.75,0.995,0.996,0.996,0.994,/tmpdir/crf_16.mpd,/videos/BigBuckBunny-2160.avi
11490,0.99279,2.15915,0.99867,49.90027,0.99982,0.91472,0.9949,0.99757,0.99857,100.0,0.56,0.34,0.34,0.67,50.67,52.79,52.79,49.9,0.995,0.996,0.996,0.994,/tmpdir/crf_16.mpd,/videos/BigBuckBunny-2160.avi
11491,0.99182,2.433,0.99866,49.80832,0.99983,0.91377,0.9947,0.99754,0.9986,100.0,0.57,0.35,0.35,0.68,50.56,52.63,52.64,49.81,0.995,0.996,0.996,0.994,/tmpdir/crf_16.mpd,/videos/BigBuckBunny-2160.avi
11492,0.99318,2.06991,0.99882,50.15857,0.99989,0.91755,0.99602,0.99825,0.99905,100.0,0.53,0.33,0.33,0.63,50.9,52.92,52.97,50.16,0.995,0.996,0.996,0.994,/tmpdir/crf_16.mpd,/videos/BigBuckBunny-2160.avi
11493,0.99206,1.79938,0.99869,49.8177,0.99981,0.91428,0.99441,0.99735,0.99846,99.8095,0.57,0.35,0.35,0.68,50.57,52.65,52.64,49.82,0.995,0.996,0.996,0.994,/tmpdir/crf_16.mpd,/videos/BigBuckBunny-2160.avi
11494,0.99296,1.79938,0.99871,49.91238,0.99983,0.91578,0.99485,0.99757,0.99857,99.98682,0.56,0.35,0.35,0.66,50.66,52.67,52.72,49.91,0.995,0.996,0.996,0.994,/tmpdir/crf_16.mpd,/videos/BigBuckBunny-2160.avi
11495,0.99223,2.36745,0.99857,49.65498,0.99979,0.91234,0.99427,0.9973,0.99841,100.0,0.59,0.36,0.35,0.7,50.43,52.55,52.64,49.65,0.994,0.996,0.996,0.994,/tmpdir/crf_16.mpd,/videos/BigBuckBunny-2160.avi
11496,0.99303,2.36745,0.99877,50.0755,0.99988,0.91702,0.99554,0.99802,0.99889,100.0,0.54,0.34,0.34,0.64,50.81,52.77,52.88,50.08,0.995,0.996,0.996,0.994,/tmpdir/crf_16.mpd,/videos/BigBuckBunny-2160.avi
11497,0.99403,2.61079,0.99875,50.09516,0.99987,0.91742,0.99557,0.99803,0.9989,100.0,0.54,0.34,0.33,0.64,50.85,52.85,52.96,50.1,0.995,0.996,0.996,0.994,/tmpdir/crf_16.mpd,/videos/BigBuckBunny-2160.avi
11498,0.99206,2.61079,0.99863,49.77514,0.99981,0.914,0.99383,0.99702,0.99821,100.0,0.58,0.37,0.36,0.68,50.51,52.49,52.54,49.78,0.995,0.996,0.996,0.994,/tmpdir/crf_16.mpd,/videos/BigBuckBunny-2160.avi
11499,0.99291,3.21726,0.99872,49.93403,0.99984,0.91596,0.99423,0.99722,0.99835,100.0,0.56,0.37,0.36,0.66,50.64,52.48,52.62,49.93,0.995,0.996,0.996,0.994,/tmpdir/crf_16.mpd,/videos/BigBuckBunny-2160.avi
11500,0.9923,3.21726,0.99856,49.72049,0.99979,0.9132,0.99379,0.997,0.9982,100.0,0.59,0.38,0.36,0.69,50.46,52.35,52.56,49.72,0.994,0.996,0.996,0.994,/tmpdir/crf_16.mpd,/videos/BigBuckBunny-2160.avi
11501,0.99371,4.09007,0.99897,50.56139,0.99991,0.92261,0.99585,0.99812,0.99895,100.0,0.49,0.35,0.34,0.57,51.18,52.73,52.85,50.56,0.995,0.996,0.996,0.995,/tmpdir/crf_16.mpd,/videos/BigBuckBunny-2160.avi
11502,0.9922,2.77212,0.99863,49.7355,0.99981,0.91275,0.99401,0.99705,0.9982,100.0,0.58,0.38,0.37,0.69,50.46,52.38,52.49,49.74,0.995,0.996,0.996,0.994,/tmpdir/crf_16.mpd,/videos/BigBuckBunny-2160.avi
11503,0.99234,2.13987,0.99871,49.81507,0.99984,0.91175,0.99432,0.99723,0.99835,100.0,0.57,0.37,0.37,0.68,50.54,52.48,52.48,49.82,0.995,0.996,0.996,0.994,/tmpdir/crf_16.mpd,/videos/BigBuckBunny-2160.avi
11504,0.99156,2.13987,0.99865,49.67659,0.99982,0.91027,0.99384,0.99703,0.99825,99.85563,0.59,0.38,0.38,0.7,50.4,52.35,52.38,49.68,0.994,0.996,0.996,0.994,/tmpdir/crf_16.mpd,/videos/BigBuckBunny-2160.avi
11505,0.99356,3.53348,0.99891,50.31004,0.99991,0.91848,0.99599,0.99822,0.99902,100.0,0.52,0.35,0.35,0.61,50.97,52.69,52.71,50.31,0.995,0.996,0.996,0.994,/tmpdir/crf_16.mpd,/videos/BigBuckBunny-2160.avi
11506,0.99168,4.03447,0.99866,49.77517,0.99982,0.91177,0.99392,0.99703,0.99825,100.0,0.58,0.39,0.38,0.68,50.46,52.25,52.31,49.78,0.994,0.996,0.996,0.994,/tmpdir/crf_16.mpd,/videos/BigBuckBunny-2160.avi
11507,0.99231,2.0172,0.99877,49.98954,0.99985,0.91402,0.99452,0.99733,0.99845,99.9594,0.56,0.37,0.37,0.65,50.66,52.43,52.46,49.99,0.995,0.996,0.996,0.994,/tmpdir/crf_16.mpd,/videos/BigBuckBunny-2160.avi
11508,0.99177,2.0172,0.99871,49.80567,0.99983,0.9119,0.994,0.99707,0.99828,99.83937,0.58,0.38,0.38,0.68,50.5,52.37,52.34,49.81,0.995,0.996,0.996,0.994,/tmpdir/crf_16.mpd,/videos/BigBuckBunny-2160.avi
11509,0.99335,2.44995,0.99891,50.26964,0.99991,0.91733,0.99588,0.99816,0.99899,100.0,0.53,0.36,0.36,0.61,50.92,52.6,52.62,50.27,0.995,0.996,0.996,0.994,/tmpdir/crf_16.mpd,/videos/BigBuckBunny-2160.avi
11510,0.99182,2.82701,0.99865,49.7671,0.9998,0.91192,0.99421,0.99717,0.99833,100.0,0.58,0.37,0.37,0.69,50.49,52.44,52.45,49.77,0.994,0.996,0.996,0.994,/tmpdir/crf_16.mpd,/videos/BigBuckBunny-2160.avi
11511,0.99209,4.12309,0.99868,49.75011,0.99983,0.91061,0.99431,0.99729,0.99841,100.0,0.59,0.39,0.39,0.69,50.42,52.17,52.24,49.75,0.994,0.996,0.995,0.994,/tmpdir/crf_16.mpd,/videos/BigBuckBunny-2160.avi
11512,0.99183,2.14486,0.99867,49.69949,0.99981,0.91081,0.99413,0.99713,0.99828,99.91164,0.59,0.39,0.37,0.7,50.42,52.27,52.42,49.7,0.994,0.996,0.996,0.994,/tmpdir/crf_16.mpd,/videos/BigBuckBunny-2160.avi
11513,0.99369,1.58425,0.9989,50.25614,0.9999,0.91697,0.99591,0.99817,0.99899,100.0,0.53,0.36,0.36,0.61,50.91,52.62,52.62,50.26,0.995,0.996,0.996,0.994,/tmpdir/crf_16.mpd,/videos/BigBuckBunny-2160.avi
11514,0.99174,1.58425,0.99871,49.78932,0.99983,0.91179,0.9942,0.99714,0.99825,99.61949,0.58,0.38,0.38,0.68,50.49,52.38,52.39,49.79,0.995,0.996,0.996,0.994,/tmpdir/crf_16.mpd,/videos/BigBuckBunny-2160.avi
11515,0.99218,2.96274,0.99875,49.89407,0.99984,0.91296,0.99461,0.9974,0.99848,100.0,0.57,0.38,0.37,0.67,50.58,52.32,52.44,49.89,0.995,0.996,0.996,0.994,/tmpdir/crf_16.mpd,/videos/BigBuckBunny-2160.avi
11516,0.99183,3.81373,0.99867,49.74818,0.99982,0.9108,0.99396,0.99708,0.99831,100.0,0.59,0.4,0.39,0.69,50.42,52.13,52.23,49.75,0.994,0.996,0.995,0.994,/tmpdir/crf_16.mpd,/videos/BigBuckBunny-2160.avi
11517,0.99357,1.90251,0.99888,50.28196,0.9999,0.9168,0.9959,0.99817,0.999,100.0,0.53,0.36,0.36,0.61,50.92,52.56,52.62,50.28,0.995,0.996,0.996,0.994,/tmpdir/crf_16.mpd,/videos/BigBuckBunny-2160.avi
11518,0.99228,1.80521,0.99875,49.91227,0.99985,0.91266,0.99468,0.99745,0.99847,99.84955,0.57,0.37,0.37,0.66,50.61,52.48,52.44,49.91,0.995,0.996,0.996,0.994,/tmpdir/crf_16.mpd,/videos/BigBuckBunny-2160.avi
11519,0.99181,1.80521,0.9987,49.83415,0.99983,0.91165,0.99431,0.99722,0.99833,99.74734,0.58,0.38,0.38,0.68,50.53,52.38,52.37,49.83,0.994,0.996,0.996,0.994,/tmpdir/crf_16.mpd,/videos/BigBuckBunny-2160.avi
11520,0.99356,2.32271,0.99884,50.19969,0.99989,0.91576,0.99582,0.99812,0.99895,100.0,0.53,0.36,0.36,0.62,50.85,52.51,52.58,50.2,0.995,0.996,0.996,0.994,/tmpdir/crf_16.mpd,/videos/BigBuckBunny-2160.avi
11521,0.99233,3.84168,0.99865,49.74801,0.99981,0.91022,0.99441,0.99733,0.99845,100.0,0.59,0.4,0.39,0.69,50.41,52.06,52.19,49.75,0.994,0.996,0.995,0.994,/tmpdir/crf_16.mpd,/videos/BigBuckBunny-2160.avi
11522,0.99324,2.582,0.99885,50.17926,0.9999,0.9154,0.99571,0.99805,0.9989,100.0,0.54,0.38,0.36,0.62,50.82,52.39,52.54,50.18,0.995,0.996,0.996,0.994,/tmpdir/crf_16.mpd,/videos/BigBuckBunny-2160.avi
11523,0.99184,1.46884,0.99872,49.8506,0.99984,0.91161,0.99442,0.99728,0.99837,99.59167,0.57,0.37,0.37,0.67,50.55,52.4,52.43,49.85,0.994,0.996,0.996,0.994,/tmpdir/crf_16.mpd,/videos/BigBuckBunny-2160.avi
11524,0.99149,1.46884,0.99864,49.68564,0.99981,0.90923,0.99409,0.99711,0.99826,99.51006,0.59,0.38,0.38,0.7,50.4,52.29,52.32,49.69,0.994,0.996,0.995,0.994,/tmpdir/crf_16.mpd,/videos/BigBuckBunny-2160.avi
11525,0.99331,2.98769,0.99882,50.05063,0.99989,0.91306,0.99568,0.99807,0.99893,100.0,0.55,0.38,0.37,0.64,50.69,52.28,52.42,50.05,0.995,0.996,0.995,0.994,/tmpdir/crf_16.mpd,/videos/BigBuckBunny-2160.avi
11526,0.99182,4.10941,0.99865,49.67511,0.99982,0.9081,0.99433,0.99729,0.99841,100.0,0.6,0.41,0.4,0.7,50.34,52.03,52.15,49.68,0.994,0.996,0.995,0.994,/tmpdir/crf_16.mpd,/videos/BigBuckBunny-2160.avi
11527,0.99325,2.60466,0.99881,50.05473,0.99989,0.9125,0.99565,0.99806,0.99894,100.0,0.55,0.37,0.37,0.64,50.72,52.42,52.48,50.05,0.995,0.996,0.996,0.994,/tmpdir/crf_16.mpd,/videos/BigBuckBunny-2160.avi
11528,0.992,1.74568,0.99869,49.74623,0.99983,0.90988,0.9946,0.99743,0.9985,99.76267,0.59,0.38,0.38,0.69,50.46,52.36,52.36,49.75,0.994,0.996,0.995,0.994,/tmpdir/crf_16.mpd,/videos/BigBuckBunny-2160.avi
11529,0.99288,1.74568,0.9988,49.954,0.99989,0.91151,0.99552,0.99801,0.99891,99.96751,0.56,0.37,0.37,0.66,50.63,52.41,52.42,49.95,0.994,0.996,0.995,0.994,/tmpdir/crf_16.mpd,/videos/BigBuckBunny-2160.avi
11530,0.99324,2.2047,0.99883,50.04972,0.99989,0.91307,0.99571,0.99809,0.99895,100.0,0.55,0.37,0.37,0.64,50.71,52.4,52.48,50.05,0.995,0.996,0.996,0.994,/tmpdir/crf_16.mpd,/videos/BigBuckBunny-2160.avi
11531,0.99141,5.00883,0.99861,49.60028,0.9998,0.90641,0.99372,0.99697,0.99825,100.0,0.61,0.42,0.41,0.71,50.25,51.88,52.04,49.6,0.994,0.996,0.995,0.994,/tmpdir/crf_16.mpd,/videos/BigBuckBunny-2160.avi
11532,0.99215,3.21306,0.99873,49.85298,0.99985,0.90997,0.99442,0.99732,0.99843,100.0,0.58,0.4,0.39,0.67,50.5,52.11,52.27,49.85,0.994,0.996,0.995,0.994,/tmpdir/crf_16.mpd,/videos/BigBuckBunny-2160.avi
11533,0.99172,1.37302,0.99867,49.62727,0.99983,0.9083,0.99414,0.99718,0.99833,99.50849,0.6,0.39,0.39,0.71,50.33,52.18,52.25,49.63,0.994,0.996,0.995,0.994,/tmpdir/crf_16.mpd,/videos/BigBuckBunny-2160.avi
11534,0.99336,1.37302,0.99879,49.97608,0.99989,0.91278,0.9954,0.99792,0.99884,99.86677,0.56,0.37,0.37,0.65,50.65,52.4,52.42,49.98,0.994,0.996,0.995,0.994,/tmpdir/crf_16.mpd,/videos/BigBuckBunny-2160.avi
11535,0.99338,3.09471,0.9988,50.06872,0.99988,0.9136,0.99547,0.99795,0.99885,100.0,0.55,0.39,0.38,0.64,50.69,52.22,52.36,50.07,0.995,0.996,0.995,0.994,/tmpdir/crf_16.mpd,/videos/BigBuckBunny-2160.avi
11536,0.99333,4.53249,0.9988,50.05788,0.99988,0.91301,0.99533,0.99788,0.99883,100.0,0.56,0.4,0.38,0.64,50.67,52.14,52.33,50.06,0.995,0.996,0.995,0.994,/tmpdir/crf_16.mpd,/videos/BigBuckBunny-2160.avi
11537,0.99226,2.9905,0.99871,49.89378,0.99982,0.9119,0.99454,0.99737,0.99847,100.0,0.57,0.39,0.38,0.67,50.56,52.26,52.37,49.89,0.995,0.996,0.996,0.994,/tmpdir/crf_16.mpd,/videos/BigBuckBunny-2160.avi
11538,0.9922,1.84158,0.99877,49.86923,0.99985,0.91175,0.99428,0.99716,0.99832,99.83155,0.57,0.39,0.38,0.67,50.54,52.26,52.35,49.87,0.995,0.996,0.995,0.994,/tmpdir/crf_16.mpd,/videos/BigBuckBunny-2160.avi
11539,0.99192,1.84158,0.99869,49.73121,0.99982,0.90969,0.99404,0.99708,0.99826,99.77028,0.59,0.39,0.39,0.69,50.42,52.21,52.24,49.73,0.994,0.996,0.995,0.994,/tmpdir/crf_16.mpd,/videos/BigBuckBunny-2160.avi
11540,0.99401,2.51348,0.99885,50.24897,0.99988,0.91579,0.9959,0.99818,0.99901,100.0,0.53,0.37,0.36,0.61,50.87,52.41,52.55,50.25,0.995,0.996,0.996,0.994,/tmpdir/crf_16.mpd,/videos/BigBuckBunny-2160.avi
11541,0.99209,4.07815,0.9987,49.76774,0.99982,0.90908,0.99412,0.99718,0.99834,100.0,0.59,0.4,0.4,0.69,50.42,52.06,52.14,49.77,0.994,0.996,0.995,0.994,/tmpdir/crf_16.mpd,/videos/BigBuckBunny-2160.avi
11542,0.9941,3.35743,0.99886,50.3125,0.99989,0.91606,0.99581,0.99809,0.9989,100.0,0.52,0.37,0.36,0.61,50.94,52.49,52.59,50.31,0.995,0.996,0.996,0.994,/tmpdir/crf_16.mpd,/videos/BigBuckBunny-2160.avi
11543,0.99285,1.3007,0.99877,49.83064,0.99984,0.91176,0.99466,0.99744,0.99849,99.70177,0.58,0.39,0.38,0.68,50.5,52.25,52.31,49.83,0.995,0.996,0.995,0.994,/tmpdir/crf_16.mpd,/videos/BigBuckBunny-2160.avi
11544,0.9942,1.3007,0.99894,50.32548,0.99991,0.91716,0.99596,0.99816,0.99898,100.0,0.52,0.36,0.36,0.6,50.96,52.57,52.62,50.33,0.995,0.996,0.996,0.994,/tmpdir/crf_16.mpd,/videos/BigBuckBunny-2160.avi
11545,0.99279,2.60041,0.99877,50.0891,0.99983,0.91377,0.99476,0.99749,0.99856,100.0,0.55,0.38,0.37,0.64,50.72,52.3,52.42,50.09,0.995,0.996,0.996,0.994,/tmpdir/crf_16.mpd,/videos/BigBuckBunny-2160.avi
11546,0.99301,2.60041,0.99878,50.04191,0.99984,0.91307,0.99468,0.99745,0.99852,100.0,0.56,0.39,0.38,0.64,50.67,52.21,52.37,50.04,0.995,0.996,0.996,0.994,/tmpdir/crf_16.mpd,/videos/BigBuckBunny-2160.avi
11547,0.99282,2.45904,0.99876,50.07743,0.99982,0.91407,0.99508,0.99766,0.99864,100.0,0.55,0.36,0.35,0.64,50.76,52.53,52.63,50.08,0.995,0.996,0.996,0.994,/tmpdir/crf_16.mpd,/videos/BigBuckBunny-2160.avi
11548,0.99448,1.03038,0.99895,50.40495,0.99991,0.91824,0.99618,0.99829,0.99906,99.94448,0.51,0.35,0.35,0.59,51.04,52.63,52.71,50.4,0.995,0.996,0.996,0.994,/tmpdir/crf_16.mpd,/videos/BigBuckBunny-2160.avi
11549,0.99298,1.03038,0.99882,50.09729,0.99984,0.91477,0.99513,0.99765,0.99861,99.61834,0.54,0.36,0.35,0.64,50.78,52.56,52.64,50.1,0.995,0.996,0.996,0.994,/tmpdir/crf_16.mpd,/videos/BigBuckBunny-2160.avi
11550,0.99454,1.30292,0.99897,50.62196,0.9999,0.92039,0.99658,0.99849,0.99918,100.0,0.49,0.34,0.33,0.56,51.24,52.78,52.89,50.62,0.995,0.996,0.996,0.995,/tmpdir/crf_16.mpd,/videos/BigBuckBunny-2160.avi
11551,0.99273,0.6822,0.99885,50.16917,0.99985,0.91504,0.99511,0.99758,0.99854,99.4041,0.54,0.36,0.35,0.63,50.83,52.53,52.63,50.17,0.995,0.996,0.996,0.994,/tmpdir/crf_16.mpd,/videos/BigBuckBunny-2160.avi
11552,0.99299,0.67348,0.99887,50.27285,0.99986,0.91627,0.99551,0.99784,0.99874,99.47,0.52,0.35,0.34,0.61,50.95,52.65,52.8,50.27,0.995,0.996,0.996,0.994,/tmpdir/crf_16.mpd,/videos/BigBuckBunny-2160.avi
11553,0.99295,0.18648,0.99883,50.15074,0.99986,0.915,0.99544,0.99779,0.9987,99.23,0.53,0.35,0.34,0.63,50.85,52.65,52.8,50.15,0.995,0.996,0.996,0.994,/tmpdir/crf_16.mpd,/videos/BigBuckBunny-2160.avi
11554,0.99446,0.18648,0.99897,50.51741,0.99991,0.91901,0.99668,0.99856,0.99924,99.56954,0.5,0.34,0.33,0.58,51.16,52.78,52.91,50.52,0.995,0.996,0.996,0.994,/tmpdir/crf_16.mpd,/videos/BigBuckBunny-2160.avi
11555,0.99325,0.1776,0.99886,50.24464,0.99985,0.91606,0.99578,0.99799,0.99883,99.29567,0.52,0.35,0.34,0.61,50.94,52.73,52.86,50.24,0.995,0.996,0.996,0.994,/tmpdir/crf_16.mpd,/videos/BigBuckBunny-2160.avi
11556,0.99431,0.1776,0.99897,50.54788,0.99991,0.91932,0.99664,0.9985,0.99919,99.53468,0.49,0.34,0.33,0.57,51.19,52.81,52.93,50.55,0.995,0.996,0.996,0.995,/tmpdir/crf_16.mpd,/videos/BigBuckBunny-2160.avi
11557,0.99649,0.14331,0.99943,52.48377,0.99997,0.94355,0.9981,0.99916,0.99954,100.0,0.32,0.24,0.23,0.37,53.05,54.38,54.56,52.48,0.997,0.997,0.997,0.997,/tmpdir/crf_16.mpd,/videos/BigBuckBunny-2160.avi
11558,0.99427,0.14331,0.9991,51.17385,0.99988,0.93026,0.99653,0.9983,0.99899,99.53331,0.42,0.27,0.25,0.5,51.92,53.89,54.07,51.17,0.996,0.997,0.997,0.995,/tmpdir/crf_16.mpd,/videos/BigBuckBunny-2160.avi
11559,0.994,0.13036,0.99909,51.0182,0.99989,0.92776,0.99644,0.99828,0.99902,99.47081,0.43,0.28,0.26,0.51,51.77,53.73,53.94,51.02,0.996,0.997,0.997,0.995,/tmpdir/crf_16.mpd,/videos/BigBuckBunny-2160.avi
11560,0.99359,0.13036,0.99902,50.82987,0.99986,0.92518,0.99612,0.99808,0.99885,99.37117,0.45,0.28,0.27,0.54,51.6,53.62,53.81,50.83,0.996,0.997,0.997,0.995,/tmpdir/crf_16.mpd,/videos/BigBuckBunny-2160.avi
11561,0.99491,0.16056,0.99913,51.14205,0.99992,0.92711,0.99704,0.99866,0.99925,99.67003,0.43,0.28,0.27,0.5,51.85,53.65,53.82,51.14,0.996,0.997,0.996,0.995,/tmpdir/crf_16.mpd,/videos/BigBuckBunny-2160.avi
11562,0.99352,0.16056,0.99898,50.67538,0.99985,0.92256,0.99603,0.99803,0.99884,99.36219,0.47,0.29,0.28,0.56,51.44,53.45,53.64,50.68,0.995,0.997,0.996,0.995,/tmpdir/crf_16.mpd,/videos/BigBuckBunny-2160.avi
11563,0.99356,0.12733,0.99901,50.67009,0.99988,0.92259,0.9959,0.99795,0.99877,99.34617,0.47,0.3,0.28,0.56,51.43,53.41,53.6,50.67,0.995,0.997,0.996,0.995,/tmpdir/crf_16.mpd,/videos/BigBuckBunny-2160.avi
11564,0.99311,0.12733,0.99895,50.55209,0.99985,0.92117,0.99589,0.99801,0.99883,99.26793,0.48,0.3,0.29,0.57,51.33,53.38,53.56,50.55,0.995,0.997,0.996,0.995,/tmpdir/crf_16.mpd,/videos/BigBuckBunny-2160.avi
11565,0.99486,0.12466,0.9991,51.00588,0.99991,0.92573,0.99698,0.99867,0.99928,99.64115,0.44,0.29,0.28,0.52,51.7,53.49,53.63,51.01,0.996,0.997,0.996,0.995,/tmpdir/crf_16.mpd,/videos/BigBuckBunny-2160.avi
11566,0.99334,0.12466,0.99899,50.63686,0.99988,0.92133,0.99588,0.99799,0.99883,99.30647,0.47,0.3,0.29,0.56,51.37,53.29,53.45,50.64,0.995,0.997,0.996,0.995,/tmpdir/crf_16.mpd,/videos/BigBuckBunny-2160.avi
11567,0.99323,0.11778,0.99896,50.49419,0.99986,0.92009,0.99545,0.99769,0.99861,99.25729,0.49,0.31,0.3,0.58,51.25,53.23,53.4,50.49,0.995,0.997,0.996,0.995,/tmpdir/crf_16.mpd,/videos/BigBuckBunny-2160.avi
11568,0.99295,0.11778,0.9989,50.34353,0.99984,0.91807,0.99505,0.9975,0.99851,99.18815,0.5,0.31,0.3,0.6,51.11,53.17,53.32,50.34,0.995,0.997,0.996,0.995,/tmpdir/crf_16.mpd,/videos/BigBuckBunny-2160.avi
11569,0.99349,0.43517,0.99888,50.16186,0.99987,0.91323,0.99442,0.99733,0.99855,99.41058,0.53,0.36,0.33,0.63,50.87,52.55,52.97,50.16,0.995,0.996,0.996,0.994,/tmpdir/crf_16.mpd,/videos/BigBuckBunny-2160.avi
11570,0.98957,0.62355,0.99854,49.18831,0.99974,0.89807,0.98852,0.99375,0.99623,98.49973,0.67,0.47,0.4,0.78,49.89,51.42,52.16,49.19,0.994,0.995,0.995,0.994,/tmpdir/crf_16.mpd,/videos/BigBuckBunny-2160.avi
11571,0.9899,1.26497,0.9986,49.35679,0.99977,0.90064,0.98969,0.99439,0.99659,98.9158,0.64,0.45,0.38,0.75,50.06,51.63,52.31,49.36,0.994,0.996,0.995,0.994,/tmpdir/crf_16.mpd,/videos/BigBuckBunny-2160.avi
11572,0.99036,1.26497,0.99856,49.27948,0.99974,0.8993,0.98897,0.99396,0.99632,98.96211,0.65,0.43,0.37,0.77,50.03,51.79,52.42,49.28,0.994,0.996,0.995,0.994,/tmpdir/crf_16.mpd,/videos/BigBuckBunny-2160.avi
11573,0.99335,1.90043,0.99882,50.00491,0.99986,0.91155,0.99441,0.99736,0.99856,100.0,0.55,0.37,0.34,0.65,50.72,52.44,52.87,50.0,0.995,0.996,0.996,0.994,/tmpdir/crf_16.mpd,/videos/BigBuckBunny-2160.avi
11574,0.98928,1.90043,0.99847,49.00328,0.99972,0.89545,0.98741,0.99302,0.99566,99.00665,0.7,0.49,0.41,0.82,49.7,51.19,51.99,49.0,0.994,0.995,0.995,0.993,/tmpdir/crf_16.mpd,/videos/BigBuckBunny-2160.avi
11575,0.99014,2.60732,0.99852,49.19074,0.99975,0.8978,0.9889,0.99396,0.99631,99.59392,0.67,0.48,0.41,0.78,49.86,51.29,52.02,49.19,0.994,0.995,0.995,0.993,/tmpdir/crf_16.mpd,/videos/BigBuckBunny-2160.avi
11576,0.98948,2.60732,0.99845,49.02453,0.99974,0.89404,0.98789,0.9934,0.9959,99.42569,0.7,0.51,0.43,0.81,49.68,51.04,51.8,49.02,0.994,0.995,0.995,0.993,/tmpdir/crf_16.mpd,/videos/BigBuckBunny-2160.avi
11577,0.99262,3.23005,0.99864,49.58477,0.99984,0.9037,0.99388,0.99718,0.99846,100.0,0.61,0.41,0.36,0.72,50.31,52.01,52.53,49.58,0.994,0.996,0.995,0.994,/tmpdir/crf_16.mpd,/videos/BigBuckBunny-2160.avi
11578,0.98826,3.23005,0.99832,48.67851,0.99969,0.8875,0.98666,0.99282,0.9956,99.48643,0.75,0.52,0.43,0.88,49.41,50.97,51.84,48.68,0.994,0.995,0.995,0.993,/tmpdir/crf_16.mpd,/videos/BigBuckBunny-2160.avi
11579,0.98969,4.32172,0.99833,48.79284,0.99972,0.88926,0.98803,0.99356,0.99606,100.0,0.73,0.5,0.42,0.86,49.52,51.14,51.91,48.79,0.994,0.995,0.995,0.993,/tmpdir/crf_16.mpd,/videos/BigBuckBunny-2160.avi
11580,0.98872,4.32172,0.99821,48.55797,0.99969,0.88479,0.98705,0.99303,0.99569,100.0,0.78,0.57,0.46,0.91,49.23,50.57,51.47,48.56,0.993,0.995,0.995,0.992,/tmpdir/crf_16.mpd,/videos/BigBuckBunny-2160.avi
11581,0.99206,5.25744,0.99854,49.34366,0.99985,0.89825,0.99344,0.99697,0.99831,100.0,0.64,0.44,0.38,0.76,50.07,51.74,52.31,49.34,0.994,0.995,0.995,0.993,/tmpdir/crf_16.mpd,/videos/BigBuckBunny-2160.avi
11582,0.98738,5.25744,0.99815,48.42586,0.99968,0.88256,0.98594,0.99235,0.99522,100.0,0.8,0.59,0.47,0.93,49.11,50.46,51.44,48.43,0.993,0.994,0.995,0.992,/tmpdir/crf_16.mpd,/videos/BigBuckBunny-2160.avi
11583,0.98839,5.75532,0.99822,48.60947,0.99972,0.88595,0.98744,0.99323,0.9958,100.0,0.76,0.54,0.44,0.9,49.31,50.79,51.66,48.61,0.993,0.995,0.995,0.992,/tmpdir/crf_16.mpd,/videos/BigBuckBunny-2160.avi
11584,0.98746,5.75532,0.99815,48.48228,0.99967,0.88404,0.98601,0.99238,0.99524,100.0,0.78,0.52,0.44,0.92,49.24,50.93,51.72,48.48,0.993,0.995,0.995,0.992,/tmpdir/crf_16.mpd,/videos/BigBuckBunny-2160.avi
11585,0.99209,5.82629,0.99866,49.55147,0.99987,0.90096,0.99364,0.99704,0.99834,100.0,0.62,0.45,0.39,0.72,50.21,51.62,52.27,49.55,0.994,0.995,0.995,0.993,/tmpdir/crf_16.mpd,/videos/BigBuckBunny-2160.avi
11586,0.98749,5.82629,0.99824,48.57737,0.9997,0.8853,0.9863,0.99251,0.99529,100.0,0.76,0.52,0.43,0.9,49.32,50.94,51.78,48.58,0.993,0.995,0.995,0.993,/tmpdir/crf_16.mpd,/videos/BigBuckBunny-2160.avi
11587,0.98881,5.98286,0.99823,48.59126,0.99972,0.88527,0.98774,0.99338,0.99585,100.0,0.77,0.56,0.45,0.9,49.27,50.66,51.56,48.59,0.993,0.995,0.995,0.992,/tmpdir/crf_16.mpd,/videos/BigBuckBunny-2160.avi
11588,0.98806,5.98286,0.99819,48.51596,0.9997,0.88399,0.98683,0.99287,0.99559,100.0,0.79,0.61,0.49,0.92,49.14,50.3,51.25,48.52,0.993,0.994,0.994,0.992,/tmpdir/crf_16.mpd,/videos/BigBuckBunny-2160.avi
11589,0.9919,6.34201,0.99862,49.40725,0.99986,0.89845,0.99358,0.99703,0.99834,100.0,0.64,0.47,0.4,0.75,50.05,51.43,52.08,49.41,0.994,0.995,0.995,0.993,/tmpdir/crf_16.mpd,/videos/BigBuckBunny-2160.avi
11590,0.98734,6.34201,0.9982,48.46212,0.99969,0.88351,0.9862,0.99246,0.99529,100.0,0.8,0.61,0.48,0.93,49.1,50.29,51.28,48.46,0.993,0.994,0.994,0.992,/tmpdir/crf_16.mpd,/videos/BigBuckBunny-2160.avi
11591,0.98809,6.50551,0.99823,48.55051,0.99971,0.88411,0.98714,0.99306,0.99572,100.0,0.78,0.58,0.47,0.91,49.21,50.51,51.41,48.55,0.993,0.994,0.994,0.992,/tmpdir/crf_16.mpd,/videos/BigBuckBunny-2160.avi
11592,0.98727,6.50551,0.99819,48.4588,0.99969,0.88299,0.98656,0.9927,0.99549,100.0,0.79,0.55,0.45,0.93,49.18,50.71,51.57,48.46,0.993,0.994,0.995,0.992,/tmpdir/crf_16.mpd,/videos/BigBuckBunny-2160.avi
11593,0.99211,6.61132,0.99866,49.45714,0.99987,0.89889,0.99376,0.99708,0.99835,100.0,0.64,0.47,0.4,0.74,50.09,51.39,52.09,49.46,0.994,0.995,0.995,0.993,/tmpdir/crf_16.mpd,/videos/BigBuckBunny-2160.avi
11594,0.98745,6.61132,0.99822,48.45325,0.99968,0.88362,0.986,0.9923,0.99516,100.0,0.8,0.59,0.47,0.93,49.13,50.43,51.43,48.45,0.993,0.994,0.994,0.992,/tmpdir/crf_16.mpd,/videos/BigBuckBunny-2160.avi
11595,0.98842,6.71845,0.99829,48.63899,0.99972,0.88517,0.98718,0.99297,0.99559,100.0,0.76,0.55,0.45,0.89,49.32,50.72,51.59,48.64,0.993,0.994,0.995,0.993,/tmpdir/crf_16.mpd,/videos/BigBuckBunny-2160.avi
11596,0.98733,6.71845,0.99822,48.48441,0.99969,0.88286,0.98624,0.99248,0.99534,100.0,0.79,0.59,0.47,0.92,49.14,50.41,51.38,48.48,0.993,0.994,0.994,0.992,/tmpdir/crf_16.mpd,/videos/BigBuckBunny-2160.avi
11597,0.99262,6.83177,0.99867,49.52734,0.99987,0.89961,0.99394,0.99717,0.99842,100.0,0.63,0.47,0.41,0.73,50.14,51.38,52.05,49.53,0.994,0.995,0.995,0.993,/tmpdir/crf_16.mpd,/videos/BigBuckBunny-2160.avi
11598,0.98751,6.83177,0.99824,48.51308,0.99969,0.88362,0.98629,0.99242,0.99519,100.0,0.79,0.59,0.47,0.92,49.17,50.43,51.4,48.51,0.993,0.994,0.994,0.992,/tmpdir/crf_16.mpd,/videos/BigBuckBunny-2160.avi
11599,0.98876,6.95757,0.99833,48.68994,0.99972,0.88742,0.98798,0.99346,0.99595,100.0,0.75,0.53,0.44,0.88,49.39,50.91,51.69,48.69,0.993,0.995,0.995,0.993,/tmpdir/crf_16.mpd,/videos/BigBuckBunny-2160.avi
11600,0.98772,6.95757,0.99822,48.50612,0.99967,0.88328,0.98617,0.99234,0.99516,100.0,0.79,0.59,0.47,0.92,49.17,50.46,51.4,48.51,0.993,0.994,0.994,0.992,/tmpdir/crf_16.mpd,/videos/BigBuckBunny-2160.avi
11601,0.99246,6.97823,0.99866,49.51355,0.99987,0.89863,0.99384,0.99711,0.99836,100.0,0.63,0.48,0.41,0.73,50.12,51.34,52.01,49.51,0.994,0.995,0.995,0.993,/tmpdir/crf_16.mpd,/videos/BigBuckBunny-2160.avi
11602,0.98782,6.97823,0.99825,48.54352,0.9997,0.88328,0.98634,0.99241,0.99519,100.0,0.78,0.58,0.47,0.91,49.2,50.48,51.41,48.54,0.993,0.994,0.994,0.992,/tmpdir/crf_16.mpd,/videos/BigBuckBunny-2160.avi
11603,0.98839,6.90628,0.99829,48.65777,0.99971,0.88594,0.98739,0.993,0.99551,100.0,0.76,0.55,0.46,0.89,49.33,50.7,51.54,48.66,0.993,0.994,0.994,0.993,/tmpdir/crf_16.mpd,/videos/BigBuckBunny-2160.avi
11604,0.98838,6.90628,0.99824,48.57266,0.99968,0.88428,0.98679,0.99266,0.99533,100.0,0.77,0.55,0.46,0.9,49.26,50.7,51.51,48.57,0.993,0.994,0.994,0.993,/tmpdir/crf_16.mpd,/videos/BigBuckBunny-2160.avi
11605,0.99235,6.75202,0.99863,49.45734,0.99986,0.89738,0.99376,0.99707,0.99835,100.0,0.64,0.48,0.42,0.74,50.06,51.3,51.95,49.46,0.994,0.995,0.995,0.993,/tmpdir/crf_16.mpd,/videos/BigBuckBunny-2160.avi
11606,0.98788,6.75202,0.99827,48.60021,0.99971,0.88352,0.9864,0.99254,0.99534,100.0,0.78,0.59,0.48,0.9,49.22,50.39,51.31,48.6,0.993,0.994,0.994,0.993,/tmpdir/crf_16.mpd,/videos/BigBuckBunny-2160.avi
11607,0.98865,6.52883,0.99833,48.75324,0.99973,0.8865,0.98776,0.99335,0.99591,100.0,0.75,0.58,0.47,0.87,49.36,50.48,51.38,48.75,0.993,0.994,0.994,0.993,/tmpdir/crf_16.mpd,/videos/BigBuckBunny-2160.avi
11608,0.98778,6.52883,0.99825,48.59844,0.9997,0.88343,0.98634,0.99246,0.99525,100.0,0.79,0.63,0.5,0.9,49.17,50.16,51.1,48.6,0.993,0.994,0.994,0.993,/tmpdir/crf_16.mpd,/videos/BigBuckBunny-2160.avi
11609,0.99231,6.2492,0.99862,49.43489,0.99986,0.89653,0.9936,0.997,0.99827,100.0,0.64,0.49,0.42,0.74,50.04,51.25,51.92,49.43,0.994,0.995,0.995,0.993,/tmpdir/crf_16.mpd,/videos/BigBuckBunny-2160.avi
11610,0.98773,6.2492,0.99827,48.57365,0.99971,0.88288,0.98637,0.99245,0.99524,100.0,0.78,0.6,0.48,0.9,49.19,50.32,51.29,48.57,0.993,0.994,0.994,0.993,/tmpdir/crf_16.mpd,/videos/BigBuckBunny-2160.avi
11611,0.98876,5.90108,0.99832,48.72297,0.99973,0.88505,0.98769,0.9933,0.9958,100.0,0.76,0.59,0.48,0.87,49.32,50.43,51.32,48.72,0.993,0.994,0.994,0.993,/tmpdir/crf_16.mpd,/videos/BigBuckBunny-2160.avi
11612,0.98759,5.90108,0.99825,48.52249,0.99969,0.88223,0.98561,0.992,0.99502,100.0,0.78,0.58,0.47,0.91,49.19,50.48,51.42,48.52,0.993,0.994,0.994,0.993,/tmpdir/crf_16.mpd,/videos/BigBuckBunny-2160.avi
11613,0.99201,5.45628,0.99861,49.35887,0.99986,0.89478,0.99325,0.99684,0.99824,100.0,0.66,0.5,0.43,0.75,49.96,51.15,51.83,49.36,0.994,0.995,0.995,0.993,/tmpdir/crf_16.mpd,/videos/BigBuckBunny-2160.avi
11614,0.98821,5.45628,0.99829,48.64234,0.9997,0.8839,0.98722,0.99298,0.99556,100.0,0.76,0.55,0.46,0.89,49.32,50.76,51.53,48.64,0.993,0.994,0.994,0.993,/tmpdir/crf_16.mpd,/videos/BigBuckBunny-2160.avi
11615,0.98858,4.95669,0.99831,48.6516,0.99974,0.88367,0.98741,0.99312,0.99571,100.0,0.77,0.59,0.48,0.89,49.27,50.4,51.33,48.65,0.993,0.994,0.994,0.993,/tmpdir/crf_16.mpd,/videos/BigBuckBunny-2160.avi
11616,0.98817,4.95669,0.99829,48.61858,0.99972,0.88222,0.98694,0.99286,0.99554,100.0,0.79,0.64,0.51,0.89,49.17,50.1,51.04,48.62,0.993,0.994,0.994,0.993,/tmpdir/crf_16.mpd,/videos/BigBuckBunny-2160.avi
11617,0.99156,4.39212,0.99857,49.2536,0.99985,0.8925,0.99278,0.99658,0.99808,100.0,0.67,0.51,0.43,0.77,49.86,51.06,51.76,49.25,0.994,0.995,0.994,0.993,/tmpdir/crf_16.mpd,/videos/BigBuckBunny-2160.avi
11618,0.98764,4.39212,0.99826,48.55208,0.99969,0.88194,0.98648,0.99255,0.99533,99.97747,0.8,0.64,0.51,0.91,49.12,50.08,51.04,48.55,0.993,0.994,0.994,0.993,/tmpdir/crf_16.mpd,/videos/BigBuckBunny-2160.avi
11619,0.988,3.74466,0.99829,48.56255,0.99972,0.88231,0.98698,0.99285,0.99554,99.70391,0.78,0.59,0.48,0.91,49.2,50.39,51.33,48.56,0.993,0.994,0.994,0.993,/tmpdir/crf_16.mpd,/videos/BigBuckBunny-2160.avi
11620,0.98774,3.74466,0.99823,48.46525,0.9997,0.87908,0.98631,0.99254,0.99531,99.62723,0.8,0.61,0.49,0.93,49.1,50.29,51.24,48.47,0.993,0.994,0.994,0.992,/tmpdir/crf_16.mpd,/videos/BigBuckBunny-2160.avi
11621,0.99125,3.06002,0.99854,49.12941,0.99985,0.88952,0.99213,0.99621,0.99782,100.0,0.69,0.53,0.45,0.79,49.73,50.89,51.63,49.13,0.993,0.994,0.994,0.993,/tmpdir/crf_16.mpd,/videos/BigBuckBunny-2160.avi
11622,0.98744,3.06002,0.99824,48.45466,0.9997,0.87885,0.98584,0.99222,0.99513,99.18271,0.8,0.59,0.48,0.93,49.12,50.44,51.34,48.45,0.993,0.994,0.994,0.992,/tmpdir/crf_16.mpd,/videos/BigBuckBunny-2160.avi
11623,0.98789,2.36245,0.9983,48.57748,0.99974,0.88116,0.98724,0.99312,0.99571,98.96478,0.79,0.64,0.51,0.9,49.13,50.05,51.03,48.58,0.993,0.994,0.994,0.993,/tmpdir/crf_16.mpd,/videos/BigBuckBunny-2160.avi
11624,0.9878,2.36245,0.99822,48.42673,0.99971,0.87804,0.98643,0.99262,0.99537,98.90403,0.8,0.6,0.48,0.93,49.08,50.35,51.3,48.43,0.993,0.994,0.994,0.992,/tmpdir/crf_16.mpd,/videos/BigBuckBunny-2160.avi
11625,0.99048,1.64956,0.99844,48.89399,0.99982,0.88488,0.99085,0.99549,0.99738,99.2449,0.73,0.56,0.46,0.84,49.5,50.67,51.5,48.89,0.993,0.994,0.994,0.993,/tmpdir/crf_16.mpd,/videos/BigBuckBunny-2160.avi
11626,0.98698,1.64956,0.9982,48.40254,0.99971,0.87664,0.98494,0.99173,0.9948,98.33101,0.84,0.72,0.55,0.94,48.9,49.57,50.7,48.4,0.993,0.993,0.994,0.992,/tmpdir/crf_16.mpd,/videos/BigBuckBunny-2160.avi
11627,0.98767,0.94691,0.99821,48.41342,0.99972,0.87728,0.98616,0.99263,0.99546,98.17627,0.83,0.68,0.53,0.94,48.97,49.82,50.92,48.41,0.993,0.993,0.994,0.992,/tmpdir/crf_16.mpd,/videos/BigBuckBunny-2160.avi
11628,0.98514,0.89469,0.99815,48.34799,0.99966,0.87762,0.98314,0.99058,0.99404,97.55475,0.85,0.72,0.56,0.95,48.85,49.56,50.68,48.35,0.993,0.993,0.994,0.992,/tmpdir/crf_16.mpd,/videos/BigBuckBunny-2160.avi
11629,0.98759,0.32872,0.99816,48.14432,0.99975,0.86723,0.98725,0.99358,0.99621,97.91458,0.85,0.62,0.49,1.0,48.84,50.24,51.19,48.14,0.992,0.994,0.994,0.992,/tmpdir/crf_16.mpd,/videos/BigBuckBunny-2160.avi
11630,0.98546,0.22371,0.99795,47.74904,0.99968,0.85904,0.98338,0.99109,0.99456,97.28744,0.92,0.64,0.51,1.09,48.5,50.06,51.09,47.75,0.992,0.994,0.994,0.991,/tmpdir/crf_16.mpd,/videos/BigBuckBunny-2160.avi
11631,0.98374,0.22371,0.99782,47.4043,0.99965,0.85098,0.98138,0.9898,0.99374,96.87331,0.98,0.64,0.51,1.18,48.22,50.05,51.04,47.4,0.991,0.993,0.994,0.99,/tmpdir/crf_16.mpd,/videos/BigBuckBunny-2160.avi
11632,0.99603,1.24228,0.99923,53.40716,0.99987,0.92475,0.99671,0.99857,0.99925,100.0,0.26,0.17,0.19,0.3,54.01,55.78,55.35,53.41,0.997,0.997,0.997,0.996,/tmpdir/crf_16.mpd,/videos/BigBuckBunny-2160.avi
11633,0.99156,1.17557,0.99852,50.99699,0.99968,0.87988,0.98955,0.99505,0.99719,99.16445,0.43,0.24,0.29,0.52,51.77,54.31,53.52,51.0,0.995,0.997,0.996,0.994,/tmpdir/crf_16.mpd,/videos/BigBuckBunny-2160.avi
11634,0.99119,0.83268,0.99843,50.7596,0.99966,0.87482,0.98886,0.99458,0.99677,98.87702,0.46,0.25,0.3,0.55,51.55,54.19,53.35,50.76,0.995,0.996,0.996,0.994,/tmpdir/crf_16.mpd,/videos/BigBuckBunny-2160.avi
11635,0.99113,0.83268,0.99842,50.71342,0.99965,0.87377,0.98858,0.99451,0.99681,98.86403,0.46,0.26,0.32,0.55,51.47,54.02,53.13,50.71,0.994,0.996,0.996,0.994,/tmpdir/crf_16.mpd,/videos/BigBuckBunny-2160.avi
11636,0.99334,0.90746,0.99878,51.63307,0.99979,0.89299,0.99345,0.99705,0.99835,99.51988,0.38,0.22,0.26,0.45,52.36,54.67,54.04,51.63,0.995,0.997,0.996,0.995,/tmpdir/crf_16.mpd,/videos/BigBuckBunny-2160.avi
11637,0.99159,1.05126,0.99847,50.87898,0.99965,0.87878,0.98945,0.995,0.9972,99.10567,0.45,0.26,0.32,0.53,51.59,54.0,53.06,50.88,0.995,0.996,0.996,0.994,/tmpdir/crf_16.mpd,/videos/BigBuckBunny-2160.avi
11638,0.99146,1.05126,0.99851,50.98963,0.99968,0.88034,0.98998,0.99529,0.99736,99.10569,0.43,0.24,0.29,0.52,51.76,54.33,53.49,50.99,0.995,0.997,0.996,0.994,/tmpdir/crf_16.mpd,/videos/BigBuckBunny-2160.avi
11639,0.99066,0.67984,0.99831,50.53663,0.99961,0.86965,0.98769,0.994,0.99649,98.66248,0.48,0.27,0.32,0.57,51.31,53.9,53.02,50.54,0.994,0.996,0.996,0.993,/tmpdir/crf_16.mpd,/videos/BigBuckBunny-2160.avi
11640,0.99317,0.67984,0.99871,51.43073,0.99977,0.88753,0.99281,0.99677,0.99821,99.34882,0.39,0.23,0.27,0.47,52.17,54.53,53.88,51.43,0.995,0.997,0.996,0.994,/tmpdir/crf_16.mpd,/videos/BigBuckBunny-2160.avi
11641,0.99092,1.0639,0.99845,50.81603,0.99966,0.87565,0.98909,0.99485,0.99704,98.97035,0.46,0.27,0.33,0.54,51.51,53.85,52.96,50.82,0.995,0.996,0.996,0.994,/tmpdir/crf_16.mpd,/videos/BigBuckBunny-2160.avi
11642,0.99151,1.0639,0.99849,50.94259,0.99968,0.87866,0.98992,0.9953,0.99738,99.11751,0.44,0.26,0.31,0.52,51.66,54.03,53.18,50.94,0.995,0.996,0.996,0.994,/tmpdir/crf_16.mpd,/videos/BigBuckBunny-2160.avi
11643,0.99075,1.18805,0.9984,50.70123,0.99964,0.87292,0.9884,0.99439,0.99676,98.96072,0.47,0.27,0.34,0.55,51.4,53.78,52.84,50.7,0.994,0.996,0.996,0.994,/tmpdir/crf_16.mpd,/videos/BigBuckBunny-2160.avi
11644,0.99293,0.8713,0.99868,51.33725,0.99977,0.88638,0.99286,0.99679,0.9982,99.39444,0.41,0.24,0.28,0.48,52.06,54.38,53.64,51.34,0.995,0.997,0.996,0.994,/tmpdir/crf_16.mpd,/videos/BigBuckBunny-2160.avi
11645,0.99074,0.8713,0.99835,50.57784,0.99964,0.87023,0.9884,0.99455,0.99687,98.81004,0.48,0.28,0.35,0.57,51.28,53.65,52.71,50.58,0.994,0.996,0.995,0.993,/tmpdir/crf_16.mpd,/videos/BigBuckBunny-2160.avi
11646,0.99101,0.90787,0.99841,50.75272,0.99966,0.87392,0.98881,0.99457,0.9968,98.88098,0.46,0.27,0.33,0.55,51.47,53.87,52.99,50.75,0.994,0.996,0.996,0.994,/tmpdir/crf_16.mpd,/videos/BigBuckBunny-2160.avi
11647,0.98981,0.9862,0.99837,50.62964,0.99963,0.87154,0.98811,0.99434,0.99676,98.69091,0.48,0.29,0.35,0.56,51.31,53.56,52.67,50.63,0.994,0.996,0.995,0.994,/tmpdir/crf_16.mpd,/videos/BigBuckBunny-2160.avi
11648,0.99262,0.9862,0.9987,51.39187,0.99977,0.88772,0.99291,0.99685,0.99827,99.40389,0.4,0.24,0.28,0.47,52.09,54.34,53.64,51.39,0.995,0.996,0.996,0.994,/tmpdir/crf_16.mpd,/videos/BigBuckBunny-2160.avi
11649,0.9904,0.72947,0.99825,50.36763,0.9996,0.86495,0.98712,0.99385,0.99649,98.62245,0.51,0.3,0.36,0.6,51.07,53.39,52.52,50.37,0.994,0.996,0.995,0.993,/tmpdir/crf_16.mpd,/videos/BigBuckBunny-2160.avi
11650,0.9907,0.72947,0.99838,50.61963,0.99966,0.87008,0.98882,0.99478,0.99703,98.75125,0.48,0.28,0.34,0.56,51.33,53.68,52.8,50.62,0.994,0.996,0.995,0.993,/tmpdir/crf_16.mpd,/videos/BigBuckBunny-2160.avi
11651,0.99073,1.12741,0.99837,50.62897,0.99964,0.87102,0.98833,0.99448,0.99681,98.92866,0.48,0.29,0.36,0.56,51.29,53.48,52.57,50.63,0.994,0.996,0.995,0.994,/tmpdir/crf_16.mpd,/videos/BigBuckBunny-2160.avi
11652,0.99274,1.12741,0.99867,51.28376,0.99976,0.88563,0.9925,0.99661,0.99809,99.46897,0.41,0.25,0.3,0.48,51.96,54.13,53.38,51.28,0.995,0.996,0.996,0.994,/tmpdir/crf_16.mpd,/videos/BigBuckBunny-2160.avi
11653,0.98982,1.20174,0.99831,50.48526,0.99962,0.86752,0.98746,0.99399,0.99662,98.76915,0.5,0.3,0.37,0.58,51.14,53.37,52.42,50.49,0.994,0.996,0.995,0.993,/tmpdir/crf_16.mpd,/videos/BigBuckBunny-2160.avi
11654,0.99058,0.82753,0.9983,50.46135,0.99963,0.86707,0.98796,0.99424,0.99666,98.72902,0.5,0.29,0.36,0.58,51.16,53.5,52.61,50.46,0.994,0.996,0.995,0.993,/tmpdir/crf_16.mpd,/videos/BigBuckBunny-2160.avi
11655,0.98996,0.82753,0.99829,50.42917,0.99963,0.86547,0.98767,0.99428,0.99677,98.62362,0.51,0.31,0.38,0.59,51.08,53.22,52.37,50.43,0.994,0.996,0.995,0.993,/tmpdir/crf_16.mpd,/videos/BigBuckBunny-2160.avi
11656,0.99179,0.8891,0.99861,51.11795,0.99976,0.88124,0.99196,0.99643,0.99806,99.16714,0.43,0.26,0.31,0.5,51.8,53.97,53.26,51.12,0.995,0.996,0.996,0.994,/tmpdir/crf_16.mpd,/videos/BigBuckBunny-2160.avi
11657,0.98968,1.07016,0.99822,50.30852,0.9996,0.86387,0.98694,0.99382,0.99653,98.65942,0.52,0.31,0.39,0.61,50.97,53.17,52.27,50.31,0.994,0.996,0.995,0.993,/tmpdir/crf_16.mpd,/videos/BigBuckBunny-2160.avi
11658,0.99033,1.07016,0.9983,50.47139,0.99963,0.86719,0.98813,0.99436,0.99677,98.81495,0.5,0.29,0.36,0.58,51.16,53.46,52.59,50.47,0.994,0.996,0.995,0.993,/tmpdir/crf_16.mpd,/videos/BigBuckBunny-2160.avi
11659,0.98969,0.67349,0.99815,50.15953,0.99957,0.85963,0.98622,0.99331,0.99613,98.41825,0.53,0.31,0.38,0.63,50.86,53.2,52.29,50.16,0.994,0.996,0.995,0.993,/tmpdir/crf_16.mpd,/videos/BigBuckBunny-2160.avi
11660,0.99173,0.67349,0.99847,50.73647,0.99972,0.8721,0.99064,0.99575,0.99768,98.98248,0.47,0.28,0.33,0.55,51.43,53.7,52.9,50.74,0.994,0.996,0.995,0.993,/tmpdir/crf_16.mpd,/videos/BigBuckBunny-2160.avi
11661,0.98944,1.05514,0.99822,50.30745,0.9996,0.86274,0.98684,0.99361,0.99633,98.58896,0.52,0.32,0.4,0.61,50.94,53.05,52.12,50.31,0.994,0.996,0.995,0.993,/tmpdir/crf_16.mpd,/videos/BigBuckBunny-2160.avi
11662,0.98993,1.05514,0.99825,50.35587,0.99963,0.86405,0.98763,0.99408,0.99661,98.71102,0.51,0.31,0.38,0.6,51.02,53.23,52.37,50.36,0.994,0.996,0.995,0.993,/tmpdir/crf_16.mpd,/videos/BigBuckBunny-2160.avi
11663,0.98909,1.18604,0.99817,50.22514,0.99959,0.86013,0.98631,0.99346,0.99635,98.58141,0.53,0.33,0.41,0.62,50.85,52.94,52.04,50.23,0.994,0.996,0.995,0.993,/tmpdir/crf_16.mpd,/videos/BigBuckBunny-2160.avi
11664,0.99029,0.86656,0.99827,50.35678,0.99966,0.86388,0.98833,0.9945,0.99681,98.7062,0.51,0.3,0.36,0.6,51.07,53.42,52.57,50.36,0.994,0.996,0.995,0.993,/tmpdir/crf_16.mpd,/videos/BigBuckBunny-2160.avi
11665,0.99217,0.86656,0.99867,51.09315,0.99981,0.87466,0.9925,0.99674,0.99833,99.23023,0.44,0.28,0.32,0.51,51.73,53.69,53.06,51.09,0.994,0.996,0.995,0.994,/tmpdir/crf_16.mpd,/videos/BigBuckBunny-2160.avi
11666,0.98909,0.9219,0.998,49.72817,0.99963,0.84421,0.98616,0.99368,0.99657,98.43377,0.57,0.31,0.37,0.69,50.54,53.26,52.43,49.73,0.993,0.996,0.995,0.992,/tmpdir/crf_16.mpd,/videos/BigBuckBunny-2160.avi
11667,0.99802,0.25626,0.99649,59.80252,0.99689,0.97311,0.99912,0.99965,0.99981,100.0,0.06,0.05,0.05,0.07,60.22,61.43,61.0,59.8,0.999,0.999,0.999,0.999,/tmpdir/crf_16.mpd,/videos/BigBuckBunny-2160.avi
11668,0.99348,0.25626,0.99637,56.21303,0.99687,0.95054,0.99616,0.99822,0.99887,99.51049,0.13,0.08,0.09,0.16,56.92,58.86,58.75,56.21,0.999,0.999,0.999,0.999,/tmpdir/crf_16.mpd,/videos/BigBuckBunny-2160.avi
11669,0.99337,0.2672,0.99635,56.03673,0.99687,0.94732,0.99637,0.9984,0.99906,99.50017,0.14,0.09,0.1,0.16,56.67,58.37,58.2,56.04,0.999,0.999,0.999,0.999,/tmpdir/crf_16.mpd,/videos/BigBuckBunny-2160.avi
11670,0.99213,0.2672,0.99632,55.60747,0.99686,0.94397,0.99555,0.998,0.99878,99.23768,0.16,0.11,0.11,0.18,56.2,57.76,57.61,55.61,0.999,0.999,0.999,0.999,/tmpdir/crf_16.mpd,/videos/BigBuckBunny-2160.avi
11671,0.99637,0.33021,0.99641,57.4701,0.99688,0.95848,0.99797,0.99911,0.99946,100.0,0.1,0.07,0.08,0.12,58.03,59.61,59.23,57.47,0.999,0.999,0.999,0.999,/tmpdir/crf_16.mpd,/videos/BigBuckBunny-2160.avi
11672,0.99262,0.33021,0.99635,56.0167,0.99686,0.94843,0.99572,0.99801,0.99877,99.3693,0.15,0.11,0.11,0.16,56.5,57.67,57.68,56.02,0.999,0.999,0.999,0.999,/tmpdir/crf_16.mpd,/videos/BigBuckBunny-2160.avi
11673,0.99363,0.27581,0.99636,56.1747,0.99687,0.94875,0.99644,0.99846,0.99912,99.56271,0.14,0.1,0.11,0.16,56.68,58.0,57.85,56.17,0.999,0.999,0.999,0.999,/tmpdir/crf_16.mpd,/videos/BigBuckBunny-2160.avi
11674,0.99278,0.27581,0.99633,55.79467,0.99686,0.94581,0.99579,0.99809,0.99884,99.36966,0.15,0.12,0.12,0.17,56.25,57.37,57.3,55.79,0.999,0.999,0.999,0.999,/tmpdir/crf_16.mpd,/videos/BigBuckBunny-2160.avi
11675,0.99645,0.3281,0.9964,57.39881,0.99688,0.95783,0.99791,0.99912,0.9995,100.0,0.1,0.07,0.08,0.12,57.96,59.54,59.2,57.4,0.999,0.999,0.999,0.999,/tmpdir/crf_16.mpd,/videos/BigBuckBunny-2160.avi
11676,0.99251,0.3281,0.99634,56.04076,0.99686,0.948,0.99593,0.99819,0.99892,99.36353,0.15,0.12,0.12,0.16,56.46,57.45,57.45,56.04,0.999,0.999,0.999,0.999,/tmpdir/crf_16.mpd,/videos/BigBuckBunny-2160.avi
11677,0.9937,0.30769,0.99635,56.17216,0.99686,0.94864,0.9964,0.99843,0.99906,99.58427,0.14,0.11,0.11,0.16,56.64,57.84,57.72,56.17,0.999,0.999,0.999,0.999,/tmpdir/crf_16.mpd,/videos/BigBuckBunny-2160.avi
11678,0.99283,0.30769,0.99633,55.77765,0.99686,0.94578,0.99554,0.99796,0.99876,99.38502,0.16,0.13,0.12,0.17,56.19,57.14,57.16,55.78,0.999,0.999,0.999,0.999,/tmpdir/crf_16.mpd,/videos/BigBuckBunny-2160.avi
11679,0.99588,0.31896,0.99639,57.17875,0.99687,0.95617,0.99783,0.9991,0.99948,100.0,0.11,0.08,0.09,0.12,57.7,59.13,58.8,57.18,0.999,0.999,0.999,0.999,/tmpdir/crf_16.mpd,/videos/BigBuckBunny-2160.avi
11680,0.99269,0.31896,0.99633,55.85578,0.99686,0.94599,0.99565,0.99803,0.99883,99.37268,0.15,0.12,0.12,0.17,56.26,57.22,57.18,55.86,0.999,0.999,0.999,0.999,/tmpdir/crf_16.mpd,/videos/BigBuckBunny-2160.avi
11681,0.99346,0.30613,0.99634,56.04372,0.99687,0.94706,0.99638,0.99846,0.99914,99.54001,0.15,0.11,0.12,0.16,56.5,57.73,57.46,56.04,0.999,0.999,0.999,0.999,/tmpdir/crf_16.mpd,/videos/BigBuckBunny-2160.avi
11682,0.99243,0.30613,0.99632,55.67541,0.99686,0.94476,0.99559,0.998,0.99879,99.31275,0.16,0.13,0.13,0.18,56.08,57.04,57.03,55.68,0.999,0.999,0.999,0.999,/tmpdir/crf_16.mpd,/videos/BigBuckBunny-2160.avi
11683,0.99612,0.31819,0.9964,57.26078,0.99687,0.95664,0.99792,0.99914,0.99952,100.0,0.11,0.08,0.09,0.12,57.76,59.14,58.82,57.26,0.999,0.999,0.999,0.999,/tmpdir/crf_16.mpd,/videos/BigBuckBunny-2160.avi
11684,0.99185,0.31819,0.99633,55.80271,0.99686,0.94555,0.99562,0.99804,0.99886,99.22399,0.15,0.12,0.12,0.17,56.23,57.25,57.22,55.8,0.999,0.999,0.999,0.999,/tmpdir/crf_16.mpd,/videos/BigBuckBunny-2160.avi
11685,0.99346,0.28893,0.99634,56.05237,0.99686,0.94684,0.99629,0.99834,0.99902,99.51983,0.15,0.11,0.12,0.16,56.49,57.66,57.36,56.05,0.999,0.999,0.999,0.999,/tmpdir/crf_16.mpd,/videos/BigBuckBunny-2160.avi
11686,0.99346,0.28893,0.99632,55.69532,0.99685,0.94446,0.99557,0.99806,0.99889,99.4943,0.16,0.12,0.13,0.18,56.14,57.3,57.12,55.7,0.999,0.999,0.999,0.999,/tmpdir/crf_16.mpd,/videos/BigBuckBunny-2160.avi
11687,0.99585,0.27693,0.99639,57.05261,0.99687,0.955,0.9977,0.99903,0.99943,100.0,0.11,0.08,0.09,0.13,57.55,58.93,58.59,57.05,0.999,0.999,0.999,0.999,/tmpdir/crf_16.mpd,/videos/BigBuckBunny-2160.avi
11688,0.99164,0.27693,0.99633,55.76236,0.99686,0.94538,0.99568,0.99813,0.99891,99.17239,0.15,0.12,0.12,0.17,56.23,57.33,57.39,55.76,0.999,0.999,0.999,0.999,/tmpdir/crf_16.mpd,/videos/BigBuckBunny-2160.avi
11689,0.99286,0.24734,0.99633,55.93687,0.99687,0.9459,0.99613,0.99826,0.99896,99.38502,0.15,0.12,0.12,0.17,56.36,57.47,57.24,55.94,0.999,0.999,0.999,0.999,/tmpdir/crf_16.mpd,/videos/BigBuckBunny-2160.avi
11690,0.99167,0.24734,0.99632,55.70047,0.99686,0.94416,0.9956,0.99801,0.9988,99.15012,0.16,0.13,0.13,0.17,56.08,57.1,56.86,55.7,0.999,0.999,0.999,0.999,/tmpdir/crf_16.mpd,/videos/BigBuckBunny-2160.avi
11691,0.99546,0.31044,0.99639,57.05279,0.99687,0.95497,0.99769,0.99903,0.99946,99.96581,0.12,0.08,0.09,0.13,57.52,58.85,58.42,57.05,0.999,0.999,0.999,0.999,/tmpdir/crf_16.mpd,/videos/BigBuckBunny-2160.avi
11692,0.99247,0.31044,0.99633,55.91453,0.99685,0.94658,0.99571,0.99803,0.99881,99.33116,0.15,0.12,0.12,0.17,56.3,57.19,57.17,55.91,0.999,0.999,0.999,0.999,/tmpdir/crf_16.mpd,/videos/BigBuckBunny-2160.avi
11693,0.99336,0.34431,0.99634,55.98491,0.99686,0.94641,0.99634,0.99837,0.99903,99.52779,0.15,0.11,0.12,0.16,56.43,57.61,57.35,55.98,0.999,0.999,0.999,0.999,/tmpdir/crf_16.mpd,/videos/BigBuckBunny-2160.avi
11694,0.99221,0.34431,0.99631,55.61161,0.99685,0.94368,0.9956,0.99808,0.9989,99.29636,0.16,0.13,0.13,0.18,56.0,56.92,56.86,55.61,0.999,0.999,0.999,0.999,/tmpdir/crf_16.mpd,/videos/BigBuckBunny-2160.avi
11695,0.99537,0.46182,0.99637,56.75998,0.99687,0.95248,0.99747,0.99896,0.99943,100.0,0.12,0.09,0.1,0.14,57.23,58.53,58.17,56.76,0.999,0.999,0.999,0.999,/tmpdir/crf_16.mpd,/videos/BigBuckBunny-2160.avi
11696,0.99181,0.46182,0.99631,55.44307,0.99686,0.94137,0.99523,0.99788,0.99874,99.25329,0.17,0.14,0.14,0.19,55.85,56.81,56.79,55.44,0.999,0.999,0.999,0.999,/tmpdir/crf_16.mpd,/videos/BigBuckBunny-2160.avi
11697,0.99263,0.5969,0.99633,55.68158,0.99687,0.94313,0.99593,0.99819,0.99889,99.48608,0.16,0.12,0.13,0.18,56.14,57.43,57.06,55.68,0.999,0.999,0.999,0.999,/tmpdir/crf_16.mpd,/videos/BigBuckBunny-2160.avi
11698,0.99115,0.56949,0.99629,55.25902,0.99685,0.93942,0.99504,0.99776,0.99862,99.16746,0.18,0.14,0.14,0.19,55.67,56.74,56.53,55.26,0.999,0.999,0.999,0.999,/tmpdir/crf_16.mpd,/videos/BigBuckBunny-2160.avi
11699,0.9957,0.49278,0.99637,56.75546,0.99687,0.95145,0.99744,0.9989,0.99936,100.0,0.12,0.09,0.1,0.14,57.25,58.7,58.21,56.76,0.999,0.999,0.999,0.999,/tmpdir/crf_16.mpd,/videos/BigBuckBunny-2160.avi
11700,0.99228,0.49278,0.9963,55.40271,0.99685,0.94074,0.99534,0.99796,0.9988,99.35456,0.17,0.13,0.13,0.19,55.85,56.93,56.89,55.4,0.999,0.999,0.999,0.999,/tmpdir/crf_16.mpd,/videos/BigBuckBunny-2160.avi
11701,0.99304,0.42231,0.99632,55.70716,0.99686,0.94317,0.996,0.99824,0.99896,99.48474,0.16,0.12,0.13,0.17,56.14,57.36,56.99,55.71,0.999,0.999,0.999,0.999,/tmpdir/crf_16.mpd,/videos/BigBuckBunny-2160.avi
11702,0.99304,0.42231,0.99631,55.53304,0.99686,0.94264,0.99545,0.99793,0.99877,99.46186,0.17,0.13,0.14,0.18,55.92,56.89,56.72,55.53,0.999,0.999,0.999,0.999,/tmpdir/crf_16.mpd,/videos/BigBuckBunny-2160.avi
11703,0.99535,0.35761,0.99639,56.88092,0.99688,0.9531,0.99776,0.99908,0.99949,99.96336,0.12,0.09,0.1,0.13,57.35,58.69,58.29,56.88,0.999,0.999,0.999,0.999,/tmpdir/crf_16.mpd,/videos/BigBuckBunny-2160.avi
11704,0.99238,0.35761,0.99632,55.63857,0.99686,0.94357,0.99561,0.99808,0.99889,99.33044,0.16,0.13,0.13,0.18,56.03,57.04,56.85,55.64,0.999,0.999,0.999,0.999,/tmpdir/crf_16.mpd,/videos/BigBuckBunny-2160.avi
11705,0.99339,0.23849,0.99633,55.8198,0.99687,0.94403,0.99616,0.99828,0.99897,99.46949,0.15,0.12,0.13,0.17,56.24,57.38,57.05,55.82,0.999,0.999,0.999,0.999,/tmpdir/crf_16.mpd,/videos/BigBuckBunny-2160.avi
11706,0.99105,0.23849,0.99631,55.42894,0.99686,0.94129,0.99554,0.99802,0.99886,99.02843,0.17,0.14,0.14,0.19,55.83,56.77,56.75,55.43,0.999,0.999,0.999,0.999,/tmpdir/crf_16.mpd,/videos/BigBuckBunny-2160.avi
11707,0.99521,0.27749,0.99638,56.77248,0.99687,0.95217,0.99761,0.999,0.99942,99.89153,0.12,0.09,0.1,0.14,57.23,58.53,58.11,56.77,0.999,0.999,0.999,0.999,/tmpdir/crf_16.mpd,/videos/BigBuckBunny-2160.avi
11708,0.99196,0.27749,0.99632,55.65654,0.99686,0.94357,0.99571,0.99808,0.99885,99.21799,0.16,0.12,0.13,0.18,56.1,57.22,57.09,55.66,0.999,0.999,0.999,0.999,/tmpdir/crf_16.mpd,/videos/BigBuckBunny-2160.avi
11709,0.99335,0.29175,0.99633,55.84502,0.99686,0.94434,0.99614,0.99825,0.9989,99.48164,0.15,0.12,0.13,0.17,56.27,57.43,57.09,55.85,0.999,0.999,0.999,0.999,/tmpdir/crf_16.mpd,/videos/BigBuckBunny-2160.avi
11710,0.99226,0.29175,0.9963,55.50416,0.99685,0.94188,0.99561,0.99808,0.99889,99.27275,0.17,0.13,0.14,0.18,55.9,56.9,56.73,55.5,0.999,0.999,0.999,0.999,/tmpdir/crf_16.mpd,/videos/BigBuckBunny-2160.avi
11711,0.99467,0.36131,0.99637,56.50362,0.99687,0.94968,0.99729,0.99885,0.99934,99.81535,0.13,0.1,0.11,0.15,56.96,58.25,57.85,56.5,0.999,0.999,0.999,0.999,/tmpdir/crf_16.mpd,/videos/BigBuckBunny-2160.avi
11712,0.99265,0.36131,0.99631,55.46324,0.99686,0.94162,0.99547,0.99801,0.99887,99.36919,0.17,0.14,0.14,0.18,55.86,56.81,56.77,55.46,0.999,0.999,0.999,0.999,/tmpdir/crf_16.mpd,/videos/BigBuckBunny-2160.avi
11713,0.99321,0.28097,0.99633,55.64956,0.99687,0.9425,0.99623,0.99839,0.99906,99.45903,0.16,0.12,0.13,0.18,56.07,57.22,56.9,55.65,0.999,0.999,0.999,0.999,/tmpdir/crf_16.mpd,/videos/BigBuckBunny-2160.avi
11714,0.99145,0.28097,0.9963,55.28623,0.99686,0.93952,0.99545,0.99798,0.99877,99.10492,0.18,0.14,0.15,0.19,55.66,56.58,56.49,55.29,0.999,0.999,0.999,0.999,/tmpdir/crf_16.mpd,/videos/BigBuckBunny-2160.avi
11715,0.99381,0.30222,0.99634,56.05807,0.99687,0.9459,0.99674,0.99865,0.99924,99.60813,0.15,0.11,0.12,0.16,56.51,57.78,57.41,56.06,0.999,0.999,0.999,0.999,/tmpdir/crf_16.mpd,/videos/BigBuckBunny-2160.avi
11716,0.99249,0.30222,0.99631,55.58447,0.99686,0.94251,0.99558,0.99801,0.99882,99.31468,0.16,0.13,0.14,0.18,55.97,56.99,56.75,55.58,0.999,0.999,0.999,0.999,/tmpdir/crf_16.mpd,/videos/BigBuckBunny-2160.avi
11717,0.99139,0.31346,0.99628,55.02234,0.99685,0.93793,0.99503,0.99781,0.99871,99.09358,0.19,0.15,0.16,0.2,55.41,56.45,56.18,55.02,0.999,0.999,0.999,0.999,/tmpdir/crf_16.mpd,/videos/BigBuckBunny-2160.avi
11718,0.99191,0.31346,0.99629,55.10929,0.99685,0.93847,0.99528,0.99796,0.99881,99.19989,0.18,0.13,0.14,0.2,55.6,56.9,56.68,55.11,0.999,0.999,0.999,0.999,/tmpdir/crf_16.mpd,/videos/BigBuckBunny-2160.avi
11719,0.99814,0.20397,0.9986,55.09539,0.99926,0.95285,0.99788,0.99904,0.99947,100.0,0.19,0.16,0.15,0.2,55.44,56.0,56.44,55.1,0.998,0.998,0.998,0.998,/tmpdir/crf_16.mpd,/videos/BigBuckBunny-2160.avi
11720,0.99728,0.20397,0.99846,53.48239,0.99923,0.93591,0.99599,0.99829,0.99914,100.0,0.26,0.21,0.17,0.29,54.03,54.91,55.92,53.48,0.998,0.998,0.998,0.998,/tmpdir/crf_16.mpd,/videos/BigBuckBunny-2160.avi
11721,0.99714,0.20989,0.99844,53.20627,0.99924,0.93187,0.99601,0.99831,0.99915,100.0,0.28,0.26,0.19,0.31,53.65,54.06,55.42,53.21,0.998,0.997,0.997,0.998,/tmpdir/crf_16.mpd,/videos/BigBuckBunny-2160.avi
11722,0.99559,0.20989,0.99829,52.03894,0.99919,0.91847,0.99093,0.99536,0.99729,99.55718,0.36,0.31,0.21,0.41,52.6,53.24,54.89,52.04,0.997,0.997,0.997,0.997,/tmpdir/crf_16.mpd,/videos/BigBuckBunny-2160.avi
11723,0.99556,0.20887,0.99832,52.14077,0.99921,0.91825,0.99227,0.99621,0.99782,99.60978,0.36,0.32,0.22,0.4,52.63,53.04,54.71,52.14,0.997,0.997,0.997,0.997,/tmpdir/crf_16.mpd,/videos/BigBuckBunny-2160.avi
11724,0.99533,0.20887,0.99827,51.89133,0.99919,0.91652,0.99088,0.99539,0.99733,99.50684,0.37,0.32,0.22,0.42,52.43,53.07,54.62,51.89,0.997,0.997,0.997,0.997,/tmpdir/crf_16.mpd,/videos/BigBuckBunny-2160.avi
11725,0.99712,0.20752,0.99845,53.1137,0.99924,0.93037,0.99617,0.9983,0.99908,100.0,0.29,0.28,0.21,0.32,53.44,53.61,54.81,53.11,0.997,0.997,0.997,0.998,/tmpdir/crf_16.mpd,/videos/BigBuckBunny-2160.avi
11726,0.99542,0.20752,0.99829,52.01827,0.99919,0.91807,0.9912,0.99549,0.99739,99.53476,0.36,0.32,0.23,0.41,52.51,53.04,54.48,52.02,0.997,0.997,0.997,0.997,/tmpdir/crf_16.mpd,/videos/BigBuckBunny-2160.avi
11727,0.99545,0.20946,0.99831,52.0791,0.9992,0.91752,0.9922,0.99611,0.99778,99.58304,0.36,0.33,0.24,0.4,52.52,52.9,54.37,52.08,0.997,0.996,0.997,0.997,/tmpdir/crf_16.mpd,/videos/BigBuckBunny-2160.avi
11728,0.99517,0.20946,0.99827,51.84892,0.99918,0.91581,0.99108,0.99546,0.99739,99.48156,0.38,0.33,0.24,0.42,52.35,52.92,54.33,51.85,0.997,0.996,0.997,0.997,/tmpdir/crf_16.mpd,/videos/BigBuckBunny-2160.avi
11729,0.99695,0.20157,0.99844,52.97152,0.99924,0.92865,0.9961,0.99826,0.99906,100.0,0.31,0.29,0.23,0.33,53.29,53.48,54.57,52.97,0.997,0.997,0.997,0.998,/tmpdir/crf_16.mpd,/videos/BigBuckBunny-2160.avi
11730,0.99531,0.20157,0.99829,51.96453,0.99919,0.91726,0.99124,0.99554,0.99743,99.51262,0.37,0.33,0.24,0.41,52.44,52.98,54.3,51.96,0.997,0.997,0.997,0.997,/tmpdir/crf_16.mpd,/videos/BigBuckBunny-2160.avi
11731,0.99538,0.2008,0.9983,52.02454,0.9992,0.91676,0.99211,0.99606,0.99771,99.55734,0.37,0.34,0.24,0.41,52.46,52.84,54.24,52.02,0.997,0.996,0.997,0.997,/tmpdir/crf_16.mpd,/videos/BigBuckBunny-2160.avi
11732,0.99505,0.2008,0.99826,51.75177,0.99918,0.91464,0.9908,0.99524,0.99716,99.43124,0.39,0.34,0.25,0.43,52.26,52.87,54.24,51.75,0.997,0.996,0.997,0.997,/tmpdir/crf_16.mpd,/videos/BigBuckBunny-2160.avi
11733,0.99696,0.19615,0.99843,52.91295,0.99924,0.92796,0.99607,0.99826,0.99907,100.0,0.31,0.3,0.23,0.33,53.22,53.42,54.49,52.91,0.997,0.997,0.997,0.998,/tmpdir/crf_16.mpd,/videos/BigBuckBunny-2160.avi
11734,0.99519,0.19615,0.99828,51.9024,0.99919,0.91646,0.99121,0.99556,0.99751,99.4931,0.38,0.33,0.24,0.42,52.39,52.94,54.26,51.9,0.997,0.996,0.997,0.997,/tmpdir/crf_16.mpd,/videos/BigBuckBunny-2160.avi
11735,0.99531,0.19174,0.99829,51.99164,0.9992,0.91642,0.99228,0.99623,0.99793,99.55934,0.37,0.34,0.25,0.41,52.42,52.81,54.17,51.99,0.997,0.996,0.997,0.997,/tmpdir/crf_16.mpd,/videos/BigBuckBunny-2160.avi
11736,0.99505,0.19174,0.99825,51.72978,0.99918,0.91422,0.99097,0.99542,0.99737,99.44514,0.39,0.34,0.25,0.44,52.23,52.83,54.18,51.73,0.997,0.996,0.997,0.997,/tmpdir/crf_16.mpd,/videos/BigBuckBunny-2160.avi
11737,0.99693,0.19076,0.99842,52.84982,0.99923,0.92711,0.99597,0.99819,0.99904,100.0,0.31,0.3,0.24,0.34,53.16,53.38,54.41,52.85,0.997,0.997,0.997,0.998,/tmpdir/crf_16.mpd,/videos/BigBuckBunny-2160.avi
11738,0.9953,0.19076,0.99827,51.8479,0.99918,0.9157,0.99114,0.99554,0.99752,99.50735,0.38,0.33,0.25,0.42,52.34,52.92,54.2,51.85,0.997,0.996,0.997,0.997,/tmpdir/crf_16.mpd,/videos/BigBuckBunny-2160.avi
11739,0.99539,0.18764,0.99829,51.95808,0.9992,0.9158,0.9922,0.9962,0.99785,99.56318,0.38,0.35,0.25,0.41,52.38,52.74,54.13,51.96,0.997,0.996,0.997,0.997,/tmpdir/crf_16.mpd,/videos/BigBuckBunny-2160.avi
11740,0.9951,0.18764,0.99824,51.6899,0.99918,0.9133,0.99077,0.99535,0.99733,99.44435,0.39,0.34,0.25,0.44,52.19,52.8,54.12,51.69,0.997,0.996,0.997,0.997,/tmpdir/crf_16.mpd,/videos/BigBuckBunny-2160.avi
11741,0.99685,0.1906,0.99841,52.77529,0.99923,0.92611,0.99583,0.9981,0.99893,99.98703,0.32,0.3,0.24,0.34,53.09,53.32,54.33,52.78,0.997,0.997,0.997,0.998,/tmpdir/crf_16.mpd,/videos/BigBuckBunny-2160.avi
11742,0.99515,0.1906,0.99826,51.78832,0.99918,0.91472,0.99091,0.99531,0.99721,99.45059,0.39,0.34,0.25,0.43,52.27,52.85,54.13,51.79,0.997,0.996,0.997,0.997,/tmpdir/crf_16.mpd,/videos/BigBuckBunny-2160.avi
11743,0.99526,0.19184,0.99827,51.87556,0.99919,0.91469,0.9918,0.9959,0.99755,99.50884,0.38,0.35,0.26,0.42,52.3,52.67,54.04,51.88,0.997,0.996,0.997,0.997,/tmpdir/crf_16.mpd,/videos/BigBuckBunny-2160.avi
11744,0.99511,0.19184,0.99823,51.61559,0.99918,0.91228,0.99065,0.99527,0.99721,99.43427,0.4,0.35,0.26,0.45,52.11,52.7,54.02,51.62,0.997,0.996,0.997,0.997,/tmpdir/crf_16.mpd,/videos/BigBuckBunny-2160.avi
11745,0.99672,0.19183,0.9984,52.66337,0.99923,0.92475,0.99575,0.99809,0.99893,99.95938,0.33,0.31,0.25,0.35,52.98,53.19,54.23,52.66,0.997,0.997,0.997,0.998,/tmpdir/crf_16.mpd,/videos/BigBuckBunny-2160.avi
11746,0.99504,0.19183,0.99825,51.74425,0.99918,0.91395,0.99086,0.99524,0.99711,99.42001,0.39,0.35,0.26,0.44,52.21,52.73,54.04,51.74,0.997,0.996,0.997,0.997,/tmpdir/crf_16.mpd,/videos/BigBuckBunny-2160.avi
11747,0.99528,0.19106,0.99826,51.82254,0.99919,0.91377,0.99176,0.99589,0.99764,99.51513,0.39,0.36,0.26,0.43,52.24,52.57,53.96,51.82,0.997,0.996,0.996,0.997,/tmpdir/crf_16.mpd,/videos/BigBuckBunny-2160.avi
11748,0.99504,0.19106,0.99822,51.56571,0.99918,0.91138,0.99067,0.99528,0.99726,99.42137,0.41,0.36,0.26,0.45,52.05,52.59,53.94,51.57,0.997,0.996,0.996,0.997,/tmpdir/crf_16.mpd,/videos/BigBuckBunny-2160.avi
11749,0.99659,0.19514,0.99838,52.54287,0.99923,0.923,0.9955,0.99797,0.99889,99.92569,0.34,0.32,0.25,0.36,52.86,53.07,54.16,52.54,0.997,0.996,0.997,0.997,/tmpdir/crf_16.mpd,/videos/BigBuckBunny-2160.avi
11750,0.99628,0.19514,0.99833,52.25677,0.99922,0.91923,0.99484,0.99772,0.9988,99.84306,0.35,0.33,0.25,0.39,52.63,52.93,54.13,52.26,0.997,0.996,0.997,0.997,/tmpdir/crf_16.mpd,/videos/BigBuckBunny-2160.avi
11751,0.99633,0.19427,0.99834,52.32264,0.99922,0.9199,0.99512,0.99785,0.99881,99.85986,0.35,0.34,0.26,0.38,52.65,52.84,54.05,52.32,0.997,0.996,0.996,0.997,/tmpdir/crf_16.mpd,/videos/BigBuckBunny-2160.avi
11752,0.99624,0.19427,0.99832,52.21668,0.99922,0.91845,0.99489,0.99777,0.99881,99.83555,0.36,0.35,0.26,0.39,52.55,52.72,54.0,52.22,0.997,0.996,0.996,0.997,/tmpdir/crf_16.mpd,/videos/BigBuckBunny-2160.avi
11753,0.99637,0.19827,0.99834,52.29602,0.99922,0.91942,0.9951,0.99784,0.99884,99.86729,0.36,0.34,0.26,0.38,52.62,52.79,53.96,52.3,0.997,0.996,0.996,0.997,/tmpdir/crf_16.mpd,/videos/BigBuckBunny-2160.avi
11754,0.99631,0.19827,0.99832,52.18112,0.99922,0.9179,0.99486,0.99775,0.99881,99.84711,0.36,0.35,0.26,0.39,52.52,52.7,53.94,52.18,0.997,0.996,0.996,0.997,/tmpdir/crf_16.mpd,/videos/BigBuckBunny-2160.avi
11755,0.9963,0.19473,0.99834,52.2663,0.99922,0.91894,0.99507,0.99782,0.9988,99.84949,0.36,0.35,0.26,0.39,52.58,52.74,53.92,52.27,0.997,0.996,0.996,0.997,/tmpdir/crf_16.mpd,/videos/BigBuckBunny-2160.avi
11756,0.9963,0.19473,0.99832,52.17758,0.99922,0.91783,0.99491,0.99782,0.99886,99.84856,0.37,0.35,0.27,0.39,52.5,52.66,53.88,52.18,0.997,0.996,0.996,0.997,/tmpdir/crf_16.mpd,/videos/BigBuckBunny-2160.avi
11757,0.99632,0.197,0.99834,52.26683,0.99922,0.91898,0.99521,0.99792,0.99889,99.86277,0.36,0.35,0.26,0.39,52.57,52.7,53.9,52.27,0.997,0.996,0.996,0.997,/tmpdir/crf_16.mpd,/videos/BigBuckBunny-2160.avi
11758,0.99627,0.197,0.99833,52.196,0.99922,0.9181,0.99495,0.99778,0.99883,99.8416,0.36,0.35,0.27,0.39,52.51,52.65,53.89,52.2,0.997,0.996,0.996,0.997,/tmpdir/crf_16.mpd,/videos/BigBuckBunny-2160.avi
11759,0.99451,0.20299,0.99816,51.1919,0.99917,0.90544,0.98957,0.99473,0.99697,99.27867,0.44,0.4,0.28,0.49,51.66,52.08,53.65,51.19,0.997,0.996,0.996,0.997,/tmpdir/crf_16.mpd,/videos/BigBuckBunny-2160.avi
11760,0.99496,0.20299,0.99824,51.60355,0.99919,0.91043,0.99165,0.99583,0.99758,99.44704,0.41,0.39,0.28,0.45,51.99,52.19,53.68,51.6,0.997,0.996,0.996,0.997,/tmpdir/crf_16.mpd,/videos/BigBuckBunny-2160.avi
11761,0.99471,0.20915,0.99821,51.46521,0.99917,0.90936,0.99035,0.99511,0.99718,99.35442,0.42,0.38,0.27,0.46,51.93,52.39,53.78,51.47,0.997,0.996,0.996,0.997,/tmpdir/crf_16.mpd,/videos/BigBuckBunny-2160.avi
11762,0.99643,0.20915,0.99837,52.40633,0.99922,0.92107,0.99531,0.99789,0.99886,99.89195,0.35,0.34,0.26,0.37,52.71,52.85,54.01,52.41,0.997,0.996,0.996,0.997,/tmpdir/crf_16.mpd,/videos/BigBuckBunny-2160.avi
11763,0.99448,0.21562,0.99818,51.28357,0.99917,0.90697,0.98999,0.99503,0.99721,99.30831,0.43,0.39,0.28,0.48,51.76,52.23,53.71,51.28,0.997,0.996,0.996,0.997,/tmpdir/crf_16.mpd,/videos/BigBuckBunny-2160.avi
11764,0.99482,0.21562,0.99825,51.59331,0.99919,0.91037,0.99177,0.99598,0.99772,99.44221,0.41,0.39,0.28,0.45,51.98,52.18,53.69,51.59,0.997,0.996,0.996,0.997,/tmpdir/crf_16.mpd,/videos/BigBuckBunny-2160.avi
11765,0.99442,0.22024,0.99819,51.3451,0.99917,0.90778,0.99018,0.9951,0.99724,99.30665,0.43,0.39,0.28,0.48,51.81,52.26,53.7,51.35,0.997,0.996,0.996,0.997,/tmpdir/crf_16.mpd,/videos/BigBuckBunny-2160.avi
11766,0.99613,0.22024,0.99835,52.21505,0.99922,0.91854,0.99501,0.99774,0.99883,99.82795,0.36,0.36,0.27,0.39,52.52,52.62,53.86,52.22,0.997,0.996,0.996,0.997,/tmpdir/crf_16.mpd,/videos/BigBuckBunny-2160.avi
11767,0.99605,0.23023,0.99831,51.97257,0.99921,0.91538,0.9947,0.99771,0.99878,99.80285,0.38,0.37,0.27,0.41,52.32,52.47,53.83,51.97,0.997,0.996,0.996,0.997,/tmpdir/crf_16.mpd,/videos/BigBuckBunny-2160.avi
11768,0.99586,0.23023,0.99829,51.86342,0.99921,0.91376,0.99441,0.99759,0.99874,99.75919,0.39,0.38,0.27,0.42,52.21,52.33,53.76,51.86,0.997,0.996,0.996,0.997,/tmpdir/crf_16.mpd,/videos/BigBuckBunny-2160.avi
11769,0.99592,0.22807,0.9983,51.90813,0.99921,0.91425,0.99465,0.99769,0.9988,99.77561,0.39,0.38,0.28,0.42,52.23,52.3,53.72,51.91,0.997,0.996,0.996,0.997,/tmpdir/crf_16.mpd,/videos/BigBuckBunny-2160.avi
11770,0.99581,0.22807,0.99827,51.71894,0.99921,0.91161,0.99422,0.99749,0.99867,99.73363,0.4,0.39,0.28,0.44,52.07,52.2,53.64,51.72,0.997,0.996,0.996,0.997,/tmpdir/crf_16.mpd,/videos/BigBuckBunny-2160.avi
11771,0.99577,0.23212,0.99828,51.75931,0.99921,0.91208,0.99438,0.99759,0.99874,99.73842,0.4,0.39,0.28,0.43,52.09,52.17,53.58,51.76,0.997,0.996,0.996,0.997,/tmpdir/crf_16.mpd,/videos/BigBuckBunny-2160.avi
11772,0.99546,0.23212,0.99826,51.56634,0.99921,0.9094,0.9938,0.99732,0.9986,99.65659,0.42,0.41,0.29,0.45,51.92,52.02,53.53,51.57,0.997,0.996,0.996,0.997,/tmpdir/crf_16.mpd,/videos/BigBuckBunny-2160.avi
11773,0.99657,0.23721,0.99847,53.32415,0.99923,0.93289,0.99658,0.99844,0.99918,100.0,0.28,0.25,0.21,0.3,53.68,54.2,54.84,53.32,0.998,0.997,0.997,0.998,/tmpdir/crf_16.mpd,/videos/BigBuckBunny-2160.avi
11774,0.99532,0.23721,0.99828,51.85376,0.9992,0.91267,0.99367,0.99721,0.99859,99.64014,0.37,0.3,0.23,0.42,52.43,53.34,54.48,51.85,0.997,0.997,0.997,0.997,/tmpdir/crf_16.mpd,/videos/BigBuckBunny-2160.avi
11775,0.99479,0.24488,0.99822,51.31504,0.9992,0.904,0.99319,0.99713,0.99858,99.51753,0.42,0.37,0.26,0.48,51.85,52.45,54.03,51.32,0.997,0.996,0.997,0.997,/tmpdir/crf_16.mpd,/videos/BigBuckBunny-2160.avi
11776,0.99412,0.24488,0.99812,50.6943,0.99918,0.89444,0.99144,0.99633,0.99812,99.31467,0.49,0.42,0.28,0.55,51.27,51.9,53.73,50.69,0.996,0.996,0.996,0.997,/tmpdir/crf_16.mpd,/videos/BigBuckBunny-2160.avi
11777,0.99314,0.35317,0.99798,49.92585,0.99915,0.88206,0.98892,0.99516,0.99747,99.07782,0.57,0.49,0.3,0.66,50.55,51.21,53.34,49.93,0.996,0.995,0.996,0.996,/tmpdir/crf_16.mpd,/videos/BigBuckBunny-2160.avi
11778,0.99644,0.12638,0.99944,52.81589,0.99996,0.94676,0.99828,0.99924,0.99959,100.0,0.29,0.21,0.2,0.34,53.43,54.97,55.07,52.82,0.997,0.998,0.997,0.997,/tmpdir/crf_16.mpd,/videos/BigBuckBunny-2160.avi
11779,0.9944,0.12081,0.99914,51.42625,0.99989,0.933,0.99682,0.99853,0.99919,99.57573,0.39,0.23,0.23,0.47,52.23,54.45,54.53,51.43,0.996,0.997,0.997,0.996,/tmpdir/crf_16.mpd,/videos/BigBuckBunny-2160.avi
11780,0.99363,0.12081,0.99903,50.94543,0.99987,0.92623,0.9964,0.9983,0.99901,99.39483,0.43,0.24,0.23,0.52,51.82,54.32,54.45,50.95,0.996,0.997,0.997,0.995,/tmpdir/crf_16.mpd,/videos/BigBuckBunny-2160.avi
11781,0.99253,0.13328,0.99891,50.4644,0.99985,0.91692,0.99608,0.99817,0.9989,99.16138,0.47,0.25,0.24,0.58,51.4,54.14,54.31,50.46,0.995,0.997,0.997,0.994,/tmpdir/crf_16.mpd,/videos/BigBuckBunny-2160.avi
11782,0.99508,0.14344,0.99919,51.5533,0.99991,0.93575,0.9972,0.99874,0.99931,99.73102,0.38,0.24,0.23,0.45,52.3,54.26,54.43,51.55,0.996,0.997,0.997,0.996,/tmpdir/crf_16.mpd,/videos/BigBuckBunny-2160.avi
11783,0.99354,0.53933,0.99902,51.06129,0.99986,0.9301,0.99585,0.99796,0.99876,99.55815,0.43,0.27,0.26,0.51,51.81,53.74,54.01,51.06,0.996,0.997,0.997,0.995,/tmpdir/crf_16.mpd,/videos/BigBuckBunny-2160.avi
11784,0.99384,0.29673,0.99904,51.07505,0.99986,0.93018,0.99594,0.99802,0.99882,99.50677,0.43,0.28,0.26,0.51,51.82,53.7,53.97,51.08,0.996,0.997,0.997,0.995,/tmpdir/crf_16.mpd,/videos/BigBuckBunny-2160.avi
11785,0.99354,0.29673,0.99893,50.78353,0.99981,0.92729,0.9957,0.99793,0.99874,99.43505,0.45,0.28,0.27,0.54,51.56,53.59,53.84,50.78,0.996,0.997,0.997,0.995,/tmpdir/crf_16.mpd,/videos/BigBuckBunny-2160.avi
11786,0.99484,0.36229,0.99907,51.19034,0.99989,0.93113,0.99688,0.99859,0.99918,99.75679,0.42,0.27,0.26,0.49,51.93,53.83,54.03,51.19,0.996,0.997,0.997,0.995,/tmpdir/crf_16.mpd,/videos/BigBuckBunny-2160.avi
11787,0.99341,0.67467,0.9989,50.72861,0.99982,0.92607,0.9954,0.99773,0.99863,99.56827,0.46,0.29,0.27,0.55,51.49,53.46,53.75,50.73,0.996,0.997,0.997,0.995,/tmpdir/crf_16.mpd,/videos/BigBuckBunny-2160.avi
11788,0.99375,0.67467,0.99894,50.8144,0.99985,0.92653,0.99576,0.99795,0.99878,99.64669,0.45,0.29,0.27,0.54,51.57,53.51,53.76,50.81,0.996,0.997,0.997,0.995,/tmpdir/crf_16.mpd,/videos/BigBuckBunny-2160.avi
11789,0.99325,0.89987,0.99887,50.57898,0.99983,0.92381,0.99538,0.9978,0.99872,99.64723,0.48,0.3,0.28,0.57,51.35,53.36,53.65,50.58,0.995,0.997,0.996,0.995,/tmpdir/crf_16.mpd,/videos/BigBuckBunny-2160.avi
11790,0.99456,0.89987,0.999,50.95446,0.99989,0.92776,0.99674,0.99857,0.99923,99.94864,0.44,0.28,0.27,0.52,51.69,53.6,53.83,50.95,0.996,0.997,0.997,0.995,/tmpdir/crf_16.mpd,/videos/BigBuckBunny-2160.avi
11791,0.9931,1.01508,0.9988,50.38394,0.99981,0.9214,0.99511,0.99764,0.99861,99.65444,0.5,0.31,0.29,0.6,51.16,53.18,53.47,50.38,0.995,0.997,0.996,0.995,/tmpdir/crf_16.mpd,/videos/BigBuckBunny-2160.avi
11792,0.99357,1.01508,0.99883,50.46199,0.99982,0.92198,0.9954,0.99781,0.99869,99.74916,0.49,0.31,0.29,0.58,51.23,53.21,53.48,50.46,0.995,0.997,0.996,0.995,/tmpdir/crf_16.mpd,/videos/BigBuckBunny-2160.avi
11793,0.9932,0.91262,0.99886,50.48465,0.99983,0.92132,0.99536,0.99784,0.99874,99.63651,0.49,0.31,0.3,0.58,51.23,53.17,53.38,50.48,0.995,0.997,0.996,0.995,/tmpdir/crf_16.mpd,/videos/BigBuckBunny-2160.avi
11794,0.99468,0.91262,0.99903,50.95737,0.9999,0.92648,0.99671,0.99854,0.99918,99.96654,0.44,0.29,0.28,0.52,51.66,53.45,53.63,50.96,0.996,0.997,0.996,0.995,/tmpdir/crf_16.mpd,/videos/BigBuckBunny-2160.avi
11795,0.99315,0.4685,0.99881,50.35402,0.99982,0.92023,0.99517,0.99768,0.99861,99.40332,0.5,0.32,0.3,0.6,51.12,53.13,53.34,50.35,0.995,0.997,0.996,0.995,/tmpdir/crf_16.mpd,/videos/BigBuckBunny-2160.avi
11796,0.99372,0.4685,0.99887,50.48609,0.99984,0.92169,0.99552,0.99786,0.99873,99.52248,0.49,0.31,0.3,0.58,51.24,53.22,53.39,50.49,0.995,0.997,0.996,0.995,/tmpdir/crf_16.mpd,/videos/BigBuckBunny-2160.avi
11797,0.99328,0.34447,0.99885,50.45153,0.99984,0.92079,0.99549,0.99787,0.99871,99.38256,0.49,0.31,0.3,0.59,51.21,53.18,53.38,50.45,0.995,0.997,0.996,0.995,/tmpdir/crf_16.mpd,/videos/BigBuckBunny-2160.avi
11798,0.99455,0.34447,0.999,50.8748,0.9999,0.92538,0.9968,0.99861,0.99923,99.68104,0.45,0.3,0.29,0.53,51.58,53.38,53.54,50.87,0.995,0.997,0.996,0.995,/tmpdir/crf_16.mpd,/videos/BigBuckBunny-2160.avi
11799,0.99318,0.49365,0.99888,50.53212,0.99984,0.92164,0.99537,0.99779,0.9987,99.43427,0.49,0.32,0.3,0.58,51.26,53.14,53.35,50.53,0.995,0.997,0.996,0.995,/tmpdir/crf_16.mpd,/videos/BigBuckBunny-2160.avi
11800,0.99357,0.49365,0.9989,50.55309,0.99985,0.9221,0.99556,0.99786,0.99874,99.50927,0.48,0.31,0.3,0.57,51.29,53.19,53.41,50.55,0.995,0.997,0.996,0.995,/tmpdir/crf_16.mpd,/videos/BigBuckBunny-2160.avi
11801,0.99313,0.68557,0.99885,50.44859,0.99984,0.92103,0.99522,0.99767,0.99858,99.50221,0.49,0.32,0.3,0.59,51.2,53.11,53.38,50.45,0.995,0.997,0.996,0.995,/tmpdir/crf_16.mpd,/videos/BigBuckBunny-2160.avi
11802,0.99452,0.68557,0.99902,50.90246,0.9999,0.92582,0.99676,0.99859,0.99925,99.83574,0.45,0.3,0.29,0.53,51.6,53.35,53.56,50.9,0.996,0.997,0.996,0.995,/tmpdir/crf_16.mpd,/videos/BigBuckBunny-2160.avi
11803,0.99326,0.71645,0.99888,50.52021,0.99984,0.92164,0.99526,0.99772,0.99867,99.54755,0.49,0.32,0.3,0.58,51.24,53.05,53.35,50.52,0.995,0.997,0.996,0.995,/tmpdir/crf_16.mpd,/videos/BigBuckBunny-2160.avi
11804,0.99363,0.71645,0.99893,50.63353,0.99986,0.92279,0.99558,0.99785,0.99874,99.62693,0.48,0.32,0.3,0.56,51.35,53.14,53.41,50.63,0.995,0.997,0.996,0.995,/tmpdir/crf_16.mpd,/videos/BigBuckBunny-2160.avi
11805,0.99337,0.58708,0.99887,50.48904,0.99984,0.92155,0.99538,0.99779,0.99872,99.51224,0.49,0.31,0.29,0.58,51.25,53.22,53.47,50.49,0.995,0.997,0.996,0.995,/tmpdir/crf_16.mpd,/videos/BigBuckBunny-2160.avi
11806,0.9949,0.58708,0.99906,51.07009,0.99991,0.92766,0.99699,0.99868,0.9993,99.87006,0.43,0.29,0.28,0.51,51.76,53.48,53.66,51.07,0.996,0.997,0.996,0.995,/tmpdir/crf_16.mpd,/videos/BigBuckBunny-2160.avi
11807,0.9932,0.39926,0.99889,50.56939,0.99985,0.9225,0.99539,0.99777,0.99868,99.39457,0.48,0.31,0.29,0.57,51.31,53.21,53.46,50.57,0.995,0.997,0.996,0.995,/tmpdir/crf_16.mpd,/videos/BigBuckBunny-2160.avi
11808,0.99366,0.39926,0.99896,50.75503,0.99987,0.92412,0.99577,0.99796,0.99882,99.49715,0.46,0.3,0.29,0.55,51.47,53.29,53.51,50.76,0.995,0.997,0.996,0.995,/tmpdir/crf_16.mpd,/videos/BigBuckBunny-2160.avi
11809,0.99338,0.32475,0.99891,50.64178,0.99985,0.92296,0.99567,0.99794,0.99879,99.40816,0.47,0.3,0.29,0.56,51.38,53.3,53.52,50.64,0.995,0.997,0.996,0.995,/tmpdir/crf_16.mpd,/videos/BigBuckBunny-2160.avi
11810,0.99491,0.32475,0.99905,51.06831,0.99991,0.92758,0.99699,0.99868,0.99929,99.74973,0.43,0.29,0.28,0.51,51.75,53.49,53.66,51.07,0.996,0.997,0.996,0.995,/tmpdir/crf_16.mpd,/videos/BigBuckBunny-2160.avi
11811,0.99335,0.24681,0.99889,50.60722,0.99983,0.92327,0.99557,0.99783,0.9987,99.35811,0.48,0.31,0.29,0.57,51.35,53.27,53.51,50.61,0.995,0.997,0.996,0.995,/tmpdir/crf_16.mpd,/videos/BigBuckBunny-2160.avi
11812,0.99342,0.24681,0.99893,50.66672,0.99985,0.92412,0.99567,0.99786,0.99874,99.37672,0.47,0.3,0.29,0.56,51.41,53.33,53.55,50.67,0.995,0.997,0.996,0.995,/tmpdir/crf_16.mpd,/videos/BigBuckBunny-2160.avi
11813,0.99352,0.17002,0.9989,50.5688,0.99986,0.92093,0.99575,0.99797,0.99882,99.35703,0.48,0.31,0.29,0.57,51.32,53.28,53.52,50.57,0.995,0.997,0.996,0.995,/tmpdir/crf_16.mpd,/videos/BigBuckBunny-2160.avi
11814,0.99454,0.17002,0.99903,50.87648,0.99991,0.92311,0.99686,0.99863,0.99928,99.59591,0.45,0.29,0.28,0.53,51.6,53.45,53.63,50.88,0.995,0.997,0.996,0.995,/tmpdir/crf_16.mpd,/videos/BigBuckBunny-2160.avi
11815,0.99331,0.14442,0.99878,50.17584,0.99981,0.91539,0.99553,0.99785,0.99874,99.28039,0.52,0.31,0.29,0.62,51.01,53.28,53.5,50.18,0.995,0.997,0.996,0.994,/tmpdir/crf_16.mpd,/videos/BigBuckBunny-2160.avi
11816,0.99292,0.11773,0.99883,50.12273,0.99985,0.9142,0.99564,0.99791,0.99878,99.19925,0.52,0.3,0.29,0.63,50.97,53.3,53.5,50.12,0.995,0.997,0.996,0.994,/tmpdir/crf_16.mpd,/videos/BigBuckBunny-2160.avi
11817,0.99343,0.0845,0.99888,50.28129,0.99986,0.91561,0.99597,0.9981,0.99887,99.29074,0.51,0.3,0.29,0.61,51.09,53.3,53.49,50.28,0.995,0.997,0.996,0.994,/tmpdir/crf_16.mpd,/videos/BigBuckBunny-2160.avi
11818,0.99383,0.0845,0.99896,50.52515,0.9999,0.91786,0.99664,0.99851,0.99918,99.40189,0.48,0.3,0.29,0.58,51.3,53.39,53.53,50.53,0.995,0.997,0.996,0.994,/tmpdir/crf_16.mpd,/videos/BigBuckBunny-2160.avi
11819,0.99359,0.1078,0.99892,50.52323,0.99986,0.9207,0.99569,0.99789,0.99874,99.33207,0.48,0.31,0.29,0.58,51.28,53.24,53.45,50.52,0.995,0.997,0.996,0.995,/tmpdir/crf_16.mpd,/videos/BigBuckBunny-2160.avi
11820,0.99341,0.30274,0.99887,50.39532,0.99984,0.92046,0.99553,0.99784,0.99872,99.38653,0.5,0.31,0.3,0.59,51.17,53.24,53.39,50.4,0.995,0.997,0.996,0.995,/tmpdir/crf_16.mpd,/videos/BigBuckBunny-2160.avi
11821,0.99323,0.29179,0.99881,50.31385,0.99981,0.92006,0.99522,0.99769,0.99862,99.33666,0.51,0.31,0.3,0.6,51.1,53.21,53.35,50.31,0.995,0.997,0.996,0.995,/tmpdir/crf_16.mpd,/videos/BigBuckBunny-2160.avi
11822,0.99434,0.29179,0.99894,50.68754,0.99988,0.92593,0.99637,0.99834,0.99908,99.60446,0.47,0.3,0.29,0.56,51.42,53.32,53.47,50.69,0.995,0.997,0.996,0.995,/tmpdir/crf_16.mpd,/videos/BigBuckBunny-2160.avi
11823,0.99256,0.68152,0.99882,50.40275,0.99982,0.92108,0.99491,0.99753,0.99853,99.39168,0.5,0.32,0.31,0.59,51.14,53.05,53.21,50.4,0.995,0.997,0.996,0.995,/tmpdir/crf_16.mpd,/videos/BigBuckBunny-2160.avi
11824,0.99323,0.70234,0.99886,50.48978,0.99985,0.92152,0.99512,0.99765,0.99864,99.53246,0.49,0.32,0.31,0.58,51.2,53.02,53.23,50.49,0.995,0.997,0.996,0.995,/tmpdir/crf_16.mpd,/videos/BigBuckBunny-2160.avi
11825,0.99286,0.74172,0.99875,50.22334,0.9998,0.91866,0.99477,0.99748,0.99852,99.46261,0.52,0.33,0.31,0.62,50.97,52.89,53.17,50.22,0.995,0.996,0.996,0.994,/tmpdir/crf_16.mpd,/videos/BigBuckBunny-2160.avi
11826,0.99429,0.74172,0.99893,50.62832,0.99989,0.92313,0.99624,0.99833,0.99909,99.79315,0.48,0.32,0.3,0.56,51.33,53.1,53.34,50.63,0.995,0.997,0.996,0.995,/tmpdir/crf_16.mpd,/videos/BigBuckBunny-2160.avi
11827,0.9926,0.5833,0.99872,50.13393,0.99981,0.91631,0.99466,0.99744,0.99846,99.32862,0.53,0.34,0.32,0.63,50.88,52.76,53.1,50.13,0.995,0.996,0.996,0.994,/tmpdir/crf_16.mpd,/videos/BigBuckBunny-2160.avi
11828,0.99307,0.5833,0.99877,50.22952,0.99984,0.91694,0.99487,0.99752,0.99852,99.42069,0.52,0.34,0.32,0.62,50.96,52.79,53.08,50.23,0.995,0.996,0.996,0.994,/tmpdir/crf_16.mpd,/videos/BigBuckBunny-2160.avi
11829,0.9927,0.66931,0.99876,50.16636,0.99984,0.91619,0.99464,0.99748,0.99853,99.39289,0.53,0.35,0.32,0.63,50.89,52.68,53.01,50.17,0.995,0.996,0.996,0.994,/tmpdir/crf_16.mpd,/videos/BigBuckBunny-2160.avi
11830,0.99395,0.66931,0.99887,50.3913,0.99989,0.91893,0.99564,0.99806,0.99894,99.66778,0.51,0.34,0.32,0.59,51.09,52.83,53.1,50.39,0.995,0.996,0.996,0.994,/tmpdir/crf_16.mpd,/videos/BigBuckBunny-2160.avi
11831,0.99219,0.66384,0.99868,49.98882,0.99981,0.91392,0.99397,0.99711,0.99828,99.26485,0.55,0.37,0.34,0.65,50.71,52.5,52.86,49.99,0.995,0.996,0.996,0.994,/tmpdir/crf_16.mpd,/videos/BigBuckBunny-2160.avi
11832,0.99273,0.66384,0.99872,50.03851,0.99982,0.914,0.99399,0.99712,0.99832,99.36381,0.55,0.36,0.34,0.64,50.75,52.53,52.85,50.04,0.995,0.996,0.996,0.994,/tmpdir/crf_16.mpd,/videos/BigBuckBunny-2160.avi
11833,0.99231,0.8684,0.99867,49.85043,0.99981,0.91171,0.99315,0.99661,0.99796,99.33924,0.57,0.38,0.35,0.67,50.58,52.36,52.74,49.85,0.995,0.996,0.996,0.994,/tmpdir/crf_16.mpd,/videos/BigBuckBunny-2160.avi
11834,0.99343,12.8645,0.99878,50.22699,0.99985,0.91201,0.99411,0.9972,0.99838,100.0,0.52,0.33,0.3,0.62,50.99,52.91,53.29,50.23,0.995,0.996,0.996,0.994,/tmpdir/crf_16.mpd,/videos/BigBuckBunny-2160.avi
11835,0.99197,29.61701,0.99904,51.40289,0.99987,0.90394,0.99448,0.99756,0.99861,100.0,0.38,0.2,0.19,0.47,52.35,55.11,55.34,51.4,0.996,0.998,0.997,0.996,/tmpdir/crf_16.mpd,/videos/BigBuckBunny-2160.avi
11836,0.99274,6.2869,0.99943,53.72912,0.99992,0.92456,0.99619,0.99841,0.99913,100.0,0.22,0.11,0.11,0.28,54.7,57.86,57.54,53.73,0.998,0.999,0.998,0.997,/tmpdir/crf_16.mpd,/videos/BigBuckBunny-2160.avi
11837,0.9956,0.10395,0.99951,54.47967,0.99991,0.93473,0.99643,0.99842,0.99911,99.77828,0.18,0.08,0.09,0.23,55.48,58.98,58.39,54.48,0.998,0.999,0.999,0.998,/tmpdir/crf_16.mpd,/videos/BigBuckBunny-2160.avi
11838,0.99595,0.10395,0.99953,54.67663,0.99992,0.93647,0.99661,0.99848,0.99911,99.84889,0.18,0.08,0.09,0.22,55.65,59.01,58.43,54.68,0.998,0.999,0.999,0.998,/tmpdir/crf_16.mpd,/videos/BigBuckBunny-2160.avi
11839,0.99596,0.08709,0.99951,54.44291,0.99992,0.93235,0.99653,0.99849,0.99916,99.83208,0.19,0.08,0.09,0.23,55.46,58.99,58.43,54.44,0.998,0.999,0.999,0.998,/tmpdir/crf_16.mpd,/videos/BigBuckBunny-2160.avi
11840,0.99676,0.08709,0.99957,54.92349,0.99993,0.93646,0.99739,0.99893,0.99945,100.0,0.17,0.08,0.09,0.21,55.88,59.09,58.56,54.92,0.998,0.999,0.999,0.998,/tmpdir/crf_16.mpd,/videos/BigBuckBunny-2160.avi
11841,0.99599,0.06726,0.9995,54.25819,0.99991,0.93055,0.99625,0.99832,0.999,99.80511,0.19,0.08,0.09,0.24,55.3,58.96,58.4,54.26,0.998,0.999,0.999,0.998,/tmpdir/crf_16.mpd,/videos/BigBuckBunny-2160.avi
11842,0.99605,0.06726,0.99951,54.37682,0.99992,0.93111,0.99645,0.99846,0.99917,99.83388,0.19,0.08,0.09,0.24,55.4,58.98,58.4,54.38,0.998,0.999,0.999,0.998,/tmpdir/crf_16.mpd,/videos/BigBuckBunny-2160.avi
11843,0.99567,0.06048,0.9995,54.37041,0.99991,0.93083,0.99639,0.99844,0.99914,99.75907,0.19,0.08,0.09,0.24,55.39,58.97,58.41,54.37,0.998,0.999,0.999,0.998,/tmpdir/crf_16.mpd,/videos/BigBuckBunny-2160.avi
11844,0.99642,0.06048,0.99953,54.58891,0.99993,0.93253,0.99686,0.99868,0.99931,99.91744,0.18,0.08,0.09,0.23,55.59,59.06,58.52,54.59,0.998,0.999,0.999,0.998,/tmpdir/crf_16.mpd,/videos/BigBuckBunny-2160.avi
11845,0.99595,0.0773,0.99949,54.41813,0.9999,0.93404,0.99617,0.99833,0.99905,99.81894,0.19,0.08,0.09,0.24,55.43,58.92,58.38,54.42,0.998,0.999,0.999,0.998,/tmpdir/crf_16.mpd,/videos/BigBuckBunny-2160.avi
11846,0.99616,0.0773,0.9995,54.39086,0.99991,0.93388,0.99624,0.99841,0.99918,99.86735,0.19,0.08,0.09,0.24,55.4,58.89,58.38,54.39,0.998,0.999,0.999,0.998,/tmpdir/crf_16.mpd,/videos/BigBuckBunny-2160.avi
11847,0.99516,0.12642,0.99948,54.23925,0.99991,0.93208,0.99577,0.99816,0.99898,99.684,0.19,0.09,0.1,0.24,55.25,58.75,58.23,54.24,0.998,0.999,0.999,0.998,/tmpdir/crf_16.mpd,/videos/BigBuckBunny-2160.avi
11848,0.99594,0.35283,0.99947,54.11543,0.9999,0.93416,0.99568,0.99804,0.99883,99.91961,0.2,0.08,0.09,0.25,55.17,58.86,58.43,54.12,0.998,0.999,0.999,0.998,/tmpdir/crf_16.mpd,/videos/BigBuckBunny-2160.avi
11849,0.99488,4.01842,0.99951,54.60538,0.9999,0.94,0.99393,0.99712,0.99835,100.0,0.18,0.09,0.09,0.23,55.54,58.39,58.42,54.61,0.998,0.999,0.999,0.998,/tmpdir/crf_16.mpd,/videos/BigBuckBunny-2160.avi
11850,0.99562,7.95421,0.99959,55.20449,0.99991,0.94428,0.995,0.99755,0.99855,100.0,0.16,0.09,0.09,0.2,56.07,58.51,58.7,55.2,0.999,0.999,0.999,0.998,/tmpdir/crf_16.mpd,/videos/BigBuckBunny-2160.avi
11851,0.99408,2.78369,0.9994,53.69752,0.9999,0.92303,0.99157,0.99611,0.99781,100.0,0.23,0.14,0.13,0.28,54.53,56.77,57.08,53.7,0.998,0.998,0.998,0.998,/tmpdir/crf_16.mpd,/videos/BigBuckBunny-2160.avi
11852,0.99466,2.78369,0.99951,54.54615,0.99991,0.93366,0.99301,0.99669,0.99813,100.0,0.19,0.12,0.11,0.23,55.31,57.23,57.57,54.55,0.998,0.999,0.999,0.998,/tmpdir/crf_16.mpd,/videos/BigBuckBunny-2160.avi
11853,0.99596,7.55804,0.9996,55.35034,0.99992,0.94606,0.99554,0.99791,0.99882,100.0,0.16,0.09,0.09,0.19,56.2,58.59,58.76,55.35,0.999,0.999,0.999,0.998,/tmpdir/crf_16.mpd,/videos/BigBuckBunny-2160.avi
11854,0.99487,3.50354,0.99949,54.37466,0.9999,0.93846,0.99353,0.9968,0.99805,100.0,0.19,0.09,0.1,0.24,55.34,58.38,58.32,54.37,0.998,0.999,0.999,0.998,/tmpdir/crf_16.mpd,/videos/BigBuckBunny-2160.avi
11855,0.99513,0.78999,0.99939,53.34918,0.99991,0.91894,0.99474,0.99771,0.9987,99.90812,0.23,0.1,0.1,0.3,54.45,58.32,58.07,53.35,0.998,0.999,0.999,0.997,/tmpdir/crf_16.mpd,/videos/BigBuckBunny-2160.avi
11856,0.99451,0.78999,0.99939,53.49552,0.9999,0.92113,0.99461,0.99769,0.99876,99.80891,0.22,0.09,0.1,0.29,54.61,58.61,58.25,53.5,0.998,0.999,0.999,0.997,/tmpdir/crf_16.mpd,/videos/BigBuckBunny-2160.avi
11857,0.99611,0.18578,0.99963,55.22352,0.99995,0.94024,0.99741,0.99893,0.99944,99.964,0.16,0.08,0.09,0.2,56.15,59.15,58.72,55.22,0.998,0.999,0.999,0.998,/tmpdir/crf_16.mpd,/videos/BigBuckBunny-2160.avi
11858,0.9949,0.18578,0.9995,54.14774,0.99992,0.92949,0.99587,0.99823,0.99905,99.66135,0.2,0.08,0.09,0.25,55.22,59.03,58.57,54.15,0.998,0.999,0.999,0.998,/tmpdir/crf_16.mpd,/videos/BigBuckBunny-2160.avi
11859,0.99504,0.14331,0.9995,53.93857,0.99993,0.92536,0.99595,0.99829,0.99909,99.65832,0.2,0.08,0.09,0.26,55.04,58.99,58.54,53.94,0.998,0.999,0.999,0.998,/tmpdir/crf_16.mpd,/videos/BigBuckBunny-2160.avi
11860,0.99475,0.14331,0.99946,53.60792,0.99991,0.92121,0.99545,0.99801,0.99887,99.56905,0.22,0.08,0.09,0.28,54.75,58.95,58.49,53.61,0.998,0.999,0.999,0.998,/tmpdir/crf_16.mpd,/videos/BigBuckBunny-2160.avi
11861,0.99043,9.50081,0.99935,52.61166,0.99992,0.90596,0.99464,0.99779,0.99886,100.0,0.28,0.14,0.13,0.36,53.61,56.72,56.88,52.61,0.997,0.998,0.998,0.997,/tmpdir/crf_16.mpd,/videos/BigBuckBunny-2160.avi
11862,0.98637,3.29804,0.99845,48.99238,0.9998,0.85086,0.98542,0.99321,0.99628,99.16561,0.69,0.47,0.38,0.82,49.75,51.39,52.36,48.99,0.994,0.995,0.995,0.993,/tmpdir/crf_16.mpd,/videos/BigBuckBunny-2160.avi
11863,0.98675,3.29804,0.99846,48.9051,0.99983,0.84727,0.98537,0.9932,0.9963,99.22769,0.71,0.5,0.4,0.84,49.63,51.13,52.14,48.91,0.994,0.995,0.995,0.993,/tmpdir/crf_16.mpd,/videos/BigBuckBunny-2160.avi
11864,0.98891,32.62917,0.99942,53.19561,0.99992,0.91249,0.99438,0.9975,0.9986,100.0,0.25,0.11,0.12,0.31,54.22,57.54,57.52,53.2,0.998,0.999,0.998,0.997,/tmpdir/crf_16.mpd,/videos/BigBuckBunny-2160.avi
11865,0.99315,0.2262,0.99996,60.0,0.99996,0.99786,0.99979,0.9999,0.99994,99.76079,0.0,0.0,0.0,0.01,71.15,74.79,75.12,70.03,1.0,1.0,1.0,1.0,/tmpdir/crf_16.mpd,/videos/BigBuckBunny-2160.avi
11866,0.99889,1e-05,0.99996,60.0,0.99996,1.0,1.0,1.0,1.0,100.0,0.0,0.0,0.0,0.0,99.26,108.29,inf,97.59,1.0,1.0,1.0,1.0,/tmpdir/crf_16.mpd,/videos/BigBuckBunny-2160.avi
11867,1.0,0.0,0.99996,60.0,0.99996,1.0,1.0,1.0,1.0,100.0,0.0,0.0,0.0,0.0,inf,inf,inf,inf,1.0,1.0,1.0,1.0,/tmpdir/crf_16.mpd,/videos/BigBuckBunny-2160.avi
11868,1.0,0.0,0.99996,60.0,0.99996,1.0,1.0,1.0,1.0,100.0,0.0,0.0,0.0,0.0,inf,inf,inf,inf,1.0,1.0,1.0,1.0,/tmpdir/crf_16.mpd,/videos/BigBuckBunny-2160.avi
11869,1.0,0.0,0.99996,60.0,0.99996,1.0,1.0,1.0,1.0,100.0,0.0,0.0,0.0,0.0,inf,inf,inf,inf,1.0,1.0,1.0,1.0,/tmpdir/crf_16.mpd,/videos/BigBuckBunny-2160.avi
11870,0.99327,0.27575,0.99994,60.0,0.99996,1.0,1.0,1.0,1.0,99.82014,0.0,0.0,0.0,0.01,72.54,inf,inf,70.78,1.0,1.0,1.0,1.0,/tmpdir/crf_16.mpd,/videos/BigBuckBunny-2160.avi
11871,0.99374,0.49829,0.99994,60.0,0.99996,1.0,1.0,1.0,1.0,100.0,0.01,0.02,0.02,0.0,68.11,64.46,64.81,72.23,1.0,1.0,1.0,1.0,/tmpdir/crf_16.mpd,/videos/BigBuckBunny-2160.avi
11872,0.99373,0.49829,0.99994,60.0,0.99996,1.0,1.0,1.0,1.0,100.0,0.01,0.03,0.02,0.01,67.57,63.69,65.26,70.91,1.0,1.0,1.0,1.0,/tmpdir/crf_16.mpd,/videos/BigBuckBunny-2160.avi
11873,0.99219,0.66401,0.99991,60.0,0.99995,1.0,1.0,1.0,1.0,99.8017,0.01,0.02,0.01,0.01,67.09,65.89,69.92,66.91,1.0,1.0,1.0,1.0,/tmpdir/crf_16.mpd,/videos/BigBuckBunny-2160.avi
11874,0.99071,0.66401,0.99989,60.0,0.99995,1.0,1.0,1.0,1.0,99.53926,0.02,0.02,0.04,0.02,64.88,65.13,62.54,65.65,1.0,1.0,0.999,1.0,/tmpdir/crf_16.mpd,/videos/BigBuckBunny-2160.avi
11875,0.98982,0.84665,0.99986,60.0,0.99995,1.0,1.0,1.0,1.0,99.46521,0.03,0.03,0.03,0.03,63.87,63.73,63.62,63.97,1.0,1.0,1.0,1.0,/tmpdir/crf_16.mpd,/videos/BigBuckBunny-2160.avi
11876,0.98898,0.84665,0.99984,60.0,0.99994,1.0,1.0,1.0,1.0,99.31661,0.04,0.04,0.06,0.03,62.5,61.75,60.68,63.35,0.999,0.999,0.999,1.0,/tmpdir/crf_16.mpd,/videos/BigBuckBunny-2160.avi
11877,0.98863,0.93708,0.99981,60.0,0.99994,1.0,1.0,1.0,1.0,99.2953,0.04,0.06,0.06,0.04,61.67,60.6,60.08,62.53,0.999,0.999,0.999,0.999,/tmpdir/crf_16.mpd,/videos/BigBuckBunny-2160.avi
11878,0.98809,0.93708,0.99979,60.0,0.99994,1.0,1.0,1.0,1.0,99.20047,0.05,0.06,0.06,0.04,61.42,60.48,60.45,62.0,0.999,0.999,0.999,0.999,/tmpdir/crf_16.mpd,/videos/BigBuckBunny-2160.avi
11879,0.99216,1.8805,0.99972,59.98159,0.99992,0.98799,0.99882,0.99928,0.99947,100.0,0.06,0.05,0.07,0.07,60.09,60.79,59.92,59.98,0.999,0.999,0.999,0.999,/tmpdir/crf_16.mpd,/videos/BigBuckBunny-2160.avi
11880,0.99821,2.18453,0.99982,60.0,0.99996,0.99028,0.99924,0.99962,0.99979,100.0,0.06,0.05,0.06,0.06,60.46,61.08,60.26,60.36,0.999,0.999,0.999,0.999,/tmpdir/crf_16.mpd,/videos/BigBuckBunny-2160.avi
11881,0.99865,3.195,0.99972,56.96913,0.99994,0.97564,0.9983,0.99922,0.99962,100.0,0.12,0.09,0.1,0.13,57.35,58.52,57.99,56.97,0.999,0.999,0.998,0.999,/tmpdir/crf_16.mpd,/videos/BigBuckBunny-2160.avi
11882,0.99763,3.195,0.99968,54.9967,0.99993,0.96209,0.99734,0.99865,0.99924,100.0,0.18,0.12,0.14,0.21,55.56,57.23,56.75,55.0,0.998,0.998,0.998,0.999,/tmpdir/crf_16.mpd,/videos/BigBuckBunny-2160.avi
11883,0.99862,1.81883,0.99965,53.7996,0.99993,0.95351,0.99676,0.99832,0.99906,100.0,0.24,0.15,0.18,0.27,54.41,56.38,55.61,53.8,0.998,0.998,0.997,0.998,/tmpdir/crf_16.mpd,/videos/BigBuckBunny-2160.avi
11884,0.99858,1.59702,0.99964,53.61173,0.99993,0.95332,0.99671,0.99825,0.99898,100.0,0.25,0.16,0.19,0.28,54.21,56.18,55.32,53.61,0.998,0.998,0.997,0.998,/tmpdir/crf_16.mpd,/videos/BigBuckBunny-2160.avi
11885,0.99749,1.00719,0.99947,53.05329,0.99986,0.95301,0.99593,0.99749,0.99833,100.0,0.28,0.19,0.22,0.32,53.61,55.38,54.62,53.05,0.998,0.997,0.997,0.998,/tmpdir/crf_16.mpd,/videos/BigBuckBunny-2160.avi
11886,0.99954,1.00719,0.99957,53.37825,0.99991,0.95394,0.99713,0.99855,0.99918,100.0,0.26,0.17,0.2,0.3,53.99,55.93,55.2,53.38,0.998,0.998,0.997,0.998,/tmpdir/crf_16.mpd,/videos/BigBuckBunny-2160.avi
11887,0.99951,1.02746,0.99939,53.00683,0.99984,0.9548,0.99672,0.9982,0.99894,100.0,0.29,0.19,0.24,0.33,53.52,55.24,54.38,53.01,0.998,0.997,0.997,0.998,/tmpdir/crf_16.mpd,/videos/BigBuckBunny-2160.avi
11888,0.99982,1.02746,0.99952,53.24108,0.9999,0.95435,0.99716,0.99855,0.99916,100.0,0.27,0.18,0.21,0.31,53.82,55.6,54.97,53.24,0.998,0.998,0.997,0.998,/tmpdir/crf_16.mpd,/videos/BigBuckBunny-2160.avi
11889,0.99963,1.03112,0.99931,52.78085,0.99981,0.95475,0.99672,0.99822,0.99897,100.0,0.3,0.2,0.24,0.34,53.34,55.15,54.33,52.78,0.997,0.997,0.997,0.997,/tmpdir/crf_16.mpd,/videos/BigBuckBunny-2160.avi
11890,0.99978,1.03112,0.99945,53.04744,0.99988,0.95441,0.99715,0.99854,0.99913,100.0,0.28,0.18,0.2,0.32,53.67,55.51,55.04,53.05,0.998,0.998,0.997,0.998,/tmpdir/crf_16.mpd,/videos/BigBuckBunny-2160.avi
11891,0.99965,1.02134,0.99924,52.5915,0.99979,0.95458,0.99675,0.99823,0.99892,100.0,0.31,0.2,0.24,0.36,53.19,55.04,54.37,52.59,0.997,0.997,0.997,0.997,/tmpdir/crf_16.mpd,/videos/BigBuckBunny-2160.avi
11892,0.99982,1.02134,0.99938,52.78474,0.99987,0.95376,0.99708,0.99849,0.99909,100.0,0.29,0.19,0.21,0.34,53.44,55.4,54.9,52.78,0.997,0.998,0.998,0.997,/tmpdir/crf_16.mpd,/videos/BigBuckBunny-2160.avi
11893,0.99953,1.01732,0.99917,52.35281,0.99976,0.95352,0.99667,0.9982,0.99889,100.0,0.33,0.21,0.24,0.38,52.97,54.93,54.25,52.35,0.997,0.997,0.997,0.997,/tmpdir/crf_16.mpd,/videos/BigBuckBunny-2160.avi
11894,0.99974,1.01732,0.99934,52.65819,0.99986,0.95298,0.99718,0.9986,0.99917,100.0,0.3,0.19,0.21,0.35,53.33,55.29,54.9,52.66,0.997,0.998,0.998,0.997,/tmpdir/crf_16.mpd,/videos/BigBuckBunny-2160.avi
11895,0.99968,1.00252,0.99911,52.26959,0.99974,0.95468,0.99681,0.9983,0.99895,100.0,0.34,0.21,0.26,0.39,52.87,54.82,54.02,52.27,0.997,0.998,0.997,0.997,/tmpdir/crf_16.mpd,/videos/BigBuckBunny-2160.avi
11896,0.99956,1.00252,0.99915,52.39379,0.99976,0.95527,0.99734,0.99869,0.99919,100.0,0.32,0.21,0.23,0.37,53.05,54.99,54.56,52.39,0.997,0.998,0.998,0.997,/tmpdir/crf_16.mpd,/videos/BigBuckBunny-2160.avi
11897,0.99964,0.98011,0.99904,52.12755,0.99971,0.95293,0.99678,0.99835,0.99898,100.0,0.34,0.22,0.25,0.4,52.78,54.79,54.17,52.13,0.997,0.998,0.998,0.997,/tmpdir/crf_16.mpd,/videos/BigBuckBunny-2160.avi
11898,0.9998,0.98011,0.99928,52.60381,0.99985,0.95304,0.99734,0.99875,0.9993,100.0,0.31,0.2,0.21,0.36,53.27,55.16,54.84,52.6,0.997,0.998,0.998,0.997,/tmpdir/crf_16.mpd,/videos/BigBuckBunny-2160.avi
11899,0.9996,0.95635,0.99898,52.0054,0.99969,0.95244,0.99672,0.99834,0.999,100.0,0.35,0.22,0.26,0.41,52.65,54.64,54.04,52.01,0.997,0.998,0.998,0.996,/tmpdir/crf_16.mpd,/videos/BigBuckBunny-2160.avi
11900,0.99955,0.95635,0.99908,52.1741,0.99975,0.95341,0.99724,0.99869,0.99924,100.0,0.33,0.21,0.23,0.39,52.88,54.97,54.58,52.17,0.997,0.998,0.998,0.997,/tmpdir/crf_16.mpd,/videos/BigBuckBunny-2160.avi
11901,0.9996,0.92454,0.99892,51.87347,0.99967,0.95051,0.99664,0.99836,0.99904,100.0,0.36,0.22,0.25,0.42,52.56,54.69,54.07,51.87,0.997,0.998,0.998,0.996,/tmpdir/crf_16.mpd,/videos/BigBuckBunny-2160.avi
11902,0.99978,0.92454,0.9992,52.26589,0.99983,0.95033,0.99706,0.99863,0.99924,100.0,0.33,0.2,0.21,0.39,53.0,55.12,54.86,52.27,0.997,0.998,0.998,0.997,/tmpdir/crf_16.mpd,/videos/BigBuckBunny-2160.avi
11903,0.99951,0.89345,0.99886,51.73378,0.99965,0.94878,0.99627,0.99817,0.99894,100.0,0.37,0.22,0.25,0.44,52.45,54.65,54.11,51.73,0.997,0.998,0.998,0.996,/tmpdir/crf_16.mpd,/videos/BigBuckBunny-2160.avi
11904,0.99948,0.89345,0.99901,51.96405,0.99973,0.95034,0.9969,0.9986,0.99924,100.0,0.35,0.21,0.22,0.41,52.71,54.88,54.62,51.96,0.997,0.998,0.998,0.996,/tmpdir/crf_16.mpd,/videos/BigBuckBunny-2160.avi
11905,0.99947,0.85243,0.99883,51.65569,0.99964,0.94697,0.99629,0.99829,0.99906,100.0,0.38,0.22,0.26,0.44,52.39,54.71,54.05,51.66,0.996,0.998,0.998,0.996,/tmpdir/crf_16.mpd,/videos/BigBuckBunny-2160.avi
11906,0.99957,0.85243,0.99909,51.98273,0.99981,0.94695,0.99665,0.99848,0.99921,100.0,0.34,0.2,0.21,0.41,52.77,55.07,54.82,51.98,0.997,0.998,0.998,0.996,/tmpdir/crf_16.mpd,/videos/BigBuckBunny-2160.avi
11907,0.9993,0.81044,0.99878,51.54267,0.99963,0.94485,0.99591,0.99809,0.99894,100.0,0.38,0.23,0.26,0.46,52.28,54.55,54.01,51.54,0.996,0.998,0.998,0.996,/tmpdir/crf_16.mpd,/videos/BigBuckBunny-2160.avi
11908,0.99936,0.81044,0.99894,51.77279,0.99972,0.94658,0.99647,0.99841,0.99916,100.0,0.36,0.21,0.22,0.43,52.55,54.84,54.63,51.77,0.997,0.998,0.998,0.996,/tmpdir/crf_16.mpd,/videos/BigBuckBunny-2160.avi
11909,0.99938,0.76066,0.99875,51.4584,0.99963,0.94313,0.9961,0.99828,0.99912,100.0,0.39,0.22,0.26,0.46,52.22,54.66,53.99,51.46,0.996,0.998,0.998,0.996,/tmpdir/crf_16.mpd,/videos/BigBuckBunny-2160.avi
11910,0.99955,0.76066,0.99902,51.77441,0.9998,0.9432,0.99615,0.99824,0.99909,100.0,0.36,0.2,0.21,0.43,52.59,55.04,54.82,51.77,0.997,0.998,0.998,0.996,/tmpdir/crf_16.mpd,/videos/BigBuckBunny-2160.avi
11911,0.99922,0.71098,0.9987,51.3718,0.9996,0.94075,0.99568,0.99804,0.99893,100.0,0.39,0.22,0.25,0.47,52.18,54.75,54.17,51.37,0.996,0.998,0.998,0.995,/tmpdir/crf_16.mpd,/videos/BigBuckBunny-2160.avi
11912,0.99923,0.71098,0.99891,51.5869,0.99976,0.94034,0.9958,0.99804,0.99892,100.0,0.37,0.2,0.21,0.45,52.45,55.05,54.85,51.59,0.996,0.998,0.998,0.996,/tmpdir/crf_16.mpd,/videos/BigBuckBunny-2160.avi
11913,0.99915,0.65813,0.99872,51.33242,0.99962,0.94016,0.99576,0.99807,0.99896,100.0,0.4,0.23,0.25,0.48,52.13,54.52,54.2,51.33,0.996,0.998,0.998,0.995,/tmpdir/crf_16.mpd,/videos/BigBuckBunny-2160.avi
11914,0.99919,0.65813,0.99883,51.54195,0.99968,0.94051,0.99584,0.99816,0.99904,100.0,0.38,0.22,0.23,0.46,52.36,54.78,54.57,51.54,0.996,0.998,0.998,0.996,/tmpdir/crf_16.mpd,/videos/BigBuckBunny-2160.avi
11915,0.99918,0.59842,0.99869,51.24763,0.99961,0.93861,0.9955,0.99794,0.99889,100.0,0.4,0.22,0.25,0.49,52.06,54.71,54.07,51.25,0.996,0.998,0.998,0.995,/tmpdir/crf_16.mpd,/videos/BigBuckBunny-2160.avi
11916,0.99946,0.59842,0.99901,51.67753,0.99981,0.93967,0.99608,0.99822,0.99905,100.0,0.36,0.2,0.21,0.44,52.52,55.09,54.83,51.68,0.996,0.998,0.998,0.996,/tmpdir/crf_16.mpd,/videos/BigBuckBunny-2160.avi
11917,0.99907,0.5361,0.99872,51.29532,0.99963,0.93744,0.99532,0.99782,0.99878,100.0,0.4,0.23,0.25,0.48,52.09,54.46,54.21,51.3,0.996,0.998,0.998,0.995,/tmpdir/crf_16.mpd,/videos/BigBuckBunny-2160.avi
11918,0.99907,0.5361,0.99877,51.35813,0.99965,0.93751,0.99543,0.99787,0.99882,100.0,0.39,0.22,0.24,0.48,52.17,54.69,54.3,51.36,0.996,0.998,0.998,0.995,/tmpdir/crf_16.mpd,/videos/BigBuckBunny-2160.avi
11919,0.99891,0.4694,0.99869,51.21032,0.99961,0.93584,0.99507,0.99765,0.99862,100.0,0.41,0.22,0.26,0.49,52.02,54.71,53.96,51.21,0.996,0.998,0.998,0.995,/tmpdir/crf_16.mpd,/videos/BigBuckBunny-2160.avi
11920,0.9993,0.4694,0.99898,51.62276,0.9998,0.93718,0.99592,0.99812,0.99892,100.0,0.37,0.2,0.21,0.45,52.48,55.07,54.83,51.62,0.996,0.998,0.998,0.996,/tmpdir/crf_16.mpd,/videos/BigBuckBunny-2160.avi
11921,0.99891,0.39847,0.99862,51.05737,0.99959,0.93394,0.99474,0.99746,0.99849,100.0,0.42,0.23,0.25,0.51,51.91,54.57,54.19,51.06,0.996,0.998,0.998,0.995,/tmpdir/crf_16.mpd,/videos/BigBuckBunny-2160.avi
11922,0.999,0.39847,0.99873,51.28272,0.99965,0.93507,0.99555,0.99807,0.99896,100.0,0.4,0.22,0.25,0.48,52.1,54.73,54.14,51.28,0.996,0.998,0.998,0.995,/tmpdir/crf_16.mpd,/videos/BigBuckBunny-2160.avi
11923,0.99886,0.32116,0.9987,51.08045,0.99962,0.93468,0.99555,0.99801,0.99889,100.0,0.41,0.22,0.24,0.51,51.95,54.77,54.27,51.08,0.996,0.998,0.998,0.995,/tmpdir/crf_16.mpd,/videos/BigBuckBunny-2160.avi
11924,0.99914,0.32116,0.99897,51.57548,0.9998,0.93572,0.9959,0.99813,0.99895,100.0,0.37,0.2,0.21,0.45,52.43,55.04,54.81,51.58,0.996,0.998,0.998,0.996,/tmpdir/crf_16.mpd,/videos/BigBuckBunny-2160.avi
11925,0.99879,0.24214,0.99862,50.95904,0.99955,0.9333,0.99525,0.99779,0.99873,100.0,0.42,0.22,0.24,0.52,51.86,54.71,54.41,50.96,0.996,0.998,0.998,0.995,/tmpdir/crf_16.mpd,/videos/BigBuckBunny-2160.avi
11926,0.99898,0.24214,0.99882,51.28304,0.99969,0.93382,0.99529,0.99781,0.99873,100.0,0.4,0.22,0.24,0.48,52.13,54.76,54.36,51.28,0.996,0.998,0.998,0.995,/tmpdir/crf_16.mpd,/videos/BigBuckBunny-2160.avi
11927,0.99903,0.15687,0.99894,51.42373,0.99976,0.93444,0.99618,0.99842,0.99919,100.0,0.39,0.21,0.23,0.47,52.26,54.88,54.5,51.42,0.996,0.998,0.998,0.996,/tmpdir/crf_16.mpd,/videos/BigBuckBunny-2160.avi
11928,0.99932,0.15687,0.99909,51.65651,0.99984,0.93544,0.99616,0.99827,0.999,100.0,0.37,0.2,0.22,0.44,52.48,55.04,54.66,51.66,0.997,0.998,0.998,0.996,/tmpdir/crf_16.mpd,/videos/BigBuckBunny-2160.avi
11929,0.99941,0.06553,0.99923,51.92949,0.99989,0.93725,0.9965,0.99838,0.99907,100.0,0.35,0.2,0.22,0.42,52.73,55.14,54.78,51.93,0.997,0.998,0.998,0.996,/tmpdir/crf_16.mpd,/videos/BigBuckBunny-2160.avi
11930,0.99941,0.02501,0.9993,52.08431,0.99991,0.93833,0.99663,0.99843,0.9991,100.0,0.34,0.2,0.21,0.4,52.87,55.22,54.87,52.08,0.997,0.998,0.998,0.996,/tmpdir/crf_16.mpd,/videos/BigBuckBunny-2160.avi
11931,0.9993,0.00512,0.99928,52.06128,0.9999,0.93816,0.99667,0.99851,0.99918,100.0,0.34,0.2,0.21,0.4,52.84,55.19,54.83,52.06,0.997,0.998,0.998,0.996,/tmpdir/crf_16.mpd,/videos/BigBuckBunny-2160.avi
11932,0.9993,0.00512,0.99929,52.08161,0.9999,0.93832,0.99672,0.99854,0.9992,100.0,0.34,0.2,0.21,0.4,52.86,55.19,54.84,52.08,0.997,0.998,0.998,0.996,/tmpdir/crf_16.mpd,/videos/BigBuckBunny-2160.avi
11933,0.99929,0.00867,0.9993,52.1188,0.99991,0.93856,0.99676,0.99857,0.99923,100.0,0.33,0.2,0.21,0.4,52.89,55.21,54.86,52.12,0.997,0.998,0.998,0.996,/tmpdir/crf_16.mpd,/videos/BigBuckBunny-2160.avi
11934,0.99941,0.00867,0.9993,52.10971,0.99991,0.93862,0.9967,0.99848,0.99914,100.0,0.33,0.2,0.21,0.4,52.89,55.22,54.87,52.11,0.997,0.998,0.998,0.996,/tmpdir/crf_16.mpd,/videos/BigBuckBunny-2160.avi
11935,0.99939,0.01285,0.99931,52.15176,0.99991,0.93893,0.99679,0.99854,0.99918,100.0,0.33,0.19,0.21,0.4,52.92,55.25,54.89,52.15,0.997,0.998,0.998,0.996,/tmpdir/crf_16.mpd,/videos/BigBuckBunny-2160.avi
11936,0.99938,0.01285,0.99931,52.16304,0.99991,0.93907,0.99686,0.99859,0.99922,100.0,0.33,0.19,0.21,0.4,52.93,55.25,54.89,52.16,0.997,0.998,0.998,0.996,/tmpdir/crf_16.mpd,/videos/BigBuckBunny-2160.avi
11937,0.99937,0.01708,0.99931,52.15709,0.99991,0.93924,0.99695,0.99865,0.99927,100.0,0.33,0.19,0.21,0.4,52.93,55.24,54.88,52.16,0.997,0.998,0.998,0.996,/tmpdir/crf_16.mpd,/videos/BigBuckBunny-2160.avi
11938,0.99936,0.01708,0.99931,52.14208,0.99991,0.93933,0.99702,0.9987,0.9993,100.0,0.33,0.19,0.21,0.4,52.91,55.23,54.88,52.14,0.997,0.998,0.998,0.996,/tmpdir/crf_16.mpd,/videos/BigBuckBunny-2160.avi
11939,0.99934,0.02164,0.99929,52.0886,0.99991,0.93936,0.99712,0.99877,0.99935,100.0,0.34,0.2,0.21,0.4,52.87,55.21,54.86,52.09,0.997,0.998,0.998,0.996,/tmpdir/crf_16.mpd,/videos/BigBuckBunny-2160.avi
11940,0.99932,0.02164,0.99928,52.03352,0.9999,0.93931,0.99717,0.99881,0.99938,100.0,0.34,0.2,0.21,0.41,52.82,55.2,54.86,52.03,0.997,0.998,0.998,0.996,/tmpdir/crf_16.mpd,/videos/BigBuckBunny-2160.avi
11941,0.99929,0.02596,0.99926,51.93212,0.99989,0.93924,0.99725,0.99886,0.99944,100.0,0.35,0.2,0.21,0.42,52.74,55.17,54.84,51.93,0.997,0.998,0.998,0.996,/tmpdir/crf_16.mpd,/videos/BigBuckBunny-2160.avi
11942,0.99927,0.02596,0.99924,51.86227,0.99989,0.93917,0.99725,0.99887,0.99945,100.0,0.35,0.2,0.21,0.42,52.68,55.15,54.82,51.86,0.997,0.998,0.998,0.996,/tmpdir/crf_16.mpd,/videos/BigBuckBunny-2160.avi
11943,0.99924,0.03062,0.99921,51.7662,0.99988,0.93909,0.99722,0.99884,0.99942,100.0,0.36,0.2,0.22,0.43,52.59,55.12,54.8,51.77,0.997,0.998,0.998,0.996,/tmpdir/crf_16.mpd,/videos/BigBuckBunny-2160.avi
11944,0.99921,0.03062,0.99918,51.71307,0.99986,0.939,0.99716,0.99879,0.99938,100.0,0.36,0.2,0.22,0.44,52.55,55.11,54.8,51.71,0.997,0.998,0.998,0.996,/tmpdir/crf_16.mpd,/videos/BigBuckBunny-2160.avi
11945,0.99916,0.03442,0.99914,51.6481,0.99984,0.93875,0.99703,0.9987,0.99929,100.0,0.37,0.2,0.22,0.44,52.49,55.09,54.79,51.65,0.997,0.998,0.998,0.996,/tmpdir/crf_16.mpd,/videos/BigBuckBunny-2160.avi
11946,0.99913,0.03442,0.99912,51.62252,0.99984,0.93865,0.99694,0.99864,0.99927,100.0,0.37,0.2,0.22,0.45,52.47,55.07,54.78,51.62,0.997,0.998,0.998,0.996,/tmpdir/crf_16.mpd,/videos/BigBuckBunny-2160.avi
11947,0.9991,0.03265,0.99909,51.5976,0.99983,0.93863,0.9969,0.9986,0.99922,100.0,0.37,0.2,0.22,0.45,52.45,55.05,54.78,51.6,0.997,0.998,0.998,0.996,/tmpdir/crf_16.mpd,/videos/BigBuckBunny-2160.avi
11948,0.99906,0.03265,0.99909,51.58286,0.99983,0.93871,0.99691,0.9986,0.9992,100.0,0.37,0.2,0.22,0.45,52.44,55.04,54.78,51.58,0.997,0.998,0.998,0.996,/tmpdir/crf_16.mpd,/videos/BigBuckBunny-2160.avi
11949,0.99902,0.03616,0.99907,51.55452,0.99982,0.93868,0.99689,0.99857,0.99917,100.0,0.37,0.2,0.22,0.45,52.41,55.02,54.78,51.55,0.996,0.998,0.998,0.996,/tmpdir/crf_16.mpd,/videos/BigBuckBunny-2160.avi
11950,0.99899,0.03616,0.99906,51.54085,0.99982,0.9388,0.99691,0.99857,0.99917,100.0,0.37,0.21,0.22,0.46,52.4,55.01,54.78,51.54,0.996,0.998,0.998,0.996,/tmpdir/crf_16.mpd,/videos/BigBuckBunny-2160.avi
11951,0.99895,0.03966,0.99904,51.5142,0.99981,0.93893,0.9969,0.99854,0.99914,100.0,0.38,0.21,0.22,0.46,52.37,54.99,54.77,51.51,0.996,0.998,0.998,0.996,/tmpdir/crf_16.mpd,/videos/BigBuckBunny-2160.avi
11952,0.99892,0.03966,0.99904,51.49827,0.99981,0.93908,0.9969,0.99853,0.99912,100.0,0.38,0.21,0.22,0.46,52.36,54.99,54.76,51.5,0.996,0.998,0.998,0.996,/tmpdir/crf_16.mpd,/videos/BigBuckBunny-2160.avi
11953,0.99888,0.04325,0.99903,51.47266,0.9998,0.93913,0.9968,0.99845,0.99906,100.0,0.38,0.21,0.22,0.46,52.34,54.96,54.76,51.47,0.996,0.998,0.998,0.996,/tmpdir/crf_16.mpd,/videos/BigBuckBunny-2160.avi
11954,0.99885,0.04325,0.99902,51.44945,0.9998,0.93925,0.99679,0.99844,0.99903,100.0,0.38,0.21,0.22,0.47,52.32,54.94,54.76,51.45,0.996,0.998,0.998,0.996,/tmpdir/crf_16.mpd,/videos/BigBuckBunny-2160.avi
11955,0.99882,0.04664,0.99901,51.42084,0.9998,0.93939,0.99673,0.99834,0.99892,100.0,0.38,0.21,0.22,0.47,52.29,54.92,54.75,51.42,0.996,0.998,0.998,0.996,/tmpdir/crf_16.mpd,/videos/BigBuckBunny-2160.avi
11956,0.99878,0.04664,0.99901,51.38899,0.9998,0.93949,0.9967,0.99829,0.99885,100.0,0.39,0.21,0.22,0.47,52.26,54.91,54.75,51.39,0.996,0.998,0.998,0.996,/tmpdir/crf_16.mpd,/videos/BigBuckBunny-2160.avi
11957,0.99871,0.07164,0.99899,51.33637,0.99979,0.93934,0.99644,0.99807,0.99866,100.0,0.39,0.21,0.22,0.48,52.22,54.88,54.75,51.34,0.996,0.998,0.998,0.996,/tmpdir/crf_16.mpd,/videos/BigBuckBunny-2160.avi
11958,1.0054,0.13917,0.99898,50.65918,0.99978,0.93801,0.99598,0.9981,0.99906,100.0,0.44,0.21,0.22,0.56,51.65,54.86,54.74,50.66,0.996,0.998,0.998,0.995,/tmpdir/crf_16.mpd,/videos/BigBuckBunny-2160.avi
11959,1.00344,0.8537,0.99896,50.48795,0.99978,0.92417,0.99352,0.99742,0.99894,100.0,0.47,0.24,0.25,0.58,51.43,54.4,54.22,50.49,0.996,0.998,0.998,0.995,/tmpdir/crf_16.mpd,/videos/BigBuckBunny-2160.avi
11960,1.00514,0.97973,0.99892,49.77095,0.99978,0.9134,0.99175,0.99676,0.99859,100.0,0.56,0.31,0.32,0.69,50.63,53.25,53.06,49.77,0.996,0.997,0.997,0.995,/tmpdir/crf_16.mpd,/videos/BigBuckBunny-2160.avi
11961,1.00848,1.32773,0.99882,49.14889,0.99969,0.90297,0.99021,0.99677,0.99911,100.0,0.64,0.31,0.39,0.79,50.04,53.18,52.23,49.15,0.995,0.997,0.996,0.995,/tmpdir/crf_16.mpd,/videos/BigBuckBunny-2160.avi
11962,1.00376,1.32773,0.99884,50.70684,0.99969,0.92129,0.99454,0.99863,1.00005,100.0,0.47,0.26,0.33,0.55,51.44,53.95,52.95,50.71,0.996,0.997,0.996,0.995,/tmpdir/crf_16.mpd,/videos/BigBuckBunny-2160.avi
11963,0.99841,0.96117,0.99873,50.80903,0.99968,0.91262,0.99348,0.99806,0.9994,100.0,0.44,0.2,0.25,0.54,51.73,55.02,54.09,50.81,0.996,0.997,0.997,0.995,/tmpdir/crf_16.mpd,/videos/BigBuckBunny-2160.avi
11964,0.98192,0.96117,0.99861,51.30799,0.99967,0.9058,0.99073,0.99556,0.99729,97.45131,0.38,0.17,0.2,0.48,52.31,55.83,55.14,51.31,0.995,0.997,0.997,0.994,/tmpdir/crf_16.mpd,/videos/BigBuckBunny-2160.avi
11965,0.97519,0.31811,0.99864,52.57489,0.99967,0.92312,0.99353,0.99691,0.99793,96.09729,0.28,0.11,0.12,0.36,53.7,57.72,57.42,52.57,0.996,0.998,0.998,0.995,/tmpdir/crf_16.mpd,/videos/BigBuckBunny-2160.avi
11966,0.97665,0.16076,0.99878,53.02878,0.99971,0.9515,0.99796,0.99952,0.99988,96.59541,0.24,0.09,0.09,0.32,54.25,58.78,58.81,53.03,0.996,0.999,0.999,0.995,/tmpdir/crf_16.mpd,/videos/BigBuckBunny-2160.avi
11967,0.97581,0.16076,0.99874,52.91186,0.99969,0.94931,0.99754,0.99925,0.99967,96.41715,0.25,0.09,0.09,0.33,54.13,58.63,58.64,52.91,0.996,0.999,0.999,0.995,/tmpdir/crf_16.mpd,/videos/BigBuckBunny-2160.avi
11968,0.98343,0.17657,0.99874,52.76618,0.9997,0.94808,0.99757,0.99922,0.99961,97.76042,0.26,0.09,0.1,0.34,53.96,58.36,58.27,52.77,0.996,0.999,0.999,0.995,/tmpdir/crf_16.mpd,/videos/BigBuckBunny-2160.avi
11969,0.98473,0.35963,0.99868,52.57365,0.99958,0.94441,0.99352,0.99597,0.9968,97.78199,0.28,0.12,0.12,0.36,53.68,57.49,57.47,52.57,0.996,0.998,0.998,0.995,/tmpdir/crf_16.mpd,/videos/BigBuckBunny-2160.avi
11970,1.00214,0.35963,0.9987,52.48033,0.99961,0.94404,0.99627,0.99879,0.99966,100.0,0.29,0.12,0.13,0.37,53.57,57.38,57.11,52.48,0.996,0.998,0.998,0.995,/tmpdir/crf_16.mpd,/videos/BigBuckBunny-2160.avi
11971,0.98861,0.39943,0.99875,52.29691,0.99966,0.94089,0.99452,0.99751,0.99853,98.63183,0.3,0.13,0.13,0.38,53.39,57.13,57.07,52.3,0.996,0.998,0.998,0.995,/tmpdir/crf_16.mpd,/videos/BigBuckBunny-2160.avi
11972,0.99873,0.39943,0.99878,52.73079,0.99972,0.94984,0.99749,0.99916,0.99963,100.0,0.27,0.11,0.11,0.35,53.86,57.8,57.76,52.73,0.996,0.999,0.999,0.995,/tmpdir/crf_16.mpd,/videos/BigBuckBunny-2160.avi
11973,0.99857,0.19197,0.99883,52.74482,0.99974,0.95231,0.99815,0.99954,0.99987,100.0,0.27,0.11,0.11,0.35,53.86,57.7,57.66,52.74,0.996,0.999,0.999,0.995,/tmpdir/crf_16.mpd,/videos/BigBuckBunny-2160.avi
11974,0.99785,0.14411,0.9988,52.61286,0.99972,0.95241,0.99822,0.99952,0.99987,100.0,0.27,0.11,0.11,0.36,53.74,57.66,57.61,52.61,0.996,0.999,0.999,0.995,/tmpdir/crf_16.mpd,/videos/BigBuckBunny-2160.avi
11975,0.99607,0.08997,0.99877,52.57704,0.9997,0.95186,0.99748,0.99894,0.99936,99.9535,0.28,0.11,0.11,0.36,53.71,57.67,57.65,52.58,0.996,0.999,0.999,0.995,/tmpdir/crf_16.mpd,/videos/BigBuckBunny-2160.avi
11976,0.9963,0.08997,0.99878,52.57632,0.9997,0.95256,0.99761,0.99902,0.99941,100.0,0.28,0.11,0.11,0.36,53.71,57.68,57.67,52.58,0.996,0.999,0.999,0.995,/tmpdir/crf_16.mpd,/videos/BigBuckBunny-2160.avi
11977,0.99642,0.09355,0.99877,52.61147,0.99969,0.95326,0.99758,0.999,0.99946,100.0,0.27,0.11,0.11,0.36,53.74,57.66,57.67,52.61,0.996,0.999,0.999,0.995,/tmpdir/crf_16.mpd,/videos/BigBuckBunny-2160.avi
11978,0.99648,0.09355,0.99877,52.57584,0.9997,0.95396,0.99783,0.99918,0.99957,100.0,0.28,0.11,0.11,0.36,53.71,57.67,57.67,52.58,0.996,0.999,0.999,0.995,/tmpdir/crf_16.mpd,/videos/BigBuckBunny-2160.avi
11979,0.99659,0.09725,0.99876,52.62077,0.99969,0.95418,0.99757,0.99898,0.99941,100.0,0.27,0.11,0.11,0.36,53.75,57.67,57.67,52.62,0.996,0.999,0.999,0.995,/tmpdir/crf_16.mpd,/videos/BigBuckBunny-2160.avi
11980,0.99667,0.09725,0.99877,52.59846,0.9997,0.95469,0.9977,0.9991,0.99953,100.0,0.28,0.11,0.11,0.36,53.73,57.64,57.67,52.6,0.996,0.999,0.999,0.995,/tmpdir/crf_16.mpd,/videos/BigBuckBunny-2160.avi
11981,0.99676,0.10153,0.99876,52.63846,0.99969,0.95542,0.99774,0.99912,0.9995,100.0,0.27,0.11,0.11,0.35,53.77,57.64,57.69,52.64,0.996,0.999,0.999,0.995,/tmpdir/crf_16.mpd,/videos/BigBuckBunny-2160.avi
11982,0.99677,0.10153,0.99876,52.60023,0.99969,0.9558,0.9978,0.99917,0.99955,100.0,0.28,0.11,0.11,0.36,53.73,57.63,57.66,52.6,0.996,0.999,0.999,0.995,/tmpdir/crf_16.mpd,/videos/BigBuckBunny-2160.avi
11983,0.99682,0.10532,0.99876,52.66479,0.99968,0.95638,0.99775,0.99909,0.99951,100.0,0.27,0.11,0.11,0.35,53.79,57.62,57.67,52.66,0.996,0.999,0.999,0.995,/tmpdir/crf_16.mpd,/videos/BigBuckBunny-2160.avi
11984,0.99691,0.10532,0.99876,52.62529,0.99969,0.95698,0.99793,0.99923,0.99961,100.0,0.27,0.11,0.11,0.36,53.75,57.61,57.65,52.63,0.996,0.999,0.999,0.995,/tmpdir/crf_16.mpd,/videos/BigBuckBunny-2160.avi
11985,0.99695,0.10943,0.99876,52.67847,0.99968,0.95756,0.99787,0.99915,0.99952,100.0,0.27,0.11,0.11,0.35,53.8,57.64,57.64,52.68,0.996,0.999,0.999,0.995,/tmpdir/crf_16.mpd,/videos/BigBuckBunny-2160.avi
11986,0.99698,0.10943,0.99876,52.64031,0.99969,0.95803,0.99796,0.99918,0.99953,100.0,0.27,0.11,0.11,0.35,53.76,57.64,57.63,52.64,0.996,0.999,0.999,0.995,/tmpdir/crf_16.mpd,/videos/BigBuckBunny-2160.avi
11987,0.99698,0.11342,0.99876,52.71731,0.99969,0.95887,0.99784,0.9991,0.99949,100.0,0.27,0.11,0.11,0.35,53.83,57.62,57.64,52.72,0.996,0.999,0.999,0.995,/tmpdir/crf_16.mpd,/videos/BigBuckBunny-2160.avi
11988,0.9971,0.11342,0.99876,52.67032,0.99969,0.95938,0.99804,0.99927,0.99962,100.0,0.27,0.11,0.11,0.35,53.78,57.58,57.59,52.67,0.996,0.999,0.999,0.995,/tmpdir/crf_16.mpd,/videos/BigBuckBunny-2160.avi
11989,0.99958,0.11708,0.99938,55.17274,0.9999,0.97398,0.99882,0.99954,0.99979,100.0,0.16,0.07,0.07,0.2,56.19,59.44,59.41,55.17,0.998,0.999,0.999,0.997,/tmpdir/crf_16.mpd,/videos/BigBuckBunny-2160.avi
11990,0.99948,0.11708,0.9992,54.23843,0.99984,0.97274,0.99907,0.99977,0.99994,100.0,0.19,0.09,0.09,0.25,55.28,58.7,58.7,54.24,0.997,0.999,0.999,0.997,/tmpdir/crf_16.mpd,/videos/BigBuckBunny-2160.avi
11991,0.99933,0.12092,0.99887,53.39361,0.99969,0.97024,0.99829,0.99928,0.99957,100.0,0.23,0.1,0.1,0.3,54.49,58.17,58.26,53.39,0.997,0.999,0.999,0.996,/tmpdir/crf_16.mpd,/videos/BigBuckBunny-2160.avi
11992,0.99928,0.12092,0.9988,53.20538,0.99967,0.96986,0.99821,0.99927,0.9996,100.0,0.24,0.1,0.1,0.31,54.31,58.06,58.13,53.21,0.997,0.999,0.999,0.996,/tmpdir/crf_16.mpd,/videos/BigBuckBunny-2160.avi
11993,0.9993,0.12525,0.9988,53.23501,0.99968,0.97007,0.99818,0.99925,0.99958,100.0,0.24,0.1,0.1,0.31,54.33,58.02,58.07,53.24,0.997,0.999,0.999,0.996,/tmpdir/crf_16.mpd,/videos/BigBuckBunny-2160.avi
11994,0.99931,0.12525,0.99878,53.12143,0.99968,0.97032,0.99829,0.99935,0.99968,100.0,0.25,0.1,0.1,0.32,54.23,57.99,58.01,53.12,0.997,0.999,0.999,0.996,/tmpdir/crf_16.mpd,/videos/BigBuckBunny-2160.avi
11995,0.99925,0.12973,0.9988,53.20429,0.99969,0.97081,0.99822,0.99925,0.99959,100.0,0.24,0.1,0.1,0.31,54.3,58.01,58.03,53.2,0.997,0.999,0.999,0.996,/tmpdir/crf_16.mpd,/videos/BigBuckBunny-2160.avi
11996,0.99922,0.12973,0.99878,53.10224,0.99969,0.97108,0.99836,0.99934,0.99968,100.0,0.25,0.1,0.1,0.32,54.21,57.98,57.99,53.1,0.997,0.999,0.999,0.996,/tmpdir/crf_16.mpd,/videos/BigBuckBunny-2160.avi
11997,0.99922,0.13419,0.99879,53.20744,0.99969,0.97165,0.99829,0.99927,0.99958,100.0,0.24,0.1,0.1,0.31,54.3,58.03,58.02,53.21,0.997,0.999,0.999,0.996,/tmpdir/crf_16.mpd,/videos/BigBuckBunny-2160.avi
11998,0.99917,0.13419,0.99877,53.10279,0.99969,0.97182,0.99833,0.99933,0.99963,100.0,0.25,0.1,0.1,0.32,54.21,58.0,57.97,53.1,0.997,0.999,0.999,0.996,/tmpdir/crf_16.mpd,/videos/BigBuckBunny-2160.avi
11999,0.99915,0.13967,0.99879,53.20783,0.99969,0.97225,0.99826,0.99926,0.99959,100.0,0.24,0.1,0.1,0.31,54.3,58.01,57.98,53.21,0.997,0.999,0.999,0.996,/tmpdir/crf_16.mpd,/videos/BigBuckBunny-2160.avi
12000,0.99913,0.13967,0.99876,53.09251,0.99968,0.97212,0.99816,0.99925,0.99959,100.0,0.25,0.1,0.1,0.32,54.2,57.96,57.93,53.09,0.997,0.999,0.999,0.996,/tmpdir/crf_16.mpd,/videos/BigBuckBunny-2160.avi
12001,0.9991,0.37763,0.99879,53.17789,0.9997,0.97107,0.99788,0.99908,0.99949,100.0,0.24,0.1,0.11,0.31,54.26,57.92,57.83,53.18,0.997,0.999,0.998,0.996,/tmpdir/crf_16.mpd,/videos/BigBuckBunny-2160.avi
12002,0.99905,0.49755,0.99875,52.9358,0.99969,0.96818,0.99752,0.99894,0.9994,100.0,0.26,0.11,0.12,0.33,54.0,57.58,57.42,52.94,0.996,0.998,0.998,0.995,/tmpdir/crf_16.mpd,/videos/BigBuckBunny-2160.avi
12003,0.99905,0.87601,0.99877,52.95882,0.9997,0.96528,0.99715,0.99872,0.99926,100.0,0.26,0.12,0.13,0.33,53.96,57.29,57.01,52.96,0.996,0.998,0.998,0.995,/tmpdir/crf_16.mpd,/videos/BigBuckBunny-2160.avi
12004,0.99901,1.12255,0.99871,52.57951,0.99969,0.95874,0.99668,0.99853,0.99916,100.0,0.29,0.13,0.15,0.36,53.57,56.89,56.44,52.58,0.996,0.998,0.998,0.995,/tmpdir/crf_16.mpd,/videos/BigBuckBunny-2160.avi
12005,0.99904,1.2263,0.99875,52.72221,0.99971,0.95791,0.9966,0.99848,0.99915,100.0,0.28,0.14,0.15,0.35,53.66,56.73,56.27,52.72,0.996,0.998,0.998,0.995,/tmpdir/crf_16.mpd,/videos/BigBuckBunny-2160.avi
12006,0.99898,1.2263,0.9987,52.58607,0.99969,0.95843,0.99662,0.99854,0.9992,100.0,0.29,0.14,0.15,0.36,53.54,56.7,56.23,52.59,0.996,0.998,0.998,0.995,/tmpdir/crf_16.mpd,/videos/BigBuckBunny-2160.avi
12007,0.99859,0.98259,0.99857,52.17589,0.99959,0.95124,0.99534,0.998,0.9989,100.0,0.32,0.16,0.18,0.39,53.08,56.09,55.48,52.18,0.996,0.998,0.998,0.995,/tmpdir/crf_16.mpd,/videos/BigBuckBunny-2160.avi
12008,0.99874,0.98259,0.99862,52.3899,0.99962,0.95447,0.99571,0.99818,0.99903,100.0,0.31,0.16,0.17,0.38,53.28,56.18,55.71,52.39,0.996,0.998,0.998,0.995,/tmpdir/crf_16.mpd,/videos/BigBuckBunny-2160.avi
12009,0.99862,0.83018,0.99867,52.19773,0.99963,0.95091,0.99565,0.99816,0.99904,100.0,0.32,0.16,0.19,0.39,53.08,56.04,55.36,52.2,0.996,0.998,0.998,0.995,/tmpdir/crf_16.mpd,/videos/BigBuckBunny-2160.avi
12010,0.99885,0.83018,0.99887,52.87178,0.99974,0.95808,0.99706,0.99878,0.99937,100.0,0.27,0.14,0.16,0.34,53.74,56.55,56.07,52.87,0.997,0.998,0.998,0.996,/tmpdir/crf_16.mpd,/videos/BigBuckBunny-2160.avi
12011,0.99862,0.62379,0.99863,52.06304,0.99962,0.95032,0.99546,0.99804,0.99895,100.0,0.33,0.17,0.2,0.4,52.95,55.92,55.21,52.06,0.996,0.998,0.998,0.995,/tmpdir/crf_16.mpd,/videos/BigBuckBunny-2160.avi
12012,0.99863,0.58889,0.99862,52.14334,0.99963,0.95206,0.99601,0.99836,0.99915,100.0,0.32,0.16,0.19,0.4,53.04,56.05,55.37,52.14,0.996,0.998,0.998,0.995,/tmpdir/crf_16.mpd,/videos/BigBuckBunny-2160.avi
12013,0.99851,0.39343,0.99865,52.09307,0.99962,0.95144,0.99575,0.99818,0.99905,100.0,0.33,0.16,0.19,0.4,52.98,55.99,55.26,52.09,0.996,0.998,0.998,0.995,/tmpdir/crf_16.mpd,/videos/BigBuckBunny-2160.avi
12014,0.99887,0.39343,0.99887,52.90061,0.99974,0.95932,0.99732,0.99886,0.99939,100.0,0.27,0.15,0.16,0.33,53.76,56.5,55.99,52.9,0.997,0.998,0.998,0.996,/tmpdir/crf_16.mpd,/videos/BigBuckBunny-2160.avi
12015,0.99847,0.33042,0.99862,51.99837,0.99961,0.95116,0.99556,0.99804,0.99891,100.0,0.34,0.17,0.21,0.41,52.86,55.82,55.0,52.0,0.996,0.998,0.998,0.995,/tmpdir/crf_16.mpd,/videos/BigBuckBunny-2160.avi
12016,0.99856,0.33042,0.99864,52.19247,0.99964,0.95338,0.99599,0.99823,0.99901,100.0,0.32,0.16,0.19,0.39,53.07,56.03,55.3,52.19,0.996,0.998,0.998,0.995,/tmpdir/crf_16.mpd,/videos/BigBuckBunny-2160.avi
12017,0.99863,0.78627,0.99864,52.27036,0.99961,0.95557,0.99593,0.99822,0.99901,100.0,0.31,0.16,0.19,0.39,53.15,56.1,55.4,52.27,0.996,0.998,0.998,0.995,/tmpdir/crf_16.mpd,/videos/BigBuckBunny-2160.avi
12018,0.99885,0.86671,0.99889,53.11982,0.99974,0.96317,0.99729,0.99882,0.99935,100.0,0.26,0.14,0.16,0.32,53.95,56.6,56.1,53.12,0.997,0.998,0.998,0.996,/tmpdir/crf_16.mpd,/videos/BigBuckBunny-2160.avi
12019,0.99842,0.65255,0.9986,52.11944,0.99961,0.95348,0.99564,0.99814,0.99901,100.0,0.33,0.17,0.2,0.4,52.97,55.82,55.05,52.12,0.996,0.998,0.998,0.995,/tmpdir/crf_16.mpd,/videos/BigBuckBunny-2160.avi
12020,0.99848,0.65255,0.99866,52.4015,0.99966,0.95672,0.99595,0.99818,0.99902,100.0,0.31,0.16,0.19,0.37,53.24,56.01,55.35,52.4,0.996,0.998,0.998,0.995,/tmpdir/crf_16.mpd,/videos/BigBuckBunny-2160.avi
12021,0.9986,0.75662,0.99862,52.23735,0.99961,0.95522,0.99583,0.99817,0.999,100.0,0.32,0.17,0.19,0.39,53.09,55.96,55.23,52.24,0.996,0.998,0.998,0.995,/tmpdir/crf_16.mpd,/videos/BigBuckBunny-2160.avi
12022,0.9988,0.75662,0.99889,53.07756,0.99974,0.96249,0.99736,0.99888,0.99942,100.0,0.27,0.15,0.17,0.32,53.89,56.48,55.92,53.08,0.997,0.998,0.998,0.996,/tmpdir/crf_16.mpd,/videos/BigBuckBunny-2160.avi
12023,0.99843,0.51196,0.9986,52.18763,0.9996,0.95476,0.99575,0.9981,0.99893,100.0,0.32,0.17,0.19,0.39,53.06,55.94,55.32,52.19,0.996,0.998,0.998,0.995,/tmpdir/crf_16.mpd,/videos/BigBuckBunny-2160.avi
12024,0.99849,0.51196,0.99869,52.45038,0.99967,0.95679,0.99602,0.99819,0.99902,100.0,0.3,0.16,0.18,0.37,53.3,56.02,55.48,52.45,0.996,0.998,0.998,0.995,/tmpdir/crf_16.mpd,/videos/BigBuckBunny-2160.avi
12025,0.99841,0.42253,0.9986,52.28657,0.9996,0.95647,0.99606,0.99826,0.99909,100.0,0.31,0.16,0.18,0.38,53.16,56.03,55.48,52.29,0.996,0.998,0.998,0.995,/tmpdir/crf_16.mpd,/videos/BigBuckBunny-2160.avi
12026,0.99869,0.42253,0.99888,53.0871,0.99974,0.96247,0.99747,0.99892,0.99944,100.0,0.27,0.15,0.17,0.32,53.9,56.43,55.94,53.09,0.997,0.998,0.998,0.996,/tmpdir/crf_16.mpd,/videos/BigBuckBunny-2160.avi
12027,0.99832,0.45635,0.99857,52.19317,0.9996,0.95459,0.99577,0.9981,0.99897,100.0,0.32,0.17,0.19,0.39,53.07,55.87,55.39,52.19,0.996,0.998,0.998,0.995,/tmpdir/crf_16.mpd,/videos/BigBuckBunny-2160.avi
12028,0.99836,0.45635,0.99869,52.4543,0.99966,0.95595,0.9958,0.99795,0.99886,100.0,0.31,0.17,0.19,0.37,53.29,55.92,55.42,52.45,0.996,0.998,0.998,0.995,/tmpdir/crf_16.mpd,/videos/BigBuckBunny-2160.avi
12029,0.99837,0.54468,0.99854,52.18995,0.9996,0.95389,0.99548,0.99793,0.99886,100.0,0.32,0.17,0.19,0.39,53.06,55.85,55.33,52.19,0.996,0.998,0.998,0.995,/tmpdir/crf_16.mpd,/videos/BigBuckBunny-2160.avi
12030,0.9986,0.54468,0.99885,52.83001,0.99973,0.95713,0.99683,0.99864,0.99928,100.0,0.28,0.16,0.18,0.34,53.63,56.18,55.63,52.83,0.996,0.998,0.998,0.996,/tmpdir/crf_16.mpd,/videos/BigBuckBunny-2160.avi
12031,0.99838,0.57132,0.99852,52.1052,0.9996,0.95181,0.99497,0.99764,0.99874,100.0,0.33,0.18,0.2,0.4,52.95,55.66,55.16,52.11,0.996,0.998,0.998,0.995,/tmpdir/crf_16.mpd,/videos/BigBuckBunny-2160.avi
12032,0.99849,0.57132,0.99865,52.35442,0.99965,0.95323,0.99562,0.99794,0.99886,100.0,0.31,0.17,0.2,0.38,53.16,55.7,55.17,52.35,0.996,0.998,0.998,0.995,/tmpdir/crf_16.mpd,/videos/BigBuckBunny-2160.avi
12033,1.00144,0.7929,0.99851,51.74406,0.99959,0.94491,0.99357,0.99686,0.99826,100.0,0.35,0.18,0.21,0.44,52.63,55.52,54.99,51.74,0.996,0.998,0.998,0.995,/tmpdir/crf_16.mpd,/videos/BigBuckBunny-2160.avi
12034,1.00239,0.7929,0.99882,52.18799,0.99973,0.94417,0.9951,0.99797,0.99908,100.0,0.33,0.19,0.22,0.39,52.94,55.36,54.65,52.19,0.996,0.998,0.998,0.996,/tmpdir/crf_16.mpd,/videos/BigBuckBunny-2160.avi
12035,1.00511,1.0397,0.99845,51.26702,0.99958,0.93449,0.99294,0.99718,0.99884,100.0,0.41,0.22,0.27,0.49,52.05,54.64,53.88,51.27,0.996,0.997,0.997,0.995,/tmpdir/crf_16.mpd,/videos/BigBuckBunny-2160.avi
12036,0.9972,1.0397,0.9986,51.88092,0.99964,0.93961,0.99471,0.99785,0.99903,100.0,0.36,0.22,0.25,0.42,52.58,54.79,54.17,51.88,0.996,0.997,0.997,0.995,/tmpdir/crf_16.mpd,/videos/BigBuckBunny-2160.avi
12037,0.99127,1.36809,0.9984,51.72322,0.99956,0.93592,0.99401,0.99776,0.99899,99.57744,0.37,0.21,0.25,0.44,52.48,54.92,54.21,51.72,0.995,0.997,0.997,0.995,/tmpdir/crf_16.mpd,/videos/BigBuckBunny-2160.avi
12038,0.99225,1.36809,0.99872,52.63,0.99971,0.94275,0.99522,0.99796,0.99888,99.77274,0.3,0.18,0.2,0.35,53.36,55.63,55.04,52.63,0.996,0.998,0.997,0.995,/tmpdir/crf_16.mpd,/videos/BigBuckBunny-2160.avi
12039,0.99083,1.27991,0.99836,51.96297,0.99955,0.93751,0.99416,0.99779,0.99895,99.46026,0.35,0.2,0.24,0.41,52.7,55.05,54.39,51.96,0.995,0.997,0.997,0.995,/tmpdir/crf_16.mpd,/videos/BigBuckBunny-2160.avi
12040,0.99225,1.18614,0.9985,52.19305,0.9996,0.94185,0.9949,0.99808,0.99913,99.70312,0.33,0.2,0.23,0.39,52.91,55.14,54.53,52.19,0.996,0.997,0.997,0.995,/tmpdir/crf_16.mpd,/videos/BigBuckBunny-2160.avi
12041,0.99031,0.99463,0.99835,51.84099,0.99954,0.93602,0.99421,0.99788,0.99901,99.23465,0.36,0.2,0.24,0.43,52.61,55.14,54.34,51.84,0.995,0.997,0.997,0.995,/tmpdir/crf_16.mpd,/videos/BigBuckBunny-2160.avi
12042,0.9934,0.99463,0.99871,52.55921,0.9997,0.94239,0.99573,0.99844,0.99931,99.84094,0.31,0.18,0.21,0.36,53.27,55.56,54.84,52.56,0.996,0.998,0.997,0.995,/tmpdir/crf_16.mpd,/videos/BigBuckBunny-2160.avi
12043,0.99022,1.16934,0.99833,51.75546,0.99953,0.93274,0.99365,0.99758,0.99892,99.27491,0.37,0.21,0.25,0.43,52.5,54.9,54.16,51.76,0.995,0.997,0.997,0.995,/tmpdir/crf_16.mpd,/videos/BigBuckBunny-2160.avi
12044,0.99009,1.4141,0.99844,52.06742,0.99958,0.93527,0.99389,0.99774,0.99897,99.38503,0.34,0.21,0.24,0.4,52.78,54.99,54.38,52.07,0.995,0.997,0.997,0.995,/tmpdir/crf_16.mpd,/videos/BigBuckBunny-2160.avi
12045,0.99044,1.91638,0.99833,51.93334,0.99953,0.93308,0.99367,0.99771,0.99895,99.68312,0.35,0.2,0.24,0.42,52.68,55.1,54.39,51.93,0.995,0.997,0.997,0.994,/tmpdir/crf_16.mpd,/videos/BigBuckBunny-2160.avi
12046,0.98794,1.91638,0.99864,52.65913,0.99968,0.94006,0.99452,0.99791,0.99904,99.2758,0.3,0.18,0.21,0.35,53.37,55.56,54.98,52.66,0.996,0.998,0.997,0.995,/tmpdir/crf_16.mpd,/videos/BigBuckBunny-2160.avi
12047,0.98983,1.98083,0.99831,52.14865,0.99953,0.93389,0.99357,0.99767,0.99896,99.61031,0.33,0.19,0.21,0.4,52.93,55.36,54.85,52.15,0.995,0.997,0.997,0.994,/tmpdir/crf_16.mpd,/videos/BigBuckBunny-2160.avi
12048,0.98511,1.98083,0.9986,52.64315,0.99967,0.9375,0.99438,0.99774,0.99897,98.78879,0.3,0.18,0.2,0.35,53.36,55.59,55.05,52.64,0.996,0.997,0.997,0.995,/tmpdir/crf_16.mpd,/videos/BigBuckBunny-2160.avi
12049,0.98335,2.01252,0.99826,51.90797,0.99949,0.9271,0.99276,0.9973,0.9988,98.43538,0.35,0.2,0.23,0.42,52.67,55.07,54.52,51.91,0.995,0.997,0.997,0.994,/tmpdir/crf_16.mpd,/videos/BigBuckBunny-2160.avi
12050,0.98277,2.01252,0.99833,51.84859,0.99954,0.92058,0.99234,0.99701,0.99867,98.29554,0.36,0.21,0.25,0.42,52.57,54.82,54.19,51.85,0.995,0.997,0.997,0.994,/tmpdir/crf_16.mpd,/videos/BigBuckBunny-2160.avi
12051,0.98569,2.02741,0.99829,51.64275,0.99951,0.92149,0.99178,0.99693,0.99864,98.81714,0.37,0.21,0.25,0.45,52.4,54.88,54.16,51.64,0.995,0.997,0.997,0.994,/tmpdir/crf_16.mpd,/videos/BigBuckBunny-2160.avi
12052,0.98902,2.02741,0.99866,52.50559,0.9997,0.93193,0.99411,0.99765,0.99893,99.48085,0.31,0.19,0.22,0.37,53.2,55.4,54.75,52.51,0.996,0.997,0.997,0.995,/tmpdir/crf_16.mpd,/videos/BigBuckBunny-2160.avi
12053,0.98954,1.68401,0.99824,51.21129,0.99949,0.91212,0.99117,0.99675,0.99857,99.2886,0.41,0.23,0.27,0.49,51.99,54.51,53.8,51.21,0.995,0.997,0.997,0.994,/tmpdir/crf_16.mpd,/videos/BigBuckBunny-2160.avi
12054,0.99181,1.68401,0.99835,51.53728,0.99953,0.91483,0.99114,0.99659,0.99849,99.69003,0.38,0.23,0.26,0.46,52.28,54.59,54.04,51.54,0.995,0.997,0.997,0.994,/tmpdir/crf_16.mpd,/videos/BigBuckBunny-2160.avi
12055,0.99211,1.88714,0.99829,51.3869,0.99951,0.91225,0.99065,0.99631,0.99829,99.81419,0.4,0.22,0.26,0.47,52.16,54.67,53.95,51.39,0.995,0.997,0.997,0.994,/tmpdir/crf_16.mpd,/videos/BigBuckBunny-2160.avi
12056,0.995,1.88714,0.99866,52.3767,0.9997,0.92757,0.99413,0.99769,0.9989,100.0,0.32,0.2,0.23,0.38,53.05,55.04,54.58,52.38,0.996,0.997,0.997,0.995,/tmpdir/crf_16.mpd,/videos/BigBuckBunny-2160.avi
12057,0.99142,1.86033,0.99827,50.95767,0.99948,0.90607,0.99057,0.99646,0.99842,99.67354,0.44,0.24,0.29,0.52,51.74,54.24,53.58,50.96,0.995,0.997,0.997,0.994,/tmpdir/crf_16.mpd,/videos/BigBuckBunny-2160.avi
12058,0.99188,1.86033,0.99834,51.25905,0.99951,0.90778,0.99042,0.99616,0.9983,99.74392,0.41,0.24,0.27,0.49,52.0,54.31,53.77,51.26,0.995,0.997,0.997,0.994,/tmpdir/crf_16.mpd,/videos/BigBuckBunny-2160.avi
12059,0.9899,1.89288,0.99829,51.08862,0.99951,0.90394,0.98985,0.99594,0.99814,99.38032,0.42,0.24,0.28,0.51,51.85,54.34,53.62,51.09,0.995,0.997,0.997,0.994,/tmpdir/crf_16.mpd,/videos/BigBuckBunny-2160.avi
12060,0.99422,1.89288,0.99863,52.14422,0.99969,0.91852,0.99276,0.99696,0.99858,100.0,0.34,0.22,0.24,0.4,52.8,54.74,54.33,52.14,0.995,0.997,0.997,0.995,/tmpdir/crf_16.mpd,/videos/BigBuckBunny-2160.avi
12061,0.98948,1.95859,0.99826,50.98402,0.99947,0.9018,0.98935,0.99566,0.99801,99.31589,0.44,0.25,0.29,0.52,51.73,54.13,53.47,50.98,0.995,0.997,0.996,0.994,/tmpdir/crf_16.mpd,/videos/BigBuckBunny-2160.avi
12062,0.99121,1.95859,0.99833,51.28273,0.9995,0.90426,0.98943,0.99556,0.99796,99.62383,0.41,0.25,0.28,0.48,52.0,54.21,53.7,51.28,0.995,0.997,0.997,0.994,/tmpdir/crf_16.mpd,/videos/BigBuckBunny-2160.avi
12063,0.99103,1.98565,0.9983,51.16535,0.99951,0.90053,0.98883,0.99527,0.99767,99.56821,0.42,0.25,0.29,0.5,51.89,54.23,53.54,51.17,0.995,0.997,0.996,0.994,/tmpdir/crf_16.mpd,/videos/BigBuckBunny-2160.avi
12064,0.99508,1.98565,0.99861,52.07109,0.99969,0.91253,0.99205,0.9965,0.99818,100.0,0.35,0.22,0.25,0.4,52.71,54.61,54.17,52.07,0.995,0.997,0.997,0.995,/tmpdir/crf_16.mpd,/videos/BigBuckBunny-2160.avi
12065,0.99301,2.01501,0.99826,50.98368,0.99947,0.89765,0.98911,0.99565,0.99798,99.95647,0.44,0.26,0.29,0.52,51.72,54.02,53.44,50.98,0.995,0.997,0.996,0.994,/tmpdir/crf_16.mpd,/videos/BigBuckBunny-2160.avi
12066,0.99574,2.01501,0.99832,51.22317,0.9995,0.89918,0.98867,0.99506,0.99756,100.0,0.42,0.26,0.28,0.49,51.93,54.06,53.61,51.22,0.995,0.997,0.996,0.994,/tmpdir/crf_16.mpd,/videos/BigBuckBunny-2160.avi
12067,0.99619,2.11437,0.99829,51.01612,0.99951,0.89446,0.98812,0.99493,0.99753,100.0,0.44,0.26,0.3,0.51,51.74,54.02,53.35,51.02,0.995,0.997,0.996,0.994,/tmpdir/crf_16.mpd,/videos/BigBuckBunny-2160.avi
12068,0.9984,2.11437,0.99857,51.78866,0.99968,0.90524,0.99098,0.99605,0.99803,100.0,0.37,0.24,0.27,0.43,52.42,54.29,53.82,51.79,0.995,0.997,0.996,0.994,/tmpdir/crf_16.mpd,/videos/BigBuckBunny-2160.avi
12069,0.99447,2.20824,0.99825,50.66694,0.99947,0.88914,0.98734,0.99478,0.99749,100.0,0.47,0.28,0.32,0.56,51.4,53.69,53.14,50.67,0.995,0.996,0.996,0.994,/tmpdir/crf_16.mpd,/videos/BigBuckBunny-2160.avi
12070,0.99631,2.20824,0.99831,50.99226,0.99949,0.89188,0.98733,0.99453,0.99735,100.0,0.44,0.27,0.3,0.52,51.69,53.78,53.33,50.99,0.995,0.996,0.996,0.994,/tmpdir/crf_16.mpd,/videos/BigBuckBunny-2160.avi
12071,0.99673,2.24288,0.99829,50.91851,0.99952,0.88851,0.98713,0.99451,0.99729,100.0,0.45,0.27,0.31,0.53,51.63,53.83,53.26,50.92,0.995,0.996,0.996,0.994,/tmpdir/crf_16.mpd,/videos/BigBuckBunny-2160.avi
12072,0.99836,2.24288,0.99853,51.73676,0.99967,0.89986,0.98978,0.99528,0.99751,100.0,0.38,0.25,0.28,0.44,52.35,54.13,53.71,51.74,0.995,0.997,0.996,0.994,/tmpdir/crf_16.mpd,/videos/BigBuckBunny-2160.avi
12073,0.99643,2.35287,0.99827,50.80832,0.99949,0.88371,0.98531,0.99316,0.99642,100.0,0.46,0.28,0.32,0.54,51.51,53.67,53.14,50.81,0.995,0.996,0.996,0.994,/tmpdir/crf_16.mpd,/videos/BigBuckBunny-2160.avi
12074,0.99522,2.35287,0.99826,50.49169,0.9995,0.88129,0.98605,0.994,0.997,100.0,0.49,0.29,0.33,0.58,51.21,53.45,52.9,50.49,0.995,0.996,0.996,0.994,/tmpdir/crf_16.mpd,/videos/BigBuckBunny-2160.avi
12075,0.99848,2.44087,0.99852,51.55819,0.99966,0.89556,0.98922,0.99503,0.99734,100.0,0.4,0.27,0.29,0.45,52.16,53.88,53.5,51.56,0.995,0.996,0.996,0.994,/tmpdir/crf_16.mpd,/videos/BigBuckBunny-2160.avi
12076,0.99612,2.44087,0.99833,50.77647,0.99956,0.88093,0.98516,0.9932,0.99646,100.0,0.46,0.28,0.31,0.54,51.49,53.65,53.18,50.78,0.995,0.996,0.996,0.994,/tmpdir/crf_16.mpd,/videos/BigBuckBunny-2160.avi
12077,0.9963,2.48278,0.99828,50.60031,0.99953,0.8792,0.98576,0.99393,0.99702,100.0,0.48,0.29,0.33,0.57,51.31,53.45,52.96,50.6,0.995,0.996,0.996,0.994,/tmpdir/crf_16.mpd,/videos/BigBuckBunny-2160.avi
12078,0.99819,2.48278,0.99847,51.34909,0.99965,0.89101,0.98866,0.99469,0.99712,100.0,0.41,0.28,0.3,0.48,51.96,53.7,53.33,51.35,0.995,0.996,0.996,0.994,/tmpdir/crf_16.mpd,/videos/BigBuckBunny-2160.avi
12079,0.99558,2.56425,0.99823,50.25006,0.99947,0.87476,0.98507,0.99383,0.99694,100.0,0.52,0.32,0.36,0.61,50.95,53.1,52.57,50.25,0.994,0.996,0.996,0.994,/tmpdir/crf_16.mpd,/videos/BigBuckBunny-2160.avi
12080,0.99621,2.56425,0.99831,50.52734,0.99951,0.878,0.985,0.99338,0.9966,100.0,0.49,0.31,0.34,0.58,51.2,53.19,52.77,50.53,0.995,0.996,0.996,0.994,/tmpdir/crf_16.mpd,/videos/BigBuckBunny-2160.avi
12081,0.99615,2.6168,0.99828,50.46183,0.99954,0.87456,0.9846,0.99314,0.99639,100.0,0.5,0.31,0.35,0.58,51.14,53.24,52.63,50.46,0.994,0.996,0.996,0.994,/tmpdir/crf_16.mpd,/videos/BigBuckBunny-2160.avi
12082,0.99823,2.6168,0.99847,51.2737,0.99966,0.88741,0.98837,0.99468,0.99706,100.0,0.42,0.28,0.31,0.48,51.87,53.6,53.22,51.27,0.995,0.996,0.996,0.994,/tmpdir/crf_16.mpd,/videos/BigBuckBunny-2160.avi
12083,0.99602,2.64247,0.99829,50.4981,0.99954,0.87239,0.9835,0.99238,0.99588,100.0,0.49,0.31,0.34,0.58,51.2,53.29,52.83,50.5,0.994,0.996,0.996,0.994,/tmpdir/crf_16.mpd,/videos/BigBuckBunny-2160.avi
12084,0.99537,2.64247,0.99825,50.20264,0.99951,0.87009,0.98368,0.99284,0.9963,100.0,0.53,0.32,0.36,0.62,50.92,53.08,52.62,50.2,0.994,0.996,0.996,0.994,/tmpdir/crf_16.mpd,/videos/BigBuckBunny-2160.avi
12085,0.99813,2.66672,0.99847,51.20194,0.99966,0.88448,0.98742,0.99409,0.99671,100.0,0.43,0.3,0.32,0.49,51.78,53.42,53.06,51.2,0.995,0.996,0.996,0.994,/tmpdir/crf_16.mpd,/videos/BigBuckBunny-2160.avi
12086,0.99658,2.66672,0.99835,50.56443,0.99959,0.87174,0.98348,0.99228,0.99582,100.0,0.49,0.31,0.35,0.57,51.23,53.22,52.74,50.56,0.994,0.996,0.996,0.994,/tmpdir/crf_16.mpd,/videos/BigBuckBunny-2160.avi
12087,0.99575,2.68717,0.99826,50.37276,0.99953,0.86966,0.98339,0.9926,0.99615,100.0,0.51,0.32,0.37,0.6,51.03,53.02,52.5,50.37,0.994,0.996,0.996,0.994,/tmpdir/crf_16.mpd,/videos/BigBuckBunny-2160.avi
12088,0.99816,2.68717,0.9984,51.07853,0.99964,0.88136,0.98677,0.9936,0.99636,100.0,0.44,0.3,0.33,0.51,51.66,53.32,52.97,51.08,0.994,0.996,0.996,0.994,/tmpdir/crf_16.mpd,/videos/BigBuckBunny-2160.avi
12089,0.99615,2.87388,0.99827,50.30477,0.99954,0.8674,0.98251,0.99159,0.99536,100.0,0.52,0.33,0.36,0.61,50.99,53.0,52.61,50.3,0.994,0.996,0.996,0.994,/tmpdir/crf_16.mpd,/videos/BigBuckBunny-2160.avi
12090,0.99585,2.87388,0.99825,49.91806,0.99952,0.86413,0.98251,0.99212,0.99581,100.0,0.56,0.34,0.38,0.66,50.63,52.79,52.34,49.92,0.994,0.996,0.995,0.994,/tmpdir/crf_16.mpd,/videos/BigBuckBunny-2160.avi
12091,0.998,3.0628,0.99844,50.91001,0.99966,0.87988,0.98721,0.99391,0.99656,100.0,0.46,0.31,0.34,0.53,51.5,53.17,52.84,50.91,0.994,0.996,0.996,0.994,/tmpdir/crf_16.mpd,/videos/BigBuckBunny-2160.avi
12092,0.99658,3.0628,0.99834,50.17252,0.9996,0.86563,0.9827,0.99184,0.99549,100.0,0.53,0.33,0.37,0.62,50.86,52.92,52.45,50.17,0.994,0.996,0.995,0.994,/tmpdir/crf_16.mpd,/videos/BigBuckBunny-2160.avi
12093,0.99629,3.08426,0.99824,50.02313,0.99953,0.86421,0.98272,0.99218,0.9958,100.0,0.55,0.35,0.39,0.65,50.69,52.7,52.19,50.02,0.994,0.996,0.995,0.994,/tmpdir/crf_16.mpd,/videos/BigBuckBunny-2160.avi
12094,0.99844,3.08426,0.99836,50.77185,0.99963,0.87645,0.98671,0.99371,0.99644,100.0,0.48,0.32,0.35,0.54,51.36,53.02,52.67,50.77,0.994,0.996,0.995,0.994,/tmpdir/crf_16.mpd,/videos/BigBuckBunny-2160.avi
12095,0.99635,3.14414,0.99825,49.96664,0.99955,0.86258,0.9821,0.99167,0.99552,100.0,0.56,0.35,0.39,0.66,50.64,52.64,52.23,49.97,0.994,0.996,0.995,0.993,/tmpdir/crf_16.mpd,/videos/BigBuckBunny-2160.avi
12096,0.99803,3.14414,0.99834,50.69841,0.99963,0.87449,0.98609,0.99329,0.99622,100.0,0.48,0.34,0.36,0.55,51.28,52.87,52.6,50.7,0.994,0.996,0.995,0.993,/tmpdir/crf_16.mpd,/videos/BigBuckBunny-2160.avi
12097,0.99916,3.19959,0.99921,53.11242,0.99989,0.9259,0.99675,0.99879,0.99946,100.0,0.28,0.19,0.2,0.32,53.72,55.41,55.15,53.11,0.996,0.997,0.997,0.996,/tmpdir/crf_16.mpd,/videos/BigBuckBunny-2160.avi
12098,0.99712,3.19959,0.99885,51.03763,0.99976,0.89121,0.98851,0.99449,0.99698,100.0,0.42,0.23,0.26,0.51,51.87,54.45,54.06,51.04,0.996,0.997,0.997,0.995,/tmpdir/crf_16.mpd,/videos/BigBuckBunny-2160.avi
12099,0.99614,3.21523,0.99859,50.43158,0.99961,0.88195,0.98559,0.99302,0.99615,100.0,0.49,0.29,0.31,0.59,51.21,53.57,53.17,50.43,0.995,0.996,0.996,0.995,/tmpdir/crf_16.mpd,/videos/BigBuckBunny-2160.avi
12100,0.99833,3.21523,0.99867,51.12108,0.99967,0.89326,0.98954,0.99485,0.99705,100.0,0.43,0.27,0.29,0.5,51.81,53.81,53.52,51.12,0.995,0.996,0.996,0.995,/tmpdir/crf_16.mpd,/videos/BigBuckBunny-2160.avi
12101,0.99583,3.22847,0.99839,50.00113,0.99952,0.87269,0.98376,0.99237,0.9958,100.0,0.55,0.33,0.37,0.65,50.73,52.94,52.45,50.0,0.995,0.996,0.996,0.994,/tmpdir/crf_16.mpd,/videos/BigBuckBunny-2160.avi
12102,0.99621,3.22847,0.99849,50.42516,0.99959,0.87797,0.98545,0.9932,0.99629,100.0,0.51,0.32,0.36,0.59,51.09,53.08,52.61,50.43,0.995,0.996,0.996,0.994,/tmpdir/crf_16.mpd,/videos/BigBuckBunny-2160.avi
12103,0.99642,3.23988,0.99843,50.20717,0.99958,0.8723,0.98344,0.99207,0.99558,100.0,0.53,0.33,0.38,0.62,50.88,52.98,52.34,50.21,0.995,0.996,0.996,0.994,/tmpdir/crf_16.mpd,/videos/BigBuckBunny-2160.avi
12104,0.99814,3.23988,0.99853,51.01177,0.99966,0.88537,0.98868,0.99469,0.99702,100.0,0.45,0.3,0.33,0.52,51.61,53.32,52.93,51.01,0.995,0.996,0.996,0.994,/tmpdir/crf_16.mpd,/videos/BigBuckBunny-2160.avi
12105,0.9963,3.30603,0.99843,50.20032,0.99959,0.86982,0.98323,0.99192,0.99547,100.0,0.53,0.33,0.36,0.62,50.89,52.96,52.53,50.2,0.995,0.996,0.996,0.994,/tmpdir/crf_16.mpd,/videos/BigBuckBunny-2160.avi
12106,0.99533,3.30603,0.99834,49.73204,0.99955,0.86465,0.98232,0.99159,0.99536,100.0,0.59,0.35,0.39,0.69,50.46,52.67,52.19,49.73,0.994,0.996,0.996,0.994,/tmpdir/crf_16.mpd,/videos/BigBuckBunny-2160.avi
12107,0.9981,3.42061,0.99849,50.83499,0.99965,0.88159,0.98765,0.99407,0.99669,100.0,0.47,0.32,0.35,0.54,51.42,53.07,52.71,50.83,0.995,0.996,0.996,0.994,/tmpdir/crf_16.mpd,/videos/BigBuckBunny-2160.avi
12108,0.99625,3.42061,0.99839,49.97948,0.99961,0.86626,0.9827,0.99174,0.99541,100.0,0.56,0.35,0.38,0.65,50.67,52.74,52.31,49.98,0.994,0.996,0.996,0.994,/tmpdir/crf_16.mpd,/videos/BigBuckBunny-2160.avi
12109,0.99625,3.48422,0.99829,49.74676,0.99954,0.8632,0.98239,0.99183,0.99544,100.0,0.59,0.37,0.41,0.69,50.43,52.5,52.04,49.75,0.994,0.996,0.995,0.994,/tmpdir/crf_16.mpd,/videos/BigBuckBunny-2160.avi
12110,0.99849,3.48422,0.99841,50.69107,0.99963,0.87829,0.98703,0.9937,0.99637,100.0,0.48,0.33,0.36,0.55,51.28,52.92,52.59,50.69,0.994,0.996,0.996,0.994,/tmpdir/crf_16.mpd,/videos/BigBuckBunny-2160.avi
12111,0.99614,3.5264,0.99828,49.72666,0.99954,0.86175,0.98169,0.99115,0.99504,100.0,0.59,0.37,0.4,0.69,50.42,52.44,52.06,49.73,0.994,0.995,0.995,0.994,/tmpdir/crf_16.mpd,/videos/BigBuckBunny-2160.avi
12112,0.9981,3.5264,0.99837,50.53192,0.99962,0.87487,0.98652,0.99341,0.99621,100.0,0.5,0.35,0.37,0.58,51.12,52.73,52.45,50.53,0.994,0.996,0.995,0.994,/tmpdir/crf_16.mpd,/videos/BigBuckBunny-2160.avi
12113,0.99639,3.59695,0.99828,49.67056,0.99956,0.86096,0.98157,0.99108,0.99492,100.0,0.6,0.37,0.41,0.7,50.37,52.42,52.03,49.67,0.994,0.995,0.995,0.993,/tmpdir/crf_16.mpd,/videos/BigBuckBunny-2160.avi
12114,0.99812,3.59695,0.99836,50.45375,0.99963,0.87309,0.98668,0.99357,0.99616,100.0,0.51,0.35,0.38,0.59,51.04,52.66,52.38,50.45,0.994,0.995,0.995,0.993,/tmpdir/crf_16.mpd,/videos/BigBuckBunny-2160.avi
12115,0.99598,3.62057,0.99828,49.6214,0.99957,0.85993,0.98174,0.99114,0.99496,100.0,0.61,0.38,0.42,0.71,50.31,52.33,51.92,49.62,0.994,0.995,0.995,0.993,/tmpdir/crf_16.mpd,/videos/BigBuckBunny-2160.avi
12116,0.99798,3.62057,0.99834,50.40049,0.99964,0.87191,0.98674,0.99361,0.99627,100.0,0.52,0.36,0.38,0.59,50.98,52.59,52.32,50.4,0.994,0.995,0.995,0.993,/tmpdir/crf_16.mpd,/videos/BigBuckBunny-2160.avi
12117,0.99589,3.62727,0.99827,49.63663,0.99957,0.85939,0.98177,0.99119,0.99496,100.0,0.61,0.39,0.42,0.71,50.3,52.26,51.86,49.64,0.994,0.995,0.995,0.993,/tmpdir/crf_16.mpd,/videos/BigBuckBunny-2160.avi
12118,0.99811,3.62727,0.99835,50.38055,0.99964,0.87171,0.98713,0.99383,0.9964,100.0,0.52,0.36,0.38,0.6,50.96,52.55,52.28,50.38,0.994,0.995,0.995,0.993,/tmpdir/crf_16.mpd,/videos/BigBuckBunny-2160.avi
12119,0.99554,3.63592,0.99826,49.57753,0.99956,0.85853,0.98165,0.99102,0.99487,100.0,0.61,0.39,0.43,0.72,50.25,52.21,51.81,49.58,0.994,0.995,0.995,0.993,/tmpdir/crf_16.mpd,/videos/BigBuckBunny-2160.avi
12120,0.99786,3.63592,0.99833,50.34829,0.99964,0.87091,0.98717,0.99393,0.99652,100.0,0.53,0.36,0.39,0.6,50.92,52.51,52.22,50.35,0.994,0.995,0.995,0.993,/tmpdir/crf_16.mpd,/videos/BigBuckBunny-2160.avi
12121,0.99564,3.64042,0.99824,49.54915,0.99956,0.85752,0.98136,0.99097,0.9949,100.0,0.62,0.39,0.43,0.72,50.22,52.23,51.8,49.55,0.994,0.995,0.995,0.993,/tmpdir/crf_16.mpd,/videos/BigBuckBunny-2160.avi
12122,0.99791,3.64042,0.99832,50.30692,0.99964,0.86977,0.98709,0.9939,0.99649,100.0,0.53,0.37,0.4,0.61,50.88,52.47,52.16,50.31,0.994,0.995,0.995,0.993,/tmpdir/crf_16.mpd,/videos/BigBuckBunny-2160.avi
12123,0.99591,3.72447,0.99825,49.50118,0.99956,0.85694,0.98122,0.9909,0.99481,100.0,0.62,0.4,0.44,0.73,50.17,52.16,51.74,49.5,0.994,0.995,0.995,0.993,/tmpdir/crf_16.mpd,/videos/BigBuckBunny-2160.avi
12124,0.99811,3.72447,0.99831,50.18596,0.99964,0.86848,0.98708,0.9939,0.99649,100.0,0.55,0.38,0.41,0.62,50.76,52.37,52.05,50.19,0.994,0.995,0.995,0.993,/tmpdir/crf_16.mpd,/videos/BigBuckBunny-2160.avi
12125,0.99537,3.7727,0.99825,49.50623,0.99958,0.85515,0.98173,0.99113,0.99488,100.0,0.62,0.4,0.43,0.73,50.18,52.15,51.75,49.51,0.994,0.995,0.995,0.993,/tmpdir/crf_16.mpd,/videos/BigBuckBunny-2160.avi
12126,0.99518,3.7727,0.99818,49.09388,0.99953,0.85011,0.98012,0.99047,0.99461,100.0,0.68,0.42,0.47,0.8,49.8,51.93,51.44,49.09,0.994,0.995,0.995,0.993,/tmpdir/crf_16.mpd,/videos/BigBuckBunny-2160.avi
12127,0.99792,3.76177,0.99835,50.22654,0.99966,0.86875,0.98783,0.99445,0.99688,100.0,0.54,0.37,0.4,0.62,50.8,52.41,52.06,50.23,0.994,0.995,0.995,0.993,/tmpdir/crf_16.mpd,/videos/BigBuckBunny-2160.avi
12128,0.99559,3.76177,0.99828,49.45613,0.99962,0.85397,0.98128,0.99103,0.99492,100.0,0.63,0.4,0.44,0.74,50.12,52.1,51.67,49.46,0.994,0.995,0.995,0.993,/tmpdir/crf_16.mpd,/videos/BigBuckBunny-2160.avi
12129,0.99609,3.84405,0.99819,49.17006,0.99954,0.85122,0.98051,0.99093,0.99512,100.0,0.68,0.43,0.48,0.79,49.83,51.83,51.32,49.17,0.994,0.995,0.995,0.993,/tmpdir/crf_16.mpd,/videos/BigBuckBunny-2160.avi
12130,0.99853,3.84405,0.99829,50.06694,0.99963,0.86694,0.98747,0.99423,0.99687,100.0,0.56,0.39,0.42,0.64,50.64,52.24,51.92,50.07,0.994,0.995,0.995,0.993,/tmpdir/crf_16.mpd,/videos/BigBuckBunny-2160.avi
12131,0.99774,3.92942,0.99835,50.10137,0.99965,0.8684,0.98825,0.99477,0.99712,100.0,0.56,0.39,0.42,0.64,50.66,52.24,51.9,50.1,0.994,0.995,0.995,0.993,/tmpdir/crf_16.mpd,/videos/BigBuckBunny-2160.avi
12132,0.99575,3.92942,0.99829,49.1126,0.99959,0.85421,0.9826,0.99193,0.99555,100.0,0.68,0.43,0.47,0.8,49.79,51.82,51.38,49.11,0.994,0.995,0.995,0.993,/tmpdir/crf_16.mpd,/videos/BigBuckBunny-2160.avi
12133,0.99768,3.8953,0.99834,50.03935,0.99965,0.86759,0.98812,0.99469,0.99712,100.0,0.56,0.39,0.42,0.64,50.61,52.24,51.89,50.04,0.994,0.995,0.995,0.993,/tmpdir/crf_16.mpd,/videos/BigBuckBunny-2160.avi
12134,0.99614,3.8953,0.99827,49.21602,0.99961,0.85283,0.98172,0.99132,0.99523,100.0,0.67,0.42,0.47,0.78,49.88,51.87,51.4,49.22,0.994,0.995,0.995,0.993,/tmpdir/crf_16.mpd,/videos/BigBuckBunny-2160.avi
12135,0.9958,4.02866,0.99818,48.94897,0.99953,0.84989,0.98064,0.99092,0.99506,100.0,0.71,0.44,0.5,0.83,49.62,51.67,51.14,48.95,0.994,0.995,0.995,0.993,/tmpdir/crf_16.mpd,/videos/BigBuckBunny-2160.avi
12136,0.99828,4.02866,0.99831,49.94488,0.99964,0.86677,0.98833,0.99489,0.99729,100.0,0.58,0.4,0.44,0.66,50.5,52.07,51.69,49.94,0.994,0.995,0.995,0.993,/tmpdir/crf_16.mpd,/videos/BigBuckBunny-2160.avi
12137,0.99601,4.23687,0.99823,49.05008,0.99957,0.85209,0.98181,0.99144,0.99526,100.0,0.7,0.44,0.49,0.81,49.71,51.68,51.19,49.05,0.994,0.995,0.995,0.993,/tmpdir/crf_16.mpd,/videos/BigBuckBunny-2160.avi
12138,0.99805,4.23687,0.99832,50.05903,0.99964,0.86888,0.98826,0.99484,0.99725,100.0,0.57,0.4,0.43,0.64,50.6,52.11,51.81,50.06,0.994,0.995,0.995,0.993,/tmpdir/crf_16.mpd,/videos/BigBuckBunny-2160.avi
12139,0.99597,4.08435,0.99822,49.04754,0.99957,0.85204,0.98168,0.99144,0.99536,100.0,0.69,0.43,0.49,0.81,49.72,51.75,51.26,49.05,0.994,0.995,0.995,0.993,/tmpdir/crf_16.mpd,/videos/BigBuckBunny-2160.avi
12140,0.99799,4.08435,0.99831,49.96145,0.99964,0.86752,0.98828,0.99482,0.99727,100.0,0.58,0.4,0.43,0.66,50.52,52.09,51.75,49.96,0.994,0.995,0.995,0.993,/tmpdir/crf_16.mpd,/videos/BigBuckBunny-2160.avi
12141,0.99564,4.14174,0.99824,48.9931,0.99957,0.85254,0.98188,0.99142,0.99522,100.0,0.7,0.44,0.49,0.82,49.67,51.71,51.24,48.99,0.994,0.995,0.995,0.993,/tmpdir/crf_16.mpd,/videos/BigBuckBunny-2160.avi
12142,0.99813,4.14174,0.9983,49.9215,0.99965,0.86743,0.98859,0.99496,0.99727,100.0,0.58,0.41,0.44,0.66,50.47,52.01,51.69,49.92,0.994,0.995,0.995,0.993,/tmpdir/crf_16.mpd,/videos/BigBuckBunny-2160.avi
12143,0.99561,4.1449,0.99823,48.92806,0.99957,0.85142,0.98177,0.99145,0.99544,100.0,0.71,0.44,0.49,0.83,49.61,51.68,51.19,48.93,0.994,0.995,0.995,0.993,/tmpdir/crf_16.mpd,/videos/BigBuckBunny-2160.avi
12144,0.99804,4.1449,0.99831,49.89852,0.99965,0.86684,0.98846,0.99488,0.99725,100.0,0.59,0.41,0.44,0.67,50.45,51.97,51.66,49.9,0.994,0.995,0.995,0.993,/tmpdir/crf_16.mpd,/videos/BigBuckBunny-2160.avi
12145,0.9957,4.1574,0.99823,48.95277,0.99957,0.85188,0.982,0.99153,0.99533,100.0,0.71,0.44,0.49,0.83,49.63,51.67,51.2,48.95,0.994,0.995,0.995,0.993,/tmpdir/crf_16.mpd,/videos/BigBuckBunny-2160.avi
12146,0.99812,4.1574,0.99832,49.97082,0.99965,0.86852,0.98871,0.99504,0.99736,100.0,0.58,0.41,0.44,0.65,50.52,52.0,51.74,49.97,0.994,0.995,0.995,0.993,/tmpdir/crf_16.mpd,/videos/BigBuckBunny-2160.avi
12147,0.99567,4.17999,0.99825,48.99483,0.99958,0.85336,0.98216,0.99157,0.99525,100.0,0.7,0.44,0.49,0.82,49.67,51.7,51.21,48.99,0.994,0.995,0.995,0.993,/tmpdir/crf_16.mpd,/videos/BigBuckBunny-2160.avi
12148,0.99816,4.17999,0.99832,49.95631,0.99965,0.86856,0.98891,0.99511,0.99734,100.0,0.58,0.41,0.44,0.66,50.51,52.05,51.74,49.96,0.994,0.995,0.995,0.993,/tmpdir/crf_16.mpd,/videos/BigBuckBunny-2160.avi
12149,0.99529,4.19629,0.99823,48.9719,0.99956,0.85272,0.98183,0.99138,0.99524,100.0,0.7,0.44,0.49,0.82,49.65,51.69,51.2,48.97,0.994,0.995,0.995,0.993,/tmpdir/crf_16.mpd,/videos/BigBuckBunny-2160.avi
12150,0.99813,4.19629,0.99831,49.96138,0.99965,0.86863,0.9888,0.99504,0.99732,100.0,0.58,0.41,0.43,0.66,50.52,52.05,51.76,49.96,0.994,0.995,0.995,0.993,/tmpdir/crf_16.mpd,/videos/BigBuckBunny-2160.avi
12151,0.99575,4.28908,0.99825,48.99183,0.99957,0.85407,0.98228,0.99165,0.99539,100.0,0.7,0.44,0.5,0.82,49.66,51.68,51.18,48.99,0.994,0.995,0.995,0.993,/tmpdir/crf_16.mpd,/videos/BigBuckBunny-2160.avi
12152,0.9981,4.28908,0.99832,49.92971,0.99965,0.86886,0.98889,0.99508,0.99739,100.0,0.58,0.41,0.44,0.66,50.48,52.0,51.7,49.93,0.994,0.995,0.995,0.993,/tmpdir/crf_16.mpd,/videos/BigBuckBunny-2160.avi
12153,0.99586,4.3706,0.99826,48.90799,0.99958,0.8532,0.98181,0.99128,0.99515,100.0,0.71,0.44,0.5,0.84,49.59,51.65,51.17,48.91,0.994,0.995,0.995,0.993,/tmpdir/crf_16.mpd,/videos/BigBuckBunny-2160.avi
12154,0.99813,4.3706,0.99833,49.92268,0.99965,0.86904,0.98883,0.99498,0.99726,100.0,0.58,0.41,0.44,0.66,50.47,51.99,51.71,49.92,0.994,0.995,0.995,0.993,/tmpdir/crf_16.mpd,/videos/BigBuckBunny-2160.avi
12155,0.99567,4.37893,0.99826,48.91789,0.99957,0.85365,0.98191,0.99122,0.99505,100.0,0.71,0.44,0.49,0.83,49.6,51.65,51.19,48.92,0.994,0.995,0.995,0.993,/tmpdir/crf_16.mpd,/videos/BigBuckBunny-2160.avi
12156,0.99817,4.37893,0.99833,49.91859,0.99965,0.86887,0.98895,0.99509,0.99731,100.0,0.58,0.41,0.44,0.66,50.47,51.98,51.68,49.92,0.994,0.995,0.995,0.993,/tmpdir/crf_16.mpd,/videos/BigBuckBunny-2160.avi
12157,0.9958,4.46313,0.99826,48.86237,0.99957,0.85294,0.98187,0.99135,0.99527,100.0,0.72,0.45,0.5,0.84,49.54,51.56,51.12,48.86,0.994,0.995,0.995,0.993,/tmpdir/crf_16.mpd,/videos/BigBuckBunny-2160.avi
12158,0.99812,4.46313,0.99832,49.80182,0.99965,0.86781,0.98889,0.99509,0.99738,100.0,0.6,0.42,0.45,0.68,50.36,51.88,51.61,49.8,0.994,0.995,0.995,0.993,/tmpdir/crf_16.mpd,/videos/BigBuckBunny-2160.avi
12159,0.99556,4.53094,0.99826,48.78723,0.99957,0.85247,0.98198,0.99145,0.99524,100.0,0.73,0.45,0.5,0.86,49.48,51.56,51.1,48.79,0.994,0.995,0.995,0.993,/tmpdir/crf_16.mpd,/videos/BigBuckBunny-2160.avi
12160,0.99809,4.53094,0.99833,49.85762,0.99965,0.86868,0.98907,0.99516,0.99737,100.0,0.59,0.42,0.45,0.67,50.41,51.92,51.63,49.86,0.994,0.995,0.995,0.993,/tmpdir/crf_16.mpd,/videos/BigBuckBunny-2160.avi
12161,0.99574,4.58135,0.99826,48.74178,0.99957,0.8516,0.98194,0.99147,0.99533,100.0,0.74,0.45,0.5,0.87,49.45,51.57,51.16,48.74,0.994,0.995,0.995,0.993,/tmpdir/crf_16.mpd,/videos/BigBuckBunny-2160.avi
12162,0.99814,4.58135,0.99833,49.81051,0.99965,0.86809,0.9892,0.99521,0.99738,100.0,0.6,0.42,0.45,0.68,50.36,51.87,51.6,49.81,0.994,0.995,0.995,0.993,/tmpdir/crf_16.mpd,/videos/BigBuckBunny-2160.avi
12163,0.99591,4.6763,0.99826,48.65065,0.99957,0.85122,0.98153,0.99111,0.99501,100.0,0.75,0.46,0.5,0.89,49.37,51.53,51.1,48.65,0.994,0.995,0.995,0.993,/tmpdir/crf_16.mpd,/videos/BigBuckBunny-2160.avi
12164,0.9983,4.6763,0.99834,49.7797,0.99966,0.8685,0.98937,0.99528,0.99739,100.0,0.6,0.43,0.46,0.68,50.32,51.8,51.53,49.78,0.994,0.995,0.995,0.993,/tmpdir/crf_16.mpd,/videos/BigBuckBunny-2160.avi
12165,0.99574,4.73376,0.99828,48.59873,0.99958,0.85114,0.98176,0.99128,0.99509,100.0,0.76,0.46,0.51,0.9,49.31,51.46,51.03,48.6,0.994,0.995,0.995,0.993,/tmpdir/crf_16.mpd,/videos/BigBuckBunny-2160.avi
12166,0.99833,4.73376,0.99834,49.78614,0.99966,0.86871,0.98946,0.99525,0.99734,100.0,0.6,0.43,0.46,0.68,50.33,51.82,51.54,49.79,0.994,0.995,0.995,0.993,/tmpdir/crf_16.mpd,/videos/BigBuckBunny-2160.avi
12167,0.99549,4.77011,0.99827,48.62855,0.99958,0.85142,0.98178,0.9913,0.99518,100.0,0.76,0.47,0.52,0.89,49.33,51.44,50.98,48.63,0.994,0.995,0.995,0.993,/tmpdir/crf_16.mpd,/videos/BigBuckBunny-2160.avi
12168,0.99816,4.77011,0.99833,49.73069,0.99966,0.86789,0.98934,0.99535,0.99759,100.0,0.61,0.43,0.46,0.69,50.28,51.78,51.49,49.73,0.994,0.995,0.995,0.993,/tmpdir/crf_16.mpd,/videos/BigBuckBunny-2160.avi
12169,0.9957,4.86001,0.99828,48.55254,0.99958,0.85088,0.98202,0.99153,0.99538,100.0,0.77,0.47,0.52,0.91,49.26,51.4,50.94,48.55,0.994,0.995,0.994,0.993,/tmpdir/crf_16.mpd,/videos/BigBuckBunny-2160.avi
12170,0.99823,4.86001,0.99834,49.704,0.99966,0.86805,0.98933,0.99527,0.99748,100.0,0.61,0.44,0.47,0.7,50.25,51.75,51.45,49.7,0.994,0.995,0.995,0.993,/tmpdir/crf_16.mpd,/videos/BigBuckBunny-2160.avi
12171,0.99565,4.88376,0.99827,48.48674,0.99958,0.85026,0.98185,0.99141,0.99526,100.0,0.78,0.47,0.52,0.92,49.21,51.4,50.97,48.49,0.994,0.995,0.995,0.993,/tmpdir/crf_16.mpd,/videos/BigBuckBunny-2160.avi
12172,0.99829,4.88376,0.99833,49.7054,0.99965,0.86826,0.98936,0.99527,0.99743,100.0,0.61,0.44,0.47,0.7,50.25,51.74,51.45,49.71,0.994,0.995,0.995,0.993,/tmpdir/crf_16.mpd,/videos/BigBuckBunny-2160.avi
12173,0.99574,4.97197,0.99827,48.52594,0.99958,0.85096,0.98135,0.99101,0.99494,100.0,0.78,0.48,0.52,0.91,49.24,51.34,50.94,48.53,0.994,0.995,0.994,0.993,/tmpdir/crf_16.mpd,/videos/BigBuckBunny-2160.avi
12174,0.99825,4.97197,0.99833,49.64798,0.99966,0.86778,0.98936,0.99534,0.9975,100.0,0.62,0.45,0.47,0.71,50.18,51.64,51.37,49.65,0.994,0.995,0.995,0.993,/tmpdir/crf_16.mpd,/videos/BigBuckBunny-2160.avi
12175,0.9954,5.06635,0.99827,48.41461,0.99958,0.84978,0.98138,0.99097,0.99493,100.0,0.79,0.48,0.53,0.94,49.13,51.27,50.86,48.41,0.994,0.995,0.994,0.993,/tmpdir/crf_16.mpd,/videos/BigBuckBunny-2160.avi
12176,0.99822,5.06635,0.99834,49.64025,0.99966,0.86797,0.98935,0.99525,0.99735,100.0,0.62,0.45,0.48,0.71,50.18,51.64,51.36,49.64,0.994,0.995,0.995,0.993,/tmpdir/crf_16.mpd,/videos/BigBuckBunny-2160.avi
12177,0.99535,5.07382,0.99828,48.37579,0.99959,0.84928,0.98104,0.99075,0.99477,100.0,0.8,0.49,0.54,0.95,49.09,51.25,50.83,48.38,0.994,0.995,0.994,0.993,/tmpdir/crf_16.mpd,/videos/BigBuckBunny-2160.avi
12178,0.99817,5.07382,0.99833,49.6169,0.99966,0.86737,0.98913,0.99507,0.99727,100.0,0.63,0.45,0.48,0.71,50.16,51.64,51.35,49.62,0.994,0.995,0.995,0.993,/tmpdir/crf_16.mpd,/videos/BigBuckBunny-2160.avi
12179,0.99562,5.12807,0.99827,48.40961,0.99958,0.84971,0.9813,0.99093,0.99492,100.0,0.79,0.49,0.53,0.94,49.13,51.26,50.87,48.41,0.994,0.995,0.994,0.993,/tmpdir/crf_16.mpd,/videos/BigBuckBunny-2160.avi
12180,0.9982,5.12807,0.99833,49.56708,0.99966,0.86692,0.98922,0.99516,0.99735,100.0,0.64,0.45,0.49,0.72,50.1,51.57,51.27,49.57,0.994,0.995,0.994,0.993,/tmpdir/crf_16.mpd,/videos/BigBuckBunny-2160.avi
12181,0.99571,5.16368,0.99827,48.29633,0.99958,0.84821,0.9808,0.99054,0.99455,100.0,0.81,0.49,0.54,0.96,49.03,51.2,50.82,48.3,0.994,0.994,0.994,0.993,/tmpdir/crf_16.mpd,/videos/BigBuckBunny-2160.avi
12182,0.9983,5.16368,0.99833,49.58405,0.99966,0.86729,0.98924,0.99508,0.99725,100.0,0.63,0.46,0.49,0.72,50.11,51.54,51.27,49.58,0.994,0.995,0.994,0.993,/tmpdir/crf_16.mpd,/videos/BigBuckBunny-2160.avi
12183,0.99558,5.20031,0.99829,48.29615,0.99959,0.84872,0.98118,0.99079,0.99477,100.0,0.81,0.49,0.54,0.96,49.03,51.23,50.84,48.3,0.994,0.994,0.994,0.993,/tmpdir/crf_16.mpd,/videos/BigBuckBunny-2160.avi
12184,0.99841,5.20031,0.99833,49.55719,0.99966,0.86716,0.98922,0.99509,0.99727,100.0,0.64,0.46,0.49,0.72,50.09,51.55,51.27,49.56,0.994,0.995,0.994,0.993,/tmpdir/crf_16.mpd,/videos/BigBuckBunny-2160.avi
12185,0.99574,5.33052,0.99826,48.24806,0.99958,0.84829,0.98081,0.99063,0.99469,100.0,0.82,0.5,0.55,0.97,48.98,51.15,50.76,48.25,0.994,0.994,0.994,0.993,/tmpdir/crf_16.mpd,/videos/BigBuckBunny-2160.avi
12186,0.99831,5.33052,0.99834,49.53844,0.99967,0.86765,0.98939,0.99517,0.99734,100.0,0.64,0.46,0.49,0.72,50.07,51.53,51.25,49.54,0.994,0.995,0.994,0.993,/tmpdir/crf_16.mpd,/videos/BigBuckBunny-2160.avi
12187,0.99534,5.40286,0.99829,48.15079,0.9996,0.84812,0.98142,0.99097,0.99481,100.0,0.84,0.5,0.55,1.0,48.89,51.11,50.71,48.15,0.994,0.994,0.994,0.993,/tmpdir/crf_16.mpd,/videos/BigBuckBunny-2160.avi
12188,0.99831,5.40286,0.99834,49.48221,0.99967,0.86701,0.98932,0.99519,0.99736,100.0,0.65,0.46,0.49,0.73,50.02,51.5,51.21,49.48,0.994,0.995,0.994,0.993,/tmpdir/crf_16.mpd,/videos/BigBuckBunny-2160.avi
12189,0.9956,5.41039,0.99827,48.18952,0.99958,0.84774,0.98083,0.99079,0.99484,100.0,0.83,0.5,0.55,0.99,48.93,51.13,50.73,48.19,0.994,0.994,0.994,0.993,/tmpdir/crf_16.mpd,/videos/BigBuckBunny-2160.avi
12190,0.99821,5.41039,0.99833,49.46472,0.99966,0.86661,0.98943,0.9953,0.99741,100.0,0.65,0.46,0.5,0.74,50.0,51.46,51.17,49.46,0.993,0.995,0.994,0.993,/tmpdir/crf_16.mpd,/videos/BigBuckBunny-2160.avi
12191,0.99577,5.46558,0.99828,48.16171,0.99959,0.84763,0.98116,0.99097,0.99494,100.0,0.84,0.5,0.55,0.99,48.9,51.11,50.72,48.16,0.994,0.994,0.994,0.993,/tmpdir/crf_16.mpd,/videos/BigBuckBunny-2160.avi
12192,0.99828,5.46558,0.99834,49.45677,0.99966,0.8668,0.98942,0.99524,0.99731,100.0,0.65,0.47,0.5,0.74,49.98,51.41,51.12,49.46,0.993,0.994,0.994,0.993,/tmpdir/crf_16.mpd,/videos/BigBuckBunny-2160.avi
12193,0.99558,5.48297,0.99828,48.10646,0.99958,0.84682,0.98084,0.99065,0.99463,100.0,0.85,0.51,0.56,1.01,48.84,51.06,50.65,48.11,0.994,0.994,0.994,0.993,/tmpdir/crf_16.mpd,/videos/BigBuckBunny-2160.avi
12194,0.99827,5.48297,0.99834,49.44967,0.99967,0.8667,0.98941,0.99516,0.99717,100.0,0.65,0.47,0.5,0.74,49.98,51.45,51.16,49.45,0.993,0.995,0.994,0.993,/tmpdir/crf_16.mpd,/videos/BigBuckBunny-2160.avi
12195,0.99539,5.49335,0.99827,48.11499,0.99958,0.84722,0.98129,0.99092,0.99484,100.0,0.85,0.51,0.56,1.0,48.85,51.05,50.64,48.11,0.994,0.994,0.994,0.993,/tmpdir/crf_16.mpd,/videos/BigBuckBunny-2160.avi
12196,0.99821,5.49335,0.99834,49.43302,0.99966,0.86642,0.98936,0.99521,0.99731,100.0,0.65,0.46,0.5,0.74,49.97,51.46,51.17,49.43,0.993,0.995,0.994,0.993,/tmpdir/crf_16.mpd,/videos/BigBuckBunny-2160.avi
12197,0.99539,5.52181,0.99827,48.06373,0.99959,0.84686,0.98152,0.99111,0.99503,100.0,0.86,0.51,0.56,1.02,48.81,51.04,50.65,48.06,0.993,0.994,0.994,0.993,/tmpdir/crf_16.mpd,/videos/BigBuckBunny-2160.avi
12198,0.99833,5.52181,0.99834,49.41128,0.99967,0.86632,0.98944,0.99538,0.9976,100.0,0.66,0.47,0.5,0.74,49.94,51.39,51.12,49.41,0.993,0.994,0.994,0.993,/tmpdir/crf_16.mpd,/videos/BigBuckBunny-2160.avi
12199,0.99547,5.5121,0.99826,48.02413,0.99958,0.84588,0.98048,0.99048,0.99463,100.0,0.86,0.51,0.55,1.02,48.79,51.06,50.72,48.02,0.994,0.994,0.994,0.993,/tmpdir/crf_16.mpd,/videos/BigBuckBunny-2160.avi
12200,0.99834,5.5121,0.99833,49.40171,0.99966,0.86603,0.98927,0.99519,0.99733,100.0,0.66,0.47,0.51,0.75,49.93,51.37,51.1,49.4,0.993,0.994,0.994,0.993,/tmpdir/crf_16.mpd,/videos/BigBuckBunny-2160.avi
12201,0.99547,5.53321,0.99826,48.03683,0.99957,0.84552,0.98023,0.99046,0.99463,100.0,0.86,0.51,0.56,1.02,48.79,51.02,50.67,48.04,0.994,0.994,0.994,0.993,/tmpdir/crf_16.mpd,/videos/BigBuckBunny-2160.avi
12202,0.99819,5.53321,0.99831,49.3641,0.99965,0.86521,0.98897,0.99508,0.99731,100.0,0.67,0.48,0.51,0.75,49.89,51.34,51.07,49.36,0.993,0.994,0.994,0.993,/tmpdir/crf_16.mpd,/videos/BigBuckBunny-2160.avi
12203,0.99526,5.56841,0.99826,47.92727,0.99957,0.84459,0.98008,0.99037,0.99452,100.0,0.88,0.52,0.57,1.05,48.69,50.95,50.6,47.93,0.993,0.994,0.994,0.993,/tmpdir/crf_16.mpd,/videos/BigBuckBunny-2160.avi
12204,0.99826,5.56841,0.99829,49.3393,0.99965,0.86466,0.98889,0.99501,0.99725,100.0,0.67,0.48,0.51,0.76,49.87,51.33,51.04,49.34,0.993,0.994,0.994,0.993,/tmpdir/crf_16.mpd,/videos/BigBuckBunny-2160.avi
12205,0.99921,5.54818,0.99921,52.09512,0.9999,0.91796,0.99614,0.99849,0.99924,100.0,0.35,0.25,0.27,0.4,52.64,54.11,53.84,52.1,0.996,0.997,0.997,0.996,/tmpdir/crf_16.mpd,/videos/BigBuckBunny-2160.avi
12206,0.99597,5.54818,0.99883,48.6504,0.99975,0.87056,0.98584,0.99293,0.99585,100.0,0.71,0.32,0.36,0.89,49.65,53.01,52.61,48.65,0.995,0.996,0.996,0.995,/tmpdir/crf_16.mpd,/videos/BigBuckBunny-2160.avi
12207,0.99852,5.59868,0.99879,50.09678,0.99976,0.88801,0.99192,0.99639,0.99807,100.0,0.53,0.32,0.34,0.64,50.85,53.09,52.76,50.1,0.995,0.996,0.996,0.995,/tmpdir/crf_16.mpd,/videos/BigBuckBunny-2160.avi
12208,0.99566,5.59868,0.9986,48.11776,0.99964,0.86063,0.98403,0.99227,0.99573,100.0,0.81,0.4,0.44,1.0,49.05,52.13,51.66,48.12,0.995,0.996,0.995,0.994,/tmpdir/crf_16.mpd,/videos/BigBuckBunny-2160.avi
12209,0.99848,5.63819,0.9986,49.84317,0.99968,0.88209,0.99087,0.99586,0.99768,100.0,0.58,0.37,0.4,0.67,50.51,52.44,52.09,49.84,0.995,0.996,0.996,0.994,/tmpdir/crf_16.mpd,/videos/BigBuckBunny-2160.avi
12210,0.9956,5.63819,0.99853,48.35348,0.99965,0.85931,0.98298,0.99179,0.99542,100.0,0.78,0.42,0.47,0.95,49.2,51.87,51.44,48.35,0.994,0.995,0.995,0.994,/tmpdir/crf_16.mpd,/videos/BigBuckBunny-2160.avi
12211,0.99556,5.58428,0.99838,47.97816,0.99956,0.85375,0.98156,0.99108,0.99513,100.0,0.85,0.46,0.5,1.04,48.83,51.54,51.11,47.98,0.994,0.995,0.995,0.994,/tmpdir/crf_16.mpd,/videos/BigBuckBunny-2160.avi
12212,0.99836,5.58428,0.99849,49.62934,0.99964,0.87797,0.9902,0.99545,0.99746,100.0,0.61,0.39,0.42,0.71,50.3,52.26,51.92,49.63,0.994,0.995,0.995,0.994,/tmpdir/crf_16.mpd,/videos/BigBuckBunny-2160.avi
12213,0.99538,5.5139,0.99838,48.09032,0.99957,0.8549,0.98196,0.9911,0.99495,100.0,0.84,0.47,0.51,1.01,48.91,51.42,51.05,48.09,0.994,0.995,0.995,0.994,/tmpdir/crf_16.mpd,/videos/BigBuckBunny-2160.avi
12214,0.99824,5.5139,0.99845,49.58722,0.99965,0.87544,0.98974,0.99533,0.99746,100.0,0.62,0.42,0.45,0.72,50.19,51.88,51.6,49.59,0.994,0.995,0.995,0.994,/tmpdir/crf_16.mpd,/videos/BigBuckBunny-2160.avi
12215,0.995,5.4034,0.99836,48.1153,0.99958,0.8535,0.98148,0.99092,0.99489,100.0,0.83,0.46,0.5,1.0,48.95,51.49,51.16,48.12,0.994,0.995,0.995,0.994,/tmpdir/crf_16.mpd,/videos/BigBuckBunny-2160.avi
12216,0.99821,5.4034,0.99844,49.66871,0.99965,0.87522,0.99001,0.99552,0.99751,100.0,0.61,0.42,0.45,0.7,50.25,51.85,51.59,49.67,0.994,0.995,0.995,0.994,/tmpdir/crf_16.mpd,/videos/BigBuckBunny-2160.avi
12217,0.99526,5.37922,0.99834,48.07907,0.99958,0.85198,0.98165,0.99098,0.99485,100.0,0.84,0.47,0.5,1.01,48.9,51.4,51.11,48.08,0.994,0.995,0.995,0.994,/tmpdir/crf_16.mpd,/videos/BigBuckBunny-2160.avi
12218,0.99833,5.37922,0.99842,49.5665,0.99965,0.87323,0.9895,0.99519,0.99723,100.0,0.63,0.44,0.46,0.72,50.15,51.74,51.48,49.57,0.994,0.995,0.995,0.993,/tmpdir/crf_16.mpd,/videos/BigBuckBunny-2160.avi
12219,0.99546,5.30546,0.99832,48.11807,0.99957,0.85098,0.98104,0.99059,0.99447,100.0,0.83,0.48,0.51,1.0,48.92,51.34,51.05,48.12,0.994,0.995,0.995,0.993,/tmpdir/crf_16.mpd,/videos/BigBuckBunny-2160.avi
12220,0.99834,5.30546,0.9984,49.59674,0.99965,0.87239,0.98955,0.99524,0.99732,100.0,0.63,0.44,0.46,0.71,50.17,51.71,51.47,49.6,0.994,0.995,0.995,0.993,/tmpdir/crf_16.mpd,/videos/BigBuckBunny-2160.avi
12221,0.99531,5.21409,0.99832,48.18671,0.99958,0.85115,0.98145,0.99097,0.99484,100.0,0.82,0.48,0.52,0.99,48.97,51.31,51.0,48.19,0.994,0.995,0.995,0.993,/tmpdir/crf_16.mpd,/videos/BigBuckBunny-2160.avi
12222,0.99813,5.21409,0.99838,49.63258,0.99966,0.87157,0.98962,0.99534,0.99736,100.0,0.62,0.44,0.46,0.71,50.19,51.73,51.47,49.63,0.994,0.995,0.995,0.993,/tmpdir/crf_16.mpd,/videos/BigBuckBunny-2160.avi
12223,0.99539,5.33195,0.99831,48.09115,0.99957,0.84969,0.9812,0.99091,0.99495,100.0,0.84,0.48,0.52,1.01,48.89,51.28,50.95,48.09,0.994,0.995,0.994,0.993,/tmpdir/crf_16.mpd,/videos/BigBuckBunny-2160.avi
12224,0.99819,5.33195,0.99838,49.54364,0.99965,0.87095,0.98963,0.9954,0.99751,100.0,0.63,0.44,0.47,0.72,50.11,51.65,51.39,49.54,0.994,0.995,0.995,0.993,/tmpdir/crf_16.mpd,/videos/BigBuckBunny-2160.avi
12225,0.99556,5.49808,0.9983,47.97838,0.99957,0.84863,0.98096,0.99076,0.9948,100.0,0.86,0.49,0.53,1.04,48.79,51.21,50.92,47.98,0.994,0.995,0.994,0.993,/tmpdir/crf_16.mpd,/videos/BigBuckBunny-2160.avi
12226,0.99818,5.49808,0.99838,49.46778,0.99966,0.86972,0.98932,0.99509,0.99725,100.0,0.65,0.46,0.49,0.74,50.01,51.5,51.25,49.47,0.994,0.995,0.995,0.993,/tmpdir/crf_16.mpd,/videos/BigBuckBunny-2160.avi
12227,0.99537,5.53826,0.9983,47.89695,0.99958,0.84726,0.98114,0.99091,0.99478,100.0,0.88,0.5,0.54,1.06,48.7,51.12,50.84,47.9,0.994,0.994,0.994,0.993,/tmpdir/crf_16.mpd,/videos/BigBuckBunny-2160.avi
12228,0.99819,5.53826,0.99838,49.42314,0.99966,0.86948,0.98955,0.99534,0.99741,100.0,0.65,0.46,0.49,0.74,49.97,51.46,51.22,49.42,0.994,0.995,0.994,0.993,/tmpdir/crf_16.mpd,/videos/BigBuckBunny-2160.avi
12229,0.99556,5.551,0.99829,47.96263,0.99957,0.84788,0.9811,0.99083,0.99483,100.0,0.87,0.51,0.55,1.04,48.74,51.07,50.76,47.96,0.994,0.994,0.994,0.993,/tmpdir/crf_16.mpd,/videos/BigBuckBunny-2160.avi
12230,0.99836,5.551,0.99836,49.36385,0.99966,0.86846,0.98933,0.99518,0.99736,100.0,0.66,0.46,0.49,0.75,49.93,51.48,51.22,49.36,0.994,0.995,0.994,0.993,/tmpdir/crf_16.mpd,/videos/BigBuckBunny-2160.avi
12231,0.99561,5.53184,0.99831,47.97876,0.99958,0.84806,0.98101,0.99081,0.99478,100.0,0.87,0.51,0.55,1.04,48.75,51.04,50.74,47.98,0.994,0.994,0.994,0.993,/tmpdir/crf_16.mpd,/videos/BigBuckBunny-2160.avi
12232,0.99833,5.53184,0.99836,49.39752,0.99966,0.86792,0.98916,0.99509,0.99732,100.0,0.66,0.47,0.49,0.75,49.95,51.45,51.2,49.4,0.994,0.995,0.994,0.993,/tmpdir/crf_16.mpd,/videos/BigBuckBunny-2160.avi
12233,0.9952,5.47708,0.9983,47.97876,0.99958,0.84744,0.98075,0.99071,0.99474,100.0,0.86,0.51,0.54,1.04,48.76,51.08,50.81,47.98,0.994,0.994,0.994,0.993,/tmpdir/crf_16.mpd,/videos/BigBuckBunny-2160.avi
12234,0.99827,5.47708,0.99836,49.39156,0.99966,0.8677,0.98914,0.99509,0.99724,100.0,0.66,0.47,0.49,0.75,49.94,51.43,51.19,49.39,0.994,0.995,0.994,0.993,/tmpdir/crf_16.mpd,/videos/BigBuckBunny-2160.avi
12235,0.9952,5.49571,0.99829,47.93075,0.99958,0.84649,0.98073,0.99058,0.99448,100.0,0.87,0.51,0.54,1.05,48.72,51.05,50.8,47.93,0.994,0.994,0.994,0.993,/tmpdir/crf_16.mpd,/videos/BigBuckBunny-2160.avi
12236,0.99829,5.49571,0.99836,49.37192,0.99966,0.86754,0.98895,0.99499,0.99718,100.0,0.66,0.47,0.5,0.75,49.92,51.4,51.18,49.37,0.994,0.994,0.994,0.993,/tmpdir/crf_16.mpd,/videos/BigBuckBunny-2160.avi
12237,0.9952,5.44975,0.99829,48.01556,0.99958,0.84703,0.98022,0.99038,0.99447,100.0,0.86,0.51,0.55,1.03,48.78,51.03,50.75,48.02,0.994,0.994,0.994,0.993,/tmpdir/crf_16.mpd,/videos/BigBuckBunny-2160.avi
12238,0.99825,5.44975,0.99835,49.44273,0.99966,0.86751,0.98909,0.99506,0.9972,100.0,0.65,0.47,0.49,0.74,49.98,51.43,51.19,49.44,0.994,0.994,0.994,0.993,/tmpdir/crf_16.mpd,/videos/BigBuckBunny-2160.avi
12239,0.9949,5.41709,0.9983,48.00385,0.99958,0.84716,0.9805,0.99039,0.99443,100.0,0.86,0.51,0.55,1.03,48.77,51.02,50.75,48.0,0.994,0.994,0.994,0.993,/tmpdir/crf_16.mpd,/videos/BigBuckBunny-2160.avi
12240,0.99826,5.41709,0.99835,49.43865,0.99966,0.86769,0.98909,0.99503,0.99721,100.0,0.65,0.47,0.49,0.74,49.98,51.45,51.23,49.44,0.994,0.994,0.994,0.993,/tmpdir/crf_16.mpd,/videos/BigBuckBunny-2160.avi
12241,0.99536,5.43642,0.99828,47.94821,0.99958,0.84611,0.9807,0.99063,0.99461,100.0,0.87,0.51,0.54,1.04,48.73,51.05,50.78,47.95,0.994,0.994,0.994,0.993,/tmpdir/crf_16.mpd,/videos/BigBuckBunny-2160.avi
12242,0.99828,5.43642,0.99834,49.39446,0.99966,0.86705,0.98915,0.99508,0.99721,100.0,0.66,0.47,0.49,0.75,49.94,51.42,51.19,49.39,0.994,0.994,0.994,0.993,/tmpdir/crf_16.mpd,/videos/BigBuckBunny-2160.avi
12243,0.99561,5.41409,0.99829,47.91817,0.99958,0.84605,0.98089,0.99082,0.99479,100.0,0.87,0.51,0.54,1.05,48.71,51.08,50.83,47.92,0.994,0.994,0.994,0.993,/tmpdir/crf_16.mpd,/videos/BigBuckBunny-2160.avi
12244,0.99834,5.41409,0.99834,49.44069,0.99966,0.86725,0.98929,0.9952,0.99735,100.0,0.65,0.47,0.5,0.74,49.97,51.41,51.17,49.44,0.994,0.994,0.994,0.993,/tmpdir/crf_16.mpd,/videos/BigBuckBunny-2160.avi
12245,0.99549,5.42625,0.99828,47.90806,0.99958,0.84558,0.98001,0.9903,0.9946,100.0,0.88,0.51,0.54,1.05,48.7,51.04,50.78,47.91,0.994,0.994,0.994,0.993,/tmpdir/crf_16.mpd,/videos/BigBuckBunny-2160.avi
12246,0.99832,5.42625,0.99834,49.42914,0.99966,0.86705,0.98888,0.99487,0.99709,100.0,0.66,0.47,0.5,0.74,49.96,51.4,51.18,49.43,0.993,0.994,0.994,0.993,/tmpdir/crf_16.mpd,/videos/BigBuckBunny-2160.avi
12247,0.99555,5.4926,0.99828,47.9034,0.99958,0.84552,0.9799,0.99017,0.99434,100.0,0.88,0.52,0.56,1.05,48.68,50.96,50.67,47.9,0.994,0.994,0.994,0.993,/tmpdir/crf_16.mpd,/videos/BigBuckBunny-2160.avi
12248,0.99831,5.4926,0.99834,49.33863,0.99966,0.86623,0.98903,0.99503,0.99722,100.0,0.67,0.47,0.5,0.76,49.89,51.38,51.12,49.34,0.993,0.994,0.994,0.993,/tmpdir/crf_16.mpd,/videos/BigBuckBunny-2160.avi
12249,0.99523,5.53609,0.99828,47.81108,0.99957,0.84442,0.97972,0.99008,0.9943,100.0,0.9,0.52,0.56,1.08,48.6,50.96,50.66,47.81,0.994,0.994,0.994,0.993,/tmpdir/crf_16.mpd,/videos/BigBuckBunny-2160.avi
12250,0.99815,5.53609,0.99834,49.30489,0.99966,0.86562,0.98872,0.99475,0.99692,100.0,0.67,0.48,0.51,0.76,49.85,51.34,51.09,49.3,0.993,0.994,0.994,0.993,/tmpdir/crf_16.mpd,/videos/BigBuckBunny-2160.avi
12251,0.9956,5.54689,0.99828,47.82935,0.99957,0.84459,0.98005,0.9903,0.99452,100.0,0.89,0.52,0.55,1.07,48.62,50.98,50.72,47.83,0.994,0.994,0.994,0.993,/tmpdir/crf_16.mpd,/videos/BigBuckBunny-2160.avi
12252,0.99833,5.54689,0.99833,49.22918,0.99966,0.86487,0.9886,0.9948,0.99707,100.0,0.68,0.48,0.51,0.78,49.79,51.3,51.08,49.23,0.993,0.994,0.994,0.993,/tmpdir/crf_16.mpd,/videos/BigBuckBunny-2160.avi
12253,0.99546,5.42138,0.99827,47.92872,0.99957,0.84509,0.97964,0.98998,0.99429,100.0,0.88,0.52,0.55,1.05,48.7,50.98,50.72,47.93,0.994,0.994,0.994,0.993,/tmpdir/crf_16.mpd,/videos/BigBuckBunny-2160.avi
12254,0.99837,5.42138,0.99832,49.34731,0.99966,0.86524,0.98845,0.99464,0.99699,100.0,0.67,0.48,0.5,0.76,49.89,51.33,51.11,49.35,0.993,0.994,0.994,0.993,/tmpdir/crf_16.mpd,/videos/BigBuckBunny-2160.avi
12255,0.9953,5.28141,0.99827,47.97841,0.99957,0.84507,0.97931,0.98975,0.99419,100.0,0.87,0.52,0.55,1.04,48.74,50.99,50.73,47.98,0.994,0.994,0.994,0.993,/tmpdir/crf_16.mpd,/videos/BigBuckBunny-2160.avi
12256,0.99833,5.28141,0.99833,49.43139,0.99966,0.86564,0.98868,0.99478,0.99704,100.0,0.65,0.47,0.49,0.74,49.97,51.41,51.19,49.43,0.993,0.994,0.994,0.993,/tmpdir/crf_16.mpd,/videos/BigBuckBunny-2160.avi
12257,0.99506,5.28086,0.99828,47.99004,0.99958,0.84548,0.97994,0.99007,0.99428,100.0,0.87,0.52,0.55,1.03,48.75,51.0,50.73,47.99,0.994,0.994,0.994,0.993,/tmpdir/crf_16.mpd,/videos/BigBuckBunny-2160.avi
12258,0.99833,5.28086,0.99832,49.39885,0.99966,0.86522,0.9887,0.99485,0.99711,100.0,0.66,0.47,0.49,0.75,49.95,51.42,51.19,49.4,0.993,0.994,0.994,0.993,/tmpdir/crf_16.mpd,/videos/BigBuckBunny-2160.avi
12259,0.99529,5.22681,0.99827,48.01261,0.99957,0.84543,0.98016,0.99023,0.99434,100.0,0.86,0.51,0.54,1.03,48.78,51.04,50.8,48.01,0.994,0.994,0.994,0.993,/tmpdir/crf_16.mpd,/videos/BigBuckBunny-2160.avi
12260,0.99834,5.22681,0.99832,49.44269,0.99966,0.86524,0.98875,0.99479,0.99699,100.0,0.65,0.47,0.5,0.74,49.97,51.38,51.16,49.44,0.993,0.994,0.994,0.993,/tmpdir/crf_16.mpd,/videos/BigBuckBunny-2160.avi
12261,0.99533,5.19524,0.99826,47.99828,0.99957,0.84461,0.97931,0.9898,0.99415,100.0,0.86,0.51,0.54,1.03,48.77,51.05,50.78,48.0,0.994,0.994,0.994,0.993,/tmpdir/crf_16.mpd,/videos/BigBuckBunny-2160.avi
12262,0.99828,5.19524,0.99831,49.42659,0.99966,0.86461,0.98843,0.99464,0.9969,100.0,0.66,0.47,0.5,0.74,49.96,51.38,51.14,49.43,0.993,0.994,0.994,0.993,/tmpdir/crf_16.mpd,/videos/BigBuckBunny-2160.avi
12263,0.99527,5.27481,0.99826,47.96028,0.99957,0.84427,0.97934,0.98977,0.99406,100.0,0.87,0.52,0.55,1.04,48.73,51.0,50.75,47.96,0.993,0.994,0.994,0.993,/tmpdir/crf_16.mpd,/videos/BigBuckBunny-2160.avi
12264,0.99829,5.27481,0.99831,49.39819,0.99966,0.86514,0.98889,0.99497,0.99716,100.0,0.66,0.47,0.5,0.75,49.94,51.4,51.17,49.4,0.993,0.994,0.994,0.993,/tmpdir/crf_16.mpd,/videos/BigBuckBunny-2160.avi
12265,0.99535,5.32995,0.99826,47.89777,0.99957,0.84358,0.97975,0.98998,0.99418,100.0,0.88,0.52,0.55,1.06,48.68,50.98,50.72,47.9,0.993,0.994,0.994,0.993,/tmpdir/crf_16.mpd,/videos/BigBuckBunny-2160.avi
12266,0.99824,5.32995,0.99832,49.36587,0.99966,0.86454,0.98871,0.99482,0.99703,100.0,0.66,0.47,0.5,0.75,49.92,51.4,51.16,49.37,0.993,0.994,0.994,0.993,/tmpdir/crf_16.mpd,/videos/BigBuckBunny-2160.avi
12267,0.99546,5.3372,0.99826,47.92062,0.99957,0.84415,0.97945,0.98991,0.99424,100.0,0.88,0.52,0.55,1.05,48.7,50.98,50.73,47.92,0.994,0.994,0.994,0.993,/tmpdir/crf_16.mpd,/videos/BigBuckBunny-2160.avi
12268,0.99824,5.3372,0.99831,49.2685,0.99965,0.86336,0.9885,0.99474,0.99706,100.0,0.68,0.48,0.5,0.77,49.83,51.34,51.12,49.27,0.993,0.994,0.994,0.993,/tmpdir/crf_16.mpd,/videos/BigBuckBunny-2160.avi
12269,0.99542,5.30968,0.99825,47.84224,0.99957,0.84323,0.9799,0.99019,0.99439,100.0,0.89,0.52,0.55,1.07,48.64,51.01,50.75,47.84,0.993,0.994,0.994,0.993,/tmpdir/crf_16.mpd,/videos/BigBuckBunny-2160.avi
12270,0.99825,5.30968,0.9983,49.28522,0.99965,0.86319,0.98826,0.99461,0.9969,100.0,0.67,0.48,0.51,0.77,49.84,51.34,51.1,49.29,0.993,0.994,0.994,0.993,/tmpdir/crf_16.mpd,/videos/BigBuckBunny-2160.avi
12271,0.9953,5.23515,0.99823,47.94482,0.99956,0.84349,0.97968,0.9901,0.99428,100.0,0.87,0.51,0.55,1.04,48.72,51.02,50.72,47.94,0.993,0.994,0.994,0.993,/tmpdir/crf_16.mpd,/videos/BigBuckBunny-2160.avi
12272,0.9982,5.23515,0.99829,49.38179,0.99965,0.8637,0.98834,0.99464,0.99694,100.0,0.66,0.47,0.5,0.75,49.92,51.39,51.13,49.38,0.993,0.994,0.994,0.993,/tmpdir/crf_16.mpd,/videos/BigBuckBunny-2160.avi
12273,0.99499,5.27953,0.99824,47.93035,0.99957,0.84319,0.97922,0.98968,0.99404,100.0,0.88,0.52,0.55,1.05,48.71,51.01,50.71,47.93,0.993,0.994,0.994,0.993,/tmpdir/crf_16.mpd,/videos/BigBuckBunny-2160.avi
12274,0.99823,5.27953,0.99827,49.28384,0.99964,0.86258,0.98812,0.99444,0.99676,100.0,0.67,0.47,0.5,0.77,49.85,51.41,51.16,49.28,0.993,0.994,0.994,0.993,/tmpdir/crf_16.mpd,/videos/BigBuckBunny-2160.avi
12275,0.99512,5.3,0.99822,47.856,0.99957,0.84207,0.97948,0.98994,0.99422,100.0,0.89,0.52,0.55,1.07,48.65,51.01,50.73,47.86,0.993,0.994,0.994,0.993,/tmpdir/crf_16.mpd,/videos/BigBuckBunny-2160.avi
12276,0.99826,5.3,0.99825,49.23104,0.99964,0.86155,0.98783,0.9943,0.99675,100.0,0.68,0.47,0.5,0.78,49.8,51.37,51.13,49.23,0.993,0.994,0.994,0.993,/tmpdir/crf_16.mpd,/videos/BigBuckBunny-2160.avi
12277,0.99517,5.27268,0.99818,47.86951,0.99955,0.84127,0.97853,0.98932,0.99381,100.0,0.88,0.51,0.53,1.06,48.67,51.01,50.86,47.87,0.993,0.994,0.994,0.993,/tmpdir/crf_16.mpd,/videos/BigBuckBunny-2160.avi
12278,0.99829,5.27268,0.99823,49.29902,0.99963,0.86181,0.98801,0.99442,0.99672,100.0,0.67,0.48,0.5,0.76,49.86,51.35,51.16,49.3,0.993,0.994,0.994,0.993,/tmpdir/crf_16.mpd,/videos/BigBuckBunny-2160.avi
12279,0.9954,5.3068,0.99818,47.88926,0.99955,0.84153,0.97917,0.98981,0.99407,100.0,0.88,0.53,0.54,1.06,48.67,50.87,50.79,47.89,0.993,0.994,0.994,0.993,/tmpdir/crf_16.mpd,/videos/BigBuckBunny-2160.avi
12280,0.99825,5.3068,0.99822,49.24546,0.99963,0.86106,0.98803,0.99455,0.99689,100.0,0.68,0.48,0.5,0.77,49.81,51.3,51.11,49.25,0.993,0.994,0.994,0.993,/tmpdir/crf_16.mpd,/videos/BigBuckBunny-2160.avi
12281,0.99538,5.37449,0.99815,47.78013,0.99954,0.83982,0.97905,0.98979,0.99407,100.0,0.91,0.55,0.55,1.08,48.55,50.7,50.71,47.78,0.993,0.994,0.994,0.993,/tmpdir/crf_16.mpd,/videos/BigBuckBunny-2160.avi
12282,0.99824,5.37449,0.9982,49.22048,0.99962,0.86037,0.98798,0.99459,0.9969,100.0,0.68,0.48,0.51,0.78,49.79,51.33,51.09,49.22,0.993,0.994,0.994,0.993,/tmpdir/crf_16.mpd,/videos/BigBuckBunny-2160.avi
12283,0.99534,5.38776,0.99815,47.73184,0.99954,0.83903,0.97886,0.9899,0.99429,100.0,0.92,0.55,0.56,1.1,48.51,50.7,50.69,47.73,0.993,0.994,0.994,0.993,/tmpdir/crf_16.mpd,/videos/BigBuckBunny-2160.avi
12284,0.99815,5.38776,0.99819,49.16822,0.99962,0.85936,0.98799,0.99476,0.99722,100.0,0.69,0.48,0.51,0.79,49.74,51.36,51.02,49.17,0.993,0.994,0.994,0.993,/tmpdir/crf_16.mpd,/videos/BigBuckBunny-2160.avi
12285,0.99533,5.40832,0.99816,47.74085,0.99955,0.83887,0.97884,0.98995,0.99441,100.0,0.92,0.56,0.56,1.09,48.51,50.64,50.64,47.74,0.993,0.994,0.994,0.993,/tmpdir/crf_16.mpd,/videos/BigBuckBunny-2160.avi
12286,0.99823,5.40832,0.99818,49.11925,0.99962,0.85847,0.98807,0.99496,0.99747,100.0,0.7,0.48,0.52,0.8,49.7,51.36,50.95,49.12,0.993,0.994,0.994,0.993,/tmpdir/crf_16.mpd,/videos/BigBuckBunny-2160.avi
12287,0.99546,5.42172,0.99815,47.74985,0.99955,0.83856,0.97915,0.9903,0.99479,100.0,0.91,0.56,0.56,1.09,48.52,50.68,50.63,47.75,0.993,0.994,0.994,0.993,/tmpdir/crf_16.mpd,/videos/BigBuckBunny-2160.avi
12288,0.99832,5.42172,0.99818,49.19504,0.99962,0.85923,0.98827,0.99517,0.99762,100.0,0.68,0.46,0.52,0.78,49.78,51.49,50.99,49.2,0.993,0.995,0.994,0.993,/tmpdir/crf_16.mpd,/videos/BigBuckBunny-2160.avi
12289,0.99524,5.36188,0.99818,47.8251,0.99956,0.84014,0.98008,0.99083,0.99509,100.0,0.9,0.54,0.57,1.07,48.59,50.78,50.59,47.83,0.993,0.994,0.994,0.993,/tmpdir/crf_16.mpd,/videos/BigBuckBunny-2160.avi
12290,0.9982,5.36188,0.99819,49.15598,0.99962,0.85902,0.98866,0.99553,0.99794,100.0,0.68,0.44,0.51,0.79,49.78,51.71,51.09,49.16,0.993,0.995,0.994,0.993,/tmpdir/crf_16.mpd,/videos/BigBuckBunny-2160.avi
12291,0.99536,5.30957,0.9982,47.86351,0.99957,0.84065,0.9803,0.99105,0.99524,100.0,0.89,0.52,0.56,1.06,48.64,50.95,50.65,47.86,0.994,0.994,0.994,0.993,/tmpdir/crf_16.mpd,/videos/BigBuckBunny-2160.avi
12292,0.99824,5.30957,0.99819,49.17501,0.99962,0.85884,0.98827,0.99524,0.99779,100.0,0.68,0.42,0.5,0.79,49.83,51.93,51.17,49.18,0.993,0.995,0.994,0.993,/tmpdir/crf_16.mpd,/videos/BigBuckBunny-2160.avi
12293,0.99544,5.49566,0.99817,47.86681,0.99956,0.83925,0.9804,0.99114,0.9955,100.0,0.88,0.5,0.55,1.06,48.67,51.16,50.73,47.87,0.993,0.995,0.994,0.993,/tmpdir/crf_16.mpd,/videos/BigBuckBunny-2160.avi
12294,0.99856,5.49566,0.99815,49.1999,0.9996,0.85833,0.98891,0.99577,0.9982,100.0,0.67,0.41,0.5,0.78,49.85,52.02,51.15,49.2,0.993,0.995,0.994,0.993,/tmpdir/crf_16.mpd,/videos/BigBuckBunny-2160.avi
12295,0.9982,5.72128,0.99809,49.0467,0.99956,0.85763,0.98872,0.99557,0.99796,100.0,0.69,0.41,0.51,0.81,49.71,51.97,51.01,49.05,0.993,0.995,0.994,0.993,/tmpdir/crf_16.mpd,/videos/BigBuckBunny-2160.avi
12296,0.99822,5.72128,0.99796,48.84533,0.99949,0.85415,0.9879,0.99509,0.99753,100.0,0.72,0.4,0.51,0.85,49.57,52.07,51.03,48.85,0.993,0.995,0.994,0.992,/tmpdir/crf_16.mpd,/videos/BigBuckBunny-2160.avi
12297,0.99831,5.52423,0.99812,49.00667,0.99959,0.85696,0.98859,0.99538,0.99767,100.0,0.69,0.4,0.5,0.82,49.71,52.15,51.11,49.01,0.993,0.995,0.994,0.993,/tmpdir/crf_16.mpd,/videos/BigBuckBunny-2160.avi
12298,0.99839,5.52423,0.99796,48.87088,0.9995,0.85432,0.98816,0.9953,0.99765,100.0,0.71,0.38,0.49,0.84,49.63,52.29,51.2,48.87,0.993,0.995,0.994,0.992,/tmpdir/crf_16.mpd,/videos/BigBuckBunny-2160.avi
12299,0.99838,5.27506,0.99814,49.09777,0.9996,0.85733,0.9886,0.9954,0.99784,100.0,0.68,0.37,0.48,0.8,49.83,52.46,51.3,49.1,0.993,0.995,0.994,0.993,/tmpdir/crf_16.mpd,/videos/BigBuckBunny-2160.avi
12300,0.99836,5.27506,0.99798,48.95673,0.99951,0.85522,0.98794,0.9952,0.99764,100.0,0.69,0.36,0.48,0.83,49.73,52.53,51.33,48.96,0.993,0.995,0.994,0.993,/tmpdir/crf_16.mpd,/videos/BigBuckBunny-2160.avi
12301,0.99536,5.32874,0.99795,47.54618,0.99943,0.83329,0.9802,0.9914,0.99564,100.0,0.92,0.43,0.54,1.14,48.47,51.77,50.8,47.55,0.993,0.995,0.994,0.993,/tmpdir/crf_16.mpd,/videos/BigBuckBunny-2160.avi
12302,0.99848,5.32874,0.99803,48.91485,0.99954,0.85643,0.98944,0.99609,0.99828,100.0,0.7,0.37,0.49,0.83,49.68,52.42,51.25,48.91,0.993,0.995,0.994,0.993,/tmpdir/crf_16.mpd,/videos/BigBuckBunny-2160.avi
12303,0.99835,5.54357,0.99816,49.12281,0.99961,0.85969,0.98924,0.99573,0.998,100.0,0.67,0.36,0.46,0.8,49.88,52.53,51.48,49.12,0.993,0.995,0.995,0.993,/tmpdir/crf_16.mpd,/videos/BigBuckBunny-2160.avi
12304,0.99834,5.54357,0.99802,49.02919,0.99952,0.85772,0.98842,0.99522,0.99754,100.0,0.68,0.35,0.46,0.81,49.83,52.7,51.53,49.03,0.993,0.995,0.995,0.993,/tmpdir/crf_16.mpd,/videos/BigBuckBunny-2160.avi
12305,0.99554,5.30385,0.99814,47.74027,0.99953,0.83769,0.9812,0.99173,0.99577,100.0,0.88,0.41,0.49,1.09,48.69,52.03,51.2,47.74,0.994,0.995,0.995,0.993,/tmpdir/crf_16.mpd,/videos/BigBuckBunny-2160.avi
12306,0.99865,5.30385,0.99825,49.38435,0.99963,0.86468,0.9905,0.99659,0.99861,100.0,0.62,0.32,0.41,0.75,50.19,53.08,51.96,49.38,0.994,0.995,0.995,0.993,/tmpdir/crf_16.mpd,/videos/BigBuckBunny-2160.avi
12307,0.99842,5.15402,0.9982,49.28282,0.9996,0.86374,0.99003,0.99617,0.99826,100.0,0.64,0.34,0.43,0.77,50.07,52.78,51.81,49.28,0.994,0.995,0.995,0.993,/tmpdir/crf_16.mpd,/videos/BigBuckBunny-2160.avi
12308,0.99532,5.15402,0.99804,47.55857,0.99944,0.83806,0.98095,0.99126,0.99527,100.0,0.9,0.37,0.48,1.14,48.58,52.44,51.33,47.56,0.994,0.995,0.995,0.993,/tmpdir/crf_16.mpd,/videos/BigBuckBunny-2160.avi
12309,0.99847,5.08293,0.99829,49.36753,0.99964,0.8668,0.99176,0.99727,0.99909,100.0,0.62,0.33,0.39,0.75,50.19,52.94,52.17,49.37,0.994,0.995,0.995,0.993,/tmpdir/crf_16.mpd,/videos/BigBuckBunny-2160.avi
12310,0.99537,5.08293,0.99799,47.60257,0.9994,0.83908,0.98197,0.99207,0.99592,100.0,0.89,0.38,0.45,1.13,48.63,52.35,51.57,47.6,0.994,0.995,0.995,0.993,/tmpdir/crf_16.mpd,/videos/BigBuckBunny-2160.avi
12311,0.99857,5.15506,0.99824,49.23259,0.99961,0.86632,0.99199,0.99727,0.99894,100.0,0.64,0.33,0.4,0.78,50.08,52.94,52.11,49.23,0.994,0.995,0.995,0.993,/tmpdir/crf_16.mpd,/videos/BigBuckBunny-2160.avi
12312,0.99842,5.15506,0.99817,49.14385,0.99959,0.86376,0.99051,0.99642,0.99838,100.0,0.65,0.34,0.4,0.79,50.0,52.83,52.13,49.14,0.994,0.995,0.995,0.993,/tmpdir/crf_16.mpd,/videos/BigBuckBunny-2160.avi
12313,0.99926,5.22164,0.99913,51.77895,0.99988,0.91342,0.99585,0.99841,0.99926,100.0,0.35,0.16,0.22,0.43,52.67,56.06,54.7,51.78,0.996,0.998,0.997,0.995,/tmpdir/crf_16.mpd,/videos/BigBuckBunny-2160.avi
12314,0.9985,5.22164,0.99868,49.9504,0.9997,0.88422,0.99202,0.99681,0.99847,100.0,0.52,0.23,0.26,0.66,50.96,54.49,53.92,49.95,0.995,0.997,0.997,0.994,/tmpdir/crf_16.mpd,/videos/BigBuckBunny-2160.avi
12315,0.99522,5.12274,0.99849,48.08841,0.99963,0.85448,0.98431,0.99296,0.99631,100.0,0.79,0.32,0.36,1.01,49.18,53.1,52.58,48.09,0.995,0.996,0.996,0.994,/tmpdir/crf_16.mpd,/videos/BigBuckBunny-2160.avi
12316,0.99857,5.12274,0.9985,49.68711,0.99966,0.87872,0.99226,0.99713,0.99882,100.0,0.56,0.25,0.34,0.7,50.62,54.16,52.87,49.69,0.995,0.997,0.996,0.994,/tmpdir/crf_16.mpd,/videos/BigBuckBunny-2160.avi
12317,0.99559,5.51924,0.99838,47.99685,0.99961,0.85042,0.98367,0.99277,0.99625,100.0,0.8,0.33,0.36,1.03,49.09,53.0,52.6,48.0,0.994,0.996,0.996,0.994,/tmpdir/crf_16.mpd,/videos/BigBuckBunny-2160.avi
12318,0.99853,5.51924,0.99842,49.49516,0.99966,0.87499,0.99197,0.9971,0.99879,100.0,0.59,0.28,0.33,0.73,50.44,53.66,53.0,49.5,0.994,0.996,0.996,0.994,/tmpdir/crf_16.mpd,/videos/BigBuckBunny-2160.avi
12319,0.99585,5.7472,0.99835,47.95049,0.99961,0.8485,0.98348,0.99266,0.99615,100.0,0.81,0.34,0.35,1.04,49.05,52.88,52.73,47.95,0.994,0.996,0.996,0.994,/tmpdir/crf_16.mpd,/videos/BigBuckBunny-2160.avi
12320,0.99853,5.7472,0.99839,49.57191,0.99966,0.87514,0.99181,0.99691,0.99855,100.0,0.58,0.29,0.32,0.72,50.5,53.53,53.11,49.57,0.994,0.996,0.996,0.994,/tmpdir/crf_16.mpd,/videos/BigBuckBunny-2160.avi
12321,0.99541,7.03953,0.99831,47.94076,0.9996,0.84671,0.98301,0.99237,0.99592,100.0,0.81,0.34,0.35,1.04,49.04,52.79,52.69,47.94,0.994,0.996,0.996,0.993,/tmpdir/crf_16.mpd,/videos/BigBuckBunny-2160.avi
12322,0.99836,7.03953,0.99835,49.34797,0.99965,0.87001,0.99126,0.99655,0.99825,100.0,0.61,0.31,0.33,0.76,50.27,53.2,52.88,49.35,0.994,0.996,0.996,0.993,/tmpdir/crf_16.mpd,/videos/BigBuckBunny-2160.avi
12323,0.99835,6.88887,0.9984,49.30538,0.99967,0.87041,0.99095,0.99636,0.99821,100.0,0.62,0.32,0.33,0.76,50.23,53.1,52.9,49.31,0.994,0.996,0.996,0.993,/tmpdir/crf_16.mpd,/videos/BigBuckBunny-2160.avi
12324,0.99537,6.88887,0.99832,47.5287,0.99962,0.842,0.98297,0.99224,0.99583,100.0,0.88,0.35,0.36,1.15,48.67,52.71,52.57,47.53,0.994,0.996,0.995,0.993,/tmpdir/crf_16.mpd,/videos/BigBuckBunny-2160.avi
12325,0.99826,6.0382,0.9984,49.12829,0.99968,0.86767,0.99122,0.99644,0.99826,100.0,0.64,0.33,0.34,0.79,50.06,52.92,52.82,49.13,0.994,0.996,0.996,0.993,/tmpdir/crf_16.mpd,/videos/BigBuckBunny-2160.avi
12326,0.99532,6.0382,0.9983,47.40244,0.99962,0.83849,0.98239,0.99181,0.99545,100.0,0.91,0.35,0.36,1.18,48.56,52.73,52.52,47.4,0.994,0.995,0.995,0.993,/tmpdir/crf_16.mpd,/videos/BigBuckBunny-2160.avi
12327,0.9982,5.54017,0.99838,49.19088,0.99967,0.86701,0.99094,0.99625,0.99811,100.0,0.63,0.33,0.34,0.78,50.12,52.96,52.86,49.19,0.994,0.996,0.996,0.993,/tmpdir/crf_16.mpd,/videos/BigBuckBunny-2160.avi
12328,0.99551,5.54017,0.99829,47.49774,0.99961,0.83861,0.98245,0.99187,0.9956,100.0,0.89,0.35,0.36,1.16,48.63,52.68,52.51,47.5,0.994,0.995,0.995,0.993,/tmpdir/crf_16.mpd,/videos/BigBuckBunny-2160.avi
12329,0.99828,5.25664,0.99835,49.04805,0.99966,0.86454,0.99064,0.99614,0.99803,100.0,0.65,0.34,0.34,0.81,49.98,52.82,52.77,49.05,0.994,0.995,0.996,0.993,/tmpdir/crf_16.mpd,/videos/BigBuckBunny-2160.avi
12330,0.99517,5.25664,0.99824,47.16866,0.9996,0.83176,0.98217,0.99182,0.99555,100.0,0.96,0.37,0.38,1.25,48.33,52.49,52.36,47.17,0.994,0.995,0.995,0.993,/tmpdir/crf_16.mpd,/videos/BigBuckBunny-2160.avi
12331,0.99827,6.89691,0.99832,48.96636,0.99966,0.86268,0.99009,0.99588,0.99791,100.0,0.66,0.34,0.34,0.82,49.92,52.83,52.85,48.97,0.994,0.995,0.996,0.993,/tmpdir/crf_16.mpd,/videos/BigBuckBunny-2160.avi
12332,0.99545,6.89691,0.99826,47.39494,0.99961,0.83535,0.98204,0.99172,0.99546,100.0,0.91,0.37,0.37,1.18,48.53,52.46,52.49,47.39,0.994,0.995,0.995,0.993,/tmpdir/crf_16.mpd,/videos/BigBuckBunny-2160.avi
12333,0.99812,6.64728,0.99833,49.09407,0.99966,0.86372,0.9901,0.99588,0.99784,100.0,0.65,0.35,0.33,0.8,50.02,52.73,52.9,49.09,0.994,0.995,0.996,0.993,/tmpdir/crf_16.mpd,/videos/BigBuckBunny-2160.avi
12334,0.99559,6.64728,0.99824,47.36216,0.99961,0.8344,0.98208,0.99185,0.99563,100.0,0.92,0.38,0.37,1.19,48.49,52.34,52.4,47.36,0.994,0.995,0.995,0.993,/tmpdir/crf_16.mpd,/videos/BigBuckBunny-2160.avi
12335,0.99818,6.21929,0.99833,48.87894,0.99967,0.86091,0.98992,0.99578,0.99786,100.0,0.68,0.36,0.35,0.84,49.81,52.56,52.7,48.88,0.994,0.995,0.996,0.993,/tmpdir/crf_16.mpd,/videos/BigBuckBunny-2160.avi
12336,0.99529,6.21929,0.99824,47.29067,0.99961,0.83335,0.98188,0.99174,0.99556,100.0,0.94,0.38,0.38,1.21,48.42,52.28,52.39,47.29,0.994,0.995,0.995,0.993,/tmpdir/crf_16.mpd,/videos/BigBuckBunny-2160.avi
12337,0.99808,5.61823,0.99834,48.93733,0.99967,0.86138,0.99033,0.99598,0.99794,100.0,0.67,0.36,0.35,0.83,49.86,52.54,52.69,48.94,0.994,0.995,0.996,0.993,/tmpdir/crf_16.mpd,/videos/BigBuckBunny-2160.avi
12338,0.99505,5.61823,0.99824,47.30429,0.99961,0.83275,0.98189,0.99171,0.99552,100.0,0.93,0.39,0.37,1.21,48.43,52.24,52.4,47.3,0.994,0.995,0.995,0.993,/tmpdir/crf_16.mpd,/videos/BigBuckBunny-2160.avi
12339,0.99808,5.77082,0.9983,48.83554,0.99967,0.85907,0.99,0.99585,0.99789,100.0,0.69,0.37,0.35,0.85,49.76,52.47,52.66,48.84,0.994,0.995,0.996,0.993,/tmpdir/crf_16.mpd,/videos/BigBuckBunny-2160.avi
12340,0.99553,5.77082,0.99823,47.26832,0.99961,0.83252,0.98198,0.99178,0.99557,100.0,0.94,0.4,0.37,1.22,48.39,52.16,52.41,47.27,0.994,0.995,0.995,0.993,/tmpdir/crf_16.mpd,/videos/BigBuckBunny-2160.avi
12341,0.99836,6.17034,0.99832,48.90463,0.99967,0.8609,0.99014,0.99591,0.99786,100.0,0.68,0.37,0.34,0.84,49.83,52.5,52.77,48.9,0.994,0.995,0.996,0.993,/tmpdir/crf_16.mpd,/videos/BigBuckBunny-2160.avi
12342,0.99553,6.17034,0.99821,47.21308,0.99959,0.83096,0.98118,0.99138,0.99549,100.0,0.95,0.4,0.37,1.24,48.35,52.16,52.47,47.21,0.994,0.995,0.995,0.993,/tmpdir/crf_16.mpd,/videos/BigBuckBunny-2160.avi
12343,0.99816,6.09023,0.99833,48.95844,0.99967,0.86209,0.99013,0.99587,0.9979,100.0,0.67,0.36,0.34,0.83,49.88,52.52,52.83,48.96,0.994,0.995,0.996,0.993,/tmpdir/crf_16.mpd,/videos/BigBuckBunny-2160.avi
12344,0.99524,6.09023,0.99821,47.26286,0.9996,0.8321,0.98158,0.99153,0.99537,100.0,0.94,0.39,0.37,1.22,48.4,52.19,52.49,47.26,0.994,0.995,0.995,0.993,/tmpdir/crf_16.mpd,/videos/BigBuckBunny-2160.avi
12345,0.9983,5.94065,0.99833,48.96735,0.99966,0.86234,0.99025,0.99597,0.99791,100.0,0.67,0.37,0.34,0.82,49.88,52.46,52.83,48.97,0.994,0.995,0.996,0.993,/tmpdir/crf_16.mpd,/videos/BigBuckBunny-2160.avi
12346,0.99538,5.94065,0.99823,47.25453,0.9996,0.83313,0.98149,0.99159,0.99548,100.0,0.94,0.4,0.36,1.22,48.39,52.15,52.51,47.25,0.994,0.995,0.995,0.993,/tmpdir/crf_16.mpd,/videos/BigBuckBunny-2160.avi
12347,0.99824,5.62626,0.99831,48.92204,0.99966,0.86179,0.99009,0.99582,0.99784,100.0,0.67,0.37,0.34,0.83,49.84,52.43,52.81,48.92,0.994,0.995,0.996,0.993,/tmpdir/crf_16.mpd,/videos/BigBuckBunny-2160.avi
12348,0.9982,5.62626,0.99833,48.92168,0.99968,0.86135,0.99002,0.9959,0.9979,100.0,0.67,0.37,0.34,0.83,49.85,52.46,52.85,48.92,0.994,0.995,0.996,0.993,/tmpdir/crf_16.mpd,/videos/BigBuckBunny-2160.avi
12349,0.99537,5.43236,0.99817,47.28111,0.99958,0.83143,0.9815,0.99148,0.99533,100.0,0.94,0.4,0.36,1.22,48.41,52.06,52.56,47.28,0.994,0.995,0.995,0.993,/tmpdir/crf_16.mpd,/videos/BigBuckBunny-2160.avi
12350,0.99821,5.43236,0.9983,48.96558,0.99966,0.86136,0.99034,0.99599,0.9979,100.0,0.67,0.37,0.33,0.83,49.89,52.43,52.9,48.97,0.994,0.995,0.996,0.993,/tmpdir/crf_16.mpd,/videos/BigBuckBunny-2160.avi
12351,0.99533,5.40556,0.99817,47.22573,0.99958,0.83111,0.98101,0.99138,0.99533,100.0,0.95,0.41,0.36,1.23,48.35,51.99,52.54,47.23,0.994,0.995,0.995,0.993,/tmpdir/crf_16.mpd,/videos/BigBuckBunny-2160.avi
12352,0.99823,5.40556,0.99829,48.84909,0.99966,0.86019,0.99018,0.99589,0.99783,100.0,0.68,0.38,0.34,0.85,49.78,52.34,52.84,48.85,0.994,0.995,0.996,0.993,/tmpdir/crf_16.mpd,/videos/BigBuckBunny-2160.avi
12353,0.99515,5.57814,0.99818,47.28672,0.99958,0.83222,0.98137,0.99141,0.99524,100.0,0.94,0.41,0.36,1.21,48.4,51.95,52.55,47.29,0.994,0.995,0.995,0.993,/tmpdir/crf_16.mpd,/videos/BigBuckBunny-2160.avi
12354,0.9982,5.57814,0.9983,48.88133,0.99966,0.86084,0.99033,0.99598,0.99781,100.0,0.68,0.38,0.34,0.84,49.8,52.33,52.87,48.88,0.994,0.995,0.996,0.993,/tmpdir/crf_16.mpd,/videos/BigBuckBunny-2160.avi
12355,0.99549,5.80611,0.99818,47.3748,0.99957,0.8341,0.9811,0.99125,0.99514,100.0,0.92,0.41,0.36,1.19,48.48,51.96,52.57,47.37,0.994,0.995,0.995,0.993,/tmpdir/crf_16.mpd,/videos/BigBuckBunny-2160.avi
12356,0.99837,5.80611,0.99829,48.92037,0.99965,0.86118,0.99034,0.99604,0.99798,100.0,0.68,0.38,0.33,0.83,49.84,52.32,52.88,48.92,0.994,0.995,0.996,0.993,/tmpdir/crf_16.mpd,/videos/BigBuckBunny-2160.avi
12357,0.99523,5.70086,0.99817,47.20178,0.99958,0.83098,0.98131,0.9914,0.99531,100.0,0.96,0.42,0.36,1.24,48.33,51.87,52.56,47.2,0.993,0.995,0.995,0.993,/tmpdir/crf_16.mpd,/videos/BigBuckBunny-2160.avi
12358,0.99829,5.70086,0.99829,48.84132,0.99966,0.86026,0.99013,0.99591,0.99787,100.0,0.69,0.38,0.33,0.85,49.77,52.28,52.9,48.84,0.994,0.995,0.996,0.993,/tmpdir/crf_16.mpd,/videos/BigBuckBunny-2160.avi
12359,0.99557,5.60097,0.99817,47.29857,0.99957,0.83255,0.98139,0.99154,0.99545,100.0,0.94,0.42,0.36,1.21,48.41,51.86,52.58,47.3,0.994,0.995,0.995,0.993,/tmpdir/crf_16.mpd,/videos/BigBuckBunny-2160.avi
12360,0.99824,5.60097,0.99829,48.81572,0.99966,0.85959,0.99009,0.99583,0.99776,100.0,0.69,0.39,0.33,0.85,49.74,52.21,52.89,48.82,0.994,0.995,0.996,0.993,/tmpdir/crf_16.mpd,/videos/BigBuckBunny-2160.avi
12361,0.99549,5.65987,0.99817,47.27511,0.99958,0.8314,0.98141,0.99142,0.99525,100.0,0.94,0.42,0.36,1.22,48.39,51.85,52.63,47.28,0.994,0.995,0.995,0.993,/tmpdir/crf_16.mpd,/videos/BigBuckBunny-2160.avi
12362,0.99831,5.65987,0.99827,48.8099,0.99965,0.8591,0.99005,0.99589,0.99787,100.0,0.69,0.39,0.33,0.86,49.74,52.21,52.91,48.81,0.994,0.995,0.996,0.993,/tmpdir/crf_16.mpd,/videos/BigBuckBunny-2160.avi
12363,0.9954,5.63865,0.99815,47.17617,0.99957,0.83021,0.9812,0.99136,0.99528,100.0,0.96,0.43,0.36,1.25,48.3,51.81,52.52,47.18,0.993,0.995,0.995,0.993,/tmpdir/crf_16.mpd,/videos/BigBuckBunny-2160.avi
12364,0.99831,5.63865,0.99826,48.70072,0.99965,0.85794,0.98985,0.99573,0.99776,100.0,0.71,0.39,0.34,0.88,49.64,52.18,52.86,48.7,0.994,0.995,0.996,0.993,/tmpdir/crf_16.mpd,/videos/BigBuckBunny-2160.avi
12365,0.99552,5.47137,0.99814,47.19192,0.99957,0.82974,0.98127,0.99151,0.99547,100.0,0.96,0.43,0.36,1.24,48.31,51.8,52.55,47.19,0.993,0.995,0.995,0.993,/tmpdir/crf_16.mpd,/videos/BigBuckBunny-2160.avi
12366,0.99823,5.47137,0.99827,48.7671,0.99965,0.85844,0.98995,0.99584,0.99788,100.0,0.7,0.39,0.34,0.86,49.7,52.2,52.86,48.77,0.994,0.995,0.996,0.993,/tmpdir/crf_16.mpd,/videos/BigBuckBunny-2160.avi
12367,0.9952,5.64194,0.99816,47.262,0.99958,0.83131,0.98134,0.99156,0.99549,100.0,0.95,0.43,0.36,1.22,48.37,51.82,52.55,47.26,0.994,0.995,0.995,0.993,/tmpdir/crf_16.mpd,/videos/BigBuckBunny-2160.avi
12368,0.99827,5.64194,0.99826,48.74201,0.99965,0.85876,0.98983,0.99577,0.99781,100.0,0.7,0.39,0.34,0.87,49.68,52.27,52.81,48.74,0.994,0.995,0.996,0.993,/tmpdir/crf_16.mpd,/videos/BigBuckBunny-2160.avi
12369,0.99538,6.08087,0.99816,47.36653,0.99957,0.83374,0.98148,0.99153,0.9955,100.0,0.92,0.42,0.35,1.19,48.48,51.91,52.72,47.37,0.994,0.995,0.996,0.993,/tmpdir/crf_16.mpd,/videos/BigBuckBunny-2160.avi
12370,0.99824,6.08087,0.9983,49.10801,0.99965,0.86536,0.98999,0.99581,0.99782,100.0,0.65,0.37,0.31,0.8,50.03,52.41,53.27,49.11,0.994,0.995,0.996,0.993,/tmpdir/crf_16.mpd,/videos/BigBuckBunny-2160.avi
12371,0.99561,5.67321,0.99821,47.72908,0.99956,0.84133,0.9821,0.99185,0.99568,100.0,0.85,0.41,0.32,1.1,48.82,52.05,53.02,47.73,0.994,0.995,0.996,0.993,/tmpdir/crf_16.mpd,/videos/BigBuckBunny-2160.avi
12372,0.99821,5.67321,0.99832,49.24716,0.99965,0.86733,0.99055,0.99611,0.99809,100.0,0.63,0.37,0.3,0.77,50.15,52.4,53.32,49.25,0.994,0.995,0.996,0.993,/tmpdir/crf_16.mpd,/videos/BigBuckBunny-2160.avi
12373,0.99546,5.33129,0.99822,47.57297,0.99958,0.83895,0.98259,0.99214,0.99582,100.0,0.88,0.41,0.33,1.14,48.68,51.99,52.94,47.57,0.994,0.995,0.996,0.993,/tmpdir/crf_16.mpd,/videos/BigBuckBunny-2160.avi
12374,0.99834,5.33129,0.99832,49.18178,0.99965,0.86717,0.99083,0.9963,0.99813,100.0,0.64,0.38,0.31,0.79,50.09,52.39,53.26,49.18,0.994,0.995,0.996,0.993,/tmpdir/crf_16.mpd,/videos/BigBuckBunny-2160.avi
12375,0.99522,5.07995,0.99824,47.57719,0.99958,0.84031,0.98213,0.99177,0.99558,100.0,0.88,0.42,0.33,1.14,48.68,51.94,52.91,47.58,0.994,0.995,0.996,0.993,/tmpdir/crf_16.mpd,/videos/BigBuckBunny-2160.avi
12376,0.99829,5.07995,0.99832,49.17256,0.99965,0.86676,0.99078,0.9962,0.99809,100.0,0.64,0.38,0.31,0.79,50.08,52.37,53.23,49.17,0.994,0.995,0.996,0.993,/tmpdir/crf_16.mpd,/videos/BigBuckBunny-2160.avi
12377,0.9953,4.91779,0.99824,47.68373,0.99958,0.84107,0.98254,0.9921,0.99581,100.0,0.86,0.41,0.33,1.11,48.77,51.99,52.91,47.68,0.994,0.995,0.996,0.993,/tmpdir/crf_16.mpd,/videos/BigBuckBunny-2160.avi
12378,0.99819,4.91779,0.99831,49.13756,0.99965,0.86521,0.99069,0.99613,0.99804,100.0,0.64,0.38,0.31,0.79,50.04,52.33,53.21,49.14,0.994,0.995,0.996,0.993,/tmpdir/crf_16.mpd,/videos/BigBuckBunny-2160.avi
12379,0.99542,4.95023,0.99824,47.64841,0.99958,0.84087,0.98259,0.99205,0.9957,100.0,0.87,0.42,0.33,1.12,48.73,51.92,52.9,47.65,0.994,0.995,0.996,0.993,/tmpdir/crf_16.mpd,/videos/BigBuckBunny-2160.avi
12380,0.99835,4.95023,0.99831,49.09822,0.99965,0.86586,0.99044,0.996,0.99794,100.0,0.65,0.38,0.32,0.8,50.0,52.29,53.14,49.1,0.994,0.995,0.996,0.993,/tmpdir/crf_16.mpd,/videos/BigBuckBunny-2160.avi
12381,0.99523,5.09689,0.99823,47.59876,0.99958,0.84069,0.98233,0.99193,0.99568,100.0,0.88,0.42,0.34,1.13,48.68,51.89,52.78,47.6,0.994,0.995,0.996,0.993,/tmpdir/crf_16.mpd,/videos/BigBuckBunny-2160.avi
12382,0.99821,5.09689,0.99829,48.96413,0.99965,0.86361,0.99027,0.99598,0.9979,100.0,0.67,0.39,0.32,0.83,49.88,52.24,53.02,48.96,0.994,0.995,0.996,0.993,/tmpdir/crf_16.mpd,/videos/BigBuckBunny-2160.avi
12383,0.99542,5.41536,0.99816,47.26664,0.99957,0.8312,0.98185,0.99176,0.9955,100.0,0.94,0.43,0.35,1.22,48.39,51.81,52.69,47.27,0.993,0.995,0.996,0.993,/tmpdir/crf_16.mpd,/videos/BigBuckBunny-2160.avi
12384,0.99823,5.41536,0.99828,48.94445,0.99965,0.8629,0.99015,0.99586,0.99781,100.0,0.67,0.39,0.33,0.83,49.86,52.21,53.0,48.94,0.994,0.995,0.996,0.993,/tmpdir/crf_16.mpd,/videos/BigBuckBunny-2160.avi
12385,0.99535,5.41132,0.99818,47.46952,0.99957,0.83658,0.9819,0.99176,0.99553,100.0,0.91,0.43,0.35,1.16,48.56,51.81,52.68,47.47,0.994,0.995,0.996,0.993,/tmpdir/crf_16.mpd,/videos/BigBuckBunny-2160.avi
12386,0.99828,5.41132,0.99824,48.79572,0.99964,0.86002,0.98972,0.99568,0.99778,100.0,0.69,0.39,0.33,0.86,49.72,52.17,52.93,48.8,0.994,0.995,0.996,0.993,/tmpdir/crf_16.mpd,/videos/BigBuckBunny-2160.avi
12387,0.99567,6.94076,0.99819,47.65472,0.99957,0.83909,0.98239,0.99196,0.99565,100.0,0.87,0.42,0.33,1.12,48.74,51.9,52.9,47.65,0.994,0.995,0.996,0.993,/tmpdir/crf_16.mpd,/videos/BigBuckBunny-2160.avi
12388,0.99826,6.94076,0.99828,49.07768,0.99965,0.8632,0.98992,0.9958,0.99788,100.0,0.65,0.39,0.31,0.8,49.98,52.24,53.18,49.08,0.994,0.995,0.996,0.993,/tmpdir/crf_16.mpd,/videos/BigBuckBunny-2160.avi
12389,0.99561,5.88343,0.99823,47.79987,0.99957,0.84143,0.98269,0.99224,0.99589,100.0,0.84,0.41,0.31,1.08,48.89,51.98,53.16,47.8,0.994,0.995,0.996,0.993,/tmpdir/crf_16.mpd,/videos/BigBuckBunny-2160.avi
12390,0.99816,5.88343,0.99832,49.35133,0.99964,0.86854,0.99052,0.99611,0.99804,100.0,0.61,0.37,0.29,0.76,50.25,52.4,53.55,49.35,0.994,0.995,0.996,0.993,/tmpdir/crf_16.mpd,/videos/BigBuckBunny-2160.avi
12391,0.99564,5.11361,0.99826,47.87962,0.99956,0.8449,0.98238,0.99205,0.99589,100.0,0.82,0.41,0.3,1.06,48.97,52.06,53.39,47.88,0.994,0.995,0.996,0.993,/tmpdir/crf_16.mpd,/videos/BigBuckBunny-2160.avi
12392,0.99829,5.11361,0.99834,49.42543,0.99965,0.87135,0.99068,0.99617,0.99808,100.0,0.6,0.37,0.28,0.74,50.32,52.44,53.63,49.43,0.994,0.995,0.996,0.993,/tmpdir/crf_16.mpd,/videos/BigBuckBunny-2160.avi
12393,0.99547,4.79749,0.99824,47.8935,0.99956,0.84464,0.98246,0.99215,0.99582,100.0,0.82,0.41,0.3,1.06,48.98,52.05,53.38,47.89,0.994,0.995,0.996,0.993,/tmpdir/crf_16.mpd,/videos/BigBuckBunny-2160.avi
12394,0.99828,4.79749,0.99833,49.45408,0.99964,0.87136,0.99097,0.9964,0.99823,100.0,0.6,0.37,0.28,0.74,50.35,52.43,53.66,49.45,0.994,0.995,0.996,0.993,/tmpdir/crf_16.mpd,/videos/BigBuckBunny-2160.avi
12395,0.9955,4.83642,0.99826,47.98158,0.99956,0.84629,0.98314,0.99241,0.9959,100.0,0.81,0.41,0.3,1.03,49.06,52.04,53.39,47.98,0.994,0.995,0.996,0.993,/tmpdir/crf_16.mpd,/videos/BigBuckBunny-2160.avi
12396,0.99825,4.83642,0.99834,49.45193,0.99964,0.87136,0.99077,0.99621,0.99811,100.0,0.6,0.38,0.28,0.74,50.34,52.36,53.65,49.45,0.994,0.995,0.996,0.993,/tmpdir/crf_16.mpd,/videos/BigBuckBunny-2160.avi
12397,0.99534,4.89308,0.99825,47.87083,0.99956,0.84543,0.98233,0.99198,0.99574,100.0,0.83,0.41,0.3,1.06,48.96,51.97,53.33,47.87,0.994,0.995,0.996,0.993,/tmpdir/crf_16.mpd,/videos/BigBuckBunny-2160.avi
12398,0.9984,4.89308,0.99833,49.38973,0.99964,0.87106,0.99066,0.99619,0.9981,100.0,0.61,0.38,0.28,0.75,50.29,52.37,53.62,49.39,0.994,0.995,0.996,0.993,/tmpdir/crf_16.mpd,/videos/BigBuckBunny-2160.avi
12399,0.99515,4.81157,0.99825,47.90033,0.99956,0.84575,0.98242,0.99193,0.9956,100.0,0.82,0.41,0.3,1.05,48.99,52.02,53.35,47.9,0.994,0.995,0.996,0.993,/tmpdir/crf_16.mpd,/videos/BigBuckBunny-2160.avi
12400,0.99838,4.81157,0.99833,49.48953,0.99964,0.87185,0.99094,0.99628,0.99812,100.0,0.6,0.37,0.28,0.73,50.37,52.39,53.65,49.49,0.994,0.995,0.996,0.993,/tmpdir/crf_16.mpd,/videos/BigBuckBunny-2160.avi
12401,0.99536,4.76335,0.99825,47.94707,0.99955,0.84559,0.98273,0.99224,0.99597,100.0,0.81,0.41,0.3,1.04,49.03,52.0,53.38,47.95,0.994,0.995,0.996,0.993,/tmpdir/crf_16.mpd,/videos/BigBuckBunny-2160.avi
12402,0.99837,4.76335,0.99833,49.41052,0.99964,0.8701,0.99076,0.99619,0.99809,100.0,0.61,0.38,0.28,0.74,50.3,52.36,53.63,49.41,0.994,0.995,0.996,0.993,/tmpdir/crf_16.mpd,/videos/BigBuckBunny-2160.avi
12403,0.99529,4.71911,0.99827,47.92815,0.99957,0.84514,0.98248,0.992,0.99572,100.0,0.82,0.41,0.3,1.05,49.01,52.03,53.38,47.93,0.994,0.995,0.996,0.993,/tmpdir/crf_16.mpd,/videos/BigBuckBunny-2160.avi
12404,0.99834,4.71911,0.99831,49.36581,0.99964,0.86884,0.99067,0.99616,0.9981,100.0,0.61,0.38,0.28,0.75,50.26,52.33,53.64,49.37,0.994,0.995,0.996,0.993,/tmpdir/crf_16.mpd,/videos/BigBuckBunny-2160.avi
12405,0.99548,4.68494,0.99823,47.97277,0.99955,0.84513,0.98261,0.99223,0.99594,100.0,0.81,0.41,0.3,1.04,49.05,52.02,53.4,47.97,0.994,0.995,0.996,0.993,/tmpdir/crf_16.mpd,/videos/BigBuckBunny-2160.avi
12406,0.99828,4.68494,0.9983,49.39185,0.99964,0.86936,0.99061,0.99619,0.99814,100.0,0.61,0.38,0.28,0.75,50.28,52.28,53.64,49.39,0.994,0.995,0.996,0.993,/tmpdir/crf_16.mpd,/videos/BigBuckBunny-2160.avi
12407,0.99554,5.20838,0.99822,47.90873,0.99955,0.8447,0.98256,0.99203,0.99571,100.0,0.82,0.41,0.3,1.05,48.99,51.98,53.36,47.91,0.994,0.995,0.996,0.993,/tmpdir/crf_16.mpd,/videos/BigBuckBunny-2160.avi
12408,0.99837,5.20838,0.99829,49.35131,0.99963,0.86903,0.99038,0.99608,0.99804,100.0,0.61,0.38,0.28,0.76,50.25,52.31,53.66,49.35,0.994,0.995,0.996,0.993,/tmpdir/crf_16.mpd,/videos/BigBuckBunny-2160.avi
12409,0.99539,5.12178,0.9982,47.80593,0.99955,0.84209,0.98247,0.99209,0.99567,100.0,0.84,0.42,0.3,1.08,48.89,51.9,53.32,47.81,0.994,0.995,0.996,0.993,/tmpdir/crf_16.mpd,/videos/BigBuckBunny-2160.avi
12410,0.99837,5.12178,0.9983,49.42147,0.99964,0.87033,0.99071,0.99624,0.99808,100.0,0.61,0.38,0.28,0.74,50.31,52.32,53.67,49.42,0.994,0.995,0.996,0.993,/tmpdir/crf_16.mpd,/videos/BigBuckBunny-2160.avi
12411,0.99583,4.9083,0.9982,47.93888,0.99955,0.84351,0.98273,0.99225,0.99588,100.0,0.81,0.41,0.3,1.05,49.02,51.99,53.41,47.94,0.994,0.995,0.996,0.993,/tmpdir/crf_16.mpd,/videos/BigBuckBunny-2160.avi
12412,0.99829,4.9083,0.99831,49.47173,0.99964,0.8708,0.99086,0.9963,0.99811,100.0,0.6,0.38,0.28,0.73,50.35,52.28,53.67,49.47,0.994,0.995,0.996,0.993,/tmpdir/crf_16.mpd,/videos/BigBuckBunny-2160.avi
12413,0.9956,4.85477,0.99823,47.85162,0.99956,0.84348,0.98266,0.99232,0.99588,100.0,0.83,0.42,0.3,1.07,48.93,51.89,53.32,47.85,0.994,0.995,0.996,0.993,/tmpdir/crf_16.mpd,/videos/BigBuckBunny-2160.avi
12414,0.99819,4.85477,0.9983,49.25751,0.99964,0.8679,0.99059,0.99623,0.99813,100.0,0.63,0.4,0.29,0.77,50.15,52.14,53.56,49.26,0.994,0.995,0.996,0.993,/tmpdir/crf_16.mpd,/videos/BigBuckBunny-2160.avi
12415,0.99558,5.18955,0.99822,47.87773,0.99955,0.84406,0.98272,0.99232,0.99597,100.0,0.83,0.42,0.3,1.06,48.95,51.86,53.31,47.88,0.994,0.995,0.996,0.993,/tmpdir/crf_16.mpd,/videos/BigBuckBunny-2160.avi
12416,0.99832,5.18955,0.99827,49.29706,0.99963,0.8689,0.9904,0.99609,0.99807,100.0,0.62,0.39,0.28,0.76,50.2,52.24,53.64,49.3,0.994,0.995,0.996,0.993,/tmpdir/crf_16.mpd,/videos/BigBuckBunny-2160.avi
12417,0.99545,5.39862,0.99818,47.9242,0.99954,0.84389,0.98305,0.99257,0.99612,100.0,0.82,0.42,0.3,1.05,48.99,51.86,53.33,47.92,0.994,0.995,0.996,0.993,/tmpdir/crf_16.mpd,/videos/BigBuckBunny-2160.avi
12418,0.99837,5.39862,0.99829,49.41293,0.99963,0.87011,0.99068,0.99624,0.99814,100.0,0.61,0.39,0.28,0.74,50.28,52.2,53.58,49.41,0.994,0.995,0.996,0.993,/tmpdir/crf_16.mpd,/videos/BigBuckBunny-2160.avi
12419,0.99545,5.35953,0.99818,47.78591,0.99955,0.84202,0.98252,0.99227,0.99593,100.0,0.84,0.43,0.31,1.08,48.87,51.82,53.26,47.79,0.994,0.995,0.996,0.993,/tmpdir/crf_16.mpd,/videos/BigBuckBunny-2160.avi
12420,0.99835,5.35953,0.99829,49.35877,0.99963,0.87034,0.9906,0.99621,0.99818,100.0,0.62,0.4,0.29,0.75,50.22,52.1,53.52,49.36,0.994,0.995,0.996,0.993,/tmpdir/crf_16.mpd,/videos/BigBuckBunny-2160.avi
12421,0.99922,5.39389,0.9992,52.13997,0.99989,0.92033,0.9963,0.99857,0.99933,100.0,0.33,0.22,0.18,0.4,52.94,54.72,55.68,52.14,0.996,0.997,0.998,0.996,/tmpdir/crf_16.mpd,/videos/BigBuckBunny-2160.avi
12422,0.99621,5.39389,0.99874,48.51838,0.99972,0.86639,0.98712,0.9942,0.99699,100.0,0.69,0.28,0.21,0.91,49.73,53.6,54.89,48.52,0.995,0.997,0.997,0.995,/tmpdir/crf_16.mpd,/videos/BigBuckBunny-2160.avi
12423,0.99845,5.13701,0.99862,49.89499,0.99969,0.88692,0.99254,0.99685,0.99839,100.0,0.53,0.28,0.21,0.67,50.93,53.63,55.01,49.89,0.995,0.996,0.997,0.994,/tmpdir/crf_16.mpd,/videos/BigBuckBunny-2160.avi
12424,0.99564,5.13701,0.99844,48.00069,0.99958,0.85544,0.98484,0.99314,0.9963,100.0,0.78,0.34,0.23,1.03,49.19,52.8,54.43,48.0,0.995,0.996,0.997,0.994,/tmpdir/crf_16.mpd,/videos/BigBuckBunny-2160.avi
12425,0.99845,5.01954,0.9985,49.75689,0.99967,0.88243,0.99208,0.99672,0.99833,100.0,0.55,0.32,0.22,0.69,50.74,53.06,54.69,49.76,0.995,0.996,0.997,0.994,/tmpdir/crf_16.mpd,/videos/BigBuckBunny-2160.avi
12426,0.99559,5.01954,0.99841,48.02517,0.9996,0.85387,0.98465,0.99311,0.99636,100.0,0.78,0.36,0.24,1.02,49.19,52.53,54.25,48.03,0.995,0.996,0.997,0.994,/tmpdir/crf_16.mpd,/videos/BigBuckBunny-2160.avi
12427,0.99844,5.28854,0.99844,49.81835,0.99965,0.88232,0.99166,0.99652,0.99824,100.0,0.55,0.33,0.22,0.68,50.77,52.9,54.62,49.82,0.995,0.996,0.997,0.994,/tmpdir/crf_16.mpd,/videos/BigBuckBunny-2160.avi
12428,0.99572,5.28854,0.99834,47.97838,0.99958,0.85051,0.98415,0.99292,0.99622,100.0,0.79,0.38,0.25,1.04,49.13,52.36,54.16,47.98,0.994,0.996,0.997,0.994,/tmpdir/crf_16.mpd,/videos/BigBuckBunny-2160.avi
12429,0.9984,5.2127,0.99843,49.66874,0.99965,0.87962,0.99181,0.99664,0.99836,100.0,0.56,0.35,0.23,0.7,50.61,52.7,54.48,49.67,0.995,0.996,0.997,0.994,/tmpdir/crf_16.mpd,/videos/BigBuckBunny-2160.avi
12430,0.99558,5.2127,0.99833,47.86767,0.99958,0.84956,0.98405,0.9928,0.99609,100.0,0.82,0.39,0.26,1.06,49.01,52.18,54.02,47.87,0.994,0.995,0.997,0.994,/tmpdir/crf_16.mpd,/videos/BigBuckBunny-2160.avi
12431,0.99843,5.09863,0.99841,49.59254,0.99965,0.87844,0.99176,0.99674,0.99848,100.0,0.58,0.36,0.24,0.71,50.52,52.56,54.31,49.59,0.994,0.996,0.997,0.994,/tmpdir/crf_16.mpd,/videos/BigBuckBunny-2160.avi
12432,0.99568,5.09863,0.99836,48.3031,0.99961,0.85303,0.98444,0.99319,0.99649,100.0,0.75,0.39,0.26,0.96,49.38,52.17,54.01,48.3,0.994,0.995,0.996,0.993,/tmpdir/crf_16.mpd,/videos/BigBuckBunny-2160.avi
12433,0.99543,5.00584,0.99823,47.9104,0.99952,0.84774,0.98316,0.99244,0.99602,100.0,0.81,0.41,0.27,1.05,49.02,51.98,53.83,47.91,0.994,0.995,0.996,0.993,/tmpdir/crf_16.mpd,/videos/BigBuckBunny-2160.avi
12434,0.99834,5.00584,0.99838,49.5619,0.99964,0.87595,0.99141,0.9965,0.99824,100.0,0.58,0.36,0.24,0.72,50.5,52.56,54.3,49.56,0.994,0.996,0.997,0.993,/tmpdir/crf_16.mpd,/videos/BigBuckBunny-2160.avi
12435,0.99546,5.24525,0.99824,47.96196,0.99955,0.84847,0.9835,0.99272,0.99623,100.0,0.81,0.41,0.27,1.04,49.06,51.97,53.76,47.96,0.994,0.995,0.996,0.993,/tmpdir/crf_16.mpd,/videos/BigBuckBunny-2160.avi
12436,0.99831,5.24525,0.9983,49.32907,0.99962,0.87239,0.99075,0.99624,0.99815,100.0,0.61,0.39,0.26,0.76,50.25,52.26,54.03,49.33,0.994,0.995,0.996,0.993,/tmpdir/crf_16.mpd,/videos/BigBuckBunny-2160.avi
12437,0.99812,5.35295,0.99834,49.37331,0.99963,0.87332,0.99096,0.99639,0.99823,100.0,0.61,0.38,0.25,0.75,50.31,52.38,54.08,49.37,0.994,0.995,0.996,0.993,/tmpdir/crf_16.mpd,/videos/BigBuckBunny-2160.avi
12438,0.99572,5.35295,0.99826,47.84071,0.99956,0.84687,0.98383,0.99291,0.99628,100.0,0.83,0.42,0.28,1.07,48.95,51.92,53.72,47.84,0.994,0.995,0.996,0.993,/tmpdir/crf_16.mpd,/videos/BigBuckBunny-2160.avi
12439,0.99791,5.27236,0.99837,49.49744,0.99965,0.87434,0.99106,0.99641,0.99825,100.0,0.59,0.38,0.26,0.73,50.4,52.35,54.04,49.5,0.994,0.995,0.996,0.993,/tmpdir/crf_16.mpd,/videos/BigBuckBunny-2160.avi
12440,0.99559,5.27236,0.99829,47.95788,0.99958,0.84871,0.98424,0.99313,0.99647,100.0,0.81,0.41,0.28,1.04,49.05,51.99,53.7,47.96,0.994,0.995,0.996,0.993,/tmpdir/crf_16.mpd,/videos/BigBuckBunny-2160.avi
12441,0.99831,5.24246,0.99836,49.57841,0.99964,0.87606,0.99134,0.99651,0.99827,100.0,0.58,0.38,0.26,0.72,50.47,52.37,54.0,49.58,0.994,0.995,0.996,0.993,/tmpdir/crf_16.mpd,/videos/BigBuckBunny-2160.avi
12442,0.99557,5.24246,0.9983,47.94338,0.99957,0.84881,0.98368,0.99271,0.99622,100.0,0.81,0.41,0.28,1.04,49.05,52.05,53.74,47.94,0.994,0.995,0.996,0.993,/tmpdir/crf_16.mpd,/videos/BigBuckBunny-2160.avi
12443,0.99824,5.06147,0.99837,49.64527,0.99964,0.87719,0.99114,0.99644,0.9983,100.0,0.58,0.37,0.26,0.71,50.53,52.43,54.01,49.65,0.994,0.996,0.996,0.993,/tmpdir/crf_16.mpd,/videos/BigBuckBunny-2160.avi
12444,0.99566,5.06147,0.99832,48.11672,0.99957,0.8522,0.9842,0.99301,0.9963,100.0,0.78,0.4,0.28,1.0,49.2,52.1,53.71,48.12,0.994,0.995,0.996,0.994,/tmpdir/crf_16.mpd,/videos/BigBuckBunny-2160.avi
12445,0.99834,5.141,0.99834,49.70683,0.99962,0.87836,0.99105,0.99641,0.99823,100.0,0.57,0.37,0.26,0.7,50.58,52.42,53.94,49.71,0.994,0.996,0.996,0.993,/tmpdir/crf_16.mpd,/videos/BigBuckBunny-2160.avi
12446,0.99812,5.141,0.99833,49.63782,0.99963,0.87808,0.99094,0.99644,0.99828,100.0,0.58,0.38,0.27,0.71,50.51,52.37,53.84,49.64,0.994,0.995,0.996,0.993,/tmpdir/crf_16.mpd,/videos/BigBuckBunny-2160.avi
12447,0.99829,5.23708,0.99835,49.64874,0.99962,0.87943,0.99113,0.99646,0.99824,100.0,0.58,0.37,0.27,0.71,50.52,52.4,53.86,49.65,0.994,0.996,0.996,0.994,/tmpdir/crf_16.mpd,/videos/BigBuckBunny-2160.avi
12448,0.99803,5.23708,0.99836,49.5958,0.99964,0.87929,0.99107,0.99652,0.99833,100.0,0.58,0.38,0.27,0.71,50.47,52.35,53.81,49.6,0.994,0.996,0.996,0.994,/tmpdir/crf_16.mpd,/videos/BigBuckBunny-2160.avi
12449,0.99565,5.12628,0.99829,48.09355,0.99955,0.85345,0.98363,0.99288,0.99626,100.0,0.79,0.41,0.28,1.01,49.17,52.0,53.65,48.09,0.994,0.995,0.996,0.994,/tmpdir/crf_16.mpd,/videos/BigBuckBunny-2160.avi
12450,0.99831,5.12628,0.99839,49.8518,0.99964,0.88284,0.99168,0.99677,0.99847,100.0,0.55,0.37,0.26,0.67,50.71,52.46,54.05,49.85,0.994,0.996,0.996,0.994,/tmpdir/crf_16.mpd,/videos/BigBuckBunny-2160.avi
12451,0.99558,5.03841,0.9983,48.25261,0.99955,0.85667,0.98414,0.99301,0.99635,100.0,0.76,0.41,0.27,0.97,49.31,52.01,53.77,48.25,0.994,0.995,0.996,0.994,/tmpdir/crf_16.mpd,/videos/BigBuckBunny-2160.avi
12452,0.99833,5.03841,0.99837,49.85395,0.99963,0.88376,0.99191,0.99689,0.99852,100.0,0.55,0.37,0.25,0.67,50.71,52.4,54.11,49.85,0.994,0.996,0.996,0.994,/tmpdir/crf_16.mpd,/videos/BigBuckBunny-2160.avi
12453,0.99558,4.97758,0.99829,48.23997,0.99955,0.85718,0.98424,0.99315,0.99644,100.0,0.76,0.41,0.27,0.98,49.31,52.05,53.8,48.24,0.994,0.995,0.996,0.994,/tmpdir/crf_16.mpd,/videos/BigBuckBunny-2160.avi
12454,0.99838,4.97758,0.99837,49.73782,0.99963,0.88191,0.9915,0.9967,0.99844,100.0,0.57,0.38,0.26,0.69,50.6,52.34,54.03,49.74,0.994,0.996,0.996,0.994,/tmpdir/crf_16.mpd,/videos/BigBuckBunny-2160.avi
12455,0.99813,4.97817,0.99841,49.76021,0.99964,0.88309,0.99165,0.99676,0.99847,100.0,0.56,0.37,0.25,0.69,50.63,52.4,54.07,49.76,0.994,0.996,0.996,0.994,/tmpdir/crf_16.mpd,/videos/BigBuckBunny-2160.avi
12456,0.99548,4.97817,0.99837,48.07445,0.99957,0.85578,0.98439,0.99322,0.99649,100.0,0.79,0.42,0.28,1.01,49.15,51.94,53.73,48.07,0.994,0.995,0.996,0.994,/tmpdir/crf_16.mpd,/videos/BigBuckBunny-2160.avi
12457,0.99816,4.87496,0.99844,49.82183,0.99966,0.88387,0.99181,0.99681,0.99848,100.0,0.56,0.38,0.26,0.68,50.67,52.38,53.99,49.82,0.994,0.996,0.996,0.994,/tmpdir/crf_16.mpd,/videos/BigBuckBunny-2160.avi
12458,0.99585,4.87496,0.9984,48.20774,0.99959,0.85772,0.98485,0.99343,0.99662,100.0,0.77,0.41,0.28,0.98,49.27,52.03,53.7,48.21,0.995,0.995,0.996,0.994,/tmpdir/crf_16.mpd,/videos/BigBuckBunny-2160.avi
12459,0.9984,4.7256,0.99842,49.9274,0.99965,0.88534,0.99203,0.99689,0.99848,100.0,0.55,0.37,0.26,0.66,50.75,52.4,53.93,49.93,0.994,0.996,0.996,0.994,/tmpdir/crf_16.mpd,/videos/BigBuckBunny-2160.avi
12460,0.99572,4.7256,0.99839,48.23886,0.99959,0.85829,0.98513,0.99353,0.99668,100.0,0.76,0.4,0.28,0.98,49.3,52.07,53.7,48.24,0.995,0.995,0.996,0.994,/tmpdir/crf_16.mpd,/videos/BigBuckBunny-2160.avi
12461,0.99825,4.74575,0.99842,49.97424,0.99965,0.88541,0.9921,0.99699,0.99865,100.0,0.54,0.37,0.26,0.65,50.79,52.4,53.95,49.97,0.994,0.996,0.996,0.994,/tmpdir/crf_16.mpd,/videos/BigBuckBunny-2160.avi
12462,0.99569,4.74575,0.99839,48.22603,0.99958,0.85806,0.98497,0.99351,0.99671,100.0,0.77,0.41,0.28,0.98,49.28,51.96,53.65,48.23,0.995,0.995,0.996,0.994,/tmpdir/crf_16.mpd,/videos/BigBuckBunny-2160.avi
12463,0.99843,4.86611,0.99842,49.87607,0.99964,0.88494,0.9921,0.997,0.99868,100.0,0.55,0.38,0.26,0.67,50.7,52.32,53.95,49.88,0.994,0.996,0.996,0.994,/tmpdir/crf_16.mpd,/videos/BigBuckBunny-2160.avi
12464,0.99575,4.86611,0.9984,48.20068,0.99959,0.8582,0.98456,0.99321,0.99645,100.0,0.77,0.42,0.28,0.98,49.25,51.86,53.68,48.2,0.995,0.995,0.996,0.994,/tmpdir/crf_16.mpd,/videos/BigBuckBunny-2160.avi
12465,0.99842,4.89939,0.99841,49.88045,0.99964,0.8851,0.99212,0.99695,0.99858,100.0,0.55,0.38,0.26,0.67,50.71,52.28,54.02,49.88,0.994,0.996,0.996,0.994,/tmpdir/crf_16.mpd,/videos/BigBuckBunny-2160.avi
12466,0.99548,4.89939,0.99837,48.10655,0.99957,0.85673,0.98445,0.99317,0.99649,100.0,0.79,0.43,0.27,1.01,49.17,51.84,53.75,48.11,0.994,0.995,0.996,0.994,/tmpdir/crf_16.mpd,/videos/BigBuckBunny-2160.avi
12467,0.99841,5.52187,0.9984,49.74338,0.99963,0.88251,0.99177,0.99681,0.99854,100.0,0.57,0.4,0.27,0.69,50.57,52.16,53.87,49.74,0.994,0.995,0.996,0.994,/tmpdir/crf_16.mpd,/videos/BigBuckBunny-2160.avi
12468,0.99583,5.52187,0.99836,48.06202,0.99958,0.85527,0.98457,0.99328,0.99659,100.0,0.8,0.43,0.29,1.02,49.11,51.76,53.53,48.06,0.994,0.995,0.996,0.994,/tmpdir/crf_16.mpd,/videos/BigBuckBunny-2160.avi
12469,0.99835,6.30523,0.99835,49.47792,0.99963,0.87726,0.99124,0.99653,0.99833,100.0,0.61,0.41,0.29,0.73,50.31,52.01,53.52,49.48,0.994,0.995,0.996,0.993,/tmpdir/crf_16.mpd,/videos/BigBuckBunny-2160.avi
12470,0.99821,6.30523,0.99833,49.33868,0.99964,0.87475,0.99086,0.9964,0.9983,100.0,0.62,0.41,0.3,0.76,50.19,52.03,53.4,49.34,0.994,0.995,0.996,0.993,/tmpdir/crf_16.mpd,/videos/BigBuckBunny-2160.avi
12471,0.99572,6.8081,0.99823,47.69904,0.99956,0.84535,0.98386,0.99303,0.99641,100.0,0.87,0.45,0.34,1.1,48.74,51.55,52.87,47.7,0.994,0.995,0.996,0.993,/tmpdir/crf_16.mpd,/videos/BigBuckBunny-2160.avi
12472,0.99828,6.8081,0.99832,49.267,0.99964,0.87244,0.99098,0.99647,0.99832,100.0,0.64,0.42,0.32,0.77,50.09,51.88,53.12,49.27,0.994,0.995,0.996,0.993,/tmpdir/crf_16.mpd,/videos/BigBuckBunny-2160.avi
12473,0.9954,6.30323,0.9982,47.78474,0.99954,0.84725,0.98392,0.99287,0.99618,100.0,0.85,0.45,0.33,1.08,48.82,51.6,52.91,47.78,0.994,0.995,0.996,0.993,/tmpdir/crf_16.mpd,/videos/BigBuckBunny-2160.avi
12474,0.99824,6.30323,0.99831,49.30408,0.99963,0.87406,0.99093,0.99635,0.99818,100.0,0.63,0.41,0.31,0.76,50.14,51.97,53.24,49.3,0.994,0.995,0.996,0.993,/tmpdir/crf_16.mpd,/videos/BigBuckBunny-2160.avi
12475,0.99544,6.17141,0.9982,47.84464,0.99953,0.84863,0.98384,0.99287,0.99624,100.0,0.84,0.45,0.35,1.07,48.86,51.6,52.75,47.84,0.994,0.995,0.996,0.993,/tmpdir/crf_16.mpd,/videos/BigBuckBunny-2160.avi
12476,0.99814,6.17141,0.99831,49.37682,0.99963,0.8752,0.99113,0.99645,0.99824,100.0,0.62,0.4,0.31,0.75,50.21,52.06,53.25,49.38,0.994,0.995,0.996,0.993,/tmpdir/crf_16.mpd,/videos/BigBuckBunny-2160.avi
12477,0.9954,6.09998,0.99822,47.83523,0.99954,0.84892,0.9841,0.993,0.99628,100.0,0.84,0.45,0.34,1.07,48.87,51.62,52.87,47.84,0.994,0.995,0.996,0.993,/tmpdir/crf_16.mpd,/videos/BigBuckBunny-2160.avi
12478,0.99796,6.09998,0.99832,49.26351,0.99963,0.87355,0.99083,0.99637,0.99823,100.0,0.63,0.41,0.31,0.77,50.11,51.96,53.21,49.26,0.994,0.995,0.996,0.993,/tmpdir/crf_16.mpd,/videos/BigBuckBunny-2160.avi
12479,0.99797,6.25397,0.99833,49.35121,0.99963,0.87521,0.99123,0.99656,0.99831,100.0,0.62,0.4,0.3,0.76,50.21,52.13,53.43,49.35,0.994,0.995,0.996,0.993,/tmpdir/crf_16.mpd,/videos/BigBuckBunny-2160.avi
12480,0.99564,6.25397,0.99829,47.76053,0.99958,0.84819,0.98474,0.99342,0.99658,100.0,0.85,0.44,0.32,1.09,48.82,51.67,53.14,47.76,0.994,0.995,0.996,0.993,/tmpdir/crf_16.mpd,/videos/BigBuckBunny-2160.avi
12481,0.99816,6.31874,0.99838,49.45749,0.99966,0.87649,0.99137,0.99655,0.99827,100.0,0.61,0.39,0.3,0.74,50.3,52.17,53.42,49.46,0.994,0.996,0.996,0.993,/tmpdir/crf_16.mpd,/videos/BigBuckBunny-2160.avi
12482,0.99572,6.31874,0.99831,47.83585,0.9996,0.84918,0.98482,0.99343,0.99659,100.0,0.84,0.44,0.32,1.07,48.88,51.68,53.02,47.84,0.994,0.995,0.996,0.993,/tmpdir/crf_16.mpd,/videos/BigBuckBunny-2160.avi
12483,0.99845,6.36849,0.99838,49.50659,0.99966,0.87631,0.99142,0.99658,0.99834,100.0,0.6,0.39,0.31,0.73,50.33,52.22,53.23,49.51,0.994,0.996,0.996,0.993,/tmpdir/crf_16.mpd,/videos/BigBuckBunny-2160.avi
12484,0.99541,6.36849,0.99836,47.9294,0.9996,0.85071,0.98462,0.99328,0.9965,100.0,0.82,0.43,0.32,1.05,48.98,51.78,53.13,47.93,0.994,0.995,0.996,0.994,/tmpdir/crf_16.mpd,/videos/BigBuckBunny-2160.avi
12485,0.99834,5.56144,0.99842,49.64422,0.99966,0.88007,0.99192,0.99687,0.99846,100.0,0.58,0.39,0.28,0.71,50.48,52.27,53.62,49.64,0.994,0.996,0.996,0.994,/tmpdir/crf_16.mpd,/videos/BigBuckBunny-2160.avi
12486,0.99594,5.56144,0.99837,48.0772,0.99959,0.855,0.98534,0.99362,0.99673,100.0,0.79,0.42,0.29,1.01,49.14,51.91,53.57,48.08,0.994,0.996,0.996,0.994,/tmpdir/crf_16.mpd,/videos/BigBuckBunny-2160.avi
12487,0.99836,4.75305,0.99842,49.87346,0.99965,0.88465,0.99226,0.99701,0.99863,100.0,0.55,0.37,0.26,0.67,50.71,52.41,53.99,49.87,0.994,0.996,0.996,0.994,/tmpdir/crf_16.mpd,/videos/BigBuckBunny-2160.avi
12488,0.99592,4.75305,0.99839,48.25603,0.99959,0.85855,0.98558,0.99382,0.99684,100.0,0.76,0.42,0.27,0.97,49.31,51.92,53.75,48.26,0.995,0.996,0.996,0.994,/tmpdir/crf_16.mpd,/videos/BigBuckBunny-2160.avi
12489,0.99838,4.59388,0.99844,49.99246,0.99965,0.88754,0.99276,0.99733,0.99879,100.0,0.54,0.37,0.26,0.65,50.81,52.42,54.02,49.99,0.995,0.996,0.996,0.994,/tmpdir/crf_16.mpd,/videos/BigBuckBunny-2160.avi
12490,0.99564,4.59388,0.9984,48.33221,0.99959,0.86099,0.98572,0.99377,0.99674,100.0,0.75,0.42,0.28,0.95,49.36,51.86,53.66,48.33,0.995,0.996,0.996,0.994,/tmpdir/crf_16.mpd,/videos/BigBuckBunny-2160.avi
12491,0.99837,4.58954,0.99843,49.96866,0.99964,0.88764,0.99248,0.99713,0.9987,100.0,0.54,0.38,0.27,0.65,50.77,52.33,53.83,49.97,0.995,0.996,0.996,0.994,/tmpdir/crf_16.mpd,/videos/BigBuckBunny-2160.avi
12492,0.99549,4.58954,0.99839,48.29017,0.99958,0.86084,0.98568,0.9939,0.99688,100.0,0.76,0.42,0.29,0.96,49.31,51.88,53.49,48.29,0.995,0.996,0.996,0.994,/tmpdir/crf_16.mpd,/videos/BigBuckBunny-2160.avi
12493,0.99845,4.56403,0.99842,50.02131,0.99964,0.88837,0.99278,0.9974,0.99889,100.0,0.54,0.37,0.28,0.65,50.81,52.43,53.73,50.02,0.995,0.996,0.996,0.994,/tmpdir/crf_16.mpd,/videos/BigBuckBunny-2160.avi
12494,0.99589,4.56403,0.99839,48.33298,0.99959,0.86094,0.98582,0.99391,0.99677,100.0,0.75,0.41,0.29,0.95,49.36,51.96,53.54,48.33,0.995,0.996,0.996,0.994,/tmpdir/crf_16.mpd,/videos/BigBuckBunny-2160.avi
12495,0.99838,4.57777,0.99841,49.91297,0.99963,0.88688,0.99243,0.99716,0.99876,100.0,0.55,0.38,0.27,0.66,50.73,52.36,53.85,49.91,0.995,0.996,0.996,0.994,/tmpdir/crf_16.mpd,/videos/BigBuckBunny-2160.avi
12496,0.99609,4.57777,0.99841,48.57177,0.99961,0.86291,0.98616,0.99416,0.9972,100.0,0.72,0.41,0.28,0.9,49.57,51.96,53.63,48.57,0.995,0.996,0.996,0.994,/tmpdir/crf_16.mpd,/videos/BigBuckBunny-2160.avi
12497,0.99551,4.56151,0.99828,48.29962,0.99951,0.85836,0.98506,0.99355,0.99671,100.0,0.76,0.43,0.28,0.96,49.32,51.83,53.61,48.3,0.994,0.996,0.996,0.994,/tmpdir/crf_16.mpd,/videos/BigBuckBunny-2160.avi
12498,0.99833,4.56151,0.99843,49.9353,0.99965,0.88611,0.9921,0.9969,0.99856,100.0,0.55,0.37,0.27,0.66,50.76,52.43,53.87,49.94,0.995,0.996,0.996,0.994,/tmpdir/crf_16.mpd,/videos/BigBuckBunny-2160.avi
12499,0.99552,4.53618,0.99826,48.40512,0.99952,0.86087,0.98583,0.99388,0.99693,100.0,0.74,0.42,0.29,0.94,49.41,51.9,53.52,48.41,0.994,0.996,0.996,0.994,/tmpdir/crf_16.mpd,/videos/BigBuckBunny-2160.avi
12500,0.99828,4.53618,0.99835,49.81542,0.99961,0.88448,0.99209,0.99703,0.99866,100.0,0.56,0.39,0.28,0.68,50.62,52.27,53.59,49.82,0.994,0.996,0.996,0.994,/tmpdir/crf_16.mpd,/videos/BigBuckBunny-2160.avi
12501,0.99545,4.86255,0.99822,48.36176,0.9995,0.85882,0.98482,0.99331,0.9964,100.0,0.75,0.42,0.31,0.95,49.36,51.86,53.24,48.36,0.994,0.996,0.996,0.994,/tmpdir/crf_16.mpd,/videos/BigBuckBunny-2160.avi
12502,0.99832,4.86255,0.99833,49.67603,0.99961,0.88143,0.99147,0.99671,0.99843,100.0,0.58,0.39,0.3,0.7,50.49,52.21,53.43,49.68,0.994,0.996,0.996,0.994,/tmpdir/crf_16.mpd,/videos/BigBuckBunny-2160.avi
12503,0.99787,5.24467,0.99835,49.72257,0.99961,0.88264,0.99146,0.99665,0.99842,100.0,0.58,0.39,0.29,0.69,50.53,52.26,53.44,49.72,0.994,0.996,0.996,0.994,/tmpdir/crf_16.mpd,/videos/BigBuckBunny-2160.avi
12504,0.99564,5.24467,0.9983,48.19021,0.99955,0.85685,0.98562,0.99379,0.99671,100.0,0.78,0.44,0.32,0.99,49.19,51.7,53.06,48.19,0.994,0.996,0.996,0.994,/tmpdir/crf_16.mpd,/videos/BigBuckBunny-2160.avi
12505,0.99792,5.45524,0.99838,49.69132,0.99964,0.88088,0.99183,0.99688,0.99859,100.0,0.58,0.4,0.31,0.7,50.47,52.14,53.23,49.69,0.994,0.996,0.996,0.994,/tmpdir/crf_16.mpd,/videos/BigBuckBunny-2160.avi
12506,0.9956,5.45524,0.9983,48.01382,0.99957,0.85209,0.98518,0.99371,0.99682,100.0,0.82,0.46,0.34,1.03,48.99,51.46,52.76,48.01,0.994,0.995,0.996,0.994,/tmpdir/crf_16.mpd,/videos/BigBuckBunny-2160.avi
12507,0.9982,5.90441,0.99831,49.39946,0.99962,0.8749,0.99095,0.99645,0.99833,100.0,0.62,0.42,0.33,0.75,50.18,51.89,52.89,49.4,0.994,0.996,0.996,0.993,/tmpdir/crf_16.mpd,/videos/BigBuckBunny-2160.avi
12508,0.99797,5.90441,0.99826,49.25853,0.9996,0.87322,0.99073,0.99647,0.99836,100.0,0.64,0.42,0.35,0.77,50.05,51.9,52.68,49.26,0.994,0.996,0.996,0.993,/tmpdir/crf_16.mpd,/videos/BigBuckBunny-2160.avi
12509,0.99596,6.37845,0.99819,47.99761,0.99954,0.84885,0.98417,0.99324,0.9966,100.0,0.82,0.46,0.37,1.03,48.97,51.54,52.47,48.0,0.994,0.995,0.995,0.993,/tmpdir/crf_16.mpd,/videos/BigBuckBunny-2160.avi
12510,0.99808,6.37845,0.99828,49.4471,0.99962,0.87451,0.9906,0.9962,0.99808,100.0,0.62,0.41,0.34,0.74,50.22,52.02,52.76,49.45,0.994,0.996,0.996,0.993,/tmpdir/crf_16.mpd,/videos/BigBuckBunny-2160.avi
12511,0.99769,6.22279,0.99829,49.46246,0.99961,0.87627,0.99083,0.99633,0.99821,100.0,0.61,0.4,0.33,0.74,50.25,52.07,52.88,49.46,0.994,0.996,0.996,0.993,/tmpdir/crf_16.mpd,/videos/BigBuckBunny-2160.avi
12512,0.99797,6.22279,0.99826,49.33366,0.9996,0.87432,0.99065,0.99633,0.99824,100.0,0.63,0.41,0.33,0.76,50.15,52.02,52.94,49.33,0.994,0.996,0.996,0.993,/tmpdir/crf_16.mpd,/videos/BigBuckBunny-2160.avi
12513,0.99531,5.93571,0.99823,48.03796,0.99954,0.85162,0.98463,0.99338,0.99668,100.0,0.82,0.45,0.36,1.02,49.01,51.62,52.56,48.04,0.994,0.995,0.996,0.993,/tmpdir/crf_16.mpd,/videos/BigBuckBunny-2160.avi
12514,0.99797,5.93571,0.99832,49.43826,0.99963,0.87548,0.99071,0.99629,0.99823,100.0,0.61,0.39,0.33,0.74,50.25,52.19,52.89,49.44,0.994,0.996,0.996,0.993,/tmpdir/crf_16.mpd,/videos/BigBuckBunny-2160.avi
12515,0.99539,5.95742,0.99817,48.13719,0.99951,0.85275,0.98493,0.99353,0.99665,100.0,0.8,0.43,0.39,1.0,49.09,51.78,52.27,48.14,0.994,0.996,0.996,0.993,/tmpdir/crf_16.mpd,/videos/BigBuckBunny-2160.avi
12516,0.99785,5.95742,0.99829,49.44015,0.99961,0.87566,0.99105,0.99652,0.99827,100.0,0.62,0.39,0.35,0.74,50.23,52.2,52.74,49.44,0.994,0.996,0.996,0.993,/tmpdir/crf_16.mpd,/videos/BigBuckBunny-2160.avi
12517,0.99538,6.51082,0.99817,48.20765,0.9995,0.85403,0.98514,0.99356,0.99665,100.0,0.79,0.42,0.38,0.98,49.16,51.87,52.28,48.21,0.994,0.996,0.996,0.993,/tmpdir/crf_16.mpd,/videos/BigBuckBunny-2160.avi
12518,0.99789,6.51082,0.9983,49.47008,0.99962,0.87612,0.99081,0.99631,0.99819,100.0,0.61,0.38,0.34,0.73,50.28,52.29,52.83,49.47,0.994,0.996,0.996,0.993,/tmpdir/crf_16.mpd,/videos/BigBuckBunny-2160.avi
12519,0.99788,6.76095,0.99832,49.59678,0.99962,0.87941,0.99135,0.99657,0.99827,100.0,0.59,0.37,0.32,0.71,50.41,52.43,53.02,49.6,0.994,0.996,0.996,0.993,/tmpdir/crf_16.mpd,/videos/BigBuckBunny-2160.avi
12520,0.99823,6.76095,0.99829,49.52696,0.99962,0.87794,0.99112,0.99658,0.99841,100.0,0.6,0.36,0.32,0.73,50.36,52.51,53.05,49.53,0.994,0.996,0.996,0.993,/tmpdir/crf_16.mpd,/videos/BigBuckBunny-2160.avi
12521,0.99794,6.66697,0.99835,49.71976,0.99964,0.88157,0.99159,0.99665,0.99831,100.0,0.57,0.36,0.31,0.69,50.54,52.59,53.16,49.72,0.994,0.996,0.996,0.993,/tmpdir/crf_16.mpd,/videos/BigBuckBunny-2160.avi
12522,0.9956,6.66697,0.99834,48.30711,0.99961,0.85506,0.98562,0.99376,0.99676,100.0,0.76,0.4,0.34,0.96,49.3,52.08,52.83,48.31,0.994,0.996,0.996,0.993,/tmpdir/crf_16.mpd,/videos/BigBuckBunny-2160.avi
12523,0.99548,5.84375,0.99825,48.06903,0.99953,0.85218,0.98486,0.99355,0.99679,100.0,0.8,0.43,0.34,1.01,49.08,51.84,52.76,48.07,0.994,0.996,0.996,0.993,/tmpdir/crf_16.mpd,/videos/BigBuckBunny-2160.avi
12524,0.99817,5.84375,0.99847,49.98958,0.99967,0.88579,0.99194,0.9968,0.99845,100.0,0.54,0.36,0.3,0.65,50.77,52.62,53.3,49.99,0.995,0.996,0.996,0.994,/tmpdir/crf_16.mpd,/videos/BigBuckBunny-2160.avi
12525,0.99533,4.59553,0.99826,48.41483,0.99951,0.86163,0.98591,0.99392,0.997,100.0,0.74,0.4,0.32,0.94,49.42,52.16,53.08,48.41,0.994,0.996,0.996,0.994,/tmpdir/crf_16.mpd,/videos/BigBuckBunny-2160.avi
12526,0.9982,4.59553,0.99837,50.03113,0.99962,0.88918,0.99248,0.99712,0.99863,100.0,0.54,0.35,0.3,0.65,50.81,52.69,53.33,50.03,0.995,0.996,0.996,0.994,/tmpdir/crf_16.mpd,/videos/BigBuckBunny-2160.avi
12527,0.99566,4.53807,0.99824,48.52309,0.9995,0.86267,0.98596,0.99398,0.99691,100.0,0.73,0.39,0.32,0.91,49.51,52.21,53.12,48.52,0.994,0.996,0.996,0.994,/tmpdir/crf_16.mpd,/videos/BigBuckBunny-2160.avi
12528,0.99809,4.53807,0.99836,50.04637,0.99962,0.88867,0.9925,0.99718,0.99865,100.0,0.54,0.35,0.3,0.64,50.83,52.69,53.4,50.05,0.994,0.996,0.996,0.994,/tmpdir/crf_16.mpd,/videos/BigBuckBunny-2160.avi
12529,0.99927,4.60512,0.99922,52.68054,0.99989,0.93056,0.99688,0.99883,0.99946,100.0,0.29,0.18,0.17,0.35,53.49,55.63,55.95,52.68,0.997,0.998,0.998,0.996,/tmpdir/crf_16.mpd,/videos/BigBuckBunny-2160.avi
12530,0.99605,4.60512,0.99888,49.45968,0.99976,0.88244,0.98908,0.99517,0.99753,100.0,0.57,0.24,0.2,0.74,50.61,54.24,55.11,49.46,0.996,0.997,0.997,0.995,/tmpdir/crf_16.mpd,/videos/BigBuckBunny-2160.avi
12531,0.99607,4.69683,0.99853,48.60872,0.99958,0.86903,0.98676,0.99425,0.99705,100.0,0.69,0.32,0.24,0.9,49.74,53.05,54.33,48.61,0.995,0.997,0.997,0.994,/tmpdir/crf_16.mpd,/videos/BigBuckBunny-2160.avi
12532,0.99857,4.69683,0.9986,50.35996,0.99967,0.89738,0.99323,0.99738,0.99876,100.0,0.48,0.27,0.23,0.6,51.3,53.76,54.6,50.36,0.995,0.997,0.997,0.994,/tmpdir/crf_16.mpd,/videos/BigBuckBunny-2160.avi
12533,0.99573,4.70192,0.99834,48.69621,0.99952,0.86866,0.98681,0.99436,0.9971,100.0,0.69,0.33,0.27,0.88,49.77,52.92,53.85,48.7,0.995,0.996,0.996,0.994,/tmpdir/crf_16.mpd,/videos/BigBuckBunny-2160.avi
12534,0.99829,4.70192,0.99846,50.19139,0.99962,0.8939,0.99283,0.99726,0.99869,100.0,0.51,0.29,0.25,0.62,51.09,53.46,54.13,50.19,0.995,0.997,0.997,0.994,/tmpdir/crf_16.mpd,/videos/BigBuckBunny-2160.avi
12535,0.99559,4.71229,0.99834,48.57998,0.99953,0.86661,0.98618,0.99387,0.99666,100.0,0.7,0.34,0.28,0.9,49.65,52.77,53.68,48.58,0.995,0.996,0.996,0.994,/tmpdir/crf_16.mpd,/videos/BigBuckBunny-2160.avi
12536,0.99835,4.71229,0.99844,50.06149,0.99962,0.89189,0.99271,0.99722,0.99864,100.0,0.52,0.32,0.26,0.64,50.94,53.13,53.97,50.06,0.995,0.997,0.997,0.994,/tmpdir/crf_16.mpd,/videos/BigBuckBunny-2160.avi
12537,0.99535,4.70396,0.99831,48.55673,0.99952,0.86581,0.98586,0.9937,0.99655,100.0,0.71,0.35,0.28,0.91,49.62,52.71,53.59,48.56,0.995,0.996,0.996,0.994,/tmpdir/crf_16.mpd,/videos/BigBuckBunny-2160.avi
12538,0.99821,4.70396,0.99841,50.10908,0.99962,0.89209,0.99263,0.99717,0.9986,100.0,0.52,0.31,0.26,0.63,50.98,53.16,53.9,50.11,0.995,0.997,0.996,0.994,/tmpdir/crf_16.mpd,/videos/BigBuckBunny-2160.avi
12539,0.9956,4.66382,0.99831,48.53724,0.99953,0.86478,0.98581,0.99366,0.99666,100.0,0.72,0.36,0.3,0.91,49.57,52.55,53.38,48.54,0.995,0.996,0.996,0.994,/tmpdir/crf_16.mpd,/videos/BigBuckBunny-2160.avi
12540,0.99815,4.66382,0.99842,50.03522,0.99963,0.8908,0.99267,0.99718,0.99862,100.0,0.53,0.32,0.28,0.64,50.88,53.02,53.67,50.04,0.995,0.996,0.996,0.994,/tmpdir/crf_16.mpd,/videos/BigBuckBunny-2160.avi
12541,0.99534,4.63414,0.9983,48.49809,0.99953,0.86405,0.98581,0.99371,0.9967,100.0,0.72,0.36,0.31,0.92,49.53,52.58,53.25,48.5,0.995,0.996,0.996,0.994,/tmpdir/crf_16.mpd,/videos/BigBuckBunny-2160.avi
12542,0.99815,4.63414,0.99841,50.01043,0.99963,0.88976,0.99248,0.99714,0.99868,100.0,0.54,0.33,0.29,0.65,50.85,52.98,53.54,50.01,0.995,0.996,0.996,0.994,/tmpdir/crf_16.mpd,/videos/BigBuckBunny-2160.avi
12543,0.99585,4.54131,0.99829,48.57618,0.99953,0.86415,0.98618,0.99405,0.99703,100.0,0.71,0.36,0.31,0.9,49.6,52.59,53.17,48.58,0.995,0.996,0.996,0.994,/tmpdir/crf_16.mpd,/videos/BigBuckBunny-2160.avi
12544,0.99816,4.54131,0.9984,50.12626,0.99963,0.89095,0.99259,0.99717,0.99868,100.0,0.52,0.33,0.29,0.63,50.94,52.99,53.47,50.13,0.995,0.996,0.996,0.994,/tmpdir/crf_16.mpd,/videos/BigBuckBunny-2160.avi
12545,0.99611,4.59081,0.9983,48.64496,0.99953,0.86523,0.98642,0.99422,0.99708,100.0,0.7,0.36,0.31,0.89,49.65,52.55,53.18,48.64,0.995,0.996,0.996,0.994,/tmpdir/crf_16.mpd,/videos/BigBuckBunny-2160.avi
12546,0.9982,4.59081,0.99841,50.07788,0.99963,0.89033,0.99256,0.99719,0.99869,100.0,0.53,0.33,0.3,0.64,50.89,52.96,53.42,50.08,0.995,0.996,0.996,0.994,/tmpdir/crf_16.mpd,/videos/BigBuckBunny-2160.avi
12547,0.99585,4.75614,0.99832,48.53149,0.99954,0.86428,0.98603,0.99389,0.99692,100.0,0.72,0.37,0.33,0.91,49.53,52.45,52.96,48.53,0.995,0.996,0.996,0.994,/tmpdir/crf_16.mpd,/videos/BigBuckBunny-2160.avi
12548,0.99822,4.75614,0.99841,49.99403,0.99963,0.89019,0.9926,0.99719,0.99875,100.0,0.54,0.33,0.31,0.65,50.81,52.97,53.24,49.99,0.995,0.996,0.996,0.994,/tmpdir/crf_16.mpd,/videos/BigBuckBunny-2160.avi
12549,0.99573,4.8681,0.99831,48.4329,0.99954,0.86321,0.98594,0.99389,0.99684,100.0,0.74,0.37,0.34,0.93,49.44,52.48,52.83,48.43,0.994,0.996,0.996,0.994,/tmpdir/crf_16.mpd,/videos/BigBuckBunny-2160.avi
12550,0.99804,4.8681,0.99841,49.91715,0.99964,0.88893,0.99232,0.99701,0.99855,100.0,0.55,0.33,0.32,0.66,50.73,52.96,53.13,49.92,0.995,0.996,0.996,0.994,/tmpdir/crf_16.mpd,/videos/BigBuckBunny-2160.avi
12551,0.99566,5.13851,0.99831,48.45489,0.99954,0.86349,0.98631,0.99411,0.99698,100.0,0.74,0.37,0.35,0.93,49.45,52.48,52.73,48.45,0.994,0.996,0.996,0.994,/tmpdir/crf_16.mpd,/videos/BigBuckBunny-2160.avi
12552,0.99821,5.13851,0.9984,49.68605,0.99963,0.88506,0.99204,0.9969,0.99848,100.0,0.58,0.35,0.33,0.7,50.5,52.7,52.91,49.69,0.994,0.996,0.996,0.994,/tmpdir/crf_16.mpd,/videos/BigBuckBunny-2160.avi
12553,0.99554,5.55048,0.99828,48.22654,0.99955,0.85807,0.98544,0.99365,0.99671,100.0,0.77,0.38,0.35,0.98,49.24,52.38,52.63,48.23,0.994,0.996,0.996,0.994,/tmpdir/crf_16.mpd,/videos/BigBuckBunny-2160.avi
12554,0.99817,5.55048,0.99837,49.59885,0.99964,0.88247,0.99191,0.99684,0.99847,100.0,0.59,0.36,0.34,0.71,50.42,52.63,52.84,49.6,0.994,0.996,0.996,0.994,/tmpdir/crf_16.mpd,/videos/BigBuckBunny-2160.avi
12555,0.99559,5.57561,0.99825,48.14949,0.99955,0.85464,0.98522,0.99355,0.99665,100.0,0.79,0.39,0.37,1.0,49.16,52.25,52.51,48.15,0.994,0.996,0.995,0.993,/tmpdir/crf_16.mpd,/videos/BigBuckBunny-2160.avi
12556,0.99807,5.57561,0.99836,49.53516,0.99964,0.87984,0.99181,0.99687,0.99849,100.0,0.6,0.36,0.34,0.72,50.36,52.58,52.82,49.54,0.994,0.996,0.996,0.993,/tmpdir/crf_16.mpd,/videos/BigBuckBunny-2160.avi
12557,0.99544,5.82497,0.99824,48.12256,0.99955,0.85319,0.98478,0.99329,0.99634,100.0,0.79,0.39,0.37,1.0,49.13,52.21,52.48,48.12,0.994,0.996,0.995,0.993,/tmpdir/crf_16.mpd,/videos/BigBuckBunny-2160.avi
12558,0.99792,5.82497,0.99836,49.45704,0.99964,0.87788,0.99143,0.99661,0.99838,100.0,0.61,0.36,0.34,0.74,50.3,52.61,52.82,49.46,0.994,0.996,0.996,0.993,/tmpdir/crf_16.mpd,/videos/BigBuckBunny-2160.avi
12559,0.99531,5.80056,0.99826,48.12537,0.99956,0.85355,0.98499,0.99326,0.99643,100.0,0.79,0.39,0.37,1.0,49.13,52.2,52.42,48.13,0.994,0.996,0.995,0.993,/tmpdir/crf_16.mpd,/videos/BigBuckBunny-2160.avi
12560,0.99801,5.80056,0.99835,49.48289,0.99963,0.87858,0.99131,0.99647,0.99823,100.0,0.6,0.35,0.34,0.73,50.32,52.64,52.8,49.48,0.994,0.996,0.996,0.993,/tmpdir/crf_16.mpd,/videos/BigBuckBunny-2160.avi
12561,0.99545,5.71877,0.99824,48.27514,0.99955,0.85605,0.98513,0.99347,0.99656,100.0,0.77,0.38,0.36,0.97,49.28,52.38,52.52,48.28,0.994,0.996,0.995,0.993,/tmpdir/crf_16.mpd,/videos/BigBuckBunny-2160.avi
12562,0.9979,5.71877,0.99836,49.66397,0.99963,0.88133,0.99163,0.99667,0.99832,100.0,0.58,0.35,0.34,0.7,50.47,52.69,52.78,49.66,0.994,0.996,0.996,0.994,/tmpdir/crf_16.mpd,/videos/BigBuckBunny-2160.avi
12563,0.99541,5.87956,0.99823,48.04457,0.99955,0.85213,0.98448,0.99313,0.99637,100.0,0.81,0.38,0.38,1.02,49.06,52.28,52.36,48.04,0.994,0.996,0.995,0.993,/tmpdir/crf_16.mpd,/videos/BigBuckBunny-2160.avi
12564,0.99804,5.87956,0.99835,49.38464,0.99964,0.87696,0.99143,0.9966,0.99839,100.0,0.62,0.37,0.36,0.75,50.2,52.47,52.58,49.38,0.994,0.996,0.996,0.993,/tmpdir/crf_16.mpd,/videos/BigBuckBunny-2160.avi
12565,0.99748,6.42231,0.9984,49.37903,0.99965,0.87835,0.99158,0.99658,0.99835,100.0,0.62,0.35,0.36,0.75,50.21,52.64,52.57,49.38,0.994,0.996,0.996,0.994,/tmpdir/crf_16.mpd,/videos/BigBuckBunny-2160.avi
12566,0.99572,6.42231,0.99835,47.80394,0.9996,0.85132,0.98496,0.99333,0.99641,100.0,0.85,0.39,0.39,1.08,48.84,52.21,52.25,47.8,0.994,0.996,0.995,0.994,/tmpdir/crf_16.mpd,/videos/BigBuckBunny-2160.avi
12567,0.99749,6.1646,0.99845,49.4658,0.99967,0.88102,0.99178,0.99663,0.99826,100.0,0.61,0.36,0.36,0.74,50.28,52.62,52.54,49.47,0.994,0.996,0.996,0.994,/tmpdir/crf_16.mpd,/videos/BigBuckBunny-2160.avi
12568,0.99565,6.1646,0.99839,47.74726,0.99961,0.85104,0.98475,0.99315,0.99647,100.0,0.86,0.39,0.39,1.09,48.8,52.27,52.21,47.75,0.994,0.996,0.995,0.994,/tmpdir/crf_16.mpd,/videos/BigBuckBunny-2160.avi
12569,0.9976,6.18678,0.99845,49.4169,0.99967,0.88031,0.99151,0.99651,0.99826,100.0,0.61,0.35,0.36,0.74,50.25,52.7,52.53,49.42,0.994,0.996,0.996,0.994,/tmpdir/crf_16.mpd,/videos/BigBuckBunny-2160.avi
12570,0.99567,6.18678,0.99839,47.75259,0.99961,0.85197,0.9854,0.99356,0.99667,100.0,0.86,0.38,0.39,1.09,48.81,52.31,52.22,47.75,0.994,0.996,0.995,0.994,/tmpdir/crf_16.mpd,/videos/BigBuckBunny-2160.avi
12571,0.99761,6.09099,0.99844,49.31001,0.99967,0.87781,0.99147,0.99656,0.99831,100.0,0.63,0.35,0.37,0.76,50.15,52.67,52.5,49.31,0.994,0.996,0.996,0.994,/tmpdir/crf_16.mpd,/videos/BigBuckBunny-2160.avi
12572,0.99586,6.09099,0.99835,47.60351,0.99961,0.84721,0.9851,0.99345,0.99654,100.0,0.89,0.4,0.41,1.13,48.65,52.13,52.05,47.6,0.994,0.996,0.995,0.994,/tmpdir/crf_16.mpd,/videos/BigBuckBunny-2160.avi
12573,0.99754,6.42713,0.99842,49.32996,0.99967,0.8782,0.99157,0.99656,0.99825,100.0,0.63,0.36,0.37,0.76,50.16,52.63,52.41,49.33,0.994,0.996,0.995,0.994,/tmpdir/crf_16.mpd,/videos/BigBuckBunny-2160.avi
12574,0.99568,6.42713,0.99837,47.65801,0.99961,0.8495,0.98527,0.99354,0.99664,100.0,0.88,0.4,0.41,1.12,48.69,52.15,51.97,47.66,0.994,0.996,0.995,0.994,/tmpdir/crf_16.mpd,/videos/BigBuckBunny-2160.avi
12575,0.99749,6.07806,0.99844,49.15732,0.99967,0.87646,0.99118,0.99641,0.99823,100.0,0.65,0.36,0.38,0.79,50.0,52.55,52.28,49.16,0.994,0.996,0.995,0.994,/tmpdir/crf_16.mpd,/videos/BigBuckBunny-2160.avi
12576,0.99566,6.07806,0.99839,47.687,0.99961,0.8506,0.98502,0.99327,0.99647,100.0,0.87,0.39,0.41,1.11,48.72,52.2,51.96,47.69,0.994,0.996,0.995,0.994,/tmpdir/crf_16.mpd,/videos/BigBuckBunny-2160.avi
12577,0.99747,5.96906,0.99842,49.26575,0.99966,0.87779,0.99118,0.99638,0.99823,100.0,0.63,0.35,0.37,0.77,50.11,52.72,52.4,49.27,0.994,0.996,0.995,0.994,/tmpdir/crf_16.mpd,/videos/BigBuckBunny-2160.avi
12578,0.99573,5.96906,0.99837,47.76151,0.9996,0.8517,0.9849,0.99327,0.9964,100.0,0.86,0.38,0.4,1.09,48.81,52.36,52.13,47.76,0.994,0.996,0.995,0.994,/tmpdir/crf_16.mpd,/videos/BigBuckBunny-2160.avi
12579,0.99736,5.94882,0.9984,49.15809,0.99965,0.87572,0.99101,0.99632,0.99817,100.0,0.65,0.35,0.37,0.79,50.03,52.72,52.46,49.16,0.994,0.996,0.995,0.994,/tmpdir/crf_16.mpd,/videos/BigBuckBunny-2160.avi
12580,0.99767,5.94882,0.99835,48.89418,0.99964,0.87101,0.99025,0.99604,0.99804,100.0,0.68,0.35,0.37,0.84,49.81,52.73,52.4,48.89,0.994,0.996,0.995,0.993,/tmpdir/crf_16.mpd,/videos/BigBuckBunny-2160.avi
12581,0.99738,6.17226,0.99839,49.0154,0.99965,0.87393,0.99085,0.99631,0.99816,100.0,0.66,0.34,0.38,0.82,49.92,52.87,52.38,49.02,0.994,0.996,0.995,0.994,/tmpdir/crf_16.mpd,/videos/BigBuckBunny-2160.avi
12582,0.99776,6.17226,0.99837,48.89862,0.99965,0.87259,0.99049,0.99618,0.99809,100.0,0.68,0.34,0.38,0.84,49.81,52.82,52.32,48.9,0.994,0.996,0.995,0.993,/tmpdir/crf_16.mpd,/videos/BigBuckBunny-2160.avi
12583,0.99625,6.22252,0.9983,47.77934,0.99958,0.8507,0.98414,0.99301,0.99637,100.0,0.85,0.36,0.4,1.08,48.84,52.6,52.06,47.78,0.994,0.996,0.995,0.993,/tmpdir/crf_16.mpd,/videos/BigBuckBunny-2160.avi
12584,0.99764,6.22252,0.99839,49.20384,0.99965,0.87756,0.99114,0.99632,0.9981,100.0,0.64,0.34,0.38,0.78,50.06,52.87,52.28,49.2,0.994,0.996,0.995,0.994,/tmpdir/crf_16.mpd,/videos/BigBuckBunny-2160.avi
12585,0.99579,6.29646,0.99828,47.95709,0.99957,0.85415,0.98461,0.99314,0.99642,100.0,0.82,0.35,0.41,1.04,48.99,52.7,51.99,47.96,0.994,0.996,0.995,0.993,/tmpdir/crf_16.mpd,/videos/BigBuckBunny-2160.avi
12586,0.9977,6.29646,0.99839,49.25354,0.99965,0.87751,0.99126,0.99644,0.99824,100.0,0.63,0.33,0.39,0.77,50.11,52.98,52.26,49.25,0.994,0.996,0.995,0.994,/tmpdir/crf_16.mpd,/videos/BigBuckBunny-2160.avi
12587,0.9973,6.34045,0.9984,49.17167,0.99966,0.87637,0.99139,0.99654,0.99829,100.0,0.64,0.33,0.38,0.79,50.05,52.97,52.28,49.17,0.994,0.996,0.995,0.993,/tmpdir/crf_16.mpd,/videos/BigBuckBunny-2160.avi
12588,0.99571,6.34045,0.99835,47.59616,0.9996,0.84833,0.98445,0.99319,0.99654,100.0,0.88,0.35,0.41,1.13,48.68,52.63,51.96,47.6,0.994,0.996,0.995,0.994,/tmpdir/crf_16.mpd,/videos/BigBuckBunny-2160.avi
12589,0.99748,6.51363,0.99844,49.25929,0.99967,0.8785,0.99158,0.99664,0.99842,100.0,0.63,0.32,0.38,0.77,50.13,53.1,52.34,49.26,0.994,0.996,0.995,0.994,/tmpdir/crf_16.mpd,/videos/BigBuckBunny-2160.avi
12590,0.9978,6.51363,0.99839,49.12965,0.99966,0.87648,0.99115,0.99641,0.99816,100.0,0.65,0.32,0.38,0.79,50.03,53.13,52.37,49.13,0.994,0.996,0.995,0.994,/tmpdir/crf_16.mpd,/videos/BigBuckBunny-2160.avi
12591,0.99614,6.52836,0.99833,47.72006,0.9996,0.85102,0.98436,0.99316,0.9965,100.0,0.86,0.35,0.42,1.1,48.78,52.74,51.89,47.72,0.994,0.996,0.995,0.994,/tmpdir/crf_16.mpd,/videos/BigBuckBunny-2160.avi
12592,0.99792,6.52836,0.99842,49.1914,0.99966,0.87782,0.99119,0.99641,0.99827,100.0,0.64,0.33,0.39,0.78,50.06,53.0,52.2,49.19,0.994,0.996,0.995,0.994,/tmpdir/crf_16.mpd,/videos/BigBuckBunny-2160.avi
12593,0.9957,6.28211,0.99828,47.85751,0.99957,0.85233,0.98405,0.99282,0.9962,100.0,0.84,0.34,0.42,1.06,48.91,52.88,51.94,47.86,0.994,0.996,0.995,0.993,/tmpdir/crf_16.mpd,/videos/BigBuckBunny-2160.avi
12594,0.99778,6.28211,0.99839,49.38508,0.99965,0.88001,0.99164,0.99661,0.99824,100.0,0.62,0.31,0.39,0.75,50.23,53.15,52.27,49.39,0.994,0.996,0.995,0.994,/tmpdir/crf_16.mpd,/videos/BigBuckBunny-2160.avi
12595,0.99594,6.25722,0.99826,47.85965,0.99957,0.85037,0.98429,0.99305,0.99645,100.0,0.84,0.34,0.42,1.06,48.91,52.85,51.9,47.86,0.994,0.996,0.995,0.993,/tmpdir/crf_16.mpd,/videos/BigBuckBunny-2160.avi
12596,0.99775,6.25722,0.99838,49.26061,0.99966,0.8772,0.99149,0.99659,0.99833,100.0,0.63,0.32,0.39,0.77,50.12,53.08,52.23,49.26,0.994,0.996,0.995,0.993,/tmpdir/crf_16.mpd,/videos/BigBuckBunny-2160.avi
12597,0.99759,6.74695,0.9984,49.26789,0.99966,0.87822,0.99168,0.99663,0.99829,100.0,0.63,0.31,0.39,0.77,50.14,53.23,52.24,49.27,0.994,0.996,0.995,0.994,/tmpdir/crf_16.mpd,/videos/BigBuckBunny-2160.avi
12598,0.99596,6.74695,0.99835,47.53547,0.9996,0.84798,0.98458,0.99325,0.99653,100.0,0.89,0.33,0.42,1.15,48.64,52.94,51.9,47.54,0.994,0.996,0.995,0.994,/tmpdir/crf_16.mpd,/videos/BigBuckBunny-2160.avi
12599,0.99755,6.93385,0.99846,49.31689,0.99968,0.8799,0.9918,0.99668,0.99839,100.0,0.62,0.3,0.38,0.76,50.19,53.33,52.28,49.32,0.994,0.996,0.996,0.994,/tmpdir/crf_16.mpd,/videos/BigBuckBunny-2160.avi
12600,0.99634,6.93385,0.99838,47.91172,0.99964,0.85255,0.98572,0.99372,0.99676,100.0,0.82,0.31,0.41,1.05,48.98,53.17,52.0,47.91,0.994,0.996,0.995,0.994,/tmpdir/crf_16.mpd,/videos/BigBuckBunny-2160.avi
12601,0.99622,6.73671,0.99828,47.68461,0.99956,0.84972,0.98454,0.9933,0.99654,100.0,0.86,0.32,0.43,1.11,48.77,53.09,51.79,47.68,0.994,0.996,0.995,0.993,/tmpdir/crf_16.mpd,/videos/BigBuckBunny-2160.avi
12602,0.99803,6.73671,0.99846,49.3887,0.99968,0.87981,0.99162,0.99656,0.99829,100.0,0.61,0.29,0.39,0.75,50.25,53.45,52.21,49.39,0.994,0.996,0.995,0.994,/tmpdir/crf_16.mpd,/videos/BigBuckBunny-2160.avi
12603,0.99624,6.43855,0.99827,47.60747,0.99958,0.84743,0.98427,0.99304,0.99642,100.0,0.88,0.32,0.44,1.13,48.69,53.1,51.67,47.61,0.994,0.996,0.995,0.993,/tmpdir/crf_16.mpd,/videos/BigBuckBunny-2160.avi
12604,0.99787,6.43855,0.9984,49.23327,0.99966,0.87749,0.99157,0.99663,0.9984,100.0,0.64,0.3,0.41,0.78,50.1,53.35,52.01,49.23,0.994,0.996,0.995,0.994,/tmpdir/crf_16.mpd,/videos/BigBuckBunny-2160.avi
12605,0.99796,6.22471,0.99844,49.27108,0.99967,0.8794,0.99161,0.99658,0.99838,100.0,0.63,0.29,0.39,0.77,50.17,53.57,52.18,49.27,0.994,0.996,0.995,0.994,/tmpdir/crf_16.mpd,/videos/BigBuckBunny-2160.avi
12606,0.99595,6.22471,0.9984,47.77772,0.9996,0.8541,0.9849,0.99317,0.99622,100.0,0.85,0.31,0.43,1.08,48.86,53.26,51.81,47.78,0.994,0.996,0.995,0.994,/tmpdir/crf_16.mpd,/videos/BigBuckBunny-2160.avi
12607,0.99786,6.0168,0.9985,49.47521,0.99968,0.8847,0.99221,0.99687,0.99847,100.0,0.6,0.28,0.39,0.73,50.35,53.69,52.23,49.48,0.995,0.996,0.995,0.994,/tmpdir/crf_16.mpd,/videos/BigBuckBunny-2160.avi
12608,0.99627,6.0168,0.99843,47.74627,0.99961,0.8546,0.98445,0.99287,0.99617,100.0,0.85,0.3,0.43,1.09,48.84,53.41,51.83,47.75,0.995,0.996,0.995,0.994,/tmpdir/crf_16.mpd,/videos/BigBuckBunny-2160.avi
12609,0.99774,5.6122,0.99849,49.50582,0.99967,0.88516,0.9921,0.99674,0.99837,100.0,0.6,0.27,0.39,0.73,50.38,53.79,52.22,49.51,0.995,0.997,0.996,0.994,/tmpdir/crf_16.mpd,/videos/BigBuckBunny-2160.avi
12610,0.99594,5.6122,0.99845,47.88872,0.99962,0.85802,0.98546,0.99355,0.99668,100.0,0.82,0.28,0.42,1.06,48.98,53.64,51.91,47.89,0.995,0.997,0.995,0.994,/tmpdir/crf_16.mpd,/videos/BigBuckBunny-2160.avi
12611,0.99785,5.36633,0.99849,49.71591,0.99967,0.88816,0.99264,0.99715,0.99869,100.0,0.57,0.25,0.37,0.69,50.59,54.07,52.39,49.72,0.995,0.997,0.996,0.994,/tmpdir/crf_16.mpd,/videos/BigBuckBunny-2160.avi
12612,0.99638,5.36633,0.99845,48.13686,0.99963,0.85851,0.98559,0.99359,0.99674,100.0,0.78,0.27,0.41,1.0,49.22,53.86,52.05,48.14,0.995,0.997,0.995,0.994,/tmpdir/crf_16.mpd,/videos/BigBuckBunny-2160.avi
12613,0.99629,5.36903,0.99835,48.01496,0.99956,0.8575,0.98484,0.99337,0.99661,100.0,0.8,0.27,0.43,1.03,49.09,53.79,51.8,48.01,0.995,0.997,0.995,0.994,/tmpdir/crf_16.mpd,/videos/BigBuckBunny-2160.avi
12614,0.99815,5.36903,0.9985,49.66104,0.99967,0.88611,0.99208,0.99676,0.99838,100.0,0.58,0.25,0.39,0.7,50.53,54.09,52.24,49.66,0.995,0.997,0.996,0.994,/tmpdir/crf_16.mpd,/videos/BigBuckBunny-2160.avi
12615,0.99622,5.30101,0.99835,48.01592,0.99958,0.85822,0.98524,0.99344,0.99661,100.0,0.8,0.27,0.43,1.03,49.1,53.83,51.81,48.02,0.994,0.997,0.995,0.994,/tmpdir/crf_16.mpd,/videos/BigBuckBunny-2160.avi
12616,0.99788,5.30101,0.99843,49.62889,0.99965,0.88581,0.9922,0.99686,0.99851,100.0,0.58,0.25,0.39,0.71,50.5,54.07,52.2,49.63,0.995,0.997,0.996,0.994,/tmpdir/crf_16.mpd,/videos/BigBuckBunny-2160.avi
12617,0.99621,5.24593,0.99833,48.10549,0.99957,0.85846,0.98491,0.99338,0.9965,100.0,0.79,0.26,0.42,1.01,49.18,53.9,51.87,48.11,0.994,0.997,0.995,0.994,/tmpdir/crf_16.mpd,/videos/BigBuckBunny-2160.avi
12618,0.99794,5.24593,0.99841,49.66026,0.99964,0.88538,0.99214,0.99695,0.9986,100.0,0.58,0.25,0.39,0.7,50.53,54.15,52.24,49.66,0.995,0.997,0.996,0.994,/tmpdir/crf_16.mpd,/videos/BigBuckBunny-2160.avi
12619,0.99623,5.32674,0.99831,47.98863,0.99956,0.85624,0.98455,0.99316,0.99646,100.0,0.8,0.27,0.43,1.03,49.07,53.89,51.79,47.99,0.994,0.997,0.995,0.994,/tmpdir/crf_16.mpd,/videos/BigBuckBunny-2160.avi
12620,0.99776,5.32674,0.9984,49.50948,0.99964,0.88293,0.99174,0.99672,0.99848,100.0,0.59,0.25,0.4,0.73,50.4,54.12,52.16,49.51,0.994,0.997,0.995,0.994,/tmpdir/crf_16.mpd,/videos/BigBuckBunny-2160.avi
12621,0.99788,5.41356,0.99843,49.47924,0.99965,0.88294,0.99173,0.99672,0.99854,100.0,0.6,0.25,0.39,0.73,50.38,54.21,52.19,49.48,0.995,0.997,0.996,0.994,/tmpdir/crf_16.mpd,/videos/BigBuckBunny-2160.avi
12622,0.99803,5.41356,0.99842,49.37535,0.99965,0.88152,0.99138,0.99651,0.9983,100.0,0.61,0.24,0.39,0.75,50.31,54.28,52.24,49.38,0.995,0.997,0.996,0.994,/tmpdir/crf_16.mpd,/videos/BigBuckBunny-2160.avi
12623,0.99623,5.42055,0.99836,47.97116,0.99959,0.85546,0.98468,0.99325,0.99649,100.0,0.81,0.26,0.43,1.04,49.07,54.01,51.8,47.97,0.994,0.997,0.995,0.994,/tmpdir/crf_16.mpd,/videos/BigBuckBunny-2160.avi
12624,0.99797,5.42055,0.99842,49.47624,0.99965,0.88275,0.99152,0.9966,0.99838,100.0,0.6,0.25,0.4,0.73,50.37,54.19,52.1,49.48,0.995,0.997,0.995,0.994,/tmpdir/crf_16.mpd,/videos/BigBuckBunny-2160.avi
12625,0.9964,5.41125,0.99831,47.88243,0.99957,0.85509,0.98403,0.99285,0.99626,100.0,0.82,0.26,0.44,1.06,48.98,54.01,51.73,47.88,0.994,0.997,0.995,0.994,/tmpdir/crf_16.mpd,/videos/BigBuckBunny-2160.avi
12626,0.99772,5.41125,0.9984,49.40646,0.99964,0.88158,0.99153,0.99658,0.9983,100.0,0.61,0.25,0.41,0.75,50.3,54.2,52.01,49.41,0.994,0.997,0.995,0.994,/tmpdir/crf_16.mpd,/videos/BigBuckBunny-2160.avi
12627,0.99794,5.33036,0.99841,49.48368,0.99964,0.88263,0.99158,0.99657,0.99833,100.0,0.59,0.24,0.4,0.73,50.39,54.32,52.12,49.48,0.995,0.997,0.995,0.994,/tmpdir/crf_16.mpd,/videos/BigBuckBunny-2160.avi
12628,0.99814,5.33036,0.99841,49.56337,0.99965,0.8838,0.99184,0.9967,0.99837,100.0,0.58,0.23,0.39,0.72,50.47,54.43,52.24,49.56,0.995,0.997,0.996,0.994,/tmpdir/crf_16.mpd,/videos/BigBuckBunny-2160.avi
12629,0.99643,5.28272,0.99838,48.08798,0.9996,0.85715,0.98491,0.99336,0.99662,100.0,0.79,0.25,0.43,1.01,49.18,54.22,51.82,48.09,0.995,0.997,0.995,0.994,/tmpdir/crf_16.mpd,/videos/BigBuckBunny-2160.avi
12630,0.99793,5.28272,0.99844,49.66095,0.99966,0.88535,0.99209,0.99688,0.99854,100.0,0.57,0.23,0.39,0.7,50.55,54.44,52.21,49.66,0.995,0.997,0.996,0.994,/tmpdir/crf_16.mpd,/videos/BigBuckBunny-2160.avi
12631,0.99598,5.24555,0.99834,48.01789,0.99957,0.85734,0.98505,0.99332,0.99645,100.0,0.8,0.25,0.44,1.03,49.11,54.19,51.74,48.02,0.994,0.997,0.995,0.994,/tmpdir/crf_16.mpd,/videos/BigBuckBunny-2160.avi
12632,0.99774,5.24555,0.99843,49.62402,0.99965,0.88462,0.99188,0.99669,0.99834,100.0,0.58,0.23,0.39,0.71,50.52,54.48,52.18,49.62,0.995,0.997,0.996,0.994,/tmpdir/crf_16.mpd,/videos/BigBuckBunny-2160.avi
12633,0.99594,5.16618,0.99833,48.06366,0.99957,0.85772,0.98515,0.99332,0.99645,100.0,0.79,0.24,0.43,1.02,49.16,54.35,51.82,48.06,0.995,0.997,0.995,0.994,/tmpdir/crf_16.mpd,/videos/BigBuckBunny-2160.avi
12634,0.99813,5.16618,0.99841,49.71054,0.99965,0.88583,0.99208,0.9968,0.99844,100.0,0.57,0.23,0.39,0.7,50.6,54.55,52.25,49.71,0.995,0.997,0.996,0.994,/tmpdir/crf_16.mpd,/videos/BigBuckBunny-2160.avi
12635,0.99618,5.22524,0.99832,48.02517,0.99957,0.85668,0.98481,0.99323,0.99649,100.0,0.79,0.24,0.43,1.02,49.13,54.35,51.82,48.03,0.994,0.997,0.995,0.994,/tmpdir/crf_16.mpd,/videos/BigBuckBunny-2160.avi
12636,0.99804,5.22524,0.99841,49.65033,0.99965,0.88481,0.99193,0.99676,0.99846,100.0,0.58,0.23,0.4,0.7,50.53,54.48,52.11,49.65,0.995,0.997,0.996,0.994,/tmpdir/crf_16.mpd,/videos/BigBuckBunny-2160.avi
12637,0.99927,5.22817,0.99923,52.37385,0.99989,0.92854,0.99672,0.99869,0.99937,100.0,0.31,0.14,0.2,0.38,53.25,56.77,55.03,52.37,0.997,0.998,0.997,0.996,/tmpdir/crf_16.mpd,/videos/BigBuckBunny-2160.avi
12638,0.99683,5.22817,0.99884,48.65224,0.99974,0.87467,0.98803,0.99446,0.99713,100.0,0.66,0.16,0.26,0.89,49.92,55.99,53.98,48.65,0.996,0.998,0.997,0.995,/tmpdir/crf_16.mpd,/videos/BigBuckBunny-2160.avi
12639,0.99838,5.16816,0.9987,50.17585,0.9997,0.89753,0.99331,0.99728,0.9987,100.0,0.49,0.16,0.26,0.62,51.26,56.02,54.03,50.18,0.996,0.998,0.997,0.995,/tmpdir/crf_16.mpd,/videos/BigBuckBunny-2160.avi
12640,0.99619,5.16816,0.99857,48.38398,0.99964,0.8645,0.9852,0.99316,0.99631,100.0,0.71,0.18,0.32,0.94,49.61,55.52,53.14,48.38,0.995,0.997,0.996,0.994,/tmpdir/crf_16.mpd,/videos/BigBuckBunny-2160.avi
12641,0.99638,5.24905,0.99841,48.20744,0.99957,0.86195,0.98491,0.99339,0.99645,100.0,0.75,0.19,0.37,0.98,49.38,55.25,52.43,48.21,0.995,0.997,0.996,0.994,/tmpdir/crf_16.mpd,/videos/BigBuckBunny-2160.avi
12642,0.99813,5.24905,0.99856,49.9548,0.99968,0.89106,0.9924,0.99693,0.99851,100.0,0.52,0.18,0.32,0.66,50.97,55.68,53.13,49.95,0.995,0.998,0.996,0.994,/tmpdir/crf_16.mpd,/videos/BigBuckBunny-2160.avi
12643,0.99793,5.26403,0.9985,49.82909,0.99965,0.88901,0.99193,0.99668,0.99829,100.0,0.54,0.18,0.34,0.68,50.83,55.55,52.84,49.83,0.995,0.997,0.996,0.994,/tmpdir/crf_16.mpd,/videos/BigBuckBunny-2160.avi
12644,0.99624,5.26403,0.99845,48.07198,0.9996,0.86,0.98522,0.99335,0.99648,100.0,0.77,0.19,0.38,1.01,49.26,55.25,52.34,48.07,0.995,0.997,0.996,0.994,/tmpdir/crf_16.mpd,/videos/BigBuckBunny-2160.avi
12645,0.99822,5.21244,0.99852,49.92728,0.99967,0.8905,0.99273,0.99707,0.99861,100.0,0.53,0.18,0.33,0.66,50.92,55.54,52.9,49.93,0.995,0.997,0.996,0.994,/tmpdir/crf_16.mpd,/videos/BigBuckBunny-2160.avi
12646,0.9963,5.21244,0.99844,48.06696,0.99961,0.85919,0.9854,0.99351,0.9966,100.0,0.77,0.2,0.39,1.01,49.24,55.18,52.25,48.07,0.995,0.997,0.996,0.994,/tmpdir/crf_16.mpd,/videos/BigBuckBunny-2160.avi
12647,0.99819,5.21435,0.99849,49.87893,0.99967,0.88934,0.99257,0.99704,0.99854,100.0,0.54,0.18,0.35,0.67,50.84,55.47,52.64,49.88,0.995,0.997,0.996,0.994,/tmpdir/crf_16.mpd,/videos/BigBuckBunny-2160.avi
12648,0.99599,5.21435,0.99843,48.00706,0.9996,0.85842,0.98503,0.99326,0.99641,100.0,0.79,0.2,0.42,1.03,49.16,55.11,51.95,48.01,0.995,0.997,0.996,0.994,/tmpdir/crf_16.mpd,/videos/BigBuckBunny-2160.avi
12649,0.99808,5.17518,0.99849,49.7767,0.99966,0.8873,0.9921,0.99679,0.99846,100.0,0.55,0.18,0.37,0.68,50.74,55.51,52.48,49.78,0.995,0.997,0.996,0.994,/tmpdir/crf_16.mpd,/videos/BigBuckBunny-2160.avi
12650,0.99608,5.17518,0.99843,48.0901,0.99961,0.85937,0.98528,0.99339,0.99644,100.0,0.78,0.2,0.42,1.01,49.23,55.2,51.91,48.09,0.995,0.997,0.996,0.994,/tmpdir/crf_16.mpd,/videos/BigBuckBunny-2160.avi
12651,0.99806,5.20076,0.99847,49.83665,0.99966,0.88804,0.99249,0.99697,0.99854,100.0,0.54,0.18,0.37,0.68,50.78,55.51,52.4,49.84,0.995,0.997,0.996,0.994,/tmpdir/crf_16.mpd,/videos/BigBuckBunny-2160.avi
12652,0.99601,5.20076,0.99841,47.99175,0.9996,0.85739,0.98491,0.99328,0.99653,100.0,0.79,0.2,0.42,1.03,49.15,55.21,51.86,47.99,0.995,0.997,0.995,0.994,/tmpdir/crf_16.mpd,/videos/BigBuckBunny-2160.avi
12653,0.99815,5.3049,0.99846,49.77718,0.99966,0.88731,0.99211,0.99673,0.99839,100.0,0.55,0.18,0.38,0.68,50.73,55.57,52.31,49.78,0.995,0.997,0.996,0.994,/tmpdir/crf_16.mpd,/videos/BigBuckBunny-2160.avi
12654,0.99589,5.3049,0.99841,47.88429,0.9996,0.85597,0.98481,0.99314,0.9964,100.0,0.81,0.19,0.43,1.06,49.06,55.35,51.84,47.88,0.995,0.997,0.995,0.994,/tmpdir/crf_16.mpd,/videos/BigBuckBunny-2160.avi
12655,0.99815,5.31242,0.99845,49.69788,0.99966,0.88568,0.99185,0.99669,0.99839,100.0,0.56,0.17,0.39,0.7,50.66,55.72,52.23,49.7,0.995,0.998,0.996,0.994,/tmpdir/crf_16.mpd,/videos/BigBuckBunny-2160.avi
12656,0.99826,5.31242,0.99843,49.59604,0.99966,0.88376,0.99162,0.99659,0.99836,100.0,0.57,0.17,0.39,0.71,50.58,55.8,52.27,49.6,0.995,0.998,0.996,0.994,/tmpdir/crf_16.mpd,/videos/BigBuckBunny-2160.avi
12657,0.99595,5.29772,0.99836,48.19039,0.99958,0.85707,0.98423,0.99301,0.99641,100.0,0.76,0.18,0.42,0.99,49.34,55.62,51.94,48.19,0.995,0.997,0.995,0.994,/tmpdir/crf_16.mpd,/videos/BigBuckBunny-2160.avi
12658,0.99526,5.29772,0.99829,47.57209,0.99951,0.84886,0.98262,0.99217,0.99594,100.0,0.86,0.18,0.46,1.14,48.76,55.55,51.51,47.57,0.995,0.997,0.995,0.994,/tmpdir/crf_16.mpd,/videos/BigBuckBunny-2160.avi
12659,0.99812,5.2902,0.99856,49.89961,0.99971,0.8882,0.9923,0.99683,0.99845,100.0,0.53,0.16,0.38,0.67,50.86,56.03,52.37,49.9,0.995,0.998,0.996,0.994,/tmpdir/crf_16.mpd,/videos/BigBuckBunny-2160.avi
12660,0.99614,5.2902,0.99841,47.94499,0.9996,0.85599,0.98482,0.99321,0.99657,100.0,0.8,0.18,0.43,1.04,49.11,55.67,51.76,47.94,0.995,0.998,0.995,0.994,/tmpdir/crf_16.mpd,/videos/BigBuckBunny-2160.avi
12661,0.99795,5.24031,0.99845,49.684,0.99966,0.88467,0.99187,0.99672,0.99843,100.0,0.56,0.16,0.39,0.7,50.66,56.0,52.21,49.68,0.995,0.998,0.996,0.994,/tmpdir/crf_16.mpd,/videos/BigBuckBunny-2160.avi
12662,0.99585,5.24031,0.9984,48.14008,0.99962,0.85606,0.98427,0.99296,0.99645,100.0,0.77,0.17,0.44,1.0,49.28,55.76,51.74,48.14,0.995,0.998,0.995,0.994,/tmpdir/crf_16.mpd,/videos/BigBuckBunny-2160.avi
12663,0.99605,5.23684,0.99832,47.97107,0.99955,0.855,0.98392,0.99285,0.99621,100.0,0.8,0.17,0.46,1.04,49.12,55.85,51.54,47.97,0.995,0.998,0.995,0.994,/tmpdir/crf_16.mpd,/videos/BigBuckBunny-2160.avi
12664,0.99795,5.23684,0.99845,49.66807,0.99966,0.88396,0.99177,0.99659,0.99833,100.0,0.56,0.16,0.4,0.7,50.64,56.06,52.09,49.67,0.995,0.998,0.996,0.994,/tmpdir/crf_16.mpd,/videos/BigBuckBunny-2160.avi
12665,0.99607,5.20778,0.9983,47.96479,0.99956,0.85529,0.98466,0.99302,0.99627,100.0,0.8,0.17,0.46,1.04,49.12,55.85,51.54,47.96,0.995,0.998,0.995,0.994,/tmpdir/crf_16.mpd,/videos/BigBuckBunny-2160.avi
12666,0.99771,5.20778,0.99836,49.5331,0.99962,0.8818,0.99142,0.99649,0.99831,100.0,0.58,0.16,0.4,0.72,50.52,56.0,52.07,49.53,0.995,0.998,0.996,0.994,/tmpdir/crf_16.mpd,/videos/BigBuckBunny-2160.avi
12667,0.99594,5.26409,0.9981,47.87552,0.99936,0.85245,0.98393,0.99266,0.99606,100.0,0.82,0.22,0.49,1.06,48.97,54.77,51.25,47.88,0.994,0.997,0.995,0.993,/tmpdir/crf_16.mpd,/videos/BigBuckBunny-2160.avi
12668,0.99803,5.26409,0.99836,49.53695,0.99962,0.87934,0.99056,0.99606,0.99802,100.0,0.58,0.21,0.38,0.72,50.49,54.95,52.3,49.54,0.995,0.997,0.996,0.994,/tmpdir/crf_16.mpd,/videos/BigBuckBunny-2160.avi
12669,0.99807,5.75427,0.99835,49.53757,0.99961,0.88011,0.99083,0.99624,0.99806,100.0,0.59,0.25,0.37,0.72,50.45,54.2,52.4,49.54,0.994,0.997,0.996,0.994,/tmpdir/crf_16.mpd,/videos/BigBuckBunny-2160.avi
12670,0.99598,5.75427,0.99822,47.63799,0.99945,0.84935,0.98382,0.9928,0.99619,100.0,0.86,0.3,0.4,1.12,48.77,53.42,52.08,47.64,0.994,0.996,0.996,0.994,/tmpdir/crf_16.mpd,/videos/BigBuckBunny-2160.avi
12671,0.99793,6.36475,0.99848,49.42109,0.99967,0.87774,0.9901,0.99576,0.99788,100.0,0.6,0.3,0.33,0.74,50.35,53.33,52.96,49.42,0.995,0.996,0.996,0.994,/tmpdir/crf_16.mpd,/videos/BigBuckBunny-2160.avi
12672,0.99604,6.36475,0.99826,47.73495,0.9995,0.8493,0.98322,0.99252,0.99612,100.0,0.84,0.34,0.32,1.1,48.88,52.77,53.08,47.73,0.994,0.996,0.996,0.994,/tmpdir/crf_16.mpd,/videos/BigBuckBunny-2160.avi
12673,0.99581,6.26198,0.99807,47.62369,0.9994,0.84771,0.98307,0.9925,0.99595,100.0,0.86,0.4,0.27,1.12,48.78,52.09,53.86,47.62,0.994,0.996,0.996,0.993,/tmpdir/crf_16.mpd,/videos/BigBuckBunny-2160.avi
12674,0.9978,6.26198,0.99857,49.6323,0.99972,0.87824,0.99017,0.99582,0.99783,100.0,0.57,0.35,0.25,0.71,50.56,52.71,54.15,49.63,0.995,0.996,0.996,0.994,/tmpdir/crf_16.mpd,/videos/BigBuckBunny-2160.avi
12675,0.99634,6.25721,0.99802,47.55556,0.9994,0.84577,0.98326,0.99267,0.99604,100.0,0.88,0.46,0.26,1.14,48.68,51.5,53.99,47.56,0.994,0.995,0.996,0.993,/tmpdir/crf_16.mpd,/videos/BigBuckBunny-2160.avi
12676,0.99762,6.25721,0.99843,49.3395,0.99966,0.8723,0.9892,0.99546,0.99782,100.0,0.63,0.43,0.3,0.76,50.16,51.8,53.36,49.34,0.994,0.996,0.996,0.994,/tmpdir/crf_16.mpd,/videos/BigBuckBunny-2160.avi
12677,0.99792,6.30535,0.9983,49.18903,0.9996,0.87044,0.9895,0.99577,0.99798,100.0,0.67,0.5,0.37,0.78,49.89,51.16,52.42,49.19,0.994,0.995,0.995,0.994,/tmpdir/crf_16.mpd,/videos/BigBuckBunny-2160.avi
12678,0.99787,6.30535,0.99811,48.94925,0.99953,0.86622,0.98919,0.99567,0.99786,100.0,0.71,0.52,0.41,0.83,49.64,50.99,52.03,48.95,0.994,0.995,0.995,0.993,/tmpdir/crf_16.mpd,/videos/BigBuckBunny-2160.avi
12679,0.99784,6.21047,0.99829,49.19553,0.99961,0.8696,0.98953,0.9958,0.998,100.0,0.68,0.52,0.43,0.78,49.8,50.95,51.77,49.2,0.994,0.995,0.995,0.994,/tmpdir/crf_16.mpd,/videos/BigBuckBunny-2160.avi
12680,0.998,6.21047,0.99806,48.85202,0.99952,0.8637,0.98866,0.99555,0.99795,100.0,0.74,0.56,0.48,0.85,49.44,50.64,51.28,48.85,0.994,0.995,0.995,0.993,/tmpdir/crf_16.mpd,/videos/BigBuckBunny-2160.avi
12681,0.99801,6.03809,0.99828,49.08743,0.99962,0.86721,0.98868,0.9954,0.99781,100.0,0.71,0.57,0.5,0.8,49.59,50.58,51.11,49.09,0.994,0.995,0.995,0.994,/tmpdir/crf_16.mpd,/videos/BigBuckBunny-2160.avi
12682,0.9981,6.03809,0.99806,48.84272,0.99953,0.86305,0.98867,0.99549,0.99783,100.0,0.76,0.6,0.54,0.85,49.35,50.34,50.83,48.84,0.994,0.995,0.995,0.993,/tmpdir/crf_16.mpd,/videos/BigBuckBunny-2160.avi
12683,0.99802,5.61286,0.9983,49.32757,0.99963,0.86976,0.98944,0.9959,0.99811,100.0,0.69,0.58,0.52,0.76,49.74,50.49,50.96,49.33,0.994,0.995,0.995,0.993,/tmpdir/crf_16.mpd,/videos/BigBuckBunny-2160.avi
12684,0.99813,5.61286,0.99808,49.13144,0.99954,0.86765,0.9894,0.99589,0.99807,100.0,0.71,0.58,0.53,0.79,49.59,50.48,50.91,49.13,0.994,0.995,0.995,0.993,/tmpdir/crf_16.mpd,/videos/BigBuckBunny-2160.avi
12685,0.99802,5.43609,0.99829,49.47104,0.99964,0.8732,0.99005,0.99605,0.99814,100.0,0.67,0.57,0.51,0.73,49.87,50.59,51.05,49.47,0.994,0.995,0.995,0.993,/tmpdir/crf_16.mpd,/videos/BigBuckBunny-2160.avi
12686,0.99805,5.43609,0.99811,49.19929,0.99955,0.87026,0.98982,0.99601,0.99807,100.0,0.7,0.58,0.52,0.78,49.65,50.47,50.98,49.2,0.994,0.995,0.995,0.993,/tmpdir/crf_16.mpd,/videos/BigBuckBunny-2160.avi
12687,0.99801,5.4244,0.99831,49.48127,0.99964,0.87607,0.99094,0.99653,0.99844,100.0,0.67,0.57,0.5,0.73,49.89,50.58,51.14,49.48,0.994,0.995,0.995,0.993,/tmpdir/crf_16.mpd,/videos/BigBuckBunny-2160.avi
12688,0.99804,5.4244,0.99817,49.1728,0.99957,0.87257,0.99059,0.99637,0.99825,100.0,0.71,0.59,0.52,0.79,49.62,50.41,50.94,49.17,0.994,0.995,0.995,0.993,/tmpdir/crf_16.mpd,/videos/BigBuckBunny-2160.avi
12689,0.99793,5.3755,0.99835,49.41895,0.99966,0.87695,0.99117,0.99655,0.99838,100.0,0.68,0.58,0.5,0.74,49.83,50.51,51.1,49.42,0.994,0.995,0.995,0.994,/tmpdir/crf_16.mpd,/videos/BigBuckBunny-2160.avi
12690,0.99607,5.3755,0.99826,47.81371,0.99955,0.85001,0.98433,0.99329,0.99657,100.0,0.93,0.71,0.57,1.08,48.45,49.62,50.59,47.81,0.994,0.994,0.995,0.994,/tmpdir/crf_16.mpd,/videos/BigBuckBunny-2160.avi
12691,0.99771,5.37048,0.99839,49.48381,0.99967,0.87892,0.99157,0.99665,0.99834,100.0,0.66,0.56,0.49,0.73,49.92,50.65,51.25,49.48,0.994,0.995,0.995,0.994,/tmpdir/crf_16.mpd,/videos/BigBuckBunny-2160.avi
12692,0.99792,5.37048,0.99835,49.26469,0.99965,0.87474,0.99055,0.99619,0.99807,100.0,0.69,0.57,0.5,0.77,49.73,50.56,51.11,49.26,0.994,0.995,0.995,0.993,/tmpdir/crf_16.mpd,/videos/BigBuckBunny-2160.avi
12693,0.99789,5.31535,0.99835,49.39177,0.99965,0.87698,0.99086,0.99627,0.99813,100.0,0.67,0.56,0.49,0.75,49.84,50.64,51.21,49.39,0.994,0.995,0.995,0.993,/tmpdir/crf_16.mpd,/videos/BigBuckBunny-2160.avi
12694,0.99797,5.31535,0.99834,49.26371,0.99965,0.87458,0.99058,0.99615,0.99802,100.0,0.69,0.57,0.5,0.77,49.73,50.57,51.12,49.26,0.994,0.995,0.995,0.993,/tmpdir/crf_16.mpd,/videos/BigBuckBunny-2160.avi
12695,0.99792,5.20765,0.99838,49.49094,0.99965,0.87845,0.99128,0.99654,0.99832,100.0,0.66,0.54,0.47,0.73,49.95,50.78,51.37,49.49,0.994,0.995,0.995,0.994,/tmpdir/crf_16.mpd,/videos/BigBuckBunny-2160.avi
12696,0.99792,5.20765,0.9984,49.43976,0.99966,0.87796,0.99104,0.99631,0.99812,100.0,0.67,0.55,0.49,0.74,49.9,50.77,51.26,49.44,0.994,0.995,0.995,0.994,/tmpdir/crf_16.mpd,/videos/BigBuckBunny-2160.avi
12697,0.99565,5.23672,0.99833,47.91885,0.9996,0.85133,0.98458,0.99319,0.99637,100.0,0.9,0.66,0.54,1.05,48.59,49.95,50.77,47.92,0.994,0.995,0.995,0.994,/tmpdir/crf_16.mpd,/videos/BigBuckBunny-2160.avi
12698,0.99763,5.23672,0.9984,49.39542,0.99966,0.87743,0.99091,0.99635,0.99823,100.0,0.67,0.56,0.5,0.75,49.84,50.62,51.18,49.4,0.994,0.995,0.995,0.994,/tmpdir/crf_16.mpd,/videos/BigBuckBunny-2160.avi
12699,0.99625,5.2182,0.99831,47.90134,0.99958,0.85194,0.98449,0.99308,0.99632,100.0,0.9,0.63,0.53,1.05,48.61,50.16,50.92,47.9,0.994,0.995,0.995,0.994,/tmpdir/crf_16.mpd,/videos/BigBuckBunny-2160.avi
12700,0.99778,5.2182,0.99839,49.47274,0.99965,0.87895,0.99111,0.99635,0.99813,100.0,0.66,0.56,0.49,0.73,49.91,50.68,51.21,49.47,0.994,0.995,0.995,0.994,/tmpdir/crf_16.mpd,/videos/BigBuckBunny-2160.avi
12701,0.99641,5.14637,0.9983,47.94127,0.99957,0.85224,0.98453,0.99313,0.99642,100.0,0.89,0.63,0.53,1.04,48.63,50.11,50.87,47.94,0.994,0.995,0.995,0.994,/tmpdir/crf_16.mpd,/videos/BigBuckBunny-2160.avi
12702,0.99764,5.14637,0.99838,49.53382,0.99965,0.87933,0.99109,0.9963,0.99811,100.0,0.66,0.56,0.49,0.72,49.95,50.64,51.23,49.53,0.994,0.995,0.995,0.994,/tmpdir/crf_16.mpd,/videos/BigBuckBunny-2160.avi
12703,0.99605,5.20907,0.99832,48.27476,0.99957,0.85571,0.98445,0.99309,0.99637,100.0,0.83,0.59,0.5,0.97,48.96,50.45,51.11,48.27,0.994,0.995,0.995,0.994,/tmpdir/crf_16.mpd,/videos/BigBuckBunny-2160.avi
12704,0.99519,5.20907,0.99823,47.63121,0.99949,0.84765,0.9829,0.99225,0.99579,100.0,0.96,0.69,0.57,1.12,48.32,49.73,50.6,47.63,0.994,0.994,0.995,0.994,/tmpdir/crf_16.mpd,/videos/BigBuckBunny-2160.avi
12705,0.99792,5.21932,0.99848,49.5816,0.99969,0.87905,0.99098,0.99614,0.99799,100.0,0.65,0.54,0.48,0.72,50.02,50.81,51.35,49.58,0.994,0.995,0.995,0.994,/tmpdir/crf_16.mpd,/videos/BigBuckBunny-2160.avi
12706,0.99562,5.21932,0.99835,47.84587,0.99958,0.8514,0.98416,0.99299,0.99623,100.0,0.91,0.66,0.55,1.07,48.53,49.96,50.76,47.85,0.994,0.995,0.995,0.994,/tmpdir/crf_16.mpd,/videos/BigBuckBunny-2160.avi
12707,0.99766,5.24071,0.99837,49.45818,0.99964,0.87769,0.99057,0.99601,0.9979,100.0,0.66,0.55,0.48,0.74,49.91,50.7,51.29,49.46,0.994,0.995,0.995,0.994,/tmpdir/crf_16.mpd,/videos/BigBuckBunny-2160.avi
12708,0.9957,5.24071,0.99831,47.7718,0.99956,0.85006,0.98386,0.99278,0.99615,100.0,0.93,0.68,0.57,1.09,48.43,49.77,50.58,47.77,0.994,0.994,0.995,0.994,/tmpdir/crf_16.mpd,/videos/BigBuckBunny-2160.avi
12709,0.99756,5.22001,0.99835,49.31729,0.99964,0.87489,0.98979,0.99563,0.99771,100.0,0.69,0.57,0.5,0.76,49.76,50.56,51.1,49.32,0.994,0.995,0.995,0.993,/tmpdir/crf_16.mpd,/videos/BigBuckBunny-2160.avi
12710,0.99579,5.22001,0.99831,47.81527,0.99956,0.85057,0.98357,0.99258,0.99608,100.0,0.93,0.69,0.57,1.08,48.45,49.72,50.54,47.82,0.994,0.994,0.995,0.994,/tmpdir/crf_16.mpd,/videos/BigBuckBunny-2160.avi
12711,0.99751,5.04211,0.99834,49.44163,0.99964,0.87538,0.98993,0.9957,0.99772,100.0,0.67,0.55,0.48,0.74,49.9,50.72,51.27,49.44,0.994,0.995,0.995,0.993,/tmpdir/crf_16.mpd,/videos/BigBuckBunny-2160.avi
12712,0.99556,5.04211,0.99827,47.92209,0.99954,0.85065,0.9835,0.99265,0.9961,100.0,0.91,0.68,0.56,1.05,48.56,49.8,50.65,47.92,0.994,0.994,0.995,0.994,/tmpdir/crf_16.mpd,/videos/BigBuckBunny-2160.avi
12713,0.99756,5.00428,0.99832,49.47315,0.99963,0.87454,0.98978,0.99576,0.99786,100.0,0.66,0.54,0.48,0.73,49.93,50.77,51.28,49.47,0.994,0.995,0.995,0.993,/tmpdir/crf_16.mpd,/videos/BigBuckBunny-2160.avi
12714,0.99536,5.00428,0.99826,47.89284,0.99953,0.8492,0.9832,0.99249,0.99595,100.0,0.91,0.69,0.57,1.06,48.52,49.76,50.59,47.89,0.994,0.994,0.995,0.994,/tmpdir/crf_16.mpd,/videos/BigBuckBunny-2160.avi
12715,0.99751,4.98137,0.99832,49.48666,0.99963,0.87455,0.98941,0.99551,0.99771,100.0,0.66,0.54,0.48,0.73,49.94,50.78,51.28,49.49,0.994,0.995,0.995,0.993,/tmpdir/crf_16.mpd,/videos/BigBuckBunny-2160.avi
12716,0.99559,4.98137,0.99828,47.99215,0.99954,0.85137,0.98322,0.99239,0.99587,100.0,0.9,0.68,0.56,1.03,48.61,49.79,50.62,47.99,0.994,0.994,0.995,0.994,/tmpdir/crf_16.mpd,/videos/BigBuckBunny-2160.avi
12717,0.99736,4.98846,0.99832,49.44355,0.99964,0.87276,0.989,0.99529,0.99754,100.0,0.66,0.54,0.48,0.74,49.92,50.83,51.29,49.44,0.994,0.995,0.995,0.993,/tmpdir/crf_16.mpd,/videos/BigBuckBunny-2160.avi
12718,0.99564,4.98846,0.99826,48.02768,0.99954,0.8496,0.98287,0.99234,0.9959,100.0,0.88,0.66,0.55,1.02,48.67,49.96,50.73,48.03,0.994,0.994,0.995,0.994,/tmpdir/crf_16.mpd,/videos/BigBuckBunny-2160.avi
12719,0.99739,5.00023,0.99831,49.53091,0.99964,0.87251,0.98887,0.99533,0.99766,100.0,0.65,0.52,0.47,0.72,50.01,50.96,51.4,49.53,0.994,0.995,0.995,0.993,/tmpdir/crf_16.mpd,/videos/BigBuckBunny-2160.avi
12720,0.99536,5.00023,0.99825,48.03085,0.99954,0.84971,0.98243,0.99207,0.9958,100.0,0.88,0.64,0.54,1.02,48.7,50.09,50.84,48.03,0.994,0.995,0.995,0.994,/tmpdir/crf_16.mpd,/videos/BigBuckBunny-2160.avi
12721,0.99736,5.06169,0.99832,49.46835,0.99964,0.87116,0.98849,0.99511,0.99746,100.0,0.66,0.52,0.47,0.73,49.97,50.95,51.41,49.47,0.994,0.995,0.995,0.993,/tmpdir/crf_16.mpd,/videos/BigBuckBunny-2160.avi
12722,0.9976,5.06169,0.99817,49.16908,0.99957,0.86713,0.98803,0.99492,0.99731,100.0,0.69,0.54,0.48,0.79,49.71,50.81,51.31,49.17,0.994,0.995,0.995,0.993,/tmpdir/crf_16.mpd,/videos/BigBuckBunny-2160.avi
12723,0.99766,5.1151,0.99823,49.3903,0.9996,0.86952,0.98889,0.99538,0.99757,100.0,0.66,0.52,0.47,0.75,49.91,50.97,51.44,49.39,0.994,0.995,0.995,0.993,/tmpdir/crf_16.mpd,/videos/BigBuckBunny-2160.avi
12724,0.99532,5.1151,0.99817,47.90053,0.9995,0.84548,0.98097,0.99124,0.99512,100.0,0.9,0.63,0.54,1.05,48.6,50.11,50.84,47.9,0.994,0.994,0.995,0.993,/tmpdir/crf_16.mpd,/videos/BigBuckBunny-2160.avi
12725,0.99741,5.30443,0.99826,49.3003,0.99961,0.86644,0.98704,0.9942,0.99671,100.0,0.67,0.52,0.47,0.76,49.85,51.01,51.42,49.3,0.994,0.995,0.995,0.993,/tmpdir/crf_16.mpd,/videos/BigBuckBunny-2160.avi
12726,0.99518,5.30443,0.99818,47.77736,0.99951,0.84255,0.98041,0.99092,0.99487,100.0,0.92,0.64,0.54,1.08,48.5,50.09,50.82,47.78,0.994,0.995,0.995,0.993,/tmpdir/crf_16.mpd,/videos/BigBuckBunny-2160.avi
12727,0.99719,5.24891,0.99826,49.35284,0.99962,0.86565,0.9868,0.99408,0.99671,100.0,0.66,0.5,0.45,0.75,49.92,51.15,51.57,49.35,0.994,0.995,0.995,0.993,/tmpdir/crf_16.mpd,/videos/BigBuckBunny-2160.avi
12728,0.99753,5.24891,0.99814,49.21175,0.99955,0.86478,0.98724,0.99457,0.99701,100.0,0.68,0.5,0.46,0.78,49.8,51.12,51.51,49.21,0.994,0.995,0.995,0.993,/tmpdir/crf_16.mpd,/videos/BigBuckBunny-2160.avi
12729,0.99561,5.02292,0.99794,47.91397,0.99939,0.83873,0.97925,0.99044,0.99462,100.0,0.87,0.53,0.49,1.05,48.73,50.87,51.24,47.91,0.994,0.995,0.995,0.993,/tmpdir/crf_16.mpd,/videos/BigBuckBunny-2160.avi
12730,0.99724,5.02292,0.99819,49.51911,0.9996,0.86404,0.9864,0.99408,0.99671,100.0,0.64,0.48,0.45,0.73,50.08,51.31,51.62,49.52,0.994,0.995,0.995,0.993,/tmpdir/crf_16.mpd,/videos/BigBuckBunny-2160.avi
12731,0.99756,5.06369,0.99817,49.46146,0.99958,0.8653,0.98744,0.99476,0.99725,100.0,0.64,0.47,0.44,0.74,50.05,51.39,51.72,49.46,0.994,0.995,0.995,0.993,/tmpdir/crf_16.mpd,/videos/BigBuckBunny-2160.avi
12732,0.99546,5.06369,0.99812,47.94155,0.99949,0.84143,0.97975,0.99085,0.99503,100.0,0.87,0.57,0.5,1.04,48.72,50.6,51.17,47.94,0.994,0.995,0.995,0.993,/tmpdir/crf_16.mpd,/videos/BigBuckBunny-2160.avi
12733,0.99748,5.21803,0.99824,49.52208,0.99961,0.86531,0.98689,0.99416,0.9967,100.0,0.63,0.46,0.43,0.73,50.13,51.52,51.84,49.52,0.994,0.995,0.995,0.993,/tmpdir/crf_16.mpd,/videos/BigBuckBunny-2160.avi
12734,0.99553,5.21803,0.99811,47.98499,0.9995,0.84051,0.97939,0.99058,0.99488,100.0,0.86,0.54,0.47,1.03,48.79,50.78,51.41,47.98,0.994,0.995,0.995,0.993,/tmpdir/crf_16.mpd,/videos/BigBuckBunny-2160.avi
12735,0.99741,5.36365,0.99822,49.55475,0.99961,0.8645,0.98669,0.99405,0.9967,100.0,0.62,0.43,0.41,0.72,50.21,51.79,52.02,49.55,0.994,0.995,0.995,0.993,/tmpdir/crf_16.mpd,/videos/BigBuckBunny-2160.avi
12736,0.99527,5.36365,0.9981,48.06678,0.99949,0.84153,0.97948,0.99048,0.9947,100.0,0.84,0.52,0.45,1.01,48.9,50.99,51.56,48.07,0.994,0.995,0.995,0.993,/tmpdir/crf_16.mpd,/videos/BigBuckBunny-2160.avi
12737,0.99747,5.48753,0.9982,49.49945,0.9996,0.86324,0.98643,0.99398,0.99674,100.0,0.63,0.43,0.41,0.73,50.16,51.77,51.99,49.5,0.994,0.995,0.995,0.993,/tmpdir/crf_16.mpd,/videos/BigBuckBunny-2160.avi
12738,0.99559,5.48753,0.99804,47.97744,0.99947,0.83955,0.97973,0.99069,0.99491,100.0,0.85,0.51,0.45,1.04,48.84,51.08,51.61,47.98,0.994,0.995,0.995,0.993,/tmpdir/crf_16.mpd,/videos/BigBuckBunny-2160.avi
12739,0.99725,5.57805,0.99819,49.41698,0.99959,0.86172,0.98633,0.99379,0.99648,100.0,0.63,0.43,0.41,0.74,50.1,51.83,52.03,49.42,0.994,0.995,0.995,0.993,/tmpdir/crf_16.mpd,/videos/BigBuckBunny-2160.avi
12740,0.99775,5.57805,0.9981,49.32548,0.99955,0.86161,0.98677,0.99427,0.99687,100.0,0.64,0.42,0.41,0.76,50.04,51.86,52.03,49.33,0.994,0.995,0.995,0.993,/tmpdir/crf_16.mpd,/videos/BigBuckBunny-2160.avi
12741,0.99587,5.69307,0.9979,47.80023,0.99938,0.835,0.97842,0.98989,0.99438,100.0,0.87,0.46,0.44,1.08,48.74,51.53,51.65,47.8,0.993,0.995,0.995,0.993,/tmpdir/crf_16.mpd,/videos/BigBuckBunny-2160.avi
12742,0.99775,5.69307,0.99815,49.32802,0.99958,0.85983,0.98601,0.99385,0.99662,100.0,0.64,0.41,0.41,0.76,50.05,51.95,52.03,49.33,0.994,0.995,0.995,0.993,/tmpdir/crf_16.mpd,/videos/BigBuckBunny-2160.avi
12743,0.99608,5.13107,0.99787,47.71209,0.99935,0.8356,0.97919,0.99034,0.99446,100.0,0.88,0.45,0.44,1.1,48.67,51.56,51.72,47.71,0.993,0.995,0.995,0.993,/tmpdir/crf_16.mpd,/videos/BigBuckBunny-2160.avi
12744,0.99774,5.13107,0.99817,49.36689,0.99959,0.86168,0.98633,0.99387,0.99653,100.0,0.64,0.4,0.4,0.75,50.1,52.07,52.13,49.37,0.994,0.995,0.995,0.993,/tmpdir/crf_16.mpd,/videos/BigBuckBunny-2160.avi
12745,0.9992,4.89435,0.99911,52.05533,0.99987,0.91667,0.99579,0.99834,0.99918,100.0,0.34,0.21,0.21,0.41,52.8,54.83,54.87,52.06,0.996,0.997,0.997,0.995,/tmpdir/crf_16.mpd,/videos/BigBuckBunny-2160.avi
12746,0.99602,4.89435,0.99856,48.86153,0.99963,0.86512,0.98443,0.99279,0.99608,100.0,0.66,0.29,0.28,0.85,49.95,53.49,53.67,48.86,0.995,0.997,0.997,0.994,/tmpdir/crf_16.mpd,/videos/BigBuckBunny-2160.avi
12747,0.99525,4.71456,0.99827,48.40415,0.99947,0.85712,0.98236,0.99164,0.99535,100.0,0.74,0.34,0.33,0.94,49.45,52.87,52.92,48.4,0.995,0.996,0.996,0.994,/tmpdir/crf_16.mpd,/videos/BigBuckBunny-2160.avi
12748,0.99707,4.71456,0.99849,50.10471,0.99963,0.88084,0.98814,0.99414,0.99645,100.0,0.52,0.29,0.3,0.63,50.96,53.46,53.38,50.1,0.995,0.996,0.996,0.994,/tmpdir/crf_16.mpd,/videos/BigBuckBunny-2160.avi
12749,0.99574,4.69613,0.99816,48.27612,0.99945,0.85158,0.9808,0.9907,0.99465,100.0,0.76,0.35,0.34,0.97,49.33,52.72,52.86,48.28,0.994,0.996,0.996,0.993,/tmpdir/crf_16.mpd,/videos/BigBuckBunny-2160.avi
12750,0.99768,4.69613,0.99839,50.03431,0.99961,0.87673,0.98714,0.9937,0.9962,100.0,0.53,0.29,0.3,0.65,50.89,53.46,53.3,50.03,0.995,0.996,0.996,0.994,/tmpdir/crf_16.mpd,/videos/BigBuckBunny-2160.avi
12751,0.99572,4.60847,0.99821,48.9265,0.9995,0.85744,0.98076,0.99062,0.99454,100.0,0.66,0.32,0.33,0.83,49.91,53.03,52.92,48.93,0.994,0.996,0.996,0.993,/tmpdir/crf_16.mpd,/videos/BigBuckBunny-2160.avi
12752,0.99521,4.60847,0.99811,48.25941,0.99942,0.84861,0.97937,0.99027,0.99457,100.0,0.76,0.34,0.35,0.97,49.3,52.77,52.66,48.26,0.994,0.996,0.996,0.993,/tmpdir/crf_16.mpd,/videos/BigBuckBunny-2160.avi
12753,0.99762,4.6586,0.99843,50.10513,0.99963,0.8762,0.98754,0.994,0.99647,100.0,0.52,0.29,0.3,0.63,50.96,53.53,53.39,50.11,0.995,0.996,0.996,0.994,/tmpdir/crf_16.mpd,/videos/BigBuckBunny-2160.avi
12754,0.99518,4.6586,0.9983,48.4015,0.99954,0.85275,0.98111,0.99086,0.99485,100.0,0.74,0.33,0.32,0.94,49.47,52.97,53.02,48.4,0.994,0.996,0.996,0.994,/tmpdir/crf_16.mpd,/videos/BigBuckBunny-2160.avi
12755,0.99755,4.73555,0.99843,49.99259,0.99966,0.87543,0.98806,0.99437,0.99677,100.0,0.53,0.29,0.3,0.65,50.87,53.56,53.36,49.99,0.995,0.996,0.996,0.994,/tmpdir/crf_16.mpd,/videos/BigBuckBunny-2160.avi
12756,0.99608,4.73555,0.99834,48.4366,0.99959,0.85199,0.98105,0.99088,0.99487,100.0,0.73,0.3,0.33,0.93,49.52,53.34,52.98,48.44,0.994,0.996,0.996,0.993,/tmpdir/crf_16.mpd,/videos/BigBuckBunny-2160.avi
12757,0.99536,4.74542,0.99822,48.32287,0.99952,0.8487,0.9799,0.99027,0.99437,100.0,0.75,0.31,0.33,0.96,49.41,53.16,52.92,48.32,0.994,0.996,0.996,0.993,/tmpdir/crf_16.mpd,/videos/BigBuckBunny-2160.avi
12758,0.9978,4.74542,0.99841,49.90361,0.99965,0.8726,0.98673,0.99347,0.99603,100.0,0.54,0.28,0.3,0.66,50.81,53.59,53.41,49.9,0.994,0.996,0.996,0.994,/tmpdir/crf_16.mpd,/videos/BigBuckBunny-2160.avi
12759,0.99519,4.82965,0.99824,48.21891,0.99953,0.84892,0.98033,0.99037,0.99436,100.0,0.76,0.31,0.33,0.98,49.33,53.23,52.97,48.22,0.994,0.996,0.996,0.993,/tmpdir/crf_16.mpd,/videos/BigBuckBunny-2160.avi
12760,0.99775,4.82965,0.99841,49.70236,0.99966,0.87141,0.98733,0.99394,0.99642,100.0,0.56,0.29,0.31,0.7,50.62,53.51,53.26,49.7,0.994,0.996,0.996,0.993,/tmpdir/crf_16.mpd,/videos/BigBuckBunny-2160.avi
12761,0.9956,4.69811,0.99833,48.69966,0.99957,0.85509,0.98185,0.99119,0.99488,100.0,0.69,0.29,0.32,0.88,49.76,53.49,53.02,48.7,0.994,0.996,0.996,0.993,/tmpdir/crf_16.mpd,/videos/BigBuckBunny-2160.avi
12762,0.99539,4.69811,0.99824,48.18073,0.99951,0.84895,0.98072,0.99102,0.99502,100.0,0.77,0.3,0.34,0.99,49.29,53.35,52.76,48.18,0.994,0.996,0.996,0.993,/tmpdir/crf_16.mpd,/videos/BigBuckBunny-2160.avi
12763,0.99791,4.51801,0.99847,50.07472,0.99969,0.87588,0.98951,0.99524,0.99727,100.0,0.52,0.27,0.29,0.64,50.97,53.82,53.45,50.07,0.994,0.996,0.996,0.994,/tmpdir/crf_16.mpd,/videos/BigBuckBunny-2160.avi
12764,0.99533,4.51801,0.99837,48.4742,0.9996,0.85363,0.98204,0.99144,0.99513,100.0,0.71,0.28,0.31,0.92,49.59,53.64,53.18,48.47,0.994,0.996,0.996,0.994,/tmpdir/crf_16.mpd,/videos/BigBuckBunny-2160.avi
12765,0.99799,4.55961,0.99845,49.95716,0.99968,0.87519,0.9897,0.99546,0.9975,100.0,0.53,0.26,0.29,0.66,50.89,53.92,53.48,49.96,0.994,0.996,0.996,0.993,/tmpdir/crf_16.mpd,/videos/BigBuckBunny-2160.avi
12766,0.99592,4.55961,0.99834,48.50185,0.99961,0.85287,0.9827,0.99202,0.99554,100.0,0.71,0.27,0.31,0.92,49.62,53.74,53.21,48.5,0.994,0.996,0.996,0.993,/tmpdir/crf_16.mpd,/videos/BigBuckBunny-2160.avi
12767,0.99641,4.54599,0.99826,48.4017,0.99956,0.85158,0.9825,0.99206,0.99576,100.0,0.73,0.28,0.32,0.94,49.52,53.63,53.08,48.4,0.994,0.996,0.996,0.993,/tmpdir/crf_16.mpd,/videos/BigBuckBunny-2160.avi
12768,0.99797,4.54599,0.99841,49.91444,0.99967,0.87574,0.99056,0.99609,0.99805,100.0,0.53,0.26,0.29,0.66,50.86,53.9,53.57,49.91,0.994,0.996,0.996,0.993,/tmpdir/crf_16.mpd,/videos/BigBuckBunny-2160.avi
12769,0.99614,4.50526,0.99831,48.80754,0.99959,0.85713,0.98467,0.99325,0.9965,100.0,0.67,0.28,0.31,0.86,49.88,53.72,53.23,48.81,0.994,0.996,0.996,0.993,/tmpdir/crf_16.mpd,/videos/BigBuckBunny-2160.avi
12770,0.99504,4.50526,0.99824,48.22464,0.99953,0.8503,0.98204,0.99169,0.99553,100.0,0.76,0.29,0.33,0.98,49.35,53.54,52.95,48.22,0.994,0.996,0.996,0.993,/tmpdir/crf_16.mpd,/videos/BigBuckBunny-2160.avi
12771,0.99817,4.59894,0.99845,49.92236,0.99967,0.87725,0.99187,0.99692,0.99855,100.0,0.53,0.27,0.29,0.66,50.85,53.85,53.48,49.92,0.994,0.996,0.996,0.994,/tmpdir/crf_16.mpd,/videos/BigBuckBunny-2160.avi
12772,0.99567,4.59894,0.99836,48.40837,0.9996,0.85466,0.9841,0.99283,0.99617,100.0,0.72,0.28,0.3,0.94,49.55,53.71,53.33,48.41,0.994,0.996,0.996,0.994,/tmpdir/crf_16.mpd,/videos/BigBuckBunny-2160.avi
12773,0.99792,4.57955,0.9984,49.89686,0.99966,0.87642,0.99152,0.9967,0.99843,100.0,0.53,0.26,0.28,0.67,50.85,53.98,53.63,49.9,0.994,0.997,0.996,0.993,/tmpdir/crf_16.mpd,/videos/BigBuckBunny-2160.avi
12774,0.99537,4.57955,0.99833,48.39951,0.99959,0.85377,0.98348,0.99245,0.99595,100.0,0.72,0.27,0.29,0.94,49.55,53.79,53.44,48.4,0.994,0.996,0.996,0.993,/tmpdir/crf_16.mpd,/videos/BigBuckBunny-2160.avi
12775,0.99795,4.53529,0.99838,49.95111,0.99966,0.87639,0.99162,0.99681,0.99853,100.0,0.53,0.25,0.27,0.66,50.92,54.07,53.78,49.95,0.994,0.997,0.996,0.993,/tmpdir/crf_16.mpd,/videos/BigBuckBunny-2160.avi
12776,0.99561,4.53529,0.99833,48.37503,0.99959,0.85365,0.98369,0.99258,0.9961,100.0,0.72,0.27,0.29,0.95,49.53,53.77,53.52,48.38,0.994,0.996,0.996,0.993,/tmpdir/crf_16.mpd,/videos/BigBuckBunny-2160.avi
12777,0.99789,4.56583,0.99839,49.88781,0.99967,0.87565,0.99144,0.99663,0.99837,100.0,0.53,0.26,0.27,0.67,50.87,54.01,53.87,49.89,0.994,0.997,0.996,0.993,/tmpdir/crf_16.mpd,/videos/BigBuckBunny-2160.avi
12778,0.99606,4.56583,0.99827,48.40355,0.99959,0.85158,0.98358,0.99271,0.99619,100.0,0.72,0.27,0.28,0.94,49.57,53.78,53.67,48.4,0.994,0.996,0.996,0.993,/tmpdir/crf_16.mpd,/videos/BigBuckBunny-2160.avi
12779,0.99537,4.57466,0.99819,48.33192,0.99954,0.85054,0.98296,0.99236,0.99593,100.0,0.73,0.28,0.29,0.95,49.48,53.61,53.5,48.33,0.994,0.996,0.996,0.993,/tmpdir/crf_16.mpd,/videos/BigBuckBunny-2160.avi
12780,0.99816,4.57466,0.99835,49.81559,0.99965,0.8752,0.99161,0.9968,0.99857,100.0,0.54,0.26,0.25,0.68,50.82,53.91,54.08,49.82,0.994,0.997,0.997,0.993,/tmpdir/crf_16.mpd,/videos/BigBuckBunny-2160.avi
12781,0.99596,4.62393,0.99823,48.29143,0.99955,0.85085,0.98366,0.99265,0.99619,100.0,0.74,0.28,0.28,0.96,49.46,53.61,53.68,48.29,0.994,0.996,0.996,0.993,/tmpdir/crf_16.mpd,/videos/BigBuckBunny-2160.avi
12782,0.99806,4.62393,0.99833,49.73263,0.99964,0.87382,0.99118,0.99659,0.99842,100.0,0.55,0.27,0.25,0.69,50.75,53.86,54.14,49.73,0.994,0.996,0.997,0.993,/tmpdir/crf_16.mpd,/videos/BigBuckBunny-2160.avi
12783,0.99611,4.65851,0.99822,48.21775,0.99955,0.85027,0.98385,0.99287,0.9963,100.0,0.75,0.28,0.27,0.98,49.4,53.61,53.75,48.22,0.994,0.996,0.996,0.993,/tmpdir/crf_16.mpd,/videos/BigBuckBunny-2160.avi
12784,0.99807,4.65851,0.99832,49.70347,0.99964,0.87402,0.99125,0.99665,0.99842,100.0,0.55,0.26,0.24,0.7,50.74,53.95,54.31,49.7,0.994,0.997,0.997,0.993,/tmpdir/crf_16.mpd,/videos/BigBuckBunny-2160.avi
12785,0.99603,4.59079,0.99823,48.7091,0.99955,0.85539,0.98458,0.99331,0.99655,100.0,0.67,0.27,0.27,0.88,49.85,53.81,53.86,48.71,0.994,0.996,0.997,0.993,/tmpdir/crf_16.mpd,/videos/BigBuckBunny-2160.avi
12786,0.99509,4.59079,0.99814,48.12923,0.99947,0.84848,0.98248,0.99239,0.99604,100.0,0.76,0.28,0.28,1.0,49.33,53.67,53.72,48.13,0.994,0.996,0.996,0.993,/tmpdir/crf_16.mpd,/videos/BigBuckBunny-2160.avi
12787,0.99814,4.57364,0.99844,49.95084,0.99967,0.87839,0.99241,0.99724,0.99874,100.0,0.52,0.25,0.23,0.66,50.99,54.19,54.55,49.95,0.995,0.997,0.997,0.994,/tmpdir/crf_16.mpd,/videos/BigBuckBunny-2160.avi
12788,0.99564,4.57364,0.99826,48.29633,0.99955,0.85283,0.98389,0.9929,0.99628,100.0,0.73,0.27,0.25,0.96,49.51,53.85,54.2,48.3,0.995,0.997,0.997,0.993,/tmpdir/crf_16.mpd,/videos/BigBuckBunny-2160.avi
12789,0.99806,4.4726,0.99836,49.81331,0.99965,0.87606,0.99182,0.99696,0.99858,100.0,0.53,0.25,0.22,0.68,50.88,54.16,54.69,49.81,0.995,0.997,0.997,0.993,/tmpdir/crf_16.mpd,/videos/BigBuckBunny-2160.avi
12790,0.99586,4.4726,0.99822,48.50228,0.99956,0.85199,0.98366,0.9928,0.99625,100.0,0.69,0.26,0.22,0.92,49.72,53.96,54.62,48.5,0.994,0.997,0.997,0.993,/tmpdir/crf_16.mpd,/videos/BigBuckBunny-2160.avi
12791,0.9956,4.34644,0.99813,48.43924,0.9995,0.85084,0.98326,0.99269,0.99619,100.0,0.7,0.27,0.22,0.93,49.66,53.86,54.64,48.44,0.994,0.997,0.997,0.993,/tmpdir/crf_16.mpd,/videos/BigBuckBunny-2160.avi
12792,0.99792,4.34644,0.99834,49.95763,0.99964,0.87654,0.99186,0.997,0.9987,100.0,0.51,0.24,0.2,0.66,51.05,54.29,55.23,49.96,0.995,0.997,0.997,0.993,/tmpdir/crf_16.mpd,/videos/BigBuckBunny-2160.avi
12793,0.99581,4.40797,0.99817,48.39742,0.99952,0.85116,0.9841,0.99297,0.99627,100.0,0.71,0.27,0.22,0.94,49.63,53.83,54.73,48.4,0.994,0.996,0.997,0.993,/tmpdir/crf_16.mpd,/videos/BigBuckBunny-2160.avi
12794,0.99784,4.40797,0.9983,49.79573,0.99963,0.87446,0.99142,0.99678,0.99854,100.0,0.53,0.25,0.2,0.68,50.9,54.23,55.13,49.8,0.995,0.997,0.997,0.993,/tmpdir/crf_16.mpd,/videos/BigBuckBunny-2160.avi
12795,0.99603,4.45947,0.99823,48.81287,0.99953,0.85637,0.9846,0.99341,0.99673,100.0,0.65,0.26,0.21,0.85,50.01,54.0,54.86,48.81,0.995,0.997,0.997,0.993,/tmpdir/crf_16.mpd,/videos/BigBuckBunny-2160.avi
12796,0.99545,4.45947,0.99809,48.21169,0.99943,0.84917,0.98235,0.9922,0.99581,100.0,0.73,0.27,0.2,0.98,49.48,53.88,55.07,48.21,0.994,0.997,0.997,0.993,/tmpdir/crf_16.mpd,/videos/BigBuckBunny-2160.avi
12797,0.99812,4.45246,0.99846,50.12637,0.99968,0.87995,0.99208,0.99699,0.99853,100.0,0.49,0.23,0.18,0.63,51.24,54.52,55.66,50.13,0.995,0.997,0.997,0.994,/tmpdir/crf_16.mpd,/videos/BigBuckBunny-2160.avi
12798,0.99612,4.45246,0.99819,48.37111,0.9995,0.85276,0.98355,0.99288,0.99635,100.0,0.7,0.26,0.18,0.95,49.66,54.05,55.58,48.37,0.995,0.997,0.998,0.993,/tmpdir/crf_16.mpd,/videos/BigBuckBunny-2160.avi
12799,0.99809,4.46298,0.99834,49.89114,0.99963,0.8769,0.99188,0.99705,0.9987,100.0,0.51,0.23,0.19,0.67,51.02,54.49,55.34,49.89,0.995,0.997,0.997,0.993,/tmpdir/crf_16.mpd,/videos/BigBuckBunny-2160.avi
12800,0.99635,4.46298,0.99816,48.29849,0.99949,0.85134,0.98338,0.99285,0.99633,100.0,0.72,0.26,0.2,0.96,49.57,54.04,55.03,48.3,0.995,0.997,0.997,0.993,/tmpdir/crf_16.mpd,/videos/BigBuckBunny-2160.avi
12801,0.998,4.44588,0.99833,49.94229,0.99964,0.87714,0.99187,0.99706,0.99878,100.0,0.5,0.23,0.16,0.66,51.11,54.6,56.04,49.94,0.995,0.997,0.998,0.993,/tmpdir/crf_16.mpd,/videos/BigBuckBunny-2160.avi
12802,0.99603,4.44588,0.99821,48.43693,0.99954,0.85076,0.98279,0.99243,0.99617,100.0,0.69,0.24,0.17,0.93,49.75,54.38,55.89,48.44,0.995,0.997,0.998,0.993,/tmpdir/crf_16.mpd,/videos/BigBuckBunny-2160.avi
12803,0.99584,4.43354,0.9981,48.29916,0.99946,0.8499,0.98264,0.99247,0.99635,100.0,0.7,0.24,0.14,0.96,49.65,54.36,56.69,48.3,0.995,0.997,0.998,0.993,/tmpdir/crf_16.mpd,/videos/BigBuckBunny-2160.avi
12804,0.99819,4.43354,0.99837,49.96183,0.99964,0.87737,0.99149,0.99671,0.99843,100.0,0.5,0.21,0.18,0.66,51.12,54.85,55.62,49.96,0.995,0.997,0.997,0.994,/tmpdir/crf_16.mpd,/videos/BigBuckBunny-2160.avi
12805,0.99602,4.43818,0.9981,48.29991,0.99945,0.85162,0.98353,0.99278,0.99622,100.0,0.71,0.24,0.16,0.96,49.63,54.36,56.02,48.3,0.995,0.997,0.998,0.993,/tmpdir/crf_16.mpd,/videos/BigBuckBunny-2160.avi
12806,0.99802,4.43818,0.99828,49.93337,0.99961,0.87656,0.99154,0.99701,0.99868,100.0,0.51,0.22,0.21,0.66,51.04,54.76,54.89,49.93,0.995,0.997,0.997,0.993,/tmpdir/crf_16.mpd,/videos/BigBuckBunny-2160.avi
12807,0.99543,4.38784,0.99805,48.33735,0.99944,0.85094,0.9838,0.99314,0.99664,100.0,0.71,0.23,0.19,0.95,49.64,54.55,55.25,48.34,0.994,0.997,0.997,0.993,/tmpdir/crf_16.mpd,/videos/BigBuckBunny-2160.avi
12808,0.99787,4.38784,0.99829,49.98738,0.99961,0.87681,0.99155,0.99694,0.99868,100.0,0.5,0.2,0.17,0.65,51.18,55.12,55.92,49.99,0.995,0.997,0.998,0.993,/tmpdir/crf_16.mpd,/videos/BigBuckBunny-2160.avi
12809,0.99589,4.40483,0.99805,48.32248,0.99943,0.85084,0.98348,0.99298,0.99646,100.0,0.71,0.22,0.21,0.96,49.62,54.74,54.96,48.32,0.994,0.997,0.997,0.993,/tmpdir/crf_16.mpd,/videos/BigBuckBunny-2160.avi
12810,0.99792,4.40483,0.9983,49.98316,0.99961,0.87681,0.99133,0.99677,0.99861,100.0,0.5,0.2,0.19,0.65,51.14,55.18,55.36,49.98,0.995,0.997,0.997,0.993,/tmpdir/crf_16.mpd,/videos/BigBuckBunny-2160.avi
12811,0.99607,4.46846,0.99803,48.26922,0.99941,0.84982,0.98297,0.99256,0.99611,100.0,0.72,0.21,0.22,0.97,49.57,54.83,54.76,48.27,0.994,0.997,0.997,0.993,/tmpdir/crf_16.mpd,/videos/BigBuckBunny-2160.avi
12812,0.99796,4.46846,0.99829,49.94083,0.9996,0.8763,0.99102,0.99666,0.99851,100.0,0.5,0.19,0.19,0.66,51.11,55.27,55.3,49.94,0.995,0.997,0.997,0.993,/tmpdir/crf_16.mpd,/videos/BigBuckBunny-2160.avi
12813,0.99583,4.50052,0.99803,48.21264,0.99942,0.84938,0.98316,0.99272,0.99621,100.0,0.73,0.21,0.24,0.98,49.5,54.88,54.3,48.21,0.994,0.997,0.997,0.993,/tmpdir/crf_16.mpd,/videos/BigBuckBunny-2160.avi
12814,0.9979,4.50052,0.99831,49.90329,0.99961,0.87591,0.99088,0.99662,0.99848,100.0,0.51,0.19,0.21,0.66,51.05,55.25,54.92,49.9,0.995,0.997,0.997,0.994,/tmpdir/crf_16.mpd,/videos/BigBuckBunny-2160.avi
12815,0.99569,4.4876,0.99803,48.19754,0.99941,0.84872,0.98248,0.99227,0.99583,100.0,0.73,0.2,0.25,0.98,49.49,55.09,54.18,48.2,0.994,0.997,0.997,0.993,/tmpdir/crf_16.mpd,/videos/BigBuckBunny-2160.avi
12816,0.99782,4.4876,0.9983,49.87104,0.99961,0.87465,0.99006,0.99605,0.99811,100.0,0.51,0.18,0.22,0.67,51.02,55.48,54.69,49.87,0.995,0.997,0.997,0.994,/tmpdir/crf_16.mpd,/videos/BigBuckBunny-2160.avi
12817,0.99538,4.37724,0.99802,48.22999,0.9994,0.84964,0.98263,0.99237,0.99611,100.0,0.73,0.19,0.26,0.98,49.52,55.31,53.99,48.23,0.994,0.997,0.997,0.993,/tmpdir/crf_16.mpd,/videos/BigBuckBunny-2160.avi
12818,0.99793,4.37724,0.99832,49.9894,0.99961,0.87654,0.99014,0.9961,0.99818,100.0,0.5,0.17,0.23,0.65,51.14,55.85,54.6,49.99,0.995,0.998,0.997,0.994,/tmpdir/crf_16.mpd,/videos/BigBuckBunny-2160.avi
12819,0.99611,4.27794,0.99821,48.94307,0.99952,0.85742,0.98373,0.99303,0.99648,100.0,0.63,0.18,0.26,0.83,50.17,55.64,53.98,48.94,0.995,0.998,0.996,0.993,/tmpdir/crf_16.mpd,/videos/BigBuckBunny-2160.avi
12820,0.99513,4.27794,0.99807,48.35015,0.99943,0.85037,0.98132,0.99184,0.99587,100.0,0.71,0.16,0.29,0.95,49.63,56.04,53.57,48.35,0.995,0.998,0.996,0.993,/tmpdir/crf_16.mpd,/videos/BigBuckBunny-2160.avi
12821,0.99817,4.2842,0.99847,50.35865,0.99967,0.88057,0.99051,0.9962,0.99821,100.0,0.46,0.14,0.23,0.6,51.49,56.6,54.53,50.36,0.995,0.998,0.997,0.994,/tmpdir/crf_16.mpd,/videos/BigBuckBunny-2160.avi
12822,0.99559,4.2842,0.99812,48.50117,0.99948,0.85202,0.98217,0.99224,0.99616,100.0,0.68,0.16,0.27,0.92,49.78,56.07,53.8,48.5,0.995,0.998,0.996,0.993,/tmpdir/crf_16.mpd,/videos/BigBuckBunny-2160.avi
12823,0.99805,4.45371,0.99834,50.19023,0.99962,0.87897,0.99055,0.99639,0.99843,100.0,0.48,0.14,0.25,0.62,51.32,56.58,54.23,50.19,0.995,0.998,0.997,0.994,/tmpdir/crf_16.mpd,/videos/BigBuckBunny-2160.avi
12824,0.99552,4.45371,0.9981,48.41156,0.99947,0.85133,0.98259,0.99256,0.99641,100.0,0.7,0.15,0.28,0.94,49.69,56.28,53.61,48.41,0.995,0.998,0.996,0.993,/tmpdir/crf_16.mpd,/videos/BigBuckBunny-2160.avi
12825,0.99802,4.45057,0.99836,50.1516,0.99963,0.87804,0.99026,0.99622,0.99827,100.0,0.49,0.15,0.25,0.63,51.27,56.41,54.08,50.15,0.995,0.998,0.997,0.994,/tmpdir/crf_16.mpd,/videos/BigBuckBunny-2160.avi
12826,0.99601,4.45057,0.99812,48.45262,0.99949,0.84867,0.98106,0.99172,0.99593,100.0,0.69,0.16,0.27,0.93,49.74,56.13,53.88,48.45,0.995,0.998,0.996,0.993,/tmpdir/crf_16.mpd,/videos/BigBuckBunny-2160.avi
12827,0.99557,4.34641,0.99803,48.43296,0.99941,0.85115,0.98238,0.99237,0.99605,100.0,0.69,0.14,0.28,0.93,49.72,56.52,53.6,48.43,0.995,0.998,0.996,0.993,/tmpdir/crf_16.mpd,/videos/BigBuckBunny-2160.avi
12828,0.99819,4.34641,0.99838,50.2108,0.99963,0.87813,0.9897,0.99588,0.99801,100.0,0.48,0.13,0.25,0.62,51.36,56.99,54.24,50.21,0.995,0.998,0.997,0.994,/tmpdir/crf_16.mpd,/videos/BigBuckBunny-2160.avi
12829,0.9961,4.49031,0.99819,48.83444,0.99952,0.85515,0.98234,0.99232,0.99613,100.0,0.64,0.15,0.27,0.85,50.1,56.51,53.84,48.83,0.995,0.998,0.996,0.993,/tmpdir/crf_16.mpd,/videos/BigBuckBunny-2160.avi
12830,0.99502,4.49031,0.99805,48.2108,0.99942,0.84664,0.97931,0.99086,0.9955,100.0,0.73,0.16,0.3,0.98,49.5,56.15,53.4,48.21,0.995,0.998,0.996,0.993,/tmpdir/crf_16.mpd,/videos/BigBuckBunny-2160.avi
12831,0.99792,4.61817,0.99844,50.1326,0.99965,0.87906,0.98953,0.99566,0.99792,100.0,0.49,0.14,0.26,0.63,51.26,56.68,54.06,50.13,0.995,0.998,0.996,0.994,/tmpdir/crf_16.mpd,/videos/BigBuckBunny-2160.avi
12832,0.99568,4.61817,0.9981,48.39709,0.99949,0.84826,0.9802,0.99108,0.99542,100.0,0.7,0.16,0.28,0.94,49.68,56.18,53.66,48.4,0.995,0.998,0.996,0.993,/tmpdir/crf_16.mpd,/videos/BigBuckBunny-2160.avi
12833,0.99541,4.72439,0.99798,48.267,0.99938,0.84905,0.98137,0.99183,0.99578,100.0,0.72,0.15,0.29,0.97,49.55,56.24,53.46,48.27,0.994,0.998,0.996,0.993,/tmpdir/crf_16.mpd,/videos/BigBuckBunny-2160.avi
12834,0.99783,4.72439,0.99834,50.04618,0.99961,0.8766,0.98889,0.99546,0.99772,100.0,0.5,0.15,0.26,0.64,51.17,56.45,54.01,50.05,0.995,0.998,0.996,0.994,/tmpdir/crf_16.mpd,/videos/BigBuckBunny-2160.avi
12835,0.9954,4.59784,0.99788,48.27849,0.99936,0.84598,0.98065,0.9914,0.99544,100.0,0.72,0.16,0.28,0.97,49.57,56.12,53.64,48.28,0.994,0.998,0.996,0.993,/tmpdir/crf_16.mpd,/videos/BigBuckBunny-2160.avi
12836,0.99774,4.59784,0.99823,50.11842,0.99957,0.8736,0.98768,0.9948,0.99732,100.0,0.49,0.15,0.25,0.63,51.23,56.26,54.11,50.12,0.995,0.998,0.997,0.993,/tmpdir/crf_16.mpd,/videos/BigBuckBunny-2160.avi
12837,0.99563,4.46209,0.99792,48.33188,0.99936,0.84684,0.98117,0.99168,0.99555,100.0,0.71,0.19,0.28,0.95,49.59,55.43,53.62,48.33,0.994,0.998,0.996,0.993,/tmpdir/crf_16.mpd,/videos/BigBuckBunny-2160.avi
12838,0.99772,4.46209,0.99824,50.07409,0.99958,0.87386,0.98796,0.99491,0.99724,100.0,0.5,0.18,0.26,0.64,51.15,55.59,54.03,50.07,0.995,0.998,0.997,0.993,/tmpdir/crf_16.mpd,/videos/BigBuckBunny-2160.avi
12839,0.99607,4.32809,0.99805,48.86648,0.99946,0.853,0.9812,0.99166,0.99557,100.0,0.64,0.19,0.27,0.84,50.07,55.25,53.88,48.87,0.994,0.997,0.996,0.993,/tmpdir/crf_16.mpd,/videos/BigBuckBunny-2160.avi
12840,0.99503,4.32809,0.99808,48.54464,0.99941,0.85014,0.97969,0.99084,0.99514,100.0,0.69,0.2,0.29,0.91,49.76,55.17,53.52,48.54,0.995,0.997,0.996,0.993,/tmpdir/crf_16.mpd,/videos/BigBuckBunny-2160.avi
12841,0.99776,4.2056,0.99837,50.40749,0.99962,0.8789,0.98846,0.99506,0.99741,100.0,0.46,0.17,0.24,0.59,51.49,55.91,54.38,50.41,0.995,0.998,0.997,0.994,/tmpdir/crf_16.mpd,/videos/BigBuckBunny-2160.avi
12842,0.9958,4.2056,0.99813,48.84873,0.99948,0.85243,0.98033,0.99136,0.99565,100.0,0.64,0.19,0.25,0.85,50.08,55.37,54.13,48.85,0.995,0.998,0.997,0.993,/tmpdir/crf_16.mpd,/videos/BigBuckBunny-2160.avi
12843,0.99539,4.27281,0.99797,48.49619,0.99935,0.85165,0.982,0.99229,0.99605,100.0,0.69,0.19,0.25,0.92,49.77,55.41,54.11,48.5,0.994,0.997,0.997,0.993,/tmpdir/crf_16.mpd,/videos/BigBuckBunny-2160.avi
12844,0.99861,4.27281,0.9983,50.26892,0.99959,0.88009,0.99025,0.99634,0.99839,100.0,0.47,0.18,0.22,0.61,51.38,55.69,54.66,50.27,0.995,0.998,0.997,0.994,/tmpdir/crf_16.mpd,/videos/BigBuckBunny-2160.avi
12845,0.99649,4.48923,0.99814,48.88447,0.99948,0.85798,0.98329,0.99304,0.99663,100.0,0.64,0.21,0.24,0.84,50.1,54.94,54.35,48.88,0.995,0.997,0.997,0.993,/tmpdir/crf_16.mpd,/videos/BigBuckBunny-2160.avi
12846,0.99549,4.48923,0.99808,48.40525,0.9994,0.85286,0.98233,0.99263,0.99648,100.0,0.71,0.22,0.26,0.94,49.64,54.65,53.94,48.41,0.995,0.997,0.997,0.993,/tmpdir/crf_16.mpd,/videos/BigBuckBunny-2160.avi
12847,0.99864,4.73594,0.99835,50.1823,0.9996,0.88046,0.99084,0.9965,0.99841,100.0,0.49,0.2,0.22,0.62,51.27,55.16,54.67,50.18,0.995,0.997,0.997,0.994,/tmpdir/crf_16.mpd,/videos/BigBuckBunny-2160.avi
12848,0.9958,4.73594,0.99817,48.52158,0.99946,0.85357,0.9821,0.99219,0.99597,100.0,0.69,0.22,0.27,0.91,49.73,54.67,53.79,48.52,0.995,0.997,0.997,0.994,/tmpdir/crf_16.mpd,/videos/BigBuckBunny-2160.avi
12849,0.99646,4.61843,0.9982,48.8693,0.99949,0.86076,0.9838,0.99314,0.99658,100.0,0.64,0.22,0.24,0.84,50.08,54.64,54.41,48.87,0.995,0.997,0.997,0.994,/tmpdir/crf_16.mpd,/videos/BigBuckBunny-2160.avi
12850,0.99593,4.61843,0.99809,48.37122,0.99941,0.85372,0.98229,0.99244,0.99619,100.0,0.71,0.24,0.25,0.95,49.6,54.35,54.09,48.37,0.995,0.997,0.997,0.993,/tmpdir/crf_16.mpd,/videos/BigBuckBunny-2160.avi
12851,0.99802,4.93789,0.99839,50.20077,0.99963,0.88264,0.99137,0.9967,0.99842,100.0,0.48,0.21,0.21,0.62,51.29,54.98,54.95,50.2,0.995,0.997,0.997,0.994,/tmpdir/crf_16.mpd,/videos/BigBuckBunny-2160.avi
12852,0.99823,4.93789,0.99821,49.93141,0.99954,0.8808,0.99172,0.99708,0.9986,100.0,0.51,0.21,0.21,0.66,51.06,55.01,54.9,49.93,0.995,0.997,0.997,0.993,/tmpdir/crf_16.mpd,/videos/BigBuckBunny-2160.avi
12853,0.99934,4.44489,0.99908,52.38444,0.99986,0.92101,0.99608,0.99854,0.99938,100.0,0.29,0.13,0.14,0.38,53.45,57.13,56.79,52.38,0.996,0.998,0.998,0.995,/tmpdir/crf_16.mpd,/videos/BigBuckBunny-2160.avi
12854,0.99617,4.44489,0.99852,49.16492,0.99959,0.87132,0.98543,0.9936,0.99673,100.0,0.58,0.16,0.17,0.79,50.49,56.02,55.79,49.16,0.996,0.998,0.998,0.994,/tmpdir/crf_16.mpd,/videos/BigBuckBunny-2160.avi
12855,0.99557,4.5148,0.99826,48.69688,0.99943,0.86684,0.98566,0.99379,0.99691,100.0,0.65,0.18,0.2,0.88,50.01,55.62,55.15,48.7,0.995,0.998,0.997,0.994,/tmpdir/crf_16.mpd,/videos/BigBuckBunny-2160.avi
12856,0.99772,4.5148,0.99849,50.3333,0.9996,0.89378,0.9932,0.99751,0.99888,100.0,0.46,0.16,0.18,0.6,51.52,55.98,55.59,50.33,0.995,0.998,0.998,0.994,/tmpdir/crf_16.mpd,/videos/BigBuckBunny-2160.avi
12857,0.99543,4.99726,0.99816,48.46992,0.99941,0.86313,0.98617,0.99405,0.997,100.0,0.68,0.18,0.2,0.92,49.8,55.48,55.06,48.47,0.995,0.997,0.997,0.994,/tmpdir/crf_16.mpd,/videos/BigBuckBunny-2160.avi
12858,0.9979,4.99726,0.99835,50.19747,0.99955,0.89035,0.9935,0.99783,0.99908,100.0,0.48,0.18,0.2,0.62,51.35,55.6,55.2,50.2,0.995,0.998,0.997,0.994,/tmpdir/crf_16.mpd,/videos/BigBuckBunny-2160.avi
12859,0.99546,4.89961,0.99811,48.32995,0.99939,0.86083,0.98649,0.99441,0.99727,100.0,0.71,0.2,0.22,0.96,49.64,55.16,54.79,48.33,0.995,0.997,0.997,0.993,/tmpdir/crf_16.mpd,/videos/BigBuckBunny-2160.avi
12860,0.99783,4.89961,0.99831,50.04976,0.99953,0.88916,0.99427,0.99844,0.99953,100.0,0.49,0.19,0.21,0.64,51.19,55.36,54.93,50.05,0.995,0.997,0.997,0.994,/tmpdir/crf_16.mpd,/videos/BigBuckBunny-2160.avi
12861,0.99536,4.78793,0.99812,48.3186,0.9994,0.86139,0.9865,0.99447,0.99739,100.0,0.71,0.2,0.22,0.96,49.63,55.04,54.75,48.32,0.995,0.997,0.997,0.993,/tmpdir/crf_16.mpd,/videos/BigBuckBunny-2160.avi
12862,0.99772,4.78793,0.99829,50.03844,0.99952,0.88986,0.99432,0.99847,0.99954,100.0,0.5,0.19,0.21,0.64,51.16,55.23,54.84,50.04,0.995,0.997,0.997,0.994,/tmpdir/crf_16.mpd,/videos/BigBuckBunny-2160.avi
12863,0.99533,5.0802,0.9981,48.37147,0.9994,0.86139,0.98637,0.99446,0.99746,100.0,0.7,0.2,0.21,0.95,49.69,55.1,54.93,48.37,0.995,0.997,0.997,0.993,/tmpdir/crf_16.mpd,/videos/BigBuckBunny-2160.avi
12864,0.99796,5.0802,0.99829,50.0548,0.99952,0.8901,0.99462,0.99861,0.99956,100.0,0.5,0.2,0.2,0.64,51.18,55.17,55.02,50.05,0.995,0.997,0.997,0.994,/tmpdir/crf_16.mpd,/videos/BigBuckBunny-2160.avi
12865,0.99587,4.67008,0.99811,48.40499,0.99941,0.86151,0.98605,0.99415,0.9971,100.0,0.69,0.21,0.2,0.94,49.72,54.96,55.05,48.4,0.995,0.997,0.997,0.993,/tmpdir/crf_16.mpd,/videos/BigBuckBunny-2160.avi
12866,0.99789,4.67008,0.99831,50.06696,0.99955,0.88944,0.99368,0.99797,0.9993,100.0,0.49,0.2,0.2,0.64,51.2,55.04,55.23,50.07,0.995,0.997,0.997,0.994,/tmpdir/crf_16.mpd,/videos/BigBuckBunny-2160.avi
12867,0.99598,4.92254,0.99807,48.25759,0.99939,0.85937,0.98624,0.99434,0.99734,100.0,0.72,0.22,0.2,0.97,49.58,54.77,55.21,48.26,0.995,0.997,0.997,0.993,/tmpdir/crf_16.mpd,/videos/BigBuckBunny-2160.avi
12868,0.99873,4.92254,0.99828,49.93819,0.99954,0.88829,0.9943,0.99849,0.9996,100.0,0.51,0.21,0.19,0.66,51.07,54.82,55.25,49.94,0.995,0.997,0.997,0.994,/tmpdir/crf_16.mpd,/videos/BigBuckBunny-2160.avi
12869,0.99595,5.27747,0.99815,48.27635,0.99944,0.86007,0.98648,0.99453,0.99747,100.0,0.71,0.22,0.19,0.97,49.6,54.7,55.41,48.28,0.995,0.997,0.997,0.993,/tmpdir/crf_16.mpd,/videos/BigBuckBunny-2160.avi
12870,0.99822,5.27747,0.99829,49.97269,0.99956,0.88779,0.99399,0.99815,0.99936,100.0,0.5,0.21,0.18,0.65,51.12,54.85,55.51,49.97,0.995,0.997,0.998,0.994,/tmpdir/crf_16.mpd,/videos/BigBuckBunny-2160.avi
12871,0.99645,5.16329,0.99821,48.7293,0.9995,0.86372,0.98648,0.99445,0.9974,100.0,0.65,0.22,0.19,0.87,50.0,54.67,55.3,48.73,0.995,0.997,0.997,0.994,/tmpdir/crf_16.mpd,/videos/BigBuckBunny-2160.avi
12872,0.9955,5.16329,0.99819,48.24433,0.99946,0.85833,0.98432,0.99331,0.99678,100.0,0.72,0.23,0.19,0.97,49.56,54.61,55.31,48.24,0.995,0.997,0.997,0.994,/tmpdir/crf_16.mpd,/videos/BigBuckBunny-2160.avi
12873,0.99798,5.30678,0.99837,50.02817,0.99958,0.88899,0.99319,0.99736,0.99869,100.0,0.5,0.21,0.18,0.65,51.18,54.93,55.52,50.03,0.995,0.997,0.998,0.994,/tmpdir/crf_16.mpd,/videos/BigBuckBunny-2160.avi
12874,0.99569,5.30678,0.99834,48.27967,0.99956,0.86018,0.98567,0.99385,0.9969,100.0,0.71,0.22,0.18,0.97,49.62,54.78,55.6,48.28,0.995,0.997,0.998,0.994,/tmpdir/crf_16.mpd,/videos/BigBuckBunny-2160.avi
12875,0.99809,5.45618,0.99837,50.00373,0.9996,0.88943,0.99384,0.99788,0.99909,100.0,0.5,0.2,0.17,0.65,51.18,55.08,55.73,50.0,0.995,0.997,0.998,0.994,/tmpdir/crf_16.mpd,/videos/BigBuckBunny-2160.avi
12876,0.99642,5.45618,0.99831,48.60034,0.99955,0.86546,0.98665,0.99451,0.99735,100.0,0.66,0.21,0.18,0.9,49.91,54.87,55.49,48.6,0.995,0.997,0.998,0.994,/tmpdir/crf_16.mpd,/videos/BigBuckBunny-2160.avi
12877,0.99598,5.0269,0.99819,48.19084,0.99946,0.86053,0.98623,0.99441,0.99741,100.0,0.72,0.22,0.19,0.99,49.53,54.8,55.37,48.19,0.995,0.997,0.997,0.994,/tmpdir/crf_16.mpd,/videos/BigBuckBunny-2160.avi
12878,0.99847,5.0269,0.99835,49.88754,0.99958,0.88961,0.9946,0.9985,0.99956,100.0,0.51,0.21,0.18,0.67,51.05,54.96,55.46,49.89,0.995,0.997,0.998,0.994,/tmpdir/crf_16.mpd,/videos/BigBuckBunny-2160.avi
12879,0.99582,5.11264,0.99821,48.17541,0.99948,0.85977,0.98649,0.99438,0.9973,100.0,0.72,0.21,0.18,0.99,49.54,54.98,55.68,48.18,0.995,0.997,0.998,0.994,/tmpdir/crf_16.mpd,/videos/BigBuckBunny-2160.avi
12880,0.9981,5.11264,0.99835,49.90119,0.99958,0.88934,0.99356,0.99772,0.999,100.0,0.51,0.2,0.17,0.67,51.09,55.17,55.73,49.9,0.995,0.997,0.998,0.994,/tmpdir/crf_16.mpd,/videos/BigBuckBunny-2160.avi
12881,0.99572,5.42958,0.99815,48.23056,0.99944,0.86124,0.98668,0.99455,0.99741,100.0,0.71,0.2,0.17,0.98,49.6,55.17,55.81,48.23,0.995,0.997,0.998,0.993,/tmpdir/crf_16.mpd,/videos/BigBuckBunny-2160.avi
12882,0.99802,5.42958,0.99835,49.9104,0.99958,0.88991,0.99394,0.99802,0.9992,100.0,0.5,0.2,0.17,0.66,51.1,55.12,55.76,49.91,0.995,0.997,0.998,0.994,/tmpdir/crf_16.mpd,/videos/BigBuckBunny-2160.avi
12883,0.99577,5.3336,0.99825,48.10149,0.9995,0.85992,0.98638,0.99419,0.9971,100.0,0.74,0.21,0.18,1.01,49.47,54.97,55.61,48.1,0.995,0.997,0.998,0.994,/tmpdir/crf_16.mpd,/videos/BigBuckBunny-2160.avi
12884,0.99799,5.3336,0.99835,49.80219,0.99958,0.88741,0.99309,0.99746,0.99881,100.0,0.52,0.2,0.17,0.68,51.0,55.07,55.73,49.8,0.995,0.997,0.998,0.994,/tmpdir/crf_16.mpd,/videos/BigBuckBunny-2160.avi
12885,0.99539,5.29707,0.99817,48.12015,0.99946,0.85898,0.9859,0.99404,0.9971,100.0,0.73,0.21,0.18,1.0,49.48,54.93,55.55,48.12,0.995,0.997,0.998,0.994,/tmpdir/crf_16.mpd,/videos/BigBuckBunny-2160.avi
12886,0.99789,5.29707,0.99837,49.79324,0.9996,0.88854,0.99334,0.99763,0.99895,100.0,0.52,0.21,0.18,0.68,50.98,54.98,55.53,49.79,0.995,0.997,0.998,0.994,/tmpdir/crf_16.mpd,/videos/BigBuckBunny-2160.avi
12887,0.99778,6.05698,0.9984,49.66981,0.99959,0.88925,0.99323,0.99738,0.99872,100.0,0.53,0.21,0.18,0.7,50.87,54.98,55.51,49.67,0.995,0.997,0.998,0.994,/tmpdir/crf_16.mpd,/videos/BigBuckBunny-2160.avi
12888,0.99791,6.05698,0.99836,49.52532,0.99957,0.88953,0.99285,0.99723,0.99866,100.0,0.55,0.21,0.19,0.73,50.73,54.98,55.43,49.53,0.995,0.997,0.997,0.994,/tmpdir/crf_16.mpd,/videos/BigBuckBunny-2160.avi
12889,0.99535,5.62961,0.99834,48.11884,0.99955,0.86357,0.98566,0.99384,0.997,100.0,0.74,0.22,0.2,1.0,49.45,54.75,55.19,48.12,0.995,0.997,0.997,0.994,/tmpdir/crf_16.mpd,/videos/BigBuckBunny-2160.avi
12890,0.99791,5.62961,0.99844,49.79055,0.99962,0.89205,0.99309,0.99737,0.99881,100.0,0.52,0.21,0.19,0.68,50.96,54.97,55.38,49.79,0.995,0.997,0.997,0.994,/tmpdir/crf_16.mpd,/videos/BigBuckBunny-2160.avi
12891,0.99536,6.03621,0.99824,47.91951,0.99948,0.86226,0.98571,0.99381,0.99687,100.0,0.77,0.22,0.2,1.05,49.27,54.74,55.13,47.92,0.995,0.997,0.997,0.994,/tmpdir/crf_16.mpd,/videos/BigBuckBunny-2160.avi
12892,0.99799,6.03621,0.99845,49.66193,0.99962,0.89156,0.99345,0.99766,0.99895,100.0,0.54,0.22,0.2,0.7,50.82,54.77,55.09,49.66,0.995,0.997,0.997,0.994,/tmpdir/crf_16.mpd,/videos/BigBuckBunny-2160.avi
12893,0.99779,6.55873,0.99845,49.6383,0.9996,0.89389,0.99343,0.99744,0.99876,100.0,0.54,0.21,0.2,0.71,50.8,54.82,55.1,49.64,0.995,0.997,0.997,0.994,/tmpdir/crf_16.mpd,/videos/BigBuckBunny-2160.avi
12894,0.99554,6.55873,0.99837,48.05346,0.99953,0.86748,0.98592,0.99397,0.99716,100.0,0.75,0.22,0.2,1.02,49.39,54.73,55.05,48.05,0.995,0.997,0.997,0.994,/tmpdir/crf_16.mpd,/videos/BigBuckBunny-2160.avi
12895,0.99786,6.66214,0.99855,49.69178,0.99966,0.89435,0.99328,0.99735,0.99871,100.0,0.53,0.21,0.2,0.7,50.86,54.82,55.2,49.69,0.995,0.997,0.997,0.994,/tmpdir/crf_16.mpd,/videos/BigBuckBunny-2160.avi
12896,0.99615,6.66214,0.99849,48.20256,0.99961,0.87113,0.98653,0.99402,0.99688,100.0,0.73,0.23,0.21,0.98,49.51,54.56,54.93,48.2,0.995,0.997,0.997,0.994,/tmpdir/crf_16.mpd,/videos/BigBuckBunny-2160.avi
12897,0.99813,6.82109,0.99857,49.68313,0.99966,0.89651,0.99359,0.99747,0.99875,100.0,0.54,0.22,0.2,0.7,50.84,54.75,55.1,49.68,0.995,0.997,0.997,0.994,/tmpdir/crf_16.mpd,/videos/BigBuckBunny-2160.avi
12898,0.99808,6.82109,0.99851,49.51271,0.99963,0.8964,0.99376,0.99762,0.99881,100.0,0.55,0.22,0.2,0.73,50.69,54.73,55.15,49.51,0.995,0.997,0.997,0.994,/tmpdir/crf_16.mpd,/videos/BigBuckBunny-2160.avi
12899,0.99545,7.08,0.99846,48.03561,0.9996,0.87009,0.9862,0.99398,0.9971,100.0,0.75,0.22,0.21,1.02,49.36,54.67,55.0,48.04,0.995,0.997,0.997,0.994,/tmpdir/crf_16.mpd,/videos/BigBuckBunny-2160.avi
12900,0.99803,7.08,0.99857,49.7967,0.99967,0.89919,0.99357,0.99738,0.99868,100.0,0.52,0.21,0.2,0.68,50.94,54.81,55.11,49.8,0.995,0.997,0.997,0.994,/tmpdir/crf_16.mpd,/videos/BigBuckBunny-2160.avi
12901,0.99516,6.98056,0.99838,47.72264,0.99954,0.86769,0.98624,0.99383,0.99694,100.0,0.81,0.23,0.22,1.1,49.06,54.51,54.7,47.72,0.995,0.997,0.997,0.994,/tmpdir/crf_16.mpd,/videos/BigBuckBunny-2160.avi
12902,0.9979,6.98056,0.99858,49.54421,0.99966,0.89737,0.99318,0.99723,0.99862,100.0,0.55,0.22,0.22,0.72,50.69,54.62,54.79,49.54,0.995,0.997,0.997,0.994,/tmpdir/crf_16.mpd,/videos/BigBuckBunny-2160.avi
12903,0.99777,7.36776,0.99854,49.42705,0.99963,0.89825,0.99309,0.99706,0.99849,100.0,0.57,0.22,0.22,0.74,50.58,54.63,54.72,49.43,0.995,0.997,0.997,0.994,/tmpdir/crf_16.mpd,/videos/BigBuckBunny-2160.avi
12904,0.99623,7.36776,0.99852,48.31235,0.99961,0.87986,0.98657,0.99407,0.99703,100.0,0.72,0.23,0.23,0.96,49.58,54.5,54.54,48.31,0.995,0.997,0.997,0.994,/tmpdir/crf_16.mpd,/videos/BigBuckBunny-2160.avi
12905,0.99536,7.96129,0.99857,47.86905,0.99963,0.87249,0.9844,0.99303,0.99661,100.0,0.78,0.22,0.23,1.06,49.19,54.63,54.57,47.87,0.995,0.997,0.997,0.995,/tmpdir/crf_16.mpd,/videos/BigBuckBunny-2160.avi
12906,0.99796,7.96129,0.99872,49.5417,0.99973,0.89889,0.99281,0.99689,0.99843,100.0,0.56,0.23,0.23,0.72,50.67,54.57,54.58,49.54,0.995,0.997,0.997,0.995,/tmpdir/crf_16.mpd,/videos/BigBuckBunny-2160.avi
12907,0.99769,8.18869,0.99861,49.39444,0.99965,0.90039,0.99327,0.99715,0.99855,100.0,0.58,0.23,0.24,0.75,50.52,54.43,54.4,49.39,0.995,0.997,0.997,0.995,/tmpdir/crf_16.mpd,/videos/BigBuckBunny-2160.avi
12908,0.99789,8.18869,0.99857,49.2563,0.99963,0.89877,0.99304,0.99711,0.99848,100.0,0.59,0.23,0.24,0.77,50.4,54.44,54.38,49.26,0.995,0.997,0.997,0.995,/tmpdir/crf_16.mpd,/videos/BigBuckBunny-2160.avi
12909,0.99566,8.0037,0.99855,47.7232,0.99963,0.87252,0.98435,0.9931,0.99669,100.0,0.81,0.24,0.25,1.1,49.03,54.33,54.2,47.72,0.995,0.997,0.997,0.994,/tmpdir/crf_16.mpd,/videos/BigBuckBunny-2160.avi
12910,0.99797,8.0037,0.9987,49.66238,0.99969,0.90388,0.99373,0.99741,0.99871,100.0,0.54,0.23,0.23,0.7,50.77,54.57,54.56,49.66,0.996,0.997,0.997,0.995,/tmpdir/crf_16.mpd,/videos/BigBuckBunny-2160.avi
12911,0.9951,8.78751,0.99854,47.56698,0.99959,0.87331,0.98664,0.99408,0.99717,100.0,0.84,0.24,0.24,1.14,48.9,54.37,54.37,47.57,0.995,0.997,0.997,0.995,/tmpdir/crf_16.mpd,/videos/BigBuckBunny-2160.avi
12912,0.99793,8.78751,0.99872,49.53881,0.9997,0.90483,0.9935,0.99727,0.99865,100.0,0.56,0.23,0.23,0.72,50.65,54.46,54.48,49.54,0.996,0.997,0.997,0.995,/tmpdir/crf_16.mpd,/videos/BigBuckBunny-2160.avi
12913,0.99776,8.51997,0.99867,49.48999,0.99966,0.90605,0.99384,0.99739,0.99869,100.0,0.57,0.23,0.23,0.73,50.61,54.42,54.44,49.49,0.996,0.997,0.997,0.995,/tmpdir/crf_16.mpd,/videos/BigBuckBunny-2160.avi
12914,0.99586,8.51997,0.99862,47.59482,0.99961,0.87619,0.98522,0.99342,0.99677,100.0,0.83,0.24,0.24,1.13,48.92,54.29,54.34,47.59,0.995,0.997,0.997,0.995,/tmpdir/crf_16.mpd,/videos/BigBuckBunny-2160.avi
12915,0.99772,8.97978,0.99881,49.54626,0.99973,0.90576,0.99356,0.99731,0.9987,100.0,0.56,0.23,0.22,0.72,50.67,54.5,54.65,49.55,0.996,0.997,0.997,0.995,/tmpdir/crf_16.mpd,/videos/BigBuckBunny-2160.avi
12916,0.99585,8.97978,0.9987,47.47654,0.99967,0.87526,0.9855,0.99332,0.99658,100.0,0.86,0.25,0.25,1.16,48.8,54.18,54.22,47.48,0.995,0.997,0.997,0.995,/tmpdir/crf_16.mpd,/videos/BigBuckBunny-2160.avi
12917,0.99765,9.73341,0.99879,49.26525,0.99972,0.90487,0.99353,0.99722,0.99866,100.0,0.59,0.24,0.23,0.77,50.41,54.36,54.52,49.27,0.996,0.997,0.997,0.995,/tmpdir/crf_16.mpd,/videos/BigBuckBunny-2160.avi
12918,0.99608,9.73341,0.9987,47.46995,0.99966,0.87662,0.98544,0.993,0.99629,100.0,0.86,0.24,0.24,1.16,48.8,54.27,54.29,47.47,0.995,0.997,0.997,0.995,/tmpdir/crf_16.mpd,/videos/BigBuckBunny-2160.avi
12919,0.99768,9.66681,0.99882,49.31839,0.99973,0.90487,0.99328,0.99709,0.99852,100.0,0.58,0.23,0.23,0.76,50.46,54.43,54.51,49.32,0.996,0.997,0.997,0.995,/tmpdir/crf_16.mpd,/videos/BigBuckBunny-2160.avi
12920,0.99595,9.66681,0.99875,47.55705,0.99968,0.87937,0.98571,0.99321,0.99653,100.0,0.84,0.24,0.24,1.14,48.88,54.27,54.27,47.56,0.996,0.997,0.997,0.995,/tmpdir/crf_16.mpd,/videos/BigBuckBunny-2160.avi
12921,0.99773,9.90485,0.99887,49.2905,0.99974,0.906,0.99383,0.99743,0.99874,100.0,0.59,0.23,0.23,0.77,50.45,54.6,54.55,49.29,0.996,0.997,0.997,0.995,/tmpdir/crf_16.mpd,/videos/BigBuckBunny-2160.avi
12922,0.99595,9.90485,0.99875,47.36385,0.99968,0.87786,0.98518,0.99294,0.99637,100.0,0.88,0.24,0.24,1.19,48.7,54.28,54.25,47.36,0.996,0.997,0.997,0.995,/tmpdir/crf_16.mpd,/videos/BigBuckBunny-2160.avi
12923,0.99785,10.31848,0.99887,49.23987,0.99974,0.90635,0.99361,0.99722,0.99856,100.0,0.59,0.23,0.23,0.77,50.4,54.58,54.48,49.24,0.996,0.997,0.997,0.995,/tmpdir/crf_16.mpd,/videos/BigBuckBunny-2160.avi
12924,0.99609,10.31848,0.99877,47.33836,0.99969,0.87791,0.98465,0.99268,0.99606,100.0,0.88,0.24,0.25,1.2,48.68,54.4,54.17,47.34,0.996,0.997,0.997,0.995,/tmpdir/crf_16.mpd,/videos/BigBuckBunny-2160.avi
12925,0.99764,10.02839,0.9989,49.19337,0.99975,0.9059,0.99322,0.99706,0.99855,100.0,0.6,0.23,0.24,0.78,50.35,54.54,54.32,49.19,0.996,0.997,0.997,0.995,/tmpdir/crf_16.mpd,/videos/BigBuckBunny-2160.avi
12926,0.99615,10.02839,0.99881,47.40778,0.99969,0.88015,0.98526,0.99296,0.99631,100.0,0.87,0.24,0.26,1.18,48.73,54.33,54.0,47.41,0.996,0.997,0.996,0.995,/tmpdir/crf_16.mpd,/videos/BigBuckBunny-2160.avi
12927,0.99761,10.37478,0.99894,49.1896,0.99976,0.9068,0.99392,0.99742,0.99871,100.0,0.6,0.23,0.24,0.78,50.34,54.58,54.27,49.19,0.996,0.997,0.997,0.996,/tmpdir/crf_16.mpd,/videos/BigBuckBunny-2160.avi
12928,0.9959,10.37478,0.99882,47.31498,0.9997,0.88084,0.98484,0.99273,0.99633,100.0,0.89,0.24,0.27,1.21,48.64,54.24,53.85,47.31,0.996,0.997,0.996,0.995,/tmpdir/crf_16.mpd,/videos/BigBuckBunny-2160.avi
12929,0.99763,10.71867,0.99894,49.26421,0.99976,0.90865,0.9937,0.99724,0.99857,100.0,0.59,0.23,0.25,0.77,50.4,54.55,54.17,49.26,0.996,0.997,0.997,0.996,/tmpdir/crf_16.mpd,/videos/BigBuckBunny-2160.avi
12930,0.99576,10.71867,0.99884,47.34394,0.99971,0.88001,0.98488,0.99292,0.99645,100.0,0.88,0.24,0.27,1.2,48.67,54.3,53.86,47.34,0.996,0.997,0.996,0.995,/tmpdir/crf_16.mpd,/videos/BigBuckBunny-2160.avi
12931,0.99748,10.64278,0.99898,49.146,0.99977,0.90643,0.9933,0.99711,0.99856,100.0,0.61,0.23,0.25,0.79,50.29,54.48,54.12,49.15,0.996,0.997,0.997,0.996,/tmpdir/crf_16.mpd,/videos/BigBuckBunny-2160.avi
12932,0.99597,10.64278,0.99887,47.35076,0.99971,0.8813,0.98515,0.99298,0.9963,100.0,0.88,0.24,0.27,1.2,48.67,54.25,53.84,47.35,0.996,0.997,0.996,0.995,/tmpdir/crf_16.mpd,/videos/BigBuckBunny-2160.avi
12933,0.99753,10.44901,0.999,49.29354,0.99978,0.90958,0.994,0.99737,0.99868,100.0,0.59,0.23,0.25,0.77,50.43,54.56,54.18,49.29,0.996,0.997,0.997,0.996,/tmpdir/crf_16.mpd,/videos/BigBuckBunny-2160.avi
12934,0.99578,10.44901,0.99887,47.36571,0.99971,0.88177,0.98444,0.99259,0.99621,100.0,0.88,0.24,0.27,1.19,48.69,54.35,53.89,47.37,0.996,0.997,0.996,0.995,/tmpdir/crf_16.mpd,/videos/BigBuckBunny-2160.avi
12935,0.99746,11.31775,0.999,49.02282,0.99978,0.90636,0.99314,0.99695,0.99839,100.0,0.62,0.23,0.26,0.81,50.18,54.51,53.99,49.02,0.996,0.997,0.996,0.996,/tmpdir/crf_16.mpd,/videos/BigBuckBunny-2160.avi
12936,0.99594,11.31775,0.99891,47.19683,0.99972,0.88055,0.98418,0.99253,0.99633,100.0,0.91,0.24,0.27,1.24,48.54,54.41,53.82,47.2,0.996,0.997,0.996,0.996,/tmpdir/crf_16.mpd,/videos/BigBuckBunny-2160.avi
12937,0.99739,11.77229,0.99907,49.11977,0.99979,0.90809,0.9936,0.99721,0.99855,100.0,0.61,0.21,0.25,0.8,50.29,54.81,54.21,49.12,0.996,0.997,0.997,0.996,/tmpdir/crf_16.mpd,/videos/BigBuckBunny-2160.avi
12938,0.99575,11.77229,0.99892,47.09666,0.99973,0.87925,0.98395,0.99236,0.99609,100.0,0.93,0.23,0.26,1.27,48.45,54.45,53.92,47.1,0.996,0.997,0.996,0.996,/tmpdir/crf_16.mpd,/videos/BigBuckBunny-2160.avi
12939,0.99747,11.43526,0.99905,49.1818,0.99979,0.90857,0.99378,0.99723,0.99855,100.0,0.6,0.22,0.25,0.79,50.34,54.7,54.19,49.18,0.996,0.997,0.997,0.996,/tmpdir/crf_16.mpd,/videos/BigBuckBunny-2160.avi
12940,0.9956,11.43526,0.99896,47.04175,0.99974,0.8797,0.98342,0.99214,0.99592,100.0,0.94,0.23,0.26,1.29,48.41,54.56,54.01,47.04,0.996,0.997,0.996,0.996,/tmpdir/crf_16.mpd,/videos/BigBuckBunny-2160.avi
12941,0.99733,11.26937,0.9991,48.97715,0.9998,0.90808,0.99328,0.99699,0.99847,100.0,0.63,0.22,0.25,0.82,50.16,54.73,54.23,48.98,0.996,0.997,0.997,0.996,/tmpdir/crf_16.mpd,/videos/BigBuckBunny-2160.avi
12942,0.99591,11.26937,0.99901,47.13262,0.99974,0.88267,0.98397,0.9925,0.99621,100.0,0.92,0.23,0.25,1.26,48.5,54.57,54.15,47.13,0.996,0.997,0.997,0.996,/tmpdir/crf_16.mpd,/videos/BigBuckBunny-2160.avi
12943,0.99728,11.21171,0.99916,49.22205,0.99981,0.91155,0.99398,0.99733,0.99865,100.0,0.59,0.21,0.23,0.78,50.41,54.86,54.55,49.22,0.997,0.997,0.997,0.996,/tmpdir/crf_16.mpd,/videos/BigBuckBunny-2160.avi
12944,0.99576,11.21171,0.99902,47.0834,0.99975,0.88255,0.98314,0.99195,0.99593,100.0,0.93,0.23,0.24,1.27,48.46,54.48,54.24,47.08,0.996,0.997,0.997,0.996,/tmpdir/crf_16.mpd,/videos/BigBuckBunny-2160.avi
12945,0.99725,11.45815,0.99915,48.99293,0.99981,0.90982,0.99361,0.99711,0.9985,100.0,0.62,0.23,0.24,0.82,50.18,54.59,54.35,48.99,0.996,0.997,0.997,0.996,/tmpdir/crf_16.mpd,/videos/BigBuckBunny-2160.avi
12946,0.9954,11.45815,0.99904,46.8459,0.99976,0.87995,0.98305,0.99206,0.99609,100.0,0.98,0.24,0.25,1.34,48.23,54.34,54.2,46.85,0.996,0.997,0.997,0.996,/tmpdir/crf_16.mpd,/videos/BigBuckBunny-2160.avi
12947,0.99717,11.64403,0.99921,49.07453,0.99982,0.91157,0.99367,0.99713,0.99852,100.0,0.61,0.22,0.23,0.8,50.27,54.72,54.56,49.07,0.997,0.997,0.997,0.997,/tmpdir/crf_16.mpd,/videos/BigBuckBunny-2160.avi
12948,0.99566,11.64403,0.99907,46.93998,0.99976,0.88221,0.98294,0.99202,0.99603,100.0,0.95,0.23,0.23,1.32,48.33,54.5,54.45,46.94,0.996,0.997,0.997,0.996,/tmpdir/crf_16.mpd,/videos/BigBuckBunny-2160.avi
12949,0.99714,11.45262,0.99924,49.3238,0.99983,0.91489,0.99415,0.99731,0.99863,100.0,0.58,0.21,0.22,0.76,50.51,54.86,54.75,49.32,0.997,0.997,0.997,0.997,/tmpdir/crf_16.mpd,/videos/BigBuckBunny-2160.avi
12950,0.99563,11.45262,0.99911,47.1121,0.99977,0.88482,0.98338,0.9922,0.99608,100.0,0.92,0.23,0.23,1.26,48.5,54.6,54.58,47.11,0.996,0.997,0.997,0.996,/tmpdir/crf_16.mpd,/videos/BigBuckBunny-2160.avi
12951,0.99714,11.54998,0.99926,49.312,0.99984,0.9147,0.99408,0.99725,0.99857,100.0,0.58,0.21,0.22,0.76,50.5,54.89,54.77,49.31,0.997,0.997,0.997,0.997,/tmpdir/crf_16.mpd,/videos/BigBuckBunny-2160.avi
12952,0.99533,11.54998,0.99914,47.09877,0.99977,0.88529,0.98281,0.99195,0.99616,100.0,0.92,0.22,0.22,1.27,48.5,54.72,54.67,47.1,0.997,0.997,0.997,0.996,/tmpdir/crf_16.mpd,/videos/BigBuckBunny-2160.avi
12953,0.99706,11.57922,0.9993,49.36496,0.99984,0.91508,0.99426,0.99737,0.99866,100.0,0.57,0.2,0.21,0.75,50.58,55.11,54.98,49.36,0.997,0.997,0.997,0.997,/tmpdir/crf_16.mpd,/videos/BigBuckBunny-2160.avi
12954,0.99533,11.57922,0.99916,47.12226,0.99978,0.8863,0.98394,0.99256,0.9964,100.0,0.91,0.22,0.22,1.26,48.53,54.8,54.77,47.12,0.997,0.997,0.997,0.997,/tmpdir/crf_16.mpd,/videos/BigBuckBunny-2160.avi
12955,0.99709,11.57815,0.9993,49.38457,0.99985,0.9153,0.99425,0.99733,0.99861,100.0,0.57,0.2,0.21,0.75,50.59,55.11,55.01,49.38,0.997,0.997,0.997,0.997,/tmpdir/crf_16.mpd,/videos/BigBuckBunny-2160.avi
12956,0.99526,11.57815,0.99918,47.06124,0.99979,0.88471,0.98306,0.99202,0.99604,100.0,0.92,0.21,0.21,1.28,48.47,54.81,54.83,47.06,0.997,0.997,0.997,0.997,/tmpdir/crf_16.mpd,/videos/BigBuckBunny-2160.avi
12957,0.9969,11.62112,0.99931,49.29207,0.99986,0.91398,0.99386,0.9971,0.99848,100.0,0.58,0.2,0.21,0.77,50.51,55.04,55.0,49.29,0.997,0.997,0.997,0.997,/tmpdir/crf_16.mpd,/videos/BigBuckBunny-2160.avi
12958,0.9955,11.62112,0.99921,47.05694,0.99979,0.88419,0.98301,0.99213,0.99617,100.0,0.92,0.21,0.21,1.28,48.47,54.86,54.93,47.06,0.997,0.997,0.997,0.997,/tmpdir/crf_16.mpd,/videos/BigBuckBunny-2160.avi
12959,0.99685,11.95094,0.99939,49.41409,0.99987,0.91602,0.9944,0.9974,0.99868,100.0,0.56,0.19,0.2,0.74,50.63,55.27,55.04,49.41,0.997,0.997,0.997,0.997,/tmpdir/crf_16.mpd,/videos/BigBuckBunny-2160.avi
12960,0.99766,11.95094,0.99934,49.7554,0.99985,0.92182,0.99481,0.99767,0.9988,100.0,0.53,0.2,0.21,0.69,50.92,55.13,55.01,49.76,0.997,0.997,0.997,0.997,/tmpdir/crf_16.mpd,/videos/BigBuckBunny-2160.avi
12961,0.9993,12.21339,0.99968,52.60598,0.99995,0.95292,0.99802,0.99914,0.99957,100.0,0.28,0.13,0.14,0.36,53.61,56.83,56.78,52.61,0.998,0.998,0.998,0.998,/tmpdir/crf_16.mpd,/videos/BigBuckBunny-2160.avi
12962,0.99675,12.21339,0.99936,47.26653,0.99984,0.89238,0.98588,0.99368,0.99705,100.0,0.87,0.17,0.17,1.22,48.74,55.9,55.81,47.27,0.997,0.998,0.998,0.997,/tmpdir/crf_16.mpd,/videos/BigBuckBunny-2160.avi
12963,0.99787,12.49334,0.99942,50.53172,0.99987,0.9343,0.99465,0.99746,0.99883,100.0,0.44,0.16,0.16,0.58,51.73,56.14,56.06,50.53,0.998,0.998,0.998,0.998,/tmpdir/crf_16.mpd,/videos/BigBuckBunny-2160.avi
12964,0.99601,12.49334,0.99929,47.28368,0.99981,0.89429,0.98661,0.99376,0.99712,100.0,0.87,0.18,0.18,1.22,48.73,55.68,55.47,47.28,0.997,0.997,0.997,0.997,/tmpdir/crf_16.mpd,/videos/BigBuckBunny-2160.avi
12965,0.99761,12.89608,0.99944,49.90032,0.99989,0.92673,0.99441,0.99735,0.99865,100.0,0.5,0.16,0.17,0.67,51.14,56.04,55.72,49.9,0.998,0.998,0.998,0.998,/tmpdir/crf_16.mpd,/videos/BigBuckBunny-2160.avi
12966,0.99581,12.89608,0.99931,47.32906,0.99982,0.89485,0.98692,0.9938,0.99711,100.0,0.86,0.18,0.19,1.2,48.77,55.65,55.24,47.33,0.997,0.997,0.997,0.997,/tmpdir/crf_16.mpd,/videos/BigBuckBunny-2160.avi
12967,0.99736,12.94245,0.99947,49.97602,0.99989,0.92581,0.99442,0.99733,0.99862,100.0,0.49,0.16,0.18,0.65,51.21,56.02,55.62,49.98,0.998,0.998,0.997,0.998,/tmpdir/crf_16.mpd,/videos/BigBuckBunny-2160.avi
12968,0.99575,12.94245,0.99935,47.44994,0.99984,0.89656,0.98772,0.99427,0.99741,100.0,0.84,0.17,0.2,1.17,48.88,55.78,55.21,47.45,0.997,0.998,0.997,0.997,/tmpdir/crf_16.mpd,/videos/BigBuckBunny-2160.avi
12969,0.9973,13.36763,0.99951,49.70218,0.9999,0.9231,0.99439,0.99742,0.99874,100.0,0.52,0.15,0.18,0.7,50.98,56.37,55.61,49.7,0.998,0.998,0.997,0.998,/tmpdir/crf_16.mpd,/videos/BigBuckBunny-2160.avi
12970,0.99546,13.36763,0.99937,47.35146,0.99984,0.89694,0.98842,0.99448,0.99739,100.0,0.86,0.17,0.2,1.2,48.79,55.91,55.05,47.35,0.997,0.998,0.997,0.997,/tmpdir/crf_16.mpd,/videos/BigBuckBunny-2160.avi
12971,0.99732,13.56584,0.9995,49.74683,0.9999,0.92325,0.99442,0.99745,0.99869,100.0,0.52,0.15,0.19,0.69,51.01,56.33,55.43,49.75,0.998,0.998,0.997,0.998,/tmpdir/crf_16.mpd,/videos/BigBuckBunny-2160.avi
12972,0.9953,13.56584,0.99939,47.361,0.99985,0.89634,0.98789,0.99416,0.99736,100.0,0.86,0.16,0.2,1.19,48.8,55.99,55.03,47.36,0.997,0.998,0.997,0.997,/tmpdir/crf_16.mpd,/videos/BigBuckBunny-2160.avi
12973,0.99725,13.88409,0.99951,49.51168,0.99991,0.92008,0.99394,0.99724,0.99859,100.0,0.54,0.15,0.19,0.73,50.79,56.29,55.34,49.51,0.998,0.998,0.997,0.998,/tmpdir/crf_16.mpd,/videos/BigBuckBunny-2160.avi
12974,0.99538,13.88409,0.99942,47.21325,0.99985,0.89453,0.98759,0.99406,0.99719,100.0,0.89,0.17,0.21,1.24,48.66,55.88,54.95,47.21,0.997,0.998,0.997,0.998,/tmpdir/crf_16.mpd,/videos/BigBuckBunny-2160.avi
12975,0.99733,14.26104,0.99956,49.34985,0.99992,0.91889,0.99418,0.99741,0.99869,100.0,0.56,0.15,0.19,0.76,50.64,56.27,55.36,49.35,0.998,0.998,0.997,0.998,/tmpdir/crf_16.mpd,/videos/BigBuckBunny-2160.avi
12976,0.99518,14.26104,0.99943,47.09099,0.99986,0.89305,0.98751,0.99392,0.99717,100.0,0.91,0.18,0.22,1.27,48.53,55.63,54.79,47.09,0.997,0.997,0.997,0.997,/tmpdir/crf_16.mpd,/videos/BigBuckBunny-2160.avi
12977,0.99736,14.40838,0.99955,49.47426,0.99992,0.91966,0.99405,0.9973,0.99863,100.0,0.55,0.16,0.2,0.73,50.73,55.97,55.18,49.47,0.998,0.998,0.997,0.998,/tmpdir/crf_16.mpd,/videos/BigBuckBunny-2160.avi
12978,0.99542,14.40838,0.99943,47.04331,0.99987,0.89177,0.98751,0.99404,0.99723,100.0,0.92,0.18,0.22,1.28,48.47,55.47,54.68,47.04,0.997,0.997,0.997,0.997,/tmpdir/crf_16.mpd,/videos/BigBuckBunny-2160.avi
12979,0.9973,14.71619,0.99958,49.20751,0.99992,0.91654,0.99378,0.99729,0.99866,100.0,0.58,0.17,0.2,0.78,50.48,55.9,55.04,49.21,0.998,0.998,0.997,0.998,/tmpdir/crf_16.mpd,/videos/BigBuckBunny-2160.avi
12980,0.99541,14.71619,0.99944,46.81428,0.99987,0.88908,0.98731,0.99379,0.99701,100.0,0.97,0.19,0.23,1.35,48.25,55.3,54.51,46.81,0.997,0.997,0.997,0.997,/tmpdir/crf_16.mpd,/videos/BigBuckBunny-2160.avi
12981,0.99753,14.71624,0.99959,49.19708,0.99993,0.91693,0.99425,0.99756,0.9988,100.0,0.58,0.17,0.21,0.78,50.46,55.81,54.95,49.2,0.998,0.998,0.997,0.998,/tmpdir/crf_16.mpd,/videos/BigBuckBunny-2160.avi
12982,0.99545,14.71624,0.99946,46.76109,0.99987,0.88767,0.98705,0.99384,0.9973,100.0,0.98,0.19,0.23,1.37,48.21,55.42,54.58,46.76,0.997,0.997,0.997,0.998,/tmpdir/crf_16.mpd,/videos/BigBuckBunny-2160.avi
12983,0.99736,14.704,0.99961,49.18133,0.99993,0.91609,0.99384,0.99726,0.99863,100.0,0.59,0.17,0.21,0.79,50.46,55.9,55.0,49.18,0.998,0.998,0.997,0.998,/tmpdir/crf_16.mpd,/videos/BigBuckBunny-2160.avi
12984,0.99544,14.704,0.9995,46.85496,0.99988,0.8887,0.98757,0.99407,0.99737,100.0,0.96,0.18,0.22,1.34,48.3,55.52,54.68,46.85,0.997,0.997,0.997,0.998,/tmpdir/crf_16.mpd,/videos/BigBuckBunny-2160.avi
12985,0.99736,14.76434,0.99964,49.18196,0.99994,0.91547,0.99406,0.99746,0.99883,100.0,0.58,0.15,0.2,0.79,50.48,56.25,55.19,49.18,0.998,0.998,0.997,0.998,/tmpdir/crf_16.mpd,/videos/BigBuckBunny-2160.avi
12986,0.99558,14.76434,0.99951,46.80337,0.99989,0.88854,0.98808,0.99433,0.9974,100.0,0.97,0.17,0.22,1.36,48.26,55.75,54.62,46.8,0.998,0.998,0.997,0.998,/tmpdir/crf_16.mpd,/videos/BigBuckBunny-2160.avi
12987,0.99755,15.08071,0.99965,49.37596,0.99994,0.91834,0.99454,0.99765,0.9989,100.0,0.56,0.15,0.2,0.75,50.66,56.39,55.07,49.38,0.998,0.998,0.997,0.998,/tmpdir/crf_16.mpd,/videos/BigBuckBunny-2160.avi
12988,0.99553,15.08071,0.99953,46.66212,0.99989,0.88673,0.98756,0.99414,0.99752,100.0,1.0,0.16,0.23,1.4,48.14,56.1,54.61,46.66,0.998,0.998,0.997,0.998,/tmpdir/crf_16.mpd,/videos/BigBuckBunny-2160.avi
12989,0.99742,15.49484,0.99967,48.88024,0.99995,0.91341,0.99374,0.99728,0.99862,100.0,0.62,0.14,0.21,0.84,50.21,56.61,54.97,48.88,0.998,0.998,0.997,0.998,/tmpdir/crf_16.mpd,/videos/BigBuckBunny-2160.avi
12990,0.99558,15.49484,0.99957,46.60254,0.9999,0.88657,0.98722,0.994,0.99735,100.0,1.01,0.15,0.22,1.42,48.09,56.45,54.71,46.6,0.998,0.998,0.997,0.998,/tmpdir/crf_16.mpd,/videos/BigBuckBunny-2160.avi
12991,0.99751,15.65112,0.9997,49.05711,0.99995,0.91505,0.99448,0.99764,0.99885,100.0,0.59,0.13,0.2,0.81,50.4,56.88,55.19,49.06,0.998,0.998,0.997,0.998,/tmpdir/crf_16.mpd,/videos/BigBuckBunny-2160.avi
12992,0.99552,15.65112,0.99958,46.64533,0.9999,0.88766,0.98764,0.99413,0.99742,100.0,1.0,0.15,0.22,1.41,48.13,56.36,54.72,46.65,0.998,0.998,0.997,0.998,/tmpdir/crf_16.mpd,/videos/BigBuckBunny-2160.avi
12993,0.9975,16.06843,0.9997,48.88666,0.99995,0.91406,0.99421,0.99746,0.9988,100.0,0.62,0.14,0.2,0.84,50.23,56.66,55.09,48.89,0.998,0.998,0.997,0.998,/tmpdir/crf_16.mpd,/videos/BigBuckBunny-2160.avi
12994,0.9957,16.06843,0.99959,46.40839,0.99991,0.88528,0.98731,0.99403,0.99734,100.0,1.05,0.16,0.22,1.49,47.9,56.15,54.66,46.41,0.998,0.998,0.997,0.998,/tmpdir/crf_16.mpd,/videos/BigBuckBunny-2160.avi
12995,0.99744,16.29056,0.99972,48.69521,0.99995,0.91213,0.99406,0.99746,0.99877,100.0,0.64,0.14,0.2,0.88,50.05,56.59,55.1,48.7,0.998,0.998,0.997,0.998,/tmpdir/crf_16.mpd,/videos/BigBuckBunny-2160.avi
12996,0.99563,16.29056,0.9996,46.43433,0.99991,0.88568,0.98784,0.99422,0.99742,100.0,1.05,0.16,0.22,1.48,47.92,56.04,54.66,46.43,0.998,0.998,0.997,0.998,/tmpdir/crf_16.mpd,/videos/BigBuckBunny-2160.avi
12997,0.99758,16.46854,0.99972,48.86321,0.99996,0.91412,0.99448,0.99766,0.99888,100.0,0.62,0.15,0.2,0.84,50.2,56.49,55.13,48.86,0.998,0.998,0.997,0.998,/tmpdir/crf_16.mpd,/videos/BigBuckBunny-2160.avi
12998,0.9956,16.46854,0.99962,46.28335,0.99991,0.88386,0.98727,0.99405,0.99748,100.0,1.08,0.16,0.22,1.53,47.78,55.98,54.68,46.28,0.998,0.998,0.997,0.998,/tmpdir/crf_16.mpd,/videos/BigBuckBunny-2160.avi
12999,0.99747,16.85641,0.99973,48.48051,0.99996,0.91079,0.99393,0.99734,0.9987,100.0,0.67,0.15,0.2,0.92,49.85,56.44,55.04,48.48,0.998,0.998,0.997,0.998,/tmpdir/crf_16.mpd,/videos/BigBuckBunny-2160.avi
13000,0.99561,16.85641,0.99964,46.30407,0.99992,0.88404,0.98747,0.99411,0.99745,100.0,1.08,0.16,0.22,1.52,47.8,56.02,54.73,46.3,0.998,0.998,0.997,0.998,/tmpdir/crf_16.mpd,/videos/BigBuckBunny-2160.avi
13001,0.99737,16.8512,0.99976,48.82281,0.99996,0.91345,0.99462,0.99771,0.99896,100.0,0.62,0.14,0.19,0.85,50.18,56.59,55.3,48.82,0.998,0.998,0.997,0.999,/tmpdir/crf_16.mpd,/videos/BigBuckBunny-2160.avi
13002,0.99547,16.8512,0.99964,46.24657,0.99992,0.88415,0.98737,0.99414,0.99744,100.0,1.09,0.16,0.22,1.54,47.75,55.98,54.78,46.25,0.998,0.998,0.997,0.998,/tmpdir/crf_16.mpd,/videos/BigBuckBunny-2160.avi
13003,0.99737,17.29522,0.99975,48.75607,0.99996,0.91434,0.99472,0.99776,0.99897,100.0,0.63,0.15,0.2,0.87,50.11,56.5,55.19,48.76,0.998,0.998,0.997,0.999,/tmpdir/crf_16.mpd,/videos/BigBuckBunny-2160.avi
13004,0.99558,17.29522,0.99965,46.02286,0.99992,0.88185,0.98684,0.99384,0.99743,100.0,1.15,0.17,0.22,1.62,47.53,55.95,54.69,46.02,0.998,0.998,0.997,0.998,/tmpdir/crf_16.mpd,/videos/BigBuckBunny-2160.avi
13005,0.99726,17.57885,0.99976,48.69315,0.99996,0.91342,0.99445,0.99764,0.99888,100.0,0.64,0.15,0.2,0.88,50.05,56.5,55.13,48.69,0.998,0.998,0.997,0.999,/tmpdir/crf_16.mpd,/videos/BigBuckBunny-2160.avi
13006,0.99573,17.57885,0.99968,46.14679,0.99992,0.88376,0.98742,0.99417,0.99754,100.0,1.12,0.16,0.22,1.58,47.65,55.96,54.8,46.15,0.998,0.998,0.997,0.998,/tmpdir/crf_16.mpd,/videos/BigBuckBunny-2160.avi
13007,0.99726,17.98135,0.99978,48.59653,0.99997,0.91305,0.99459,0.99772,0.99897,100.0,0.66,0.15,0.19,0.9,49.96,56.48,55.24,48.6,0.998,0.998,0.997,0.999,/tmpdir/crf_16.mpd,/videos/BigBuckBunny-2160.avi
13008,0.9957,17.98135,0.99968,45.988,0.99993,0.88259,0.98707,0.99408,0.99762,100.0,1.16,0.17,0.22,1.64,47.5,55.8,54.79,45.99,0.998,0.998,0.997,0.998,/tmpdir/crf_16.mpd,/videos/BigBuckBunny-2160.avi
13009,0.99713,18.33808,0.99978,48.53372,0.99997,0.91317,0.99452,0.99763,0.99895,100.0,0.67,0.15,0.19,0.91,49.9,56.28,55.25,48.53,0.998,0.998,0.997,0.999,/tmpdir/crf_16.mpd,/videos/BigBuckBunny-2160.avi
13010,0.99566,18.33808,0.99969,45.97512,0.99993,0.88261,0.98697,0.99401,0.99742,100.0,1.16,0.18,0.21,1.64,47.48,55.51,54.83,45.98,0.998,0.997,0.997,0.998,/tmpdir/crf_16.mpd,/videos/BigBuckBunny-2160.avi
13011,0.99705,18.38298,0.99978,48.6733,0.99997,0.91463,0.99456,0.9977,0.99897,100.0,0.65,0.16,0.19,0.88,50.03,56.14,55.36,48.67,0.998,0.998,0.997,0.999,/tmpdir/crf_16.mpd,/videos/BigBuckBunny-2160.avi
13012,0.99549,18.38298,0.99968,45.91153,0.99993,0.88231,0.98695,0.99405,0.99749,100.0,1.18,0.19,0.21,1.67,47.42,55.45,55.0,45.91,0.998,0.997,0.997,0.998,/tmpdir/crf_16.mpd,/videos/BigBuckBunny-2160.avi
13013,0.99691,18.83321,0.99978,48.46135,0.99997,0.91374,0.99452,0.99771,0.99899,100.0,0.68,0.16,0.19,0.93,49.83,56.12,55.38,48.46,0.998,0.998,0.997,0.999,/tmpdir/crf_16.mpd,/videos/BigBuckBunny-2160.avi
13014,0.99562,18.83321,0.9997,45.8262,0.99993,0.88168,0.98687,0.99403,0.99761,100.0,1.2,0.18,0.2,1.7,47.35,55.55,55.07,45.83,0.998,0.997,0.997,0.998,/tmpdir/crf_16.mpd,/videos/BigBuckBunny-2160.avi
13015,0.99687,19.00024,0.9998,48.49112,0.99997,0.9141,0.99445,0.99762,0.99895,100.0,0.67,0.15,0.18,0.92,49.87,56.33,55.49,48.49,0.998,0.998,0.997,0.999,/tmpdir/crf_16.mpd,/videos/BigBuckBunny-2160.avi
13016,0.99576,19.00024,0.99973,45.91273,0.99993,0.88296,0.98694,0.99414,0.99754,100.0,1.17,0.17,0.19,1.67,47.44,55.91,55.26,45.91,0.998,0.998,0.997,0.999,/tmpdir/crf_16.mpd,/videos/BigBuckBunny-2160.avi
13017,0.99671,19.31665,0.99982,48.49261,0.99997,0.91444,0.99459,0.99774,0.99904,100.0,0.67,0.14,0.18,0.92,49.9,56.67,55.66,48.49,0.998,0.998,0.997,0.999,/tmpdir/crf_16.mpd,/videos/BigBuckBunny-2160.avi
13018,0.99551,19.31665,0.99972,45.87594,0.99993,0.88305,0.98675,0.99402,0.99744,100.0,1.18,0.16,0.2,1.68,47.41,56.09,55.23,45.88,0.998,0.998,0.997,0.998,/tmpdir/crf_16.mpd,/videos/BigBuckBunny-2160.avi
13019,0.99651,19.64067,0.99982,48.53409,0.99997,0.9157,0.99475,0.99778,0.99904,100.0,0.66,0.14,0.18,0.91,49.93,56.8,55.57,48.53,0.998,0.998,0.997,0.999,/tmpdir/crf_16.mpd,/videos/BigBuckBunny-2160.avi
13020,0.99547,19.64067,0.99973,45.72119,0.99994,0.88178,0.98627,0.99376,0.9974,100.0,1.22,0.15,0.19,1.74,47.27,56.43,55.27,45.72,0.998,0.998,0.997,0.998,/tmpdir/crf_16.mpd,/videos/BigBuckBunny-2160.avi
13021,0.99655,19.65183,0.99982,48.50001,0.99997,0.91545,0.99462,0.99778,0.99902,100.0,0.66,0.13,0.18,0.92,49.92,57.08,55.68,48.5,0.998,0.998,0.997,0.999,/tmpdir/crf_16.mpd,/videos/BigBuckBunny-2160.avi
13022,0.99553,19.65183,0.99974,45.79692,0.99994,0.88265,0.98663,0.99394,0.99747,100.0,1.19,0.13,0.18,1.71,47.36,56.97,55.53,45.8,0.998,0.998,0.997,0.998,/tmpdir/crf_16.mpd,/videos/BigBuckBunny-2160.avi
13023,0.99627,19.70531,0.99983,48.52828,0.99997,0.9161,0.99471,0.9978,0.99909,100.0,0.66,0.11,0.17,0.91,49.97,57.53,55.93,48.53,0.999,0.998,0.997,0.999,/tmpdir/crf_16.mpd,/videos/BigBuckBunny-2160.avi
13024,0.99552,19.70531,0.99976,45.89086,0.99994,0.88382,0.98687,0.99409,0.9975,100.0,1.17,0.12,0.17,1.67,47.47,57.34,55.74,45.89,0.998,0.998,0.998,0.999,/tmpdir/crf_16.mpd,/videos/BigBuckBunny-2160.avi
13025,0.99627,19.74672,0.99984,48.59628,0.99997,0.91672,0.99463,0.99774,0.99907,100.0,0.64,0.11,0.16,0.9,50.04,57.82,55.97,48.6,0.999,0.998,0.998,0.999,/tmpdir/crf_16.mpd,/videos/BigBuckBunny-2160.avi
13026,0.99555,19.74672,0.99977,45.85784,0.99994,0.88387,0.98682,0.99404,0.99739,100.0,1.17,0.11,0.17,1.69,47.44,57.58,55.77,45.86,0.998,0.998,0.997,0.999,/tmpdir/crf_16.mpd,/videos/BigBuckBunny-2160.avi
13027,0.99626,19.71848,0.99986,48.73181,0.99998,0.91812,0.99494,0.99791,0.99914,100.0,0.62,0.1,0.16,0.87,50.18,58.09,56.05,48.73,0.999,0.999,0.998,0.999,/tmpdir/crf_16.mpd,/videos/BigBuckBunny-2160.avi
13028,0.99559,19.71848,0.99978,45.82875,0.99994,0.88342,0.98701,0.99415,0.99753,100.0,1.18,0.11,0.17,1.7,47.41,57.78,55.71,45.83,0.998,0.998,0.997,0.999,/tmpdir/crf_16.mpd,/videos/BigBuckBunny-2160.avi
13029,0.99622,19.70805,0.99986,48.71216,0.99998,0.91805,0.99491,0.99793,0.99912,100.0,0.63,0.1,0.16,0.87,50.16,58.21,55.99,48.71,0.999,0.999,0.998,0.999,/tmpdir/crf_16.mpd,/videos/BigBuckBunny-2160.avi
13030,0.99554,19.70805,0.9998,45.82677,0.99995,0.88373,0.98698,0.99411,0.99754,100.0,1.18,0.1,0.17,1.7,47.42,57.99,55.84,45.83,0.998,0.999,0.998,0.999,/tmpdir/crf_16.mpd,/videos/BigBuckBunny-2160.avi
13031,0.99642,20.01298,0.99987,48.61985,0.99998,0.91743,0.99473,0.99784,0.99916,100.0,0.64,0.1,0.16,0.89,50.08,58.32,56.17,48.62,0.999,0.999,0.998,0.999,/tmpdir/crf_16.mpd,/videos/BigBuckBunny-2160.avi
13032,0.99604,20.01298,0.99983,45.81134,0.99995,0.88342,0.98731,0.99441,0.99775,100.0,1.18,0.1,0.15,1.71,47.42,58.3,56.25,45.81,0.999,0.999,0.998,0.999,/tmpdir/crf_16.mpd,/videos/BigBuckBunny-2160.avi
13033,0.99662,20.2948,0.99989,48.42166,0.99998,0.91625,0.99475,0.99792,0.99924,100.0,0.66,0.09,0.14,0.94,49.92,58.67,56.52,48.42,0.999,0.999,0.998,0.999,/tmpdir/crf_16.mpd,/videos/BigBuckBunny-2160.avi
13034,0.99616,20.2948,0.99984,45.88153,0.99995,0.88458,0.9876,0.99456,0.9978,100.0,1.16,0.09,0.15,1.68,47.49,58.58,56.45,45.88,0.999,0.999,0.998,0.999,/tmpdir/crf_16.mpd,/videos/BigBuckBunny-2160.avi
13035,0.99679,20.24994,0.99989,48.76832,0.99998,0.91918,0.99508,0.99806,0.99932,100.0,0.61,0.08,0.14,0.86,50.25,58.88,56.63,48.77,0.999,0.999,0.998,0.999,/tmpdir/crf_16.mpd,/videos/BigBuckBunny-2160.avi
13036,0.9962,20.24994,0.99983,45.78768,0.99995,0.88368,0.98778,0.99478,0.9979,100.0,1.18,0.09,0.15,1.72,47.4,58.62,56.51,45.79,0.999,0.999,0.998,0.999,/tmpdir/crf_16.mpd,/videos/BigBuckBunny-2160.avi
13037,0.99669,20.71081,0.99989,48.45142,0.99998,0.91705,0.9949,0.99804,0.99928,100.0,0.66,0.08,0.14,0.93,49.96,59.0,56.63,48.45,0.999,0.999,0.998,0.999,/tmpdir/crf_16.mpd,/videos/BigBuckBunny-2160.avi
13038,0.9964,20.71081,0.99984,45.73219,0.99995,0.88379,0.98756,0.99452,0.99769,100.0,1.19,0.08,0.13,1.74,47.36,59.16,56.85,45.73,0.999,0.999,0.998,0.999,/tmpdir/crf_16.mpd,/videos/BigBuckBunny-2160.avi
13039,0.9969,20.79552,0.9999,48.5381,0.99998,0.91823,0.99507,0.99816,0.9994,100.0,0.64,0.08,0.14,0.91,50.05,59.22,56.79,48.54,0.999,0.999,0.998,0.999,/tmpdir/crf_16.mpd,/videos/BigBuckBunny-2160.avi
13040,0.99646,20.79552,0.99984,45.83203,0.99995,0.88478,0.98768,0.99464,0.99782,100.0,1.17,0.08,0.13,1.7,47.46,59.19,56.88,45.83,0.999,0.999,0.998,0.999,/tmpdir/crf_16.mpd,/videos/BigBuckBunny-2160.avi
13041,0.99682,21.07901,0.9999,48.45001,0.99998,0.91727,0.99494,0.9981,0.99942,100.0,0.65,0.08,0.13,0.93,49.98,59.36,56.93,48.45,0.999,0.999,0.998,0.999,/tmpdir/crf_16.mpd,/videos/BigBuckBunny-2160.avi
13042,0.99676,21.07901,0.99984,45.73524,0.99995,0.88376,0.98757,0.99458,0.99775,100.0,1.19,0.08,0.13,1.74,47.37,59.21,57.06,45.74,0.999,0.999,0.998,0.999,/tmpdir/crf_16.mpd,/videos/BigBuckBunny-2160.avi
13043,0.99671,21.48291,0.9999,48.35006,0.99998,0.91687,0.99495,0.99814,0.99947,100.0,0.67,0.07,0.13,0.95,49.89,59.44,57.12,48.35,0.999,0.999,0.998,0.999,/tmpdir/crf_16.mpd,/videos/BigBuckBunny-2160.avi
13044,0.99646,21.48291,0.99984,45.65849,0.99995,0.88339,0.98768,0.99458,0.99772,100.0,1.21,0.07,0.12,1.77,47.3,59.56,57.33,45.66,0.999,0.999,0.998,0.999,/tmpdir/crf_16.mpd,/videos/BigBuckBunny-2160.avi
13045,0.99661,21.61728,0.9999,48.3902,0.99998,0.91759,0.99494,0.99812,0.99938,100.0,0.66,0.07,0.12,0.94,49.94,59.68,57.27,48.39,0.999,0.999,0.998,0.999,/tmpdir/crf_16.mpd,/videos/BigBuckBunny-2160.avi
13046,0.99637,21.61728,0.99984,45.55558,0.99996,0.88234,0.98757,0.99452,0.99765,100.0,1.24,0.07,0.12,1.81,47.21,59.7,57.44,45.56,0.999,0.999,0.998,0.999,/tmpdir/crf_16.mpd,/videos/BigBuckBunny-2160.avi
13047,0.99657,22.04208,0.99989,47.96823,0.99998,0.91414,0.99442,0.99787,0.99926,100.0,0.72,0.07,0.12,1.04,49.54,59.79,57.4,47.97,0.999,0.999,0.998,0.999,/tmpdir/crf_16.mpd,/videos/BigBuckBunny-2160.avi
13048,0.99681,22.04208,0.99984,45.49432,0.99995,0.88218,0.98719,0.99421,0.99738,100.0,1.25,0.07,0.11,1.84,47.15,59.92,57.62,45.49,0.999,0.999,0.998,0.999,/tmpdir/crf_16.mpd,/videos/BigBuckBunny-2160.avi
13049,0.99657,22.22756,0.9999,48.06068,0.99998,0.91523,0.99458,0.99791,0.99928,100.0,0.71,0.07,0.11,1.02,49.63,59.99,57.57,48.06,0.999,0.999,0.998,0.999,/tmpdir/crf_16.mpd,/videos/BigBuckBunny-2160.avi
13050,0.99675,22.22756,0.99984,45.4588,0.99995,0.88186,0.98689,0.99401,0.99725,100.0,1.26,0.06,0.11,1.85,47.12,60.12,57.79,45.46,0.999,0.999,0.998,0.999,/tmpdir/crf_16.mpd,/videos/BigBuckBunny-2160.avi
13051,0.99649,22.19954,0.99991,48.15207,0.99998,0.9161,0.99453,0.99776,0.99912,100.0,0.69,0.06,0.11,1.0,49.73,60.13,57.69,48.15,0.999,0.999,0.998,0.999,/tmpdir/crf_16.mpd,/videos/BigBuckBunny-2160.avi
13052,0.99636,22.19954,0.99985,45.45332,0.99996,0.88175,0.98701,0.99408,0.99733,100.0,1.26,0.06,0.11,1.85,47.12,60.24,57.9,45.45,0.999,0.999,0.998,0.999,/tmpdir/crf_16.mpd,/videos/BigBuckBunny-2160.avi
13053,0.99642,21.69091,0.99991,48.26946,0.99998,0.91686,0.99458,0.99784,0.99916,100.0,0.67,0.06,0.1,0.97,49.85,60.34,57.93,48.27,0.999,0.999,0.998,0.999,/tmpdir/crf_16.mpd,/videos/BigBuckBunny-2160.avi
13054,0.99618,21.69091,0.99987,45.64792,0.99996,0.88366,0.98738,0.99435,0.99763,100.0,1.21,0.06,0.1,1.77,47.31,60.42,58.1,45.65,0.999,0.999,0.998,0.999,/tmpdir/crf_16.mpd,/videos/BigBuckBunny-2160.avi
13055,0.99659,21.6957,0.99992,48.33204,0.99998,0.91723,0.99492,0.99809,0.99933,100.0,0.66,0.06,0.1,0.95,49.91,60.41,58.02,48.33,0.999,0.999,0.998,0.999,/tmpdir/crf_16.mpd,/videos/BigBuckBunny-2160.avi
13056,0.99652,21.6957,0.99987,45.54463,0.99996,0.88256,0.98709,0.99418,0.99739,100.0,1.24,0.06,0.1,1.81,47.21,60.5,58.17,45.54,0.999,0.999,0.998,0.999,/tmpdir/crf_16.mpd,/videos/BigBuckBunny-2160.avi
13057,0.99667,21.80413,0.99991,47.85719,0.99998,0.91342,0.99433,0.99786,0.99932,100.0,0.74,0.06,0.1,1.07,49.46,60.53,58.14,47.86,0.999,0.999,0.998,0.999,/tmpdir/crf_16.mpd,/videos/BigBuckBunny-2160.avi
13058,0.99667,21.80413,0.99987,45.6319,0.99996,0.8834,0.98734,0.99427,0.99744,100.0,1.21,0.06,0.09,1.78,47.3,60.7,58.38,45.63,0.999,0.999,0.998,0.999,/tmpdir/crf_16.mpd,/videos/BigBuckBunny-2160.avi
13059,0.99671,21.40854,0.99992,48.20223,0.99998,0.91564,0.9948,0.9981,0.99944,100.0,0.68,0.05,0.09,0.98,49.8,60.78,58.39,48.2,0.999,0.999,0.998,0.999,/tmpdir/crf_16.mpd,/videos/BigBuckBunny-2160.avi
13060,0.99696,21.40854,0.99987,45.63755,0.99996,0.88327,0.98755,0.99451,0.99763,100.0,1.21,0.05,0.09,1.78,47.31,60.83,58.54,45.64,0.999,0.999,0.999,0.999,/tmpdir/crf_16.mpd,/videos/BigBuckBunny-2160.avi
13061,0.99675,21.78288,0.99992,47.96496,0.99998,0.9142,0.99453,0.99798,0.99937,100.0,0.72,0.05,0.09,1.04,49.58,60.82,58.45,47.96,0.999,0.999,0.999,0.999,/tmpdir/crf_16.mpd,/videos/BigBuckBunny-2160.avi
13062,0.9966,21.78288,0.99987,45.57208,0.99996,0.88304,0.98774,0.99464,0.99779,100.0,1.23,0.05,0.09,1.8,47.25,60.89,58.59,45.57,0.999,0.999,0.999,0.999,/tmpdir/crf_16.mpd,/videos/BigBuckBunny-2160.avi
13063,0.99667,21.59608,0.99992,48.19555,0.99998,0.91586,0.99491,0.99821,0.99945,100.0,0.68,0.05,0.09,0.99,49.8,61.0,58.65,48.2,0.999,0.999,0.999,0.999,/tmpdir/crf_16.mpd,/videos/BigBuckBunny-2160.avi
13064,0.9968,21.59608,0.99988,45.78778,0.99996,0.88522,0.98817,0.99479,0.99787,100.0,1.17,0.05,0.08,1.72,47.46,61.14,58.86,45.79,0.999,0.999,0.999,0.999,/tmpdir/crf_16.mpd,/videos/BigBuckBunny-2160.avi
13065,0.9969,21.71952,0.99992,48.11386,0.99998,0.91488,0.99483,0.99818,0.99955,100.0,0.69,0.05,0.09,1.0,49.73,61.12,58.78,48.11,0.999,0.999,0.999,0.999,/tmpdir/crf_16.mpd,/videos/BigBuckBunny-2160.avi
13066,0.99686,21.71952,0.99987,45.63124,0.99996,0.88346,0.9875,0.99447,0.99763,100.0,1.21,0.05,0.08,1.78,47.31,61.16,58.88,45.63,0.999,0.999,0.999,0.999,/tmpdir/crf_16.mpd,/videos/BigBuckBunny-2160.avi
13067,0.99693,21.78411,0.99992,48.08179,0.99998,0.91476,0.99474,0.99811,0.99947,100.0,0.7,0.05,0.08,1.01,49.7,61.23,58.89,48.08,0.999,0.999,0.999,0.999,/tmpdir/crf_16.mpd,/videos/BigBuckBunny-2160.avi
13068,0.99721,21.78411,0.99992,48.26637,0.99998,0.91654,0.99518,0.99827,0.99953,100.0,0.67,0.05,0.08,0.97,49.89,61.41,59.07,48.27,0.999,0.999,0.999,0.999,/tmpdir/crf_16.mpd,/videos/BigBuckBunny-2160.avi
13069,0.99932,21.45152,0.99996,51.27181,0.99999,0.94781,0.99807,0.99919,0.99965,100.0,0.32,0.0,0.0,0.49,53.03,inf,inf,51.27,1.0,1.0,1.0,1.0,/tmpdir/crf_16.mpd,/videos/BigBuckBunny-2160.avi
13070,0.99768,21.45152,0.99989,45.91013,0.99996,0.89146,0.98783,0.99458,0.99785,100.0,1.11,0.0,0.0,1.67,47.67,inf,inf,45.91,0.999,1.0,1.0,0.999,/tmpdir/crf_16.mpd,/videos/BigBuckBunny-2160.avi
13071,0.99906,21.78563,0.99994,48.78818,0.99999,0.92399,0.99537,0.99818,0.99921,100.0,0.57,0.0,0.0,0.86,50.55,inf,inf,48.79,1.0,1.0,1.0,0.999,/tmpdir/crf_16.mpd,/videos/BigBuckBunny-2160.avi
13072,0.99791,21.78563,0.99989,46.32209,0.99997,0.89595,0.98945,0.99532,0.99802,100.0,1.01,0.0,0.0,1.52,48.08,inf,inf,46.32,0.999,1.0,1.0,0.999,/tmpdir/crf_16.mpd,/videos/BigBuckBunny-2160.avi
13073,0.99799,21.52818,0.99994,49.65491,0.99998,0.93334,0.9959,0.99851,0.99954,100.0,0.47,0.0,0.0,0.7,51.42,inf,inf,49.65,1.0,1.0,1.0,0.999,/tmpdir/crf_16.mpd,/videos/BigBuckBunny-2160.avi
13074,0.99761,21.52818,0.99989,46.06802,0.99996,0.89137,0.98813,0.99489,0.99793,100.0,1.07,0.0,0.0,1.61,47.83,inf,inf,46.07,0.999,1.0,1.0,0.999,/tmpdir/crf_16.mpd,/videos/BigBuckBunny-2160.avi
13075,0.99808,21.59867,0.99993,49.0504,0.99998,0.92641,0.99559,0.99843,0.99958,100.0,0.54,0.0,0.0,0.81,50.81,inf,inf,49.05,1.0,1.0,1.0,0.999,/tmpdir/crf_16.mpd,/videos/BigBuckBunny-2160.avi
13076,0.99792,21.59867,0.99989,46.29737,0.99996,0.89536,0.98901,0.99505,0.99786,100.0,1.02,0.0,0.0,1.53,48.06,inf,inf,46.3,0.999,1.0,1.0,0.999,/tmpdir/crf_16.mpd,/videos/BigBuckBunny-2160.avi
13077,0.99786,21.4187,0.99994,49.23218,0.99998,0.92859,0.99535,0.99832,0.99958,100.0,0.52,0.0,0.0,0.78,50.99,inf,inf,49.23,1.0,1.0,1.0,0.999,/tmpdir/crf_16.mpd,/videos/BigBuckBunny-2160.avi
13078,0.99765,21.4187,0.99988,46.03231,0.99996,0.89087,0.98809,0.99489,0.99794,100.0,1.08,0.0,0.0,1.62,47.79,inf,inf,46.03,0.999,1.0,1.0,0.999,/tmpdir/crf_16.mpd,/videos/BigBuckBunny-2160.avi
13079,0.99777,21.00683,0.99993,49.28235,0.99998,0.92813,0.99554,0.99842,0.99955,100.0,0.51,0.0,0.0,0.77,51.04,inf,inf,49.28,1.0,1.0,1.0,0.999,/tmpdir/crf_16.mpd,/videos/BigBuckBunny-2160.avi
13080,0.99768,21.00683,0.99989,46.2323,0.99996,0.89334,0.9888,0.99503,0.99798,100.0,1.03,0.0,0.0,1.55,47.99,inf,inf,46.23,0.999,1.0,1.0,0.999,/tmpdir/crf_16.mpd,/videos/BigBuckBunny-2160.avi
13081,0.99773,20.81347,0.99993,49.00608,0.99998,0.92544,0.9952,0.99832,0.99953,100.0,0.54,0.0,0.0,0.82,50.77,inf,inf,49.01,1.0,1.0,1.0,0.999,/tmpdir/crf_16.mpd,/videos/BigBuckBunny-2160.avi
13082,0.99765,20.81347,0.99989,46.28123,0.99996,0.89352,0.98828,0.99489,0.99793,100.0,1.02,0.0,0.0,1.53,48.04,inf,inf,46.28,0.999,1.0,1.0,0.999,/tmpdir/crf_16.mpd,/videos/BigBuckBunny-2160.avi
13083,0.99775,20.37964,0.99994,49.28086,0.99998,0.92768,0.99554,0.99844,0.99965,100.0,0.51,0.0,0.0,0.77,51.04,inf,inf,49.28,1.0,1.0,1.0,0.999,/tmpdir/crf_16.mpd,/videos/BigBuckBunny-2160.avi
13084,0.99757,20.37964,0.99989,46.32094,0.99996,0.89322,0.98866,0.99502,0.99803,100.0,1.01,0.0,0.0,1.52,48.08,inf,inf,46.32,0.999,1.0,1.0,0.999,/tmpdir/crf_16.mpd,/videos/BigBuckBunny-2160.avi
13085,0.99779,20.64993,0.99993,48.93284,0.99998,0.92425,0.99525,0.99835,0.9996,100.0,0.55,0.0,0.0,0.83,50.69,inf,inf,48.93,1.0,1.0,1.0,0.999,/tmpdir/crf_16.mpd,/videos/BigBuckBunny-2160.avi
13086,0.99758,20.64993,0.99989,46.19331,0.99996,0.8923,0.98827,0.99488,0.99789,100.0,1.04,0.0,0.0,1.56,47.95,inf,inf,46.19,0.999,1.0,1.0,0.999,/tmpdir/crf_16.mpd,/videos/BigBuckBunny-2160.avi
13087,0.99771,20.54013,0.99993,49.19681,0.99998,0.92687,0.99548,0.9984,0.99959,100.0,0.52,0.0,0.0,0.78,50.96,inf,inf,49.2,1.0,1.0,1.0,0.999,/tmpdir/crf_16.mpd,/videos/BigBuckBunny-2160.avi
13088,0.99741,20.54013,0.99989,46.16164,0.99996,0.8911,0.98876,0.99521,0.99814,100.0,1.05,0.0,0.0,1.57,47.92,inf,inf,46.16,0.999,1.0,1.0,0.999,/tmpdir/crf_16.mpd,/videos/BigBuckBunny-2160.avi
13089,0.99756,20.55016,0.99993,49.01182,0.99998,0.92426,0.99542,0.99843,0.99957,100.0,0.54,0.0,0.0,0.82,50.77,inf,inf,49.01,1.0,1.0,1.0,0.999,/tmpdir/crf_16.mpd,/videos/BigBuckBunny-2160.avi
13090,0.99741,20.55016,0.99988,46.02157,0.99996,0.8897,0.98795,0.99471,0.99783,100.0,1.08,0.0,0.0,1.63,47.78,inf,inf,46.02,0.999,1.0,1.0,0.999,/tmpdir/crf_16.mpd,/videos/BigBuckBunny-2160.avi
13091,0.99774,20.85843,0.99993,48.80907,0.99998,0.92316,0.9952,0.9983,0.99958,100.0,0.57,0.0,0.0,0.86,50.57,inf,inf,48.81,1.0,1.0,1.0,0.999,/tmpdir/crf_16.mpd,/videos/BigBuckBunny-2160.avi
13092,0.99786,20.85843,0.99993,48.91349,0.99998,0.92385,0.99561,0.99846,0.99965,100.0,0.56,0.0,0.0,0.84,50.67,inf,inf,48.91,1.0,1.0,1.0,0.999,/tmpdir/crf_16.mpd,/videos/BigBuckBunny-2160.avi
13093,0.99758,20.55887,0.99989,46.30389,0.99996,0.89425,0.98821,0.9949,0.99811,100.0,1.02,0.0,0.0,1.52,48.06,inf,inf,46.3,0.999,1.0,1.0,0.999,/tmpdir/crf_16.mpd,/videos/BigBuckBunny-2160.avi
13094,0.99797,20.55887,0.99993,49.21071,0.99998,0.92648,0.99586,0.99856,0.99964,100.0,0.52,0.0,0.0,0.78,50.97,inf,inf,49.21,1.0,1.0,1.0,0.999,/tmpdir/crf_16.mpd,/videos/BigBuckBunny-2160.avi
13095,0.9976,20.97664,0.99989,46.21269,0.99996,0.89359,0.98854,0.99498,0.99809,100.0,1.04,0.0,0.0,1.56,47.97,inf,inf,46.21,0.999,1.0,1.0,0.999,/tmpdir/crf_16.mpd,/videos/BigBuckBunny-2160.avi
13096,0.99751,20.97664,0.99993,48.59063,0.99998,0.92164,0.99532,0.99842,0.9996,100.0,0.6,0.0,0.0,0.9,50.35,inf,inf,48.59,1.0,1.0,1.0,0.999,/tmpdir/crf_16.mpd,/videos/BigBuckBunny-2160.avi
13097,0.99709,21.25774,0.99988,46.01349,0.99996,0.89151,0.98807,0.99493,0.99809,100.0,1.09,0.0,0.0,1.63,47.77,inf,inf,46.01,0.999,1.0,1.0,0.999,/tmpdir/crf_16.mpd,/videos/BigBuckBunny-2160.avi
13098,0.99751,21.25774,0.99993,48.82632,0.99998,0.92365,0.99553,0.99847,0.99968,100.0,0.57,0.0,0.0,0.85,50.59,inf,inf,48.83,1.0,1.0,1.0,0.999,/tmpdir/crf_16.mpd,/videos/BigBuckBunny-2160.avi
13099,0.99732,21.60276,0.99988,46.02777,0.99996,0.89187,0.98815,0.99491,0.99813,100.0,1.08,0.0,0.0,1.62,47.79,inf,inf,46.03,0.999,1.0,1.0,0.999,/tmpdir/crf_16.mpd,/videos/BigBuckBunny-2160.avi
13100,0.99766,21.60276,0.99993,48.50884,0.99998,0.92095,0.99525,0.99838,0.99964,100.0,0.61,0.0,0.0,0.92,50.27,inf,inf,48.51,1.0,1.0,1.0,0.999,/tmpdir/crf_16.mpd,/videos/BigBuckBunny-2160.avi
13101,0.99719,21.65998,0.99988,45.89003,0.99996,0.89026,0.98739,0.9945,0.99791,100.0,1.12,0.0,0.0,1.68,47.65,inf,inf,45.89,0.999,1.0,1.0,0.999,/tmpdir/crf_16.mpd,/videos/BigBuckBunny-2160.avi
13102,0.99753,21.65998,0.99993,48.77834,0.99998,0.92331,0.99544,0.99843,0.99965,100.0,0.57,0.0,0.0,0.86,50.54,inf,inf,48.78,1.0,1.0,1.0,0.999,/tmpdir/crf_16.mpd,/videos/BigBuckBunny-2160.avi
13103,0.99728,21.27931,0.99989,46.01463,0.99996,0.89101,0.98779,0.99472,0.99805,100.0,1.09,0.0,0.0,1.63,47.78,inf,inf,46.01,0.999,1.0,1.0,0.999,/tmpdir/crf_16.mpd,/videos/BigBuckBunny-2160.avi
13104,0.99751,21.27931,0.99993,48.76506,0.99998,0.92269,0.99543,0.99844,0.99959,100.0,0.58,0.0,0.0,0.86,50.53,inf,inf,48.77,1.0,1.0,1.0,0.999,/tmpdir/crf_16.mpd,/videos/BigBuckBunny-2160.avi
13105,0.99722,21.14972,0.99988,45.96333,0.99996,0.8903,0.98801,0.99491,0.99816,100.0,1.1,0.0,0.0,1.65,47.72,inf,inf,45.96,0.999,1.0,1.0,0.999,/tmpdir/crf_16.mpd,/videos/BigBuckBunny-2160.avi
13106,0.99771,21.14972,0.99993,48.84658,0.99998,0.92346,0.99543,0.99841,0.99961,100.0,0.57,0.0,0.0,0.85,50.61,inf,inf,48.85,1.0,1.0,1.0,0.999,/tmpdir/crf_16.mpd,/videos/BigBuckBunny-2160.avi
13107,0.99738,20.74685,0.99989,46.16355,0.99996,0.89257,0.98828,0.99497,0.99808,100.0,1.05,0.0,0.0,1.57,47.92,inf,inf,46.16,0.999,1.0,1.0,0.999,/tmpdir/crf_16.mpd,/videos/BigBuckBunny-2160.avi
13108,0.99764,20.74685,0.99993,48.96468,0.99998,0.92366,0.99559,0.99853,0.99972,100.0,0.55,0.0,0.0,0.83,50.73,inf,inf,48.96,1.0,1.0,1.0,0.999,/tmpdir/crf_16.mpd,/videos/BigBuckBunny-2160.avi
13109,0.99726,20.55461,0.99989,46.27942,0.99996,0.89333,0.98837,0.99509,0.99818,100.0,1.02,0.0,0.0,1.53,48.04,inf,inf,46.28,0.999,1.0,1.0,0.999,/tmpdir/crf_16.mpd,/videos/BigBuckBunny-2160.avi
13110,0.9976,20.55461,0.99993,48.92528,0.99998,0.92342,0.99546,0.99844,0.99969,100.0,0.56,0.0,0.0,0.83,50.69,inf,inf,48.93,1.0,1.0,1.0,0.999,/tmpdir/crf_16.mpd,/videos/BigBuckBunny-2160.avi
13111,0.99712,20.15513,0.99989,46.27331,0.99996,0.89313,0.9878,0.99461,0.99801,100.0,1.02,0.0,0.0,1.53,48.03,inf,inf,46.27,0.999,1.0,1.0,0.999,/tmpdir/crf_16.mpd,/videos/BigBuckBunny-2160.avi
13112,0.9975,20.15513,0.99993,49.10676,0.99998,0.92441,0.99561,0.99852,0.99961,100.0,0.53,0.0,0.0,0.8,50.87,inf,inf,49.11,1.0,1.0,1.0,0.999,/tmpdir/crf_16.mpd,/videos/BigBuckBunny-2160.avi
13113,0.99716,20.11467,0.99989,46.29604,0.99996,0.89266,0.98833,0.99496,0.99811,100.0,1.02,0.0,0.0,1.53,48.06,inf,inf,46.3,0.999,1.0,1.0,0.999,/tmpdir/crf_16.mpd,/videos/BigBuckBunny-2160.avi
13114,0.99756,20.11467,0.99993,48.90342,0.99998,0.92273,0.99559,0.99852,0.99969,100.0,0.56,0.0,0.0,0.84,50.66,inf,inf,48.9,1.0,1.0,1.0,0.999,/tmpdir/crf_16.mpd,/videos/BigBuckBunny-2160.avi
13115,0.99709,20.51555,0.99989,46.1989,0.99996,0.89186,0.98858,0.99514,0.99819,100.0,1.04,0.0,0.0,1.56,47.96,inf,inf,46.2,0.999,1.0,1.0,0.999,/tmpdir/crf_16.mpd,/videos/BigBuckBunny-2160.avi
13116,0.99766,20.51555,0.99993,48.98087,0.99998,0.92353,0.99575,0.99858,0.99971,100.0,0.55,0.0,0.0,0.82,50.74,inf,inf,48.98,1.0,1.0,1.0,0.999,/tmpdir/crf_16.mpd,/videos/BigBuckBunny-2160.avi
13117,0.9973,20.51969,0.99989,46.28538,0.99996,0.89323,0.98853,0.99505,0.99817,100.0,1.02,0.0,0.0,1.53,48.05,inf,inf,46.29,0.999,1.0,1.0,0.999,/tmpdir/crf_16.mpd,/videos/BigBuckBunny-2160.avi
13118,0.99757,20.51969,0.99993,48.96553,0.99998,0.92324,0.99574,0.99857,0.99975,100.0,0.55,0.0,0.0,0.83,50.73,inf,inf,48.97,1.0,1.0,1.0,0.999,/tmpdir/crf_16.mpd,/videos/BigBuckBunny-2160.avi
13119,0.99707,20.94831,0.99989,46.17182,0.99996,0.89231,0.98824,0.99489,0.99811,100.0,1.05,0.0,0.0,1.57,47.93,inf,inf,46.17,0.999,1.0,1.0,0.999,/tmpdir/crf_16.mpd,/videos/BigBuckBunny-2160.avi
13120,0.99752,20.94831,0.99993,48.70356,0.99998,0.92172,0.99552,0.99848,0.99964,100.0,0.58,0.0,0.0,0.88,50.46,inf,inf,48.7,1.0,1.0,1.0,0.999,/tmpdir/crf_16.mpd,/videos/BigBuckBunny-2160.avi
13121,0.99696,21.1698,0.99989,46.02943,0.99996,0.89075,0.98834,0.99501,0.99824,100.0,1.08,0.0,0.0,1.62,47.79,inf,inf,46.03,0.999,1.0,1.0,0.999,/tmpdir/crf_16.mpd,/videos/BigBuckBunny-2160.avi
13122,0.99758,21.1698,0.99993,48.68625,0.99998,0.92143,0.99561,0.99853,0.99965,100.0,0.59,0.0,0.0,0.88,50.45,inf,inf,48.69,1.0,1.0,1.0,0.999,/tmpdir/crf_16.mpd,/videos/BigBuckBunny-2160.avi
13123,0.99703,21.45438,0.99988,45.90694,0.99996,0.88963,0.98841,0.99507,0.99818,100.0,1.11,0.0,0.0,1.67,47.67,inf,inf,45.91,0.999,1.0,1.0,0.999,/tmpdir/crf_16.mpd,/videos/BigBuckBunny-2160.avi
13124,0.99754,21.45438,0.99993,48.46484,0.99998,0.91964,0.99529,0.99838,0.99965,100.0,0.62,0.0,0.0,0.93,50.23,inf,inf,48.46,1.0,1.0,1.0,0.999,/tmpdir/crf_16.mpd,/videos/BigBuckBunny-2160.avi
13125,0.99708,21.38741,0.99988,45.8394,0.99996,0.88925,0.98764,0.99462,0.9979,100.0,1.13,0.0,0.0,1.69,47.6,inf,inf,45.84,0.999,1.0,1.0,0.999,/tmpdir/crf_16.mpd,/videos/BigBuckBunny-2160.avi
13126,0.99766,21.38741,0.99993,48.60823,0.99998,0.92091,0.99545,0.99845,0.99966,100.0,0.6,0.0,0.0,0.9,50.37,inf,inf,48.61,1.0,1.0,1.0,0.999,/tmpdir/crf_16.mpd,/videos/BigBuckBunny-2160.avi
13127,0.99716,20.94052,0.99989,46.10485,0.99996,0.89133,0.9882,0.99486,0.9981,100.0,1.06,0.0,0.0,1.59,47.87,inf,inf,46.1,0.999,1.0,1.0,0.999,/tmpdir/crf_16.mpd,/videos/BigBuckBunny-2160.avi
13128,0.99753,20.94052,0.99993,48.71594,0.99998,0.92133,0.99545,0.99845,0.99966,100.0,0.58,0.0,0.0,0.87,50.48,inf,inf,48.72,1.0,1.0,1.0,0.999,/tmpdir/crf_16.mpd,/videos/BigBuckBunny-2160.avi
13129,0.99726,20.84222,0.99988,46.02162,0.99996,0.8903,0.98816,0.99494,0.99815,100.0,1.08,0.0,0.0,1.63,47.78,inf,inf,46.02,0.999,1.0,1.0,0.999,/tmpdir/crf_16.mpd,/videos/BigBuckBunny-2160.avi
13130,0.99754,20.84222,0.99993,48.62564,0.99998,0.92063,0.99527,0.99838,0.99957,100.0,0.59,0.0,0.0,0.89,50.39,inf,inf,48.63,1.0,1.0,1.0,0.999,/tmpdir/crf_16.mpd,/videos/BigBuckBunny-2160.avi
13131,0.99734,20.39721,0.99989,46.13146,0.99996,0.89093,0.98846,0.99512,0.99821,100.0,1.06,0.0,0.0,1.58,47.89,inf,inf,46.13,0.999,1.0,1.0,0.999,/tmpdir/crf_16.mpd,/videos/BigBuckBunny-2160.avi
13132,0.99755,20.39721,0.99993,48.85964,0.99998,0.92187,0.99554,0.99852,0.99974,100.0,0.56,0.0,0.0,0.85,50.62,inf,inf,48.86,1.0,1.0,1.0,0.999,/tmpdir/crf_16.mpd,/videos/BigBuckBunny-2160.avi
13133,0.99721,20.49877,0.99989,46.10515,0.99996,0.89084,0.9884,0.99512,0.99836,100.0,1.06,0.0,0.0,1.59,47.87,inf,inf,46.11,0.999,1.0,1.0,0.999,/tmpdir/crf_16.mpd,/videos/BigBuckBunny-2160.avi
13134,0.99754,20.49877,0.99993,48.54305,0.99998,0.91929,0.99523,0.99838,0.99964,100.0,0.61,0.0,0.0,0.91,50.3,inf,inf,48.54,1.0,1.0,1.0,0.999,/tmpdir/crf_16.mpd,/videos/BigBuckBunny-2160.avi
13135,0.99721,20.56481,0.99988,46.07051,0.99996,0.89011,0.98775,0.99468,0.99804,100.0,1.07,0.0,0.0,1.61,47.83,73.43,76.7,46.07,0.999,1.0,1.0,0.999,/tmpdir/crf_16.mpd,/videos/BigBuckBunny-2160.avi
13136,0.99752,20.56481,0.99992,48.75011,0.99998,0.92104,0.99542,0.99841,0.99965,100.0,0.58,0.01,0.0,0.87,50.5,69.68,72.09,48.75,1.0,1.0,1.0,0.999,/tmpdir/crf_16.mpd,/videos/BigBuckBunny-2160.avi
13137,0.99698,20.35845,0.99987,46.16435,0.99996,0.89025,0.98837,0.99501,0.99821,100.0,1.05,0.01,0.01,1.57,47.91,67.1,69.2,46.16,0.999,1.0,1.0,0.999,/tmpdir/crf_16.mpd,/videos/BigBuckBunny-2160.avi
13138,0.99757,20.35845,0.99991,48.78369,0.99998,0.92063,0.9955,0.99848,0.9996,100.0,0.58,0.01,0.01,0.86,50.52,67.05,68.15,48.78,0.999,1.0,1.0,0.999,/tmpdir/crf_16.mpd,/videos/BigBuckBunny-2160.avi
13139,0.99705,19.96018,0.99986,46.01196,0.99996,0.88815,0.98799,0.99474,0.99783,100.0,1.09,0.02,0.01,1.63,47.75,65.15,66.42,46.01,0.999,1.0,1.0,0.999,/tmpdir/crf_16.mpd,/videos/BigBuckBunny-2160.avi
13140,0.99751,19.96018,0.99991,48.68623,0.99998,0.91962,0.99527,0.99836,0.9996,100.0,0.59,0.02,0.01,0.88,50.41,65.47,66.59,48.69,0.999,1.0,1.0,0.999,/tmpdir/crf_16.mpd,/videos/BigBuckBunny-2160.avi
13141,0.99713,19.66545,0.99986,46.24136,0.99996,0.89012,0.98861,0.9951,0.99806,100.0,1.04,0.02,0.02,1.55,47.97,64.66,65.54,46.24,0.999,1.0,1.0,0.999,/tmpdir/crf_16.mpd,/videos/BigBuckBunny-2160.avi
13142,0.99749,19.66545,0.99991,48.84208,0.99998,0.92029,0.99551,0.99848,0.99969,100.0,0.57,0.02,0.01,0.85,50.56,65.59,66.88,48.84,0.999,1.0,1.0,0.999,/tmpdir/crf_16.mpd,/videos/BigBuckBunny-2160.avi
13143,0.997,19.8056,0.99987,46.21911,0.99996,0.89013,0.98814,0.99491,0.99812,100.0,1.04,0.02,0.02,1.55,47.96,65.3,66.1,46.22,0.999,1.0,1.0,0.999,/tmpdir/crf_16.mpd,/videos/BigBuckBunny-2160.avi
13144,0.99755,19.8056,0.99991,48.64335,0.99998,0.91898,0.99537,0.99842,0.99965,100.0,0.6,0.02,0.01,0.89,50.37,65.95,66.89,48.64,0.999,1.0,1.0,0.999,/tmpdir/crf_16.mpd,/videos/BigBuckBunny-2160.avi
13145,0.99717,19.64491,0.99987,46.25005,0.99996,0.89055,0.98833,0.99497,0.99808,100.0,1.03,0.02,0.02,1.54,47.99,65.4,66.13,46.25,0.999,1.0,1.0,0.999,/tmpdir/crf_16.mpd,/videos/BigBuckBunny-2160.avi
13146,0.9974,19.64491,0.99991,48.83352,0.99998,0.92059,0.99555,0.99849,0.99959,100.0,0.57,0.02,0.01,0.85,50.56,66.08,67.09,48.83,0.999,1.0,1.0,0.999,/tmpdir/crf_16.mpd,/videos/BigBuckBunny-2160.avi
13147,0.99707,19.74016,0.99987,46.12606,0.99996,0.88909,0.98835,0.99506,0.99824,100.0,1.06,0.02,0.01,1.59,47.87,65.69,66.63,46.13,0.999,1.0,1.0,0.999,/tmpdir/crf_16.mpd,/videos/BigBuckBunny-2160.avi
13148,0.99762,19.74016,0.99991,48.6438,0.99998,0.91879,0.99555,0.99851,0.99968,100.0,0.6,0.02,0.01,0.89,50.37,65.99,67.17,48.64,0.999,1.0,1.0,0.999,/tmpdir/crf_16.mpd,/videos/BigBuckBunny-2160.avi
13149,0.99699,20.08906,0.99987,45.93457,0.99996,0.88715,0.98832,0.99501,0.9981,100.0,1.11,0.02,0.01,1.66,47.68,65.82,66.92,45.93,0.999,1.0,1.0,0.999,/tmpdir/crf_16.mpd,/videos/BigBuckBunny-2160.avi
13150,0.99754,20.08906,0.99991,48.60251,0.99998,0.91877,0.99548,0.99848,0.99968,100.0,0.6,0.02,0.01,0.9,50.33,65.92,67.03,48.6,0.999,1.0,1.0,0.999,/tmpdir/crf_16.mpd,/videos/BigBuckBunny-2160.avi
13151,0.99712,20.27285,0.99987,46.039,0.99996,0.88878,0.98849,0.99513,0.99818,100.0,1.08,0.02,0.01,1.62,47.78,65.6,66.73,46.04,0.999,1.0,1.0,0.999,/tmpdir/crf_16.mpd,/videos/BigBuckBunny-2160.avi
13152,0.99746,20.27285,0.99991,48.48284,0.99998,0.91783,0.99537,0.9984,0.99963,100.0,0.62,0.02,0.01,0.92,50.21,65.64,66.71,48.48,0.999,1.0,1.0,0.999,/tmpdir/crf_16.mpd,/videos/BigBuckBunny-2160.avi
13153,0.99713,20.6857,0.99986,45.82042,0.99996,0.88684,0.98776,0.99473,0.99799,100.0,1.14,0.02,0.01,1.7,47.56,65.44,66.7,45.82,0.999,1.0,1.0,0.999,/tmpdir/crf_16.mpd,/videos/BigBuckBunny-2160.avi
13154,0.99748,20.6857,0.9999,48.24637,0.99998,0.91616,0.99504,0.99828,0.99955,100.0,0.65,0.02,0.01,0.97,49.97,65.47,66.4,48.25,0.999,1.0,1.0,0.999,/tmpdir/crf_16.mpd,/videos/BigBuckBunny-2160.avi
13155,0.99705,20.65986,0.99985,45.80781,0.99996,0.88605,0.9877,0.99478,0.99812,100.0,1.14,0.02,0.01,1.71,47.55,65.09,66.52,45.81,0.999,1.0,1.0,0.999,/tmpdir/crf_16.mpd,/videos/BigBuckBunny-2160.avi
13156,0.99751,20.65986,0.9999,48.46912,0.99998,0.91756,0.99533,0.99843,0.99962,100.0,0.62,0.02,0.01,0.93,50.19,65.47,66.73,48.47,0.999,1.0,1.0,0.999,/tmpdir/crf_16.mpd,/videos/BigBuckBunny-2160.avi
13157,0.99735,20.72606,0.99985,45.90649,0.99996,0.88703,0.98833,0.99507,0.99816,100.0,1.12,0.02,0.01,1.67,47.65,65.48,66.41,45.91,0.999,1.0,1.0,0.999,/tmpdir/crf_16.mpd,/videos/BigBuckBunny-2160.avi
13158,0.99755,20.72606,0.99991,48.2668,0.99998,0.91602,0.99496,0.99828,0.99961,100.0,0.65,0.01,0.01,0.97,50.0,66.66,68.14,48.27,0.999,1.0,1.0,0.999,/tmpdir/crf_16.mpd,/videos/BigBuckBunny-2160.avi
13159,0.99841,20.57969,0.9999,48.09997,0.99998,0.91347,0.99449,0.99793,0.99923,100.0,0.68,0.01,0.01,1.01,49.83,66.57,68.17,48.1,0.999,1.0,1.0,0.999,/tmpdir/crf_16.mpd,/videos/BigBuckBunny-2160.avi
13160,0.99772,20.57969,0.99986,45.91064,0.99996,0.88648,0.98785,0.99481,0.99792,100.0,1.12,0.02,0.01,1.67,47.65,65.9,66.88,45.91,0.999,1.0,1.0,0.999,/tmpdir/crf_16.mpd,/videos/BigBuckBunny-2160.avi
13161,0.99814,20.40479,0.99991,48.50501,0.99998,0.91737,0.99496,0.99819,0.99944,100.0,0.62,0.01,0.01,0.92,50.24,66.66,68.15,48.51,0.999,1.0,1.0,0.999,/tmpdir/crf_16.mpd,/videos/BigBuckBunny-2160.avi
13162,0.9976,20.40479,0.99986,45.95182,0.99997,0.88629,0.98901,0.99531,0.99818,100.0,1.11,0.02,0.01,1.65,47.69,65.99,67.0,45.95,0.999,1.0,1.0,0.999,/tmpdir/crf_16.mpd,/videos/BigBuckBunny-2160.avi
13163,0.99755,20.78452,0.99991,48.13257,0.99998,0.91529,0.9947,0.9981,0.99948,100.0,0.67,0.01,0.01,1.0,49.87,66.62,68.2,48.13,0.999,1.0,1.0,0.999,/tmpdir/crf_16.mpd,/videos/BigBuckBunny-2160.avi
13164,0.99722,20.78452,0.99985,45.53022,0.99996,0.88123,0.98708,0.99437,0.9977,100.0,1.22,0.02,0.01,1.82,47.27,66.07,67.21,45.53,0.999,1.0,1.0,0.999,/tmpdir/crf_16.mpd,/videos/BigBuckBunny-2160.avi
13165,0.99742,20.42352,0.99991,48.38029,0.99998,0.91661,0.9951,0.99831,0.99953,100.0,0.63,0.01,0.01,0.94,50.11,66.63,68.22,48.38,0.999,1.0,1.0,0.999,/tmpdir/crf_16.mpd,/videos/BigBuckBunny-2160.avi
13166,0.99726,20.42352,0.99986,45.87862,0.99996,0.88525,0.98836,0.99494,0.99794,100.0,1.12,0.02,0.01,1.68,47.62,66.06,67.11,45.88,0.999,1.0,1.0,0.999,/tmpdir/crf_16.mpd,/videos/BigBuckBunny-2160.avi
13167,0.99758,20.59184,0.99991,48.11703,0.99998,0.9146,0.99479,0.99821,0.99959,100.0,0.67,0.01,0.01,1.0,49.85,66.57,68.07,48.12,0.999,1.0,1.0,0.999,/tmpdir/crf_16.mpd,/videos/BigBuckBunny-2160.avi
13168,0.99734,20.59184,0.99986,45.64467,0.99996,0.8828,0.98764,0.99471,0.99789,100.0,1.19,0.02,0.01,1.77,47.39,66.02,67.29,45.64,0.999,1.0,1.0,0.999,/tmpdir/crf_16.mpd,/videos/BigBuckBunny-2160.avi
13169,0.99744,20.50981,0.99991,48.28123,0.99998,0.91593,0.995,0.99824,0.99955,100.0,0.65,0.01,0.01,0.97,50.01,66.62,68.07,48.28,0.999,1.0,1.0,0.999,/tmpdir/crf_16.mpd,/videos/BigBuckBunny-2160.avi
13170,0.99764,20.50981,0.99986,45.72439,0.99996,0.88348,0.98802,0.99477,0.99785,100.0,1.17,0.02,0.01,1.74,47.47,65.95,67.26,45.72,0.999,1.0,1.0,0.999,/tmpdir/crf_16.mpd,/videos/BigBuckBunny-2160.avi
13171,0.99752,20.3838,0.99991,48.36306,0.99998,0.91583,0.99506,0.99829,0.9996,100.0,0.64,0.01,0.01,0.95,50.1,66.52,68.03,48.36,0.999,1.0,1.0,0.999,/tmpdir/crf_16.mpd,/videos/BigBuckBunny-2160.avi
13172,0.99753,20.3838,0.99986,45.69045,0.99996,0.88302,0.98819,0.99495,0.99804,100.0,1.17,0.02,0.01,1.75,47.43,65.92,67.23,45.69,0.999,1.0,1.0,0.999,/tmpdir/crf_16.mpd,/videos/BigBuckBunny-2160.avi
13173,0.99738,20.6917,0.99991,48.2326,0.99998,0.9155,0.99502,0.99827,0.99953,100.0,0.66,0.01,0.01,0.98,49.97,66.41,67.78,48.23,0.999,1.0,1.0,0.999,/tmpdir/crf_16.mpd,/videos/BigBuckBunny-2160.avi
13174,0.9976,20.6917,0.99991,48.27433,0.99998,0.91573,0.99523,0.99831,0.9996,100.0,0.65,0.02,0.01,0.97,50.01,66.29,67.61,48.27,0.999,1.0,1.0,0.999,/tmpdir/crf_16.mpd,/videos/BigBuckBunny-2160.avi
13175,0.99751,20.31593,0.99986,46.01224,0.99996,0.88821,0.98845,0.99511,0.99832,100.0,1.09,0.02,0.01,1.63,47.75,65.88,67.0,46.01,0.999,1.0,1.0,0.999,/tmpdir/crf_16.mpd,/videos/BigBuckBunny-2160.avi
13176,0.99774,20.31593,0.99991,48.42638,0.99998,0.91649,0.99534,0.9984,0.99963,100.0,0.63,0.02,0.01,0.93,50.16,66.34,67.68,48.43,0.999,1.0,1.0,0.999,/tmpdir/crf_16.mpd,/videos/BigBuckBunny-2160.avi
13177,0.99934,20.60993,0.99995,50.87385,0.99999,0.94468,0.99786,0.99913,0.99962,100.0,0.36,0.01,0.01,0.53,52.61,69.15,69.92,50.87,1.0,1.0,1.0,1.0,/tmpdir/crf_16.mpd,/videos/BigBuckBunny-2160.avi
13178,0.99756,20.60993,0.99988,46.03558,0.99996,0.89143,0.98814,0.99474,0.99791,100.0,1.08,0.01,0.01,1.62,47.78,67.61,68.62,46.04,0.999,1.0,1.0,0.999,/tmpdir/crf_16.mpd,/videos/BigBuckBunny-2160.avi
13179,0.99904,20.5563,0.99992,49.06038,0.99999,0.92502,0.99577,0.99834,0.99927,100.0,0.54,0.01,0.01,0.81,50.79,67.5,68.47,49.06,1.0,1.0,1.0,0.999,/tmpdir/crf_16.mpd,/videos/BigBuckBunny-2160.avi
13180,0.99771,20.5563,0.99987,46.34109,0.99996,0.89433,0.98941,0.99527,0.99789,100.0,1.01,0.01,0.01,1.51,48.09,67.25,68.43,46.34,0.999,1.0,1.0,0.999,/tmpdir/crf_16.mpd,/videos/BigBuckBunny-2160.avi
13181,0.99794,20.59646,0.99992,49.56944,0.99998,0.93112,0.99576,0.99843,0.99951,100.0,0.48,0.01,0.01,0.72,51.3,67.23,68.56,49.57,1.0,1.0,1.0,0.999,/tmpdir/crf_16.mpd,/videos/BigBuckBunny-2160.avi
13182,0.99733,20.59646,0.99987,45.97659,0.99996,0.88914,0.98801,0.99475,0.99787,100.0,1.1,0.02,0.01,1.64,47.72,66.3,67.64,45.98,0.999,1.0,1.0,0.999,/tmpdir/crf_16.mpd,/videos/BigBuckBunny-2160.avi
13183,0.99782,20.98755,0.99992,48.96705,0.99998,0.92518,0.99567,0.99846,0.99954,100.0,0.55,0.01,0.01,0.82,50.7,66.59,68.28,48.97,1.0,1.0,1.0,0.999,/tmpdir/crf_16.mpd,/videos/BigBuckBunny-2160.avi
13184,0.99754,20.98755,0.99987,46.28653,0.99996,0.89366,0.98919,0.99523,0.99803,100.0,1.02,0.02,0.01,1.53,48.03,66.2,67.54,46.29,0.999,1.0,1.0,0.999,/tmpdir/crf_16.mpd,/videos/BigBuckBunny-2160.avi
13185,0.99782,20.31577,0.99992,49.27079,0.99998,0.92762,0.99555,0.99839,0.99954,100.0,0.52,0.01,0.01,0.77,51.0,67.1,68.98,49.27,1.0,1.0,1.0,0.999,/tmpdir/crf_16.mpd,/videos/BigBuckBunny-2160.avi
13186,0.99759,20.31577,0.99987,46.18482,0.99996,0.89125,0.9887,0.99509,0.99801,100.0,1.05,0.01,0.01,1.57,47.93,66.83,68.33,46.18,0.999,1.0,1.0,0.999,/tmpdir/crf_16.mpd,/videos/BigBuckBunny-2160.avi
13187,0.99782,20.65125,0.99992,49.02931,0.99998,0.92566,0.99557,0.99844,0.99959,100.0,0.55,0.01,0.01,0.81,50.76,67.09,69.08,49.03,1.0,1.0,1.0,0.999,/tmpdir/crf_16.mpd,/videos/BigBuckBunny-2160.avi
13188,0.99785,20.65125,0.99987,46.00381,0.99996,0.89014,0.98864,0.99503,0.998,100.0,1.09,0.01,0.01,1.63,47.75,66.84,68.42,46.0,0.999,1.0,1.0,0.999,/tmpdir/crf_16.mpd,/videos/BigBuckBunny-2160.avi
13189,0.99769,20.76524,0.99992,49.02746,0.99998,0.92562,0.99553,0.99842,0.99958,100.0,0.55,0.01,0.01,0.81,50.76,66.97,68.92,49.03,0.999,1.0,1.0,0.999,/tmpdir/crf_16.mpd,/videos/BigBuckBunny-2160.avi
13190,0.99753,20.76524,0.99987,45.96895,0.99996,0.88908,0.98861,0.99509,0.99797,100.0,1.1,0.01,0.01,1.65,47.71,66.75,68.61,45.97,0.999,1.0,1.0,0.999,/tmpdir/crf_16.mpd,/videos/BigBuckBunny-2160.avi
13191,0.99779,20.99103,0.99992,48.85512,0.99998,0.92411,0.99541,0.99839,0.99954,100.0,0.57,0.01,0.01,0.85,50.59,66.88,68.88,48.86,0.999,1.0,1.0,0.999,/tmpdir/crf_16.mpd,/videos/BigBuckBunny-2160.avi
13192,0.99782,20.99103,0.99987,45.95214,0.99996,0.88956,0.98863,0.995,0.99795,100.0,1.1,0.01,0.01,1.65,47.7,66.72,68.5,45.95,0.999,1.0,1.0,0.999,/tmpdir/crf_16.mpd,/videos/BigBuckBunny-2160.avi
13193,0.99772,21.37979,0.99992,48.58963,0.99998,0.92163,0.99533,0.99837,0.99962,100.0,0.6,0.01,0.01,0.9,50.32,66.83,68.73,48.59,0.999,1.0,1.0,0.999,/tmpdir/crf_16.mpd,/videos/BigBuckBunny-2160.avi
13194,0.99746,21.37979,0.99986,45.85443,0.99996,0.88846,0.9878,0.99471,0.99791,100.0,1.13,0.01,0.01,1.69,47.6,66.67,68.52,45.85,0.999,1.0,1.0,0.999,/tmpdir/crf_16.mpd,/videos/BigBuckBunny-2160.avi
13195,0.99769,21.50163,0.99991,48.79234,0.99998,0.92363,0.9955,0.99844,0.99962,100.0,0.58,0.01,0.01,0.86,50.52,66.76,68.65,48.79,0.999,1.0,1.0,0.999,/tmpdir/crf_16.mpd,/videos/BigBuckBunny-2160.avi
13196,0.99757,21.50163,0.99986,45.76971,0.99996,0.88744,0.98835,0.99491,0.99793,100.0,1.15,0.01,0.01,1.72,47.52,66.67,68.43,45.77,0.999,1.0,1.0,0.999,/tmpdir/crf_16.mpd,/videos/BigBuckBunny-2160.avi
13197,0.99766,21.71635,0.99991,48.37204,0.99998,0.91996,0.99509,0.99827,0.99955,100.0,0.63,0.01,0.01,0.95,50.11,66.68,68.57,48.37,0.999,1.0,1.0,0.999,/tmpdir/crf_16.mpd,/videos/BigBuckBunny-2160.avi
13198,0.99741,21.71635,0.99986,45.74151,0.99996,0.88753,0.9881,0.99484,0.99782,100.0,1.16,0.01,0.01,1.73,47.49,66.6,68.43,45.74,0.999,1.0,1.0,0.999,/tmpdir/crf_16.mpd,/videos/BigBuckBunny-2160.avi
13199,0.99755,21.4067,0.99991,48.58034,0.99998,0.92171,0.99537,0.99845,0.99963,100.0,0.61,0.01,0.01,0.9,50.31,66.59,68.37,48.58,0.999,1.0,1.0,0.999,/tmpdir/crf_16.mpd,/videos/BigBuckBunny-2160.avi
13200,0.99739,21.4067,0.99986,45.89537,0.99996,0.88883,0.98852,0.99497,0.99793,100.0,1.12,0.01,0.01,1.67,47.64,66.41,68.33,45.9,0.999,1.0,1.0,0.999,/tmpdir/crf_16.mpd,/videos/BigBuckBunny-2160.avi
13201,0.99766,21.17909,0.99991,48.56994,0.99998,0.92083,0.99529,0.99838,0.99963,100.0,0.61,0.02,0.01,0.9,50.3,66.37,68.35,48.57,0.999,1.0,1.0,0.999,/tmpdir/crf_16.mpd,/videos/BigBuckBunny-2160.avi
13202,0.99774,21.17909,0.99987,45.92392,0.99996,0.88894,0.98833,0.99486,0.99781,100.0,1.11,0.02,0.01,1.66,47.67,66.33,68.18,45.92,0.999,1.0,1.0,0.999,/tmpdir/crf_16.mpd,/videos/BigBuckBunny-2160.avi
13203,0.99761,20.78702,0.99991,48.55969,0.99998,0.92063,0.99508,0.99829,0.99959,100.0,0.61,0.02,0.01,0.91,50.29,66.3,68.12,48.56,0.999,1.0,1.0,0.999,/tmpdir/crf_16.mpd,/videos/BigBuckBunny-2160.avi
13204,0.9974,20.78702,0.99986,45.95861,0.99996,0.88872,0.98839,0.99494,0.99797,100.0,1.1,0.02,0.01,1.65,47.7,66.13,67.87,45.96,0.999,1.0,1.0,0.999,/tmpdir/crf_16.mpd,/videos/BigBuckBunny-2160.avi
13205,0.99739,20.68006,0.99991,48.71177,0.99998,0.92152,0.99541,0.99842,0.99962,100.0,0.59,0.02,0.01,0.87,50.44,66.15,67.87,48.71,0.999,1.0,1.0,0.999,/tmpdir/crf_16.mpd,/videos/BigBuckBunny-2160.avi
13206,0.99733,20.68006,0.99986,45.84643,0.99996,0.88714,0.9881,0.99492,0.99799,100.0,1.13,0.02,0.01,1.69,47.59,66.01,67.73,45.85,0.999,1.0,1.0,0.999,/tmpdir/crf_16.mpd,/videos/BigBuckBunny-2160.avi
13207,0.99754,20.98735,0.99991,48.18492,0.99998,0.91766,0.99484,0.99816,0.99948,100.0,0.66,0.02,0.01,0.99,49.91,65.87,67.57,48.18,0.999,1.0,1.0,0.999,/tmpdir/crf_16.mpd,/videos/BigBuckBunny-2160.avi
13208,0.99755,20.98735,0.99986,45.87328,0.99996,0.88788,0.98825,0.99487,0.99787,100.0,1.13,0.02,0.01,1.68,47.62,65.7,67.41,45.87,0.999,1.0,1.0,0.999,/tmpdir/crf_16.mpd,/videos/BigBuckBunny-2160.avi
13209,0.9975,20.62446,0.99991,48.40811,0.99998,0.91874,0.99511,0.99834,0.99961,100.0,0.63,0.02,0.01,0.94,50.14,65.82,67.58,48.41,0.999,1.0,1.0,0.999,/tmpdir/crf_16.mpd,/videos/BigBuckBunny-2160.avi
13210,0.99732,20.62446,0.99986,45.96779,0.99996,0.88799,0.9883,0.99502,0.99801,100.0,1.1,0.02,0.01,1.65,47.71,65.55,67.06,45.97,0.999,1.0,1.0,0.999,/tmpdir/crf_16.mpd,/videos/BigBuckBunny-2160.avi
13211,0.99756,20.89238,0.9999,48.30295,0.99998,0.918,0.99501,0.99823,0.99956,100.0,0.65,0.02,0.01,0.96,50.03,65.54,67.09,48.3,0.999,1.0,1.0,0.999,/tmpdir/crf_16.mpd,/videos/BigBuckBunny-2160.avi
13212,0.99738,20.89238,0.99985,45.64858,0.99996,0.88429,0.9878,0.99469,0.99782,100.0,1.19,0.02,0.01,1.77,47.39,65.27,66.83,45.65,0.999,1.0,1.0,0.999,/tmpdir/crf_16.mpd,/videos/BigBuckBunny-2160.avi
13213,0.99759,21.35195,0.9999,48.45352,0.99998,0.91892,0.99507,0.99831,0.99957,100.0,0.62,0.01,0.01,0.93,50.19,67.19,68.24,48.45,0.999,1.0,1.0,0.999,/tmpdir/crf_16.mpd,/videos/BigBuckBunny-2160.avi
13214,0.99771,21.35195,0.99987,45.88163,0.99996,0.88753,0.9885,0.99509,0.99807,100.0,1.12,0.01,0.01,1.68,47.64,70.01,71.06,45.88,0.999,1.0,1.0,0.999,/tmpdir/crf_16.mpd,/videos/BigBuckBunny-2160.avi
13215,0.9974,20.60297,0.99993,48.75266,0.99998,0.92204,0.99547,0.99846,0.99968,100.0,0.58,0.0,0.0,0.87,50.51,89.34,98.08,48.75,1.0,1.0,1.0,0.999,/tmpdir/crf_16.mpd,/videos/BigBuckBunny-2160.avi
13216,0.99729,20.60297,0.99988,45.95513,0.99996,0.88827,0.98834,0.99503,0.99804,100.0,1.1,0.0,0.0,1.65,47.72,101.76,111.3,45.96,0.999,1.0,1.0,0.999,/tmpdir/crf_16.mpd,/videos/BigBuckBunny-2160.avi
13217,0.99762,20.85337,0.99992,48.59332,0.99998,0.92031,0.99534,0.99842,0.9996,100.0,0.6,0.0,0.0,0.9,50.35,101.3,111.3,48.59,1.0,1.0,1.0,0.999,/tmpdir/crf_16.mpd,/videos/BigBuckBunny-2160.avi
13218,0.99764,20.85337,0.99988,45.99869,0.99996,0.88933,0.98843,0.99496,0.99801,100.0,1.09,0.0,0.0,1.63,47.76,101.76,111.3,46.0,0.999,1.0,1.0,0.999,/tmpdir/crf_16.mpd,/videos/BigBuckBunny-2160.avi
13219,0.99761,20.85305,0.99992,48.54706,0.99998,0.91989,0.99523,0.99838,0.9997,100.0,0.61,0.0,0.0,0.91,50.31,103.52,111.3,48.55,1.0,1.0,1.0,0.999,/tmpdir/crf_16.mpd,/videos/BigBuckBunny-2160.avi
13220,0.99734,20.85305,0.99988,45.89272,0.99996,0.88786,0.98813,0.99489,0.998,100.0,1.12,0.0,0.0,1.67,47.65,104.31,111.3,45.89,0.999,1.0,1.0,0.999,/tmpdir/crf_16.mpd,/videos/BigBuckBunny-2160.avi
13221,0.99752,20.79529,0.99992,48.58528,0.99998,0.92036,0.99527,0.99841,0.99966,100.0,0.6,0.0,0.0,0.9,50.35,103.52,111.3,48.59,1.0,1.0,1.0,0.999,/tmpdir/crf_16.mpd,/videos/BigBuckBunny-2160.avi
13222,0.99721,20.79529,0.99988,45.84506,0.99996,0.8872,0.98794,0.99471,0.99782,100.0,1.13,0.0,0.0,1.69,47.61,104.31,111.3,45.85,0.999,1.0,1.0,0.999,/tmpdir/crf_16.mpd,/videos/BigBuckBunny-2160.avi
13223,0.99749,20.37238,0.99992,48.59898,0.99998,0.91974,0.99516,0.99836,0.99969,100.0,0.6,0.0,0.0,0.9,50.36,103.52,111.3,48.6,1.0,1.0,1.0,0.999,/tmpdir/crf_16.mpd,/videos/BigBuckBunny-2160.avi
13224,0.99726,20.37238,0.99988,46.06229,0.99996,0.88901,0.98802,0.99485,0.99798,100.0,1.07,0.0,0.0,1.61,47.82,104.31,111.3,46.06,0.999,1.0,1.0,0.999,/tmpdir/crf_16.mpd,/videos/BigBuckBunny-2160.avi
13225,0.99745,20.45523,0.99992,48.44331,0.99998,0.91861,0.99511,0.99839,0.99964,100.0,0.62,0.0,0.0,0.93,50.2,103.52,111.3,48.44,1.0,1.0,1.0,0.999,/tmpdir/crf_16.mpd,/videos/BigBuckBunny-2160.avi
13226,0.99706,20.45523,0.99988,45.9226,0.99996,0.88792,0.98808,0.99489,0.99802,100.0,1.11,0.0,0.0,1.66,47.68,104.31,111.3,45.92,0.999,1.0,1.0,0.999,/tmpdir/crf_16.mpd,/videos/BigBuckBunny-2160.avi
13227,0.99755,20.44906,0.99992,48.31463,0.99998,0.91752,0.99476,0.9981,0.99947,100.0,0.64,0.0,0.0,0.96,50.08,103.52,111.3,48.31,1.0,1.0,1.0,0.999,/tmpdir/crf_16.mpd,/videos/BigBuckBunny-2160.avi
13228,0.99738,20.44906,0.99988,45.90438,0.99996,0.88727,0.98778,0.99467,0.99775,100.0,1.11,0.0,0.0,1.67,47.67,104.31,111.3,45.9,0.999,1.0,1.0,0.999,/tmpdir/crf_16.mpd,/videos/BigBuckBunny-2160.avi
13229,0.99741,20.24043,0.99993,48.56047,0.99998,0.91863,0.99511,0.99836,0.99964,100.0,0.6,0.0,0.0,0.91,50.32,103.52,111.3,48.56,1.0,1.0,1.0,0.999,/tmpdir/crf_16.mpd,/videos/BigBuckBunny-2160.avi
13230,0.99726,20.24043,0.99988,45.92963,0.99996,0.88747,0.988,0.99481,0.99805,100.0,1.11,0.0,0.0,1.66,47.69,104.31,111.3,45.93,0.999,1.0,1.0,0.999,/tmpdir/crf_16.mpd,/videos/BigBuckBunny-2160.avi
13231,0.99733,20.60406,0.99993,48.4401,0.99998,0.91854,0.99509,0.99828,0.99957,100.0,0.62,0.0,0.0,0.93,50.2,103.52,111.3,48.44,1.0,1.0,1.0,0.999,/tmpdir/crf_16.mpd,/videos/BigBuckBunny-2160.avi
13232,0.99767,20.60406,0.99992,48.39268,0.99998,0.91827,0.99517,0.9983,0.99954,100.0,0.63,0.0,0.0,0.94,50.15,103.52,111.3,48.39,1.0,1.0,1.0,0.999,/tmpdir/crf_16.mpd,/videos/BigBuckBunny-2160.avi
13233,0.99732,20.2476,0.99989,46.13015,0.99996,0.89107,0.98846,0.99518,0.99822,100.0,1.06,0.0,0.0,1.59,47.89,104.31,111.3,46.13,0.999,1.0,1.0,0.999,/tmpdir/crf_16.mpd,/videos/BigBuckBunny-2160.avi
13234,0.9978,20.2476,0.99993,48.65688,0.99998,0.91963,0.99547,0.99846,0.99969,100.0,0.59,0.0,0.0,0.89,50.42,103.52,111.3,48.66,1.0,1.0,1.0,0.999,/tmpdir/crf_16.mpd,/videos/BigBuckBunny-2160.avi
13235,0.99758,20.41966,0.99989,46.19397,0.99996,0.8917,0.98871,0.99525,0.99832,100.0,1.04,0.0,0.0,1.56,47.95,104.31,111.3,46.19,0.999,1.0,1.0,0.999,/tmpdir/crf_16.mpd,/videos/BigBuckBunny-2160.avi
13236,0.99724,20.41966,0.99992,48.50677,0.99998,0.91896,0.99524,0.99841,0.99963,100.0,0.61,0.0,0.0,0.92,50.27,103.52,111.3,48.51,1.0,1.0,1.0,0.999,/tmpdir/crf_16.mpd,/videos/BigBuckBunny-2160.avi
13237,0.99821,20.34918,0.99992,48.40818,0.99998,0.91701,0.99473,0.9981,0.99937,100.0,0.63,0.0,0.0,0.94,50.17,103.52,111.3,48.41,1.0,1.0,1.0,0.999,/tmpdir/crf_16.mpd,/videos/BigBuckBunny-2160.avi
13238,0.99777,20.34918,0.99988,45.96944,0.99996,0.88785,0.98777,0.9948,0.99798,100.0,1.1,0.0,0.0,1.64,47.73,104.31,111.3,45.97,0.999,1.0,1.0,0.999,/tmpdir/crf_16.mpd,/videos/BigBuckBunny-2160.avi
13239,0.99799,20.23224,0.99993,48.70864,0.99998,0.91999,0.9951,0.99825,0.99945,100.0,0.58,0.0,0.0,0.88,50.47,103.52,111.3,48.71,1.0,1.0,1.0,0.999,/tmpdir/crf_16.mpd,/videos/BigBuckBunny-2160.avi
13240,0.99765,20.23224,0.99988,46.09903,0.99996,0.88923,0.98918,0.99531,0.99811,100.0,1.06,0.0,0.0,1.6,47.86,104.31,111.3,46.1,0.999,1.0,1.0,0.999,/tmpdir/crf_16.mpd,/videos/BigBuckBunny-2160.avi
13241,0.99749,20.60235,0.99992,48.41985,0.99998,0.91804,0.99493,0.9983,0.99961,100.0,0.62,0.0,0.0,0.94,50.18,103.52,111.3,48.42,1.0,1.0,1.0,0.999,/tmpdir/crf_16.mpd,/videos/BigBuckBunny-2160.avi
13242,0.99781,20.60235,0.99993,48.62409,0.99998,0.9201,0.99551,0.99844,0.99965,100.0,0.6,0.0,0.0,0.89,50.39,103.52,111.3,48.62,1.0,1.0,1.0,0.999,/tmpdir/crf_16.mpd,/videos/BigBuckBunny-2160.avi
13243,0.9976,20.35488,0.99989,46.26799,0.99996,0.89291,0.98913,0.99546,0.99836,100.0,1.02,0.0,0.0,1.54,48.03,104.31,111.3,46.27,0.999,1.0,1.0,0.999,/tmpdir/crf_16.mpd,/videos/BigBuckBunny-2160.avi
13244,0.99769,20.35488,0.99993,48.65023,0.99998,0.91975,0.99556,0.9985,0.99967,100.0,0.59,0.0,0.0,0.89,50.41,103.52,111.3,48.65,1.0,1.0,1.0,0.999,/tmpdir/crf_16.mpd,/videos/BigBuckBunny-2160.avi
13245,0.99767,20.57461,0.99989,46.1108,0.99996,0.8908,0.98863,0.99525,0.99834,100.0,1.06,0.0,0.0,1.59,47.87,104.31,111.3,46.11,0.999,1.0,1.0,0.999,/tmpdir/crf_16.mpd,/videos/BigBuckBunny-2160.avi
13246,0.99731,20.57461,0.99992,48.53508,0.99998,0.91998,0.99543,0.99844,0.9996,100.0,0.61,0.0,0.0,0.91,50.3,103.52,111.3,48.54,1.0,1.0,1.0,0.999,/tmpdir/crf_16.mpd,/videos/BigBuckBunny-2160.avi
13247,0.9971,20.80177,0.99988,46.09599,0.99996,0.89164,0.98851,0.99516,0.9983,100.0,1.07,0.0,0.0,1.6,47.86,104.31,111.3,46.1,0.999,1.0,1.0,0.999,/tmpdir/crf_16.mpd,/videos/BigBuckBunny-2160.avi
13248,0.99737,20.80177,0.99992,48.57506,0.99998,0.91978,0.99549,0.9985,0.99969,100.0,0.6,0.0,0.0,0.9,50.34,103.52,111.3,48.58,1.0,1.0,1.0,0.999,/tmpdir/crf_16.mpd,/videos/BigBuckBunny-2160.avi
13249,0.9971,20.80271,0.99988,45.95801,0.99996,0.88998,0.98875,0.99529,0.99839,100.0,1.1,0.0,0.0,1.65,47.72,104.31,111.3,45.96,0.999,1.0,1.0,0.999,/tmpdir/crf_16.mpd,/videos/BigBuckBunny-2160.avi
13250,0.99739,20.80271,0.99993,48.49141,0.99998,0.91925,0.99528,0.99844,0.9997,100.0,0.61,0.0,0.0,0.92,50.25,103.52,111.3,48.49,1.0,1.0,1.0,0.999,/tmpdir/crf_16.mpd,/videos/BigBuckBunny-2160.avi
13251,0.9975,20.49126,0.99989,46.0422,0.99996,0.89057,0.98801,0.99495,0.99813,100.0,1.08,0.0,0.0,1.62,47.8,104.31,111.3,46.04,0.999,1.0,1.0,0.999,/tmpdir/crf_16.mpd,/videos/BigBuckBunny-2160.avi
13252,0.99753,20.49126,0.99993,48.6638,0.99998,0.92054,0.99544,0.99847,0.99969,100.0,0.59,0.0,0.0,0.88,50.42,103.52,111.3,48.66,1.0,1.0,1.0,0.999,/tmpdir/crf_16.mpd,/videos/BigBuckBunny-2160.avi
13253,0.99713,20.23778,0.99988,46.10418,0.99996,0.89049,0.9882,0.99499,0.99827,100.0,1.06,0.0,0.0,1.59,47.87,104.31,111.3,46.1,0.999,1.0,1.0,0.999,/tmpdir/crf_16.mpd,/videos/BigBuckBunny-2160.avi
13254,0.99746,20.23778,0.99993,48.53062,0.99998,0.91875,0.99517,0.99838,0.99962,100.0,0.61,0.0,0.0,0.91,50.29,103.52,111.3,48.53,1.0,1.0,1.0,0.999,/tmpdir/crf_16.mpd,/videos/BigBuckBunny-2160.avi
13255,0.99728,20.56851,0.99989,45.948,0.99996,0.88908,0.98806,0.99503,0.99828,100.0,1.1,0.0,0.0,1.65,47.71,104.31,111.3,45.95,0.999,1.0,1.0,0.999,/tmpdir/crf_16.mpd,/videos/BigBuckBunny-2160.avi
13256,0.9973,20.56851,0.99992,48.31947,0.99998,0.91765,0.99505,0.99831,0.99959,100.0,0.64,0.0,0.0,0.96,50.08,103.52,111.3,48.32,1.0,1.0,1.0,0.999,/tmpdir/crf_16.mpd,/videos/BigBuckBunny-2160.avi
13257,0.99692,20.20078,0.99988,45.9559,0.99996,0.88922,0.98781,0.99479,0.99818,100.0,1.1,0.0,0.0,1.65,47.72,104.31,111.3,45.96,0.999,1.0,1.0,0.999,/tmpdir/crf_16.mpd,/videos/BigBuckBunny-2160.avi
13258,0.99765,20.20078,0.99992,48.6487,0.99998,0.91963,0.99544,0.9985,0.9997,100.0,0.59,0.0,0.0,0.89,50.41,103.52,111.3,48.65,1.0,1.0,1.0,0.999,/tmpdir/crf_16.mpd,/videos/BigBuckBunny-2160.avi
13259,0.99708,20.32772,0.99988,45.96455,0.99996,0.88924,0.98802,0.9949,0.99814,100.0,1.1,0.0,0.0,1.65,47.73,104.31,111.3,45.96,0.999,1.0,1.0,0.999,/tmpdir/crf_16.mpd,/videos/BigBuckBunny-2160.avi
13260,0.99745,20.32772,0.99992,48.35238,0.99998,0.91743,0.99502,0.99827,0.99961,100.0,0.63,0.0,0.0,0.95,50.11,103.52,111.3,48.35,1.0,1.0,1.0,0.999,/tmpdir/crf_16.mpd,/videos/BigBuckBunny-2160.avi
13261,0.99834,20.29825,0.99992,48.14568,0.99998,0.91445,0.99444,0.99791,0.99926,100.0,0.66,0.0,0.0,1.0,49.91,103.52,111.3,48.15,1.0,1.0,1.0,0.999,/tmpdir/crf_16.mpd,/videos/BigBuckBunny-2160.avi
13262,0.99753,20.29825,0.99988,45.97252,0.99996,0.88865,0.98808,0.99497,0.99807,100.0,1.1,0.0,0.0,1.64,47.73,104.31,111.3,45.97,0.999,1.0,1.0,0.999,/tmpdir/crf_16.mpd,/videos/BigBuckBunny-2160.avi
13263,0.99808,20.12182,0.99993,48.81086,0.99998,0.92106,0.99541,0.99837,0.99952,100.0,0.57,0.0,0.0,0.86,50.57,103.52,111.3,48.81,1.0,1.0,1.0,0.999,/tmpdir/crf_16.mpd,/videos/BigBuckBunny-2160.avi
13264,0.99733,20.12182,0.99988,45.96097,0.99996,0.88744,0.98874,0.99503,0.99794,100.0,1.1,0.0,0.0,1.65,47.72,104.31,111.3,45.96,0.999,1.0,1.0,0.999,/tmpdir/crf_16.mpd,/videos/BigBuckBunny-2160.avi
13265,0.99756,20.48032,0.99992,48.41879,0.99998,0.91755,0.99505,0.9983,0.99955,100.0,0.62,0.0,0.0,0.94,50.18,103.52,111.3,48.42,1.0,1.0,1.0,0.999,/tmpdir/crf_16.mpd,/videos/BigBuckBunny-2160.avi
13266,0.99775,20.48032,0.99993,48.50736,0.99998,0.91894,0.99548,0.99843,0.99962,100.0,0.61,0.0,0.0,0.92,50.27,103.52,111.3,48.51,1.0,1.0,1.0,0.999,/tmpdir/crf_16.mpd,/videos/BigBuckBunny-2160.avi
13267,0.99764,20.11959,0.99989,46.32557,0.99996,0.89352,0.98896,0.99525,0.99821,100.0,1.01,0.0,0.0,1.52,48.09,104.31,111.3,46.33,0.999,1.0,1.0,0.999,/tmpdir/crf_16.mpd,/videos/BigBuckBunny-2160.avi
13268,0.99777,20.11959,0.99993,48.81801,0.99998,0.92104,0.99582,0.99856,0.99969,100.0,0.57,0.0,0.0,0.85,50.58,103.52,111.3,48.82,1.0,1.0,1.0,0.999,/tmpdir/crf_16.mpd,/videos/BigBuckBunny-2160.avi
13269,0.99731,20.32275,0.99989,46.23948,0.99996,0.89252,0.98898,0.99531,0.99831,100.0,1.03,0.0,0.0,1.55,48.0,104.31,111.3,46.24,0.999,1.0,1.0,0.999,/tmpdir/crf_16.mpd,/videos/BigBuckBunny-2160.avi
13270,0.99736,20.32275,0.99993,48.52963,0.99998,0.91915,0.99544,0.99847,0.99969,100.0,0.61,0.0,0.0,0.91,50.29,103.52,111.3,48.53,1.0,1.0,1.0,0.999,/tmpdir/crf_16.mpd,/videos/BigBuckBunny-2160.avi
13271,0.99831,20.58266,0.99992,48.41506,0.99998,0.91713,0.99493,0.99816,0.99942,100.0,0.62,0.0,0.0,0.94,50.18,103.52,111.3,48.42,1.0,1.0,1.0,0.999,/tmpdir/crf_16.mpd,/videos/BigBuckBunny-2160.avi
13272,0.9975,20.58266,0.99988,46.00753,0.99996,0.88981,0.98864,0.99524,0.9982,100.0,1.09,0.0,0.0,1.63,47.77,104.31,111.3,46.01,0.999,1.0,1.0,0.999,/tmpdir/crf_16.mpd,/videos/BigBuckBunny-2160.avi
13273,0.99805,20.84901,0.99993,48.61428,0.99998,0.9202,0.99542,0.99841,0.99955,100.0,0.6,0.0,0.0,0.89,50.38,103.52,111.3,48.61,1.0,1.0,1.0,0.999,/tmpdir/crf_16.mpd,/videos/BigBuckBunny-2160.avi
13274,0.99737,20.84901,0.99988,45.89403,0.99996,0.88794,0.98897,0.99519,0.99806,100.0,1.12,0.0,0.0,1.67,47.65,104.31,111.3,45.89,0.999,1.0,1.0,0.999,/tmpdir/crf_16.mpd,/videos/BigBuckBunny-2160.avi
13275,0.99774,21.30161,0.99992,48.08914,0.99998,0.91583,0.99487,0.9982,0.99949,100.0,0.67,0.0,0.0,1.01,49.85,103.52,111.3,48.09,1.0,1.0,1.0,0.999,/tmpdir/crf_16.mpd,/videos/BigBuckBunny-2160.avi
13276,0.99746,21.30161,0.99987,45.65984,0.99996,0.88512,0.98808,0.99495,0.99797,100.0,1.18,0.0,0.0,1.77,47.42,104.31,111.3,45.66,0.999,1.0,1.0,0.999,/tmpdir/crf_16.mpd,/videos/BigBuckBunny-2160.avi
13277,0.99743,21.37087,0.99992,48.10608,0.99998,0.91619,0.99491,0.99824,0.99957,100.0,0.67,0.0,0.0,1.01,49.87,103.52,111.3,48.11,1.0,1.0,1.0,0.999,/tmpdir/crf_16.mpd,/videos/BigBuckBunny-2160.avi
13278,0.99724,21.37087,0.99987,45.77409,0.99996,0.88669,0.98862,0.99516,0.99813,100.0,1.15,0.0,0.0,1.72,47.54,104.31,111.3,45.77,0.999,1.0,1.0,0.999,/tmpdir/crf_16.mpd,/videos/BigBuckBunny-2160.avi
13279,0.99747,21.72309,0.99992,48.01801,0.99998,0.91562,0.99496,0.99828,0.99962,100.0,0.68,0.0,0.0,1.03,49.78,103.52,111.3,48.02,1.0,1.0,1.0,0.999,/tmpdir/crf_16.mpd,/videos/BigBuckBunny-2160.avi
13280,0.99726,21.72309,0.99987,45.51334,0.99996,0.88413,0.98788,0.9948,0.99787,100.0,1.22,0.0,0.0,1.83,47.27,104.31,111.3,45.51,0.999,1.0,1.0,0.999,/tmpdir/crf_16.mpd,/videos/BigBuckBunny-2160.avi
13281,0.9973,21.51906,0.99992,48.18972,0.99998,0.91693,0.99519,0.99841,0.99967,100.0,0.66,0.0,0.0,0.99,49.95,103.52,111.3,48.19,1.0,1.0,1.0,0.999,/tmpdir/crf_16.mpd,/videos/BigBuckBunny-2160.avi
13282,0.99718,21.51906,0.99987,45.69332,0.99996,0.88589,0.98835,0.99505,0.99813,100.0,1.17,0.0,0.0,1.75,47.45,104.31,111.3,45.69,0.999,1.0,1.0,0.999,/tmpdir/crf_16.mpd,/videos/BigBuckBunny-2160.avi
13283,0.99738,21.63787,0.99992,48.154,0.99998,0.91646,0.99515,0.99839,0.99965,100.0,0.66,0.0,0.0,0.99,49.91,103.52,111.3,48.15,1.0,1.0,1.0,0.999,/tmpdir/crf_16.mpd,/videos/BigBuckBunny-2160.avi
13284,0.99767,21.63787,0.99992,48.1812,0.99998,0.91716,0.99539,0.99843,0.99968,100.0,0.66,0.0,0.0,0.99,49.94,103.52,111.3,48.18,1.0,1.0,1.0,0.999,/tmpdir/crf_16.mpd,/videos/BigBuckBunny-2160.avi
13285,0.99927,21.67244,0.99996,50.95807,0.99999,0.94696,0.99796,0.99914,0.99961,100.0,0.35,0.0,0.0,0.52,52.72,inf,inf,50.96,1.0,1.0,1.0,1.0,/tmpdir/crf_16.mpd,/videos/BigBuckBunny-2160.avi
13286,0.99772,21.67244,0.99989,46.06092,0.99996,0.89484,0.98852,0.99507,0.99823,100.0,1.07,0.0,0.0,1.61,47.82,inf,inf,46.06,0.999,1.0,1.0,0.999,/tmpdir/crf_16.mpd,/videos/BigBuckBunny-2160.avi
13287,0.99903,21.41335,0.99994,49.17776,0.99999,0.92754,0.99597,0.99845,0.99934,100.0,0.52,0.0,0.0,0.79,50.94,inf,inf,49.18,1.0,1.0,1.0,0.999,/tmpdir/crf_16.mpd,/videos/BigBuckBunny-2160.avi
13288,0.99777,21.41335,0.99989,46.42032,0.99997,0.89818,0.98987,0.9956,0.99821,100.0,0.99,0.0,0.0,1.48,48.18,inf,inf,46.42,0.999,1.0,1.0,0.999,/tmpdir/crf_16.mpd,/videos/BigBuckBunny-2160.avi
13289,0.99792,21.77843,0.99994,49.41942,0.99999,0.93277,0.99573,0.9984,0.99949,100.0,0.5,0.0,0.0,0.74,51.18,inf,inf,49.42,1.0,1.0,1.0,0.999,/tmpdir/crf_16.mpd,/videos/BigBuckBunny-2160.avi
13290,0.99733,21.77843,0.99988,45.78908,0.99996,0.88976,0.98827,0.99506,0.99808,100.0,1.14,0.0,0.0,1.71,47.55,inf,inf,45.79,0.999,1.0,1.0,0.999,/tmpdir/crf_16.mpd,/videos/BigBuckBunny-2160.avi
13291,0.99785,21.66902,0.99993,49.01921,0.99998,0.92727,0.99582,0.99851,0.99954,100.0,0.54,0.0,0.0,0.82,50.78,inf,inf,49.02,1.0,1.0,1.0,0.999,/tmpdir/crf_16.mpd,/videos/BigBuckBunny-2160.avi
13292,0.99788,21.66902,0.99989,46.19763,0.99996,0.89519,0.98933,0.99542,0.99817,100.0,1.04,0.0,0.0,1.56,47.96,inf,inf,46.2,0.999,1.0,1.0,0.999,/tmpdir/crf_16.mpd,/videos/BigBuckBunny-2160.avi
13293,0.99777,21.94785,0.99993,48.99246,0.99998,0.92759,0.99546,0.9984,0.99955,100.0,0.55,0.0,0.0,0.82,50.75,inf,inf,48.99,1.0,1.0,1.0,0.999,/tmpdir/crf_16.mpd,/videos/BigBuckBunny-2160.avi
13294,0.99747,21.94785,0.99988,45.87546,0.99996,0.89078,0.98843,0.99506,0.9981,100.0,1.12,0.0,0.0,1.68,47.64,inf,inf,45.88,0.999,1.0,1.0,0.999,/tmpdir/crf_16.mpd,/videos/BigBuckBunny-2160.avi
13295,0.99787,22.34889,0.99993,48.84695,0.99998,0.92592,0.99558,0.99843,0.9996,100.0,0.57,0.0,0.0,0.85,50.61,inf,inf,48.85,1.0,1.0,1.0,0.999,/tmpdir/crf_16.mpd,/videos/BigBuckBunny-2160.avi
13296,0.99803,22.34889,0.99988,45.94271,0.99996,0.89258,0.98895,0.9952,0.99807,100.0,1.1,0.0,0.0,1.66,47.7,inf,inf,45.94,0.999,1.0,1.0,0.999,/tmpdir/crf_16.mpd,/videos/BigBuckBunny-2160.avi
13297,0.99774,22.53983,0.99992,48.72211,0.99998,0.92485,0.99524,0.99829,0.99952,100.0,0.58,0.0,0.0,0.87,50.48,inf,inf,48.72,1.0,1.0,1.0,0.999,/tmpdir/crf_16.mpd,/videos/BigBuckBunny-2160.avi
13298,0.99758,22.53983,0.99985,45.7004,0.99996,0.88922,0.98831,0.99495,0.99795,100.0,1.17,0.0,0.0,1.75,47.46,inf,inf,45.7,0.999,1.0,1.0,0.999,/tmpdir/crf_16.mpd,/videos/BigBuckBunny-2160.avi
13299,0.99786,22.74723,0.99991,48.52223,0.99998,0.92347,0.99518,0.99823,0.99938,100.0,0.61,0.0,0.0,0.91,50.28,inf,inf,48.52,0.999,1.0,1.0,0.999,/tmpdir/crf_16.mpd,/videos/BigBuckBunny-2160.avi
13300,0.99831,22.74723,0.99991,48.50651,0.99998,0.92304,0.99538,0.99828,0.99942,100.0,0.61,0.0,0.0,0.92,50.27,inf,inf,48.51,0.999,1.0,1.0,0.999,/tmpdir/crf_16.mpd,/videos/BigBuckBunny-2160.avi
13301,0.99812,22.55141,0.99986,45.91003,0.99996,0.89316,0.98848,0.99509,0.99804,100.0,1.11,0.0,0.0,1.67,47.67,inf,inf,45.91,0.999,1.0,1.0,0.999,/tmpdir/crf_16.mpd,/videos/BigBuckBunny-2160.avi
13302,0.99844,22.55141,0.9999,48.69236,0.99998,0.92454,0.9956,0.99841,0.99948,100.0,0.59,0.0,0.0,0.88,50.45,inf,inf,48.69,1.0,1.0,1.0,0.999,/tmpdir/crf_16.mpd,/videos/BigBuckBunny-2160.avi
13303,0.99847,22.96093,0.99986,45.92158,0.99996,0.89333,0.98867,0.99509,0.99795,100.0,1.11,0.0,0.0,1.66,47.68,inf,inf,45.92,0.999,1.0,1.0,0.999,/tmpdir/crf_16.mpd,/videos/BigBuckBunny-2160.avi
13304,0.99802,22.96093,0.9999,48.33289,0.99998,0.92133,0.9952,0.99829,0.99943,100.0,0.64,0.0,0.0,0.95,50.09,inf,inf,48.33,0.999,1.0,1.0,0.999,/tmpdir/crf_16.mpd,/videos/BigBuckBunny-2160.avi
13305,0.99747,23.31555,0.99986,45.63201,0.99995,0.89031,0.98779,0.99468,0.99803,100.0,1.19,0.0,0.0,1.78,47.39,inf,inf,45.63,0.999,1.0,1.0,0.999,/tmpdir/crf_16.mpd,/videos/BigBuckBunny-2160.avi
13306,0.99795,23.31555,0.99991,48.39968,0.99998,0.92257,0.9953,0.99834,0.99941,100.0,0.63,0.0,0.0,0.94,50.16,inf,inf,48.4,0.999,1.0,1.0,0.999,/tmpdir/crf_16.mpd,/videos/BigBuckBunny-2160.avi
13307,0.99775,23.52447,0.99985,45.71386,0.99996,0.89162,0.98831,0.99501,0.99808,100.0,1.16,0.0,0.0,1.74,47.47,inf,inf,45.71,0.999,1.0,1.0,0.999,/tmpdir/crf_16.mpd,/videos/BigBuckBunny-2160.avi
13308,0.998,23.52447,0.9999,48.14406,0.99998,0.91997,0.99507,0.99825,0.99943,100.0,0.66,0.0,0.0,1.0,49.9,inf,inf,48.14,0.999,1.0,1.0,0.999,/tmpdir/crf_16.mpd,/videos/BigBuckBunny-2160.avi
13309,0.99754,23.53516,0.99985,45.60568,0.99995,0.89047,0.98823,0.99505,0.99814,100.0,1.19,0.0,0.0,1.79,47.37,inf,inf,45.61,0.999,1.0,1.0,0.999,/tmpdir/crf_16.mpd,/videos/BigBuckBunny-2160.avi
13310,0.99797,23.53516,0.99991,48.21187,0.99998,0.92082,0.99517,0.99831,0.99953,100.0,0.65,0.0,0.0,0.98,49.97,inf,inf,48.21,0.999,1.0,1.0,0.999,/tmpdir/crf_16.mpd,/videos/BigBuckBunny-2160.avi
13311,0.99762,23.31133,0.99986,45.70862,0.99995,0.89138,0.98824,0.99498,0.99816,100.0,1.16,0.0,0.0,1.75,47.47,inf,inf,45.71,0.999,1.0,1.0,0.999,/tmpdir/crf_16.mpd,/videos/BigBuckBunny-2160.avi
13312,0.99784,23.31133,0.99991,48.22058,0.99998,0.92028,0.9951,0.99829,0.99953,100.0,0.65,0.0,0.0,0.98,49.98,inf,inf,48.22,1.0,1.0,1.0,0.999,/tmpdir/crf_16.mpd,/videos/BigBuckBunny-2160.avi
13313,0.99755,23.55336,0.99986,45.56266,0.99995,0.88955,0.98726,0.99455,0.99801,100.0,1.2,0.0,0.0,1.81,47.32,inf,inf,45.56,0.999,1.0,1.0,0.999,/tmpdir/crf_16.mpd,/videos/BigBuckBunny-2160.avi
13314,0.99786,23.55336,0.99991,48.19915,0.99998,0.92047,0.99512,0.99829,0.99947,100.0,0.66,0.0,0.0,0.98,49.96,inf,inf,48.2,0.999,1.0,1.0,0.999,/tmpdir/crf_16.mpd,/videos/BigBuckBunny-2160.avi
13315,0.99876,23.4921,0.99991,48.0359,0.99998,0.91766,0.99477,0.99804,0.99926,100.0,0.68,0.0,0.0,1.02,49.8,inf,inf,48.04,0.999,1.0,1.0,0.999,/tmpdir/crf_16.mpd,/videos/BigBuckBunny-2160.avi
13316,0.99803,23.4921,0.99987,45.61166,0.99996,0.88926,0.98771,0.99472,0.99792,100.0,1.19,0.0,0.0,1.79,47.37,inf,inf,45.61,0.999,1.0,1.0,0.999,/tmpdir/crf_16.mpd,/videos/BigBuckBunny-2160.avi
13317,0.99846,23.32525,0.99992,48.23749,0.99998,0.92009,0.99491,0.99814,0.99935,100.0,0.65,0.0,0.0,0.98,50.0,inf,inf,48.24,1.0,1.0,1.0,0.999,/tmpdir/crf_16.mpd,/videos/BigBuckBunny-2160.avi
13318,0.99787,23.32525,0.99987,45.73933,0.99996,0.8902,0.98874,0.99501,0.99788,100.0,1.16,0.0,0.0,1.73,47.5,inf,inf,45.74,0.999,1.0,1.0,0.999,/tmpdir/crf_16.mpd,/videos/BigBuckBunny-2160.avi
13319,0.998,22.93654,0.99992,48.32404,0.99998,0.92056,0.99503,0.99825,0.9995,100.0,0.64,0.0,0.0,0.96,50.08,inf,inf,48.32,1.0,1.0,1.0,0.999,/tmpdir/crf_16.mpd,/videos/BigBuckBunny-2160.avi
13320,0.99782,22.93654,0.99987,45.5688,0.99996,0.8868,0.98754,0.99456,0.99775,100.0,1.2,0.0,0.0,1.8,47.33,inf,inf,45.57,0.999,1.0,1.0,0.999,/tmpdir/crf_16.mpd,/videos/BigBuckBunny-2160.avi
13321,0.99783,22.63623,0.99992,48.42534,0.99998,0.92102,0.99513,0.99828,0.99953,100.0,0.62,0.0,0.0,0.93,50.19,inf,100.88,48.43,1.0,1.0,1.0,0.999,/tmpdir/crf_16.mpd,/videos/BigBuckBunny-2160.avi
13322,0.99763,22.63623,0.99987,45.73998,0.99996,0.88904,0.98884,0.99513,0.99797,100.0,1.16,0.0,0.0,1.73,47.5,inf,94.58,45.74,0.999,1.0,1.0,0.999,/tmpdir/crf_16.mpd,/videos/BigBuckBunny-2160.avi
13323,0.99775,22.79669,0.99992,48.09055,0.99998,0.91849,0.99468,0.99811,0.99945,100.0,0.67,0.0,0.0,1.01,49.85,111.3,89.68,48.09,1.0,1.0,1.0,0.999,/tmpdir/crf_16.mpd,/videos/BigBuckBunny-2160.avi
13324,0.99754,22.79669,0.99987,45.53151,0.99996,0.88663,0.98803,0.99485,0.99792,100.0,1.21,0.0,0.0,1.82,47.29,96.11,80.1,45.53,0.999,1.0,1.0,0.999,/tmpdir/crf_16.mpd,/videos/BigBuckBunny-2160.avi
13325,0.99791,22.65645,0.99991,48.26718,0.99998,0.9197,0.99499,0.99819,0.99941,100.0,0.65,0.0,0.01,0.97,50.02,86.13,71.13,48.27,0.999,1.0,1.0,0.999,/tmpdir/crf_16.mpd,/videos/BigBuckBunny-2160.avi
13326,0.99762,22.65645,0.99984,45.57284,0.99995,0.88649,0.98815,0.99468,0.99758,100.0,1.2,0.0,0.01,1.8,47.32,73.2,66.51,45.57,0.999,1.0,1.0,0.999,/tmpdir/crf_16.mpd,/videos/BigBuckBunny-2160.avi
13327,0.99802,22.83256,0.99989,48.02558,0.99998,0.91695,0.99463,0.99806,0.99933,100.0,0.69,0.01,0.01,1.02,49.76,69.27,66.37,48.03,0.999,1.0,1.0,0.999,/tmpdir/crf_16.mpd,/videos/BigBuckBunny-2160.avi
13328,0.99779,22.83256,0.99982,45.41866,0.99996,0.88476,0.98747,0.99443,0.99751,100.0,1.25,0.02,0.02,1.87,47.16,65.55,64.57,45.42,0.999,1.0,1.0,0.999,/tmpdir/crf_16.mpd,/videos/BigBuckBunny-2160.avi
13329,0.99816,22.84158,0.99988,47.89488,0.99998,0.91662,0.99458,0.99797,0.99926,100.0,0.71,0.02,0.02,1.06,49.62,65.47,65.49,47.89,0.999,1.0,1.0,0.999,/tmpdir/crf_16.mpd,/videos/BigBuckBunny-2160.avi
13330,0.99781,22.84158,0.99983,45.52617,0.99996,0.88555,0.98804,0.9947,0.99768,100.0,1.22,0.03,0.03,1.82,47.25,63.11,63.45,45.53,0.999,1.0,1.0,0.999,/tmpdir/crf_16.mpd,/videos/BigBuckBunny-2160.avi
13331,0.99824,22.52426,0.99989,48.05569,0.99998,0.91682,0.99469,0.99802,0.99921,100.0,0.69,0.03,0.02,1.02,49.77,64.06,65.14,48.06,0.999,1.0,1.0,0.999,/tmpdir/crf_16.mpd,/videos/BigBuckBunny-2160.avi
13332,0.99784,22.52426,0.99984,45.63899,0.99996,0.8868,0.98814,0.99481,0.99771,100.0,1.19,0.04,0.02,1.77,47.36,61.78,64.42,45.64,0.999,0.999,1.0,0.999,/tmpdir/crf_16.mpd,/videos/BigBuckBunny-2160.avi
13333,0.99816,22.26587,0.99989,48.04102,0.99998,0.91695,0.9946,0.998,0.99922,100.0,0.69,0.03,0.02,1.02,49.75,62.8,65.68,48.04,0.999,1.0,1.0,0.999,/tmpdir/crf_16.mpd,/videos/BigBuckBunny-2160.avi
13334,0.99779,22.26587,0.99984,45.71639,0.99996,0.8876,0.98824,0.99481,0.99765,100.0,1.17,0.05,0.02,1.74,47.43,60.94,64.89,45.72,0.999,0.999,1.0,0.999,/tmpdir/crf_16.mpd,/videos/BigBuckBunny-2160.avi
13335,0.99832,21.8501,0.99988,48.1662,0.99998,0.9171,0.99474,0.99806,0.99925,100.0,0.67,0.05,0.02,0.99,49.85,61.59,64.81,48.17,0.999,0.999,1.0,0.999,/tmpdir/crf_16.mpd,/videos/BigBuckBunny-2160.avi
13336,0.99804,21.8501,0.99982,45.67892,0.99995,0.88617,0.98782,0.99458,0.99757,100.0,1.19,0.07,0.03,1.76,47.38,59.95,62.79,45.68,0.999,0.999,1.0,0.999,/tmpdir/crf_16.mpd,/videos/BigBuckBunny-2160.avi
13337,0.99833,21.77744,0.99988,48.11738,0.99998,0.91649,0.99445,0.99793,0.99919,100.0,0.68,0.05,0.03,1.0,49.79,60.77,63.23,48.12,0.999,0.999,1.0,0.999,/tmpdir/crf_16.mpd,/videos/BigBuckBunny-2160.avi
13338,0.99822,21.77744,0.99981,45.71167,0.99996,0.8867,0.98816,0.99479,0.99768,100.0,1.18,0.08,0.04,1.75,47.39,58.87,61.89,45.71,0.999,0.999,0.999,0.999,/tmpdir/crf_16.mpd,/videos/BigBuckBunny-2160.avi
13339,0.99835,21.29322,0.99988,48.21329,0.99998,0.91715,0.99455,0.99797,0.99916,100.0,0.67,0.07,0.04,0.98,49.85,59.43,62.17,48.21,0.999,0.999,0.999,0.999,/tmpdir/crf_16.mpd,/videos/BigBuckBunny-2160.avi
13340,0.99816,21.29322,0.99981,45.8445,0.99996,0.88722,0.98832,0.99493,0.99774,100.0,1.15,0.1,0.05,1.69,47.51,58.0,60.82,45.84,0.999,0.999,0.999,0.999,/tmpdir/crf_16.mpd,/videos/BigBuckBunny-2160.avi
13341,0.99849,21.31632,0.99987,48.20407,0.99998,0.91641,0.99446,0.99788,0.99907,100.0,0.68,0.09,0.05,0.98,49.81,58.64,61.01,48.2,0.999,0.999,0.999,0.999,/tmpdir/crf_16.mpd,/videos/BigBuckBunny-2160.avi
13342,0.99844,21.31632,0.99982,45.7592,0.99996,0.88631,0.98822,0.99487,0.9977,100.0,1.18,0.11,0.06,1.73,47.41,57.77,60.04,45.76,0.999,0.998,0.999,0.999,/tmpdir/crf_16.mpd,/videos/BigBuckBunny-2160.avi
13343,0.99865,21.41066,0.99988,47.99752,0.99998,0.91486,0.99435,0.99784,0.99907,100.0,0.71,0.09,0.06,1.03,49.6,58.44,60.49,48.0,0.999,0.999,0.999,0.999,/tmpdir/crf_16.mpd,/videos/BigBuckBunny-2160.avi
13344,0.99877,21.41066,0.99987,48.2542,0.99998,0.91726,0.99491,0.99809,0.99924,100.0,0.68,0.1,0.06,0.97,49.83,58.06,60.08,48.25,0.999,0.999,0.999,0.999,/tmpdir/crf_16.mpd,/videos/BigBuckBunny-2160.avi
13345,0.99839,21.02246,0.99981,46.12235,0.99995,0.89177,0.988,0.99467,0.99764,100.0,1.09,0.13,0.08,1.59,47.74,57.12,59.06,46.12,0.999,0.998,0.999,0.999,/tmpdir/crf_16.mpd,/videos/BigBuckBunny-2160.avi
13346,0.99901,21.02246,0.99987,48.24156,0.99998,0.91628,0.99488,0.99807,0.99917,100.0,0.68,0.11,0.07,0.97,49.81,57.83,59.7,48.24,0.999,0.998,0.999,0.999,/tmpdir/crf_16.mpd,/videos/BigBuckBunny-2160.avi
13347,0.99858,21.28575,0.9998,45.94815,0.99995,0.88955,0.98793,0.99457,0.99758,100.0,1.14,0.13,0.09,1.65,47.57,56.91,58.76,45.95,0.999,0.998,0.999,0.999,/tmpdir/crf_16.mpd,/videos/BigBuckBunny-2160.avi
13348,0.99841,21.28575,0.99985,47.95569,0.99998,0.91437,0.99438,0.99788,0.99905,100.0,0.73,0.12,0.08,1.04,49.51,57.22,59.0,47.96,0.999,0.998,0.999,0.999,/tmpdir/crf_16.mpd,/videos/BigBuckBunny-2160.avi
13349,0.99941,21.01343,0.99984,47.93102,0.99997,0.91308,0.99381,0.99754,0.99877,100.0,0.73,0.12,0.08,1.05,49.49,57.32,58.96,47.93,0.999,0.998,0.999,0.999,/tmpdir/crf_16.mpd,/videos/BigBuckBunny-2160.avi
13350,0.99864,21.01343,0.99978,45.87214,0.99995,0.88678,0.98764,0.99461,0.99762,100.0,1.16,0.14,0.1,1.68,47.48,56.62,58.03,45.87,0.998,0.998,0.999,0.998,/tmpdir/crf_16.mpd,/videos/BigBuckBunny-2160.avi
13351,0.9992,20.76731,0.99983,48.15735,0.99997,0.9154,0.99402,0.99759,0.9988,100.0,0.7,0.13,0.1,0.99,49.68,57.05,58.31,48.16,0.999,0.998,0.999,0.999,/tmpdir/crf_16.mpd,/videos/BigBuckBunny-2160.avi
13352,0.99844,20.76731,0.99978,45.91849,0.99995,0.88692,0.98848,0.99479,0.99752,100.0,1.15,0.14,0.11,1.66,47.52,56.62,57.73,45.92,0.998,0.998,0.998,0.999,/tmpdir/crf_16.mpd,/videos/BigBuckBunny-2160.avi
13353,0.99874,20.36758,0.99984,48.06134,0.99997,0.91384,0.99391,0.99767,0.99896,100.0,0.71,0.12,0.1,1.02,49.59,57.18,58.25,48.06,0.999,0.998,0.999,0.999,/tmpdir/crf_16.mpd,/videos/BigBuckBunny-2160.avi
13354,0.99822,20.36758,0.99977,45.87297,0.99994,0.8861,0.98733,0.99432,0.99735,100.0,1.17,0.14,0.13,1.68,47.46,56.59,57.16,45.87,0.998,0.998,0.998,0.999,/tmpdir/crf_16.mpd,/videos/BigBuckBunny-2160.avi
13355,0.99855,20.18488,0.99984,48.40469,0.99997,0.91719,0.9945,0.99788,0.999,100.0,0.67,0.13,0.11,0.94,49.9,57.15,57.56,48.4,0.999,0.998,0.998,0.999,/tmpdir/crf_16.mpd,/videos/BigBuckBunny-2160.avi
13356,0.99823,20.18488,0.99978,45.77971,0.99995,0.88405,0.98788,0.99457,0.99737,100.0,1.19,0.14,0.13,1.72,47.37,56.62,56.99,45.78,0.998,0.998,0.998,0.999,/tmpdir/crf_16.mpd,/videos/BigBuckBunny-2160.avi
13357,0.99862,21.75363,0.99982,47.82165,0.99997,0.91042,0.99364,0.9975,0.99884,100.0,0.76,0.14,0.13,1.07,49.32,56.77,57.09,47.82,0.999,0.998,0.998,0.999,/tmpdir/crf_16.mpd,/videos/BigBuckBunny-2160.avi
13358,0.99865,21.75363,0.99981,47.90433,0.99997,0.91171,0.99399,0.99762,0.99893,100.0,0.75,0.14,0.13,1.05,49.39,56.63,56.85,47.9,0.999,0.998,0.998,0.999,/tmpdir/crf_16.mpd,/videos/BigBuckBunny-2160.avi
13359,0.99846,22.09528,0.99972,45.84633,0.99995,0.88514,0.98753,0.99446,0.99751,100.0,1.18,0.16,0.17,1.69,47.4,55.97,55.78,45.85,0.998,0.998,0.998,0.998,/tmpdir/crf_16.mpd,/videos/BigBuckBunny-2160.avi
13360,0.9987,22.09528,0.99977,47.98177,0.99997,0.91074,0.99405,0.99765,0.99895,100.0,0.74,0.15,0.16,1.03,49.43,56.42,56.05,47.98,0.998,0.998,0.998,0.999,/tmpdir/crf_16.mpd,/videos/BigBuckBunny-2160.avi
13361,0.99833,21.93655,0.99968,45.799,0.99994,0.88292,0.98766,0.99454,0.99745,100.0,1.2,0.17,0.18,1.71,47.34,55.82,55.47,45.8,0.998,0.998,0.998,0.998,/tmpdir/crf_16.mpd,/videos/BigBuckBunny-2160.avi
13362,0.99837,21.93655,0.99975,47.68107,0.99997,0.90774,0.99346,0.99741,0.99883,100.0,0.79,0.15,0.17,1.11,49.14,56.23,55.95,47.68,0.998,0.998,0.998,0.999,/tmpdir/crf_16.mpd,/videos/BigBuckBunny-2160.avi
13363,0.99807,22.27438,0.99966,45.66975,0.99994,0.88132,0.98682,0.9941,0.99729,100.0,1.24,0.18,0.2,1.76,47.21,55.69,55.15,45.67,0.998,0.998,0.998,0.998,/tmpdir/crf_16.mpd,/videos/BigBuckBunny-2160.avi
13364,0.99837,22.27438,0.99974,47.82462,0.99997,0.90898,0.99366,0.99747,0.99875,100.0,0.77,0.15,0.17,1.07,49.27,56.25,55.76,47.82,0.998,0.998,0.998,0.998,/tmpdir/crf_16.mpd,/videos/BigBuckBunny-2160.avi
13365,0.99821,22.41947,0.99967,45.81649,0.99994,0.88319,0.98732,0.99438,0.99744,100.0,1.2,0.18,0.21,1.7,47.34,55.65,54.99,45.82,0.998,0.998,0.997,0.998,/tmpdir/crf_16.mpd,/videos/BigBuckBunny-2160.avi
13366,0.99876,22.41947,0.99973,47.66312,0.99997,0.9072,0.99335,0.99732,0.99867,100.0,0.8,0.17,0.19,1.11,49.1,55.95,55.45,47.66,0.998,0.998,0.998,0.998,/tmpdir/crf_16.mpd,/videos/BigBuckBunny-2160.avi
13367,0.99841,22.86774,0.99966,45.56904,0.99994,0.88037,0.98707,0.99428,0.99733,100.0,1.27,0.18,0.21,1.8,47.1,55.47,54.87,45.57,0.998,0.997,0.997,0.998,/tmpdir/crf_16.mpd,/videos/BigBuckBunny-2160.avi
13368,0.99872,22.86774,0.99974,47.5245,0.99996,0.90604,0.99331,0.99731,0.99868,100.0,0.82,0.17,0.18,1.15,48.97,55.95,55.53,47.52,0.998,0.998,0.998,0.998,/tmpdir/crf_16.mpd,/videos/BigBuckBunny-2160.avi
13369,0.99832,23.06139,0.99964,45.56363,0.99994,0.88074,0.98656,0.99387,0.9971,100.0,1.27,0.18,0.21,1.81,47.1,55.65,54.86,45.56,0.998,0.998,0.997,0.998,/tmpdir/crf_16.mpd,/videos/BigBuckBunny-2160.avi
13370,0.9987,23.06139,0.99972,47.56583,0.99996,0.90693,0.99344,0.99737,0.99872,100.0,0.82,0.16,0.19,1.14,49.0,56.12,55.28,47.57,0.998,0.998,0.997,0.998,/tmpdir/crf_16.mpd,/videos/BigBuckBunny-2160.avi
13371,0.99817,23.72013,0.99963,45.463,0.99994,0.8801,0.98661,0.994,0.99718,100.0,1.3,0.17,0.22,1.85,47.0,55.72,54.64,45.46,0.998,0.998,0.997,0.998,/tmpdir/crf_16.mpd,/videos/BigBuckBunny-2160.avi
13372,0.99882,23.72013,0.9997,47.28292,0.99996,0.90393,0.99284,0.99708,0.99853,100.0,0.87,0.16,0.2,1.22,48.73,56.06,55.09,47.28,0.998,0.998,0.997,0.998,/tmpdir/crf_16.mpd,/videos/BigBuckBunny-2160.avi
13373,0.99959,24.47652,0.99969,47.23447,0.99996,0.9023,0.99253,0.99686,0.99839,100.0,0.88,0.16,0.2,1.23,48.69,56.08,55.08,47.23,0.998,0.998,0.997,0.998,/tmpdir/crf_16.mpd,/videos/BigBuckBunny-2160.avi
13374,0.99881,24.47652,0.99961,45.4717,0.99994,0.87831,0.98641,0.99392,0.99713,100.0,1.3,0.17,0.23,1.84,47.0,55.77,54.57,45.47,0.998,0.998,0.997,0.998,/tmpdir/crf_16.mpd,/videos/BigBuckBunny-2160.avi
13375,0.99919,23.05963,0.99973,47.55804,0.99997,0.9068,0.99311,0.99712,0.99849,100.0,0.82,0.16,0.21,1.14,48.98,56.08,54.96,47.56,0.998,0.998,0.997,0.998,/tmpdir/crf_16.mpd,/videos/BigBuckBunny-2160.avi
13376,0.9981,23.05963,0.99963,45.39063,0.99994,0.87758,0.98714,0.9941,0.99703,100.0,1.32,0.18,0.24,1.88,46.92,55.65,54.37,45.39,0.998,0.998,0.997,0.998,/tmpdir/crf_16.mpd,/videos/BigBuckBunny-2160.avi
13377,0.9987,22.90612,0.99971,47.25312,0.99996,0.90372,0.99269,0.99698,0.99842,100.0,0.88,0.16,0.21,1.22,48.69,56.0,54.81,47.25,0.998,0.998,0.997,0.998,/tmpdir/crf_16.mpd,/videos/BigBuckBunny-2160.avi
13378,0.99815,22.90612,0.99962,45.2788,0.99994,0.87555,0.9862,0.99373,0.99697,100.0,1.35,0.17,0.24,1.93,46.81,55.76,54.27,45.28,0.998,0.998,0.997,0.998,/tmpdir/crf_16.mpd,/videos/BigBuckBunny-2160.avi
13379,0.99863,22.64655,0.99973,47.52721,0.99996,0.90565,0.993,0.9971,0.99854,100.0,0.83,0.16,0.21,1.15,48.95,56.15,54.87,47.53,0.998,0.998,0.997,0.998,/tmpdir/crf_16.mpd,/videos/BigBuckBunny-2160.avi
13380,0.99807,22.64655,0.99963,45.43059,0.99994,0.87758,0.98709,0.9941,0.9971,100.0,1.31,0.17,0.24,1.86,46.96,55.93,54.25,45.43,0.998,0.998,0.997,0.998,/tmpdir/crf_16.mpd,/videos/BigBuckBunny-2160.avi
13381,0.99863,23.38858,0.9997,47.20492,0.99996,0.9032,0.99277,0.99705,0.99853,100.0,0.89,0.16,0.22,1.24,48.65,56.15,54.7,47.2,0.998,0.998,0.997,0.998,/tmpdir/crf_16.mpd,/videos/BigBuckBunny-2160.avi
13382,0.99811,23.38858,0.99961,45.24603,0.99994,0.87506,0.98667,0.99402,0.9971,100.0,1.36,0.17,0.24,1.94,46.78,55.83,54.27,45.25,0.998,0.998,0.997,0.998,/tmpdir/crf_16.mpd,/videos/BigBuckBunny-2160.avi
13383,0.9988,22.97003,0.99969,47.3342,0.99996,0.90389,0.99282,0.99699,0.99843,100.0,0.86,0.16,0.22,1.2,48.77,56.08,54.75,47.33,0.998,0.998,0.997,0.998,/tmpdir/crf_16.mpd,/videos/BigBuckBunny-2160.avi
13384,0.99823,22.97003,0.9996,45.33584,0.99994,0.8758,0.98687,0.99403,0.99698,100.0,1.34,0.17,0.24,1.9,46.87,55.73,54.38,45.34,0.998,0.998,0.997,0.998,/tmpdir/crf_16.mpd,/videos/BigBuckBunny-2160.avi
13385,0.99887,23.07268,0.9997,47.29738,0.99996,0.90346,0.99294,0.99711,0.99845,100.0,0.87,0.16,0.21,1.21,48.74,56.05,54.9,47.3,0.998,0.998,0.997,0.998,/tmpdir/crf_16.mpd,/videos/BigBuckBunny-2160.avi
13386,0.99814,23.07268,0.9996,45.34195,0.99994,0.87667,0.98682,0.9941,0.99713,100.0,1.34,0.18,0.23,1.9,46.87,55.61,54.43,45.34,0.997,0.997,0.997,0.998,/tmpdir/crf_16.mpd,/videos/BigBuckBunny-2160.avi
13387,0.99894,23.25515,0.99967,47.31042,0.99996,0.90386,0.99306,0.99713,0.99847,100.0,0.87,0.17,0.22,1.21,48.73,55.75,54.69,47.31,0.998,0.997,0.997,0.998,/tmpdir/crf_16.mpd,/videos/BigBuckBunny-2160.avi
13388,0.99835,23.25515,0.9996,45.27227,0.99993,0.87562,0.98656,0.99387,0.99691,100.0,1.36,0.19,0.24,1.93,46.8,55.41,54.41,45.27,0.997,0.997,0.997,0.998,/tmpdir/crf_16.mpd,/videos/BigBuckBunny-2160.avi
13389,0.99897,22.97838,0.99968,47.16657,0.99996,0.90198,0.99262,0.99695,0.99841,100.0,0.9,0.18,0.21,1.25,48.6,55.65,54.82,47.17,0.998,0.997,0.997,0.998,/tmpdir/crf_16.mpd,/videos/BigBuckBunny-2160.avi
13390,0.9984,22.97838,0.99958,45.26538,0.99993,0.87602,0.98682,0.9941,0.99718,100.0,1.36,0.19,0.24,1.93,46.79,55.27,54.31,45.27,0.997,0.997,0.997,0.998,/tmpdir/crf_16.mpd,/videos/BigBuckBunny-2160.avi
13391,0.99884,22.62014,0.99967,47.17105,0.99996,0.90256,0.99261,0.99692,0.99837,100.0,0.9,0.18,0.23,1.25,48.59,55.47,54.52,47.17,0.998,0.997,0.997,0.998,/tmpdir/crf_16.mpd,/videos/BigBuckBunny-2160.avi
13392,0.99913,22.62014,0.99965,47.21815,0.99996,0.90259,0.99276,0.99704,0.9985,100.0,0.9,0.2,0.24,1.23,48.61,55.19,54.3,47.22,0.998,0.997,0.997,0.998,/tmpdir/crf_16.mpd,/videos/BigBuckBunny-2160.avi
13393,0.99901,22.71682,0.9998,49.86518,0.99998,0.93444,0.99692,0.99864,0.99932,100.0,0.5,0.15,0.17,0.67,51.13,56.23,55.89,49.87,0.998,0.998,0.998,0.999,/tmpdir/crf_16.mpd,/videos/BigBuckBunny-2160.avi
13394,0.99746,22.71682,0.99959,45.61654,0.99993,0.88203,0.98667,0.99408,0.99757,100.0,1.26,0.19,0.22,1.78,47.14,55.37,54.73,45.62,0.998,0.997,0.997,0.998,/tmpdir/crf_16.mpd,/videos/BigBuckBunny-2160.avi
13395,0.99913,23.3005,0.99965,47.64596,0.99996,0.90739,0.99273,0.99688,0.99839,100.0,0.81,0.18,0.2,1.12,49.05,55.54,55.16,47.65,0.998,0.997,0.997,0.998,/tmpdir/crf_16.mpd,/videos/BigBuckBunny-2160.avi
13396,0.99793,23.3005,0.99957,45.90535,0.99993,0.88604,0.9879,0.99433,0.99722,100.0,1.18,0.2,0.23,1.67,47.4,55.11,54.52,45.91,0.997,0.997,0.997,0.998,/tmpdir/crf_16.mpd,/videos/BigBuckBunny-2160.avi
13397,0.99839,22.68383,0.99966,48.47576,0.99996,0.91894,0.99359,0.99721,0.99855,100.0,0.68,0.18,0.21,0.92,49.8,55.56,54.93,48.48,0.998,0.997,0.997,0.998,/tmpdir/crf_16.mpd,/videos/BigBuckBunny-2160.avi
13398,0.99779,22.68383,0.99954,45.57243,0.99993,0.8792,0.98637,0.99381,0.99704,100.0,1.27,0.2,0.23,1.8,47.08,55.21,54.46,45.57,0.997,0.997,0.997,0.997,/tmpdir/crf_16.mpd,/videos/BigBuckBunny-2160.avi
13399,0.99858,22.58133,0.99964,48.00373,0.99995,0.91126,0.99305,0.99694,0.99827,100.0,0.75,0.18,0.21,1.03,49.37,55.56,54.93,48.0,0.998,0.997,0.997,0.998,/tmpdir/crf_16.mpd,/videos/BigBuckBunny-2160.avi
13400,0.99834,22.58133,0.99953,45.95101,0.99993,0.88466,0.98765,0.99425,0.99707,100.0,1.17,0.2,0.23,1.65,47.44,55.22,54.58,45.95,0.997,0.997,0.997,0.997,/tmpdir/crf_16.mpd,/videos/BigBuckBunny-2160.avi
13401,0.99855,21.71888,0.99965,48.05259,0.99995,0.91249,0.99264,0.99686,0.99829,100.0,0.74,0.18,0.21,1.02,49.42,55.66,54.96,48.05,0.998,0.997,0.997,0.998,/tmpdir/crf_16.mpd,/videos/BigBuckBunny-2160.avi
13402,0.99802,21.71888,0.99953,45.82951,0.99992,0.88152,0.98674,0.9939,0.99689,100.0,1.2,0.19,0.23,1.7,47.33,55.26,54.54,45.83,0.997,0.997,0.997,0.997,/tmpdir/crf_16.mpd,/videos/BigBuckBunny-2160.avi
13403,0.99881,22.10685,0.9996,48.0272,0.99995,0.91023,0.99283,0.9969,0.99828,100.0,0.75,0.18,0.22,1.02,49.38,55.46,54.68,48.03,0.998,0.997,0.997,0.998,/tmpdir/crf_16.mpd,/videos/BigBuckBunny-2160.avi
13404,0.99858,22.10685,0.99952,45.8464,0.99992,0.88108,0.98727,0.9942,0.99711,100.0,1.2,0.2,0.25,1.69,47.33,55.02,54.17,45.85,0.997,0.997,0.997,0.997,/tmpdir/crf_16.mpd,/videos/BigBuckBunny-2160.avi
13405,0.99877,22.73952,0.99962,47.62322,0.99995,0.90622,0.99214,0.99665,0.99821,100.0,0.82,0.19,0.22,1.12,49.0,55.33,54.66,47.62,0.998,0.997,0.997,0.998,/tmpdir/crf_16.mpd,/videos/BigBuckBunny-2160.avi
13406,0.99908,22.73952,0.99961,47.76103,0.99995,0.90817,0.99296,0.99699,0.99839,100.0,0.79,0.19,0.22,1.09,49.13,55.43,54.61,47.76,0.998,0.997,0.997,0.998,/tmpdir/crf_16.mpd,/videos/BigBuckBunny-2160.avi
13407,0.99875,21.76264,0.99949,46.03966,0.99992,0.88496,0.98685,0.99388,0.99692,100.0,1.16,0.21,0.25,1.62,47.5,54.95,54.08,46.04,0.997,0.997,0.997,0.997,/tmpdir/crf_16.mpd,/videos/BigBuckBunny-2160.avi
13408,0.99923,21.76264,0.99958,47.80688,0.99994,0.9077,0.99275,0.99683,0.99825,100.0,0.79,0.19,0.23,1.08,49.16,55.23,54.56,47.81,0.997,0.997,0.997,0.998,/tmpdir/crf_16.mpd,/videos/BigBuckBunny-2160.avi
13409,0.99836,21.75413,0.99949,45.87679,0.99991,0.88272,0.98634,0.99359,0.99669,100.0,1.2,0.21,0.25,1.68,47.35,54.89,54.17,45.88,0.997,0.997,0.997,0.997,/tmpdir/crf_16.mpd,/videos/BigBuckBunny-2160.avi
13410,0.99892,21.75413,0.99959,47.64478,0.99994,0.90625,0.99256,0.99681,0.99825,100.0,0.81,0.19,0.22,1.12,49.02,55.34,54.63,47.64,0.998,0.997,0.997,0.998,/tmpdir/crf_16.mpd,/videos/BigBuckBunny-2160.avi
13411,0.99856,21.1132,0.99949,45.86934,0.99991,0.88288,0.98628,0.99358,0.99668,100.0,1.2,0.2,0.24,1.68,47.35,55.04,54.29,45.87,0.997,0.997,0.997,0.997,/tmpdir/crf_16.mpd,/videos/BigBuckBunny-2160.avi
13412,0.99892,21.1132,0.99958,47.78214,0.99994,0.90776,0.99286,0.99695,0.99832,100.0,0.79,0.19,0.22,1.08,49.15,55.37,54.66,47.78,0.998,0.997,0.997,0.998,/tmpdir/crf_16.mpd,/videos/BigBuckBunny-2160.avi
13413,0.9985,21.46929,0.99947,46.02814,0.99991,0.88438,0.98661,0.99373,0.99682,100.0,1.16,0.21,0.25,1.62,47.5,55.01,54.18,46.03,0.997,0.997,0.997,0.997,/tmpdir/crf_16.mpd,/videos/BigBuckBunny-2160.avi
13414,0.99913,21.46929,0.99957,47.76427,0.99994,0.90757,0.99263,0.99684,0.99826,100.0,0.79,0.19,0.22,1.09,49.13,55.34,54.66,47.76,0.997,0.997,0.997,0.998,/tmpdir/crf_16.mpd,/videos/BigBuckBunny-2160.avi
13415,0.99872,22.26777,0.99947,45.80568,0.99991,0.88209,0.98659,0.99373,0.99669,100.0,1.22,0.21,0.27,1.71,47.27,54.87,53.86,45.81,0.997,0.997,0.996,0.997,/tmpdir/crf_16.mpd,/videos/BigBuckBunny-2160.avi
13416,0.99898,22.26777,0.99956,47.60256,0.99994,0.90639,0.99268,0.99689,0.99825,100.0,0.83,0.19,0.24,1.13,48.96,55.28,54.3,47.6,0.997,0.997,0.997,0.998,/tmpdir/crf_16.mpd,/videos/BigBuckBunny-2160.avi
13417,0.99871,22.53347,0.99947,45.82848,0.99991,0.88321,0.98684,0.99391,0.99693,100.0,1.21,0.21,0.28,1.7,47.29,54.94,53.64,45.83,0.997,0.997,0.996,0.997,/tmpdir/crf_16.mpd,/videos/BigBuckBunny-2160.avi
13418,0.99901,22.53347,0.99954,47.43863,0.99994,0.90461,0.99225,0.99664,0.99808,100.0,0.86,0.2,0.26,1.17,48.79,55.18,53.91,47.44,0.997,0.997,0.996,0.998,/tmpdir/crf_16.mpd,/videos/BigBuckBunny-2160.avi
13419,0.99841,23.65207,0.99946,45.68051,0.99991,0.88177,0.98628,0.99356,0.99663,100.0,1.26,0.22,0.29,1.76,47.14,54.73,53.49,45.68,0.997,0.997,0.996,0.997,/tmpdir/crf_16.mpd,/videos/BigBuckBunny-2160.avi
13420,0.99912,23.65207,0.99954,47.17565,0.99994,0.90167,0.99185,0.99646,0.99805,100.0,0.91,0.21,0.26,1.25,48.54,54.94,53.91,47.18,0.997,0.997,0.996,0.997,/tmpdir/crf_16.mpd,/videos/BigBuckBunny-2160.avi
13421,1.00008,23.56389,0.99953,47.07683,0.99994,0.89972,0.9914,0.9962,0.99786,100.0,0.93,0.21,0.26,1.27,48.46,54.94,54.0,47.08,0.997,0.997,0.996,0.997,/tmpdir/crf_16.mpd,/videos/BigBuckBunny-2160.avi
13422,0.99908,23.56389,0.99943,45.56464,0.99991,0.87826,0.98593,0.99368,0.99689,100.0,1.29,0.22,0.27,1.81,47.04,54.7,53.77,45.56,0.997,0.997,0.996,0.997,/tmpdir/crf_16.mpd,/videos/BigBuckBunny-2160.avi
13423,0.99964,23.76401,0.9995,47.29428,0.99994,0.90195,0.992,0.99652,0.99803,100.0,0.89,0.22,0.28,1.21,48.62,54.64,53.61,47.29,0.997,0.997,0.996,0.997,/tmpdir/crf_16.mpd,/videos/BigBuckBunny-2160.avi
13424,0.9985,23.76401,0.99943,45.41605,0.99991,0.87599,0.98656,0.99373,0.99678,100.0,1.34,0.24,0.29,1.87,46.88,54.28,53.44,45.42,0.997,0.996,0.996,0.997,/tmpdir/crf_16.mpd,/videos/BigBuckBunny-2160.avi
13425,0.9991,23.4458,0.99948,46.88492,0.99994,0.89702,0.99124,0.99624,0.99796,100.0,0.98,0.24,0.29,1.33,48.23,54.24,53.54,46.88,0.997,0.996,0.996,0.997,/tmpdir/crf_16.mpd,/videos/BigBuckBunny-2160.avi
13426,0.99848,23.4458,0.99941,45.31062,0.9999,0.87407,0.98539,0.9932,0.99643,100.0,1.37,0.25,0.29,1.91,46.78,54.11,53.55,45.31,0.997,0.996,0.996,0.997,/tmpdir/crf_16.mpd,/videos/BigBuckBunny-2160.avi
13427,0.99916,22.59051,0.99953,47.393,0.99994,0.9031,0.99214,0.99656,0.99806,100.0,0.87,0.24,0.26,1.19,48.72,54.37,54.02,47.39,0.997,0.996,0.996,0.997,/tmpdir/crf_16.mpd,/videos/BigBuckBunny-2160.avi
13428,0.99844,22.59051,0.99942,45.47597,0.9999,0.87547,0.98614,0.99357,0.99673,100.0,1.32,0.25,0.28,1.84,46.93,54.07,53.7,45.48,0.997,0.996,0.996,0.997,/tmpdir/crf_16.mpd,/videos/BigBuckBunny-2160.avi
13429,0.9992,22.57277,0.9995,47.12435,0.99993,0.90021,0.99192,0.99651,0.99808,100.0,0.93,0.25,0.27,1.26,48.46,54.22,53.86,47.12,0.997,0.996,0.996,0.997,/tmpdir/crf_16.mpd,/videos/BigBuckBunny-2160.avi
13430,0.99852,22.57277,0.99938,45.24298,0.9999,0.87204,0.98504,0.99293,0.99641,100.0,1.39,0.26,0.28,1.94,46.71,53.9,53.62,45.24,0.996,0.996,0.996,0.997,/tmpdir/crf_16.mpd,/videos/BigBuckBunny-2160.avi
13431,0.99925,23.79823,0.99946,47.20335,0.99993,0.90031,0.99206,0.99654,0.99805,100.0,0.91,0.25,0.28,1.24,48.52,54.07,53.63,47.2,0.997,0.996,0.996,0.997,/tmpdir/crf_16.mpd,/videos/BigBuckBunny-2160.avi
13432,0.99849,23.79823,0.99936,45.28786,0.9999,0.87269,0.98585,0.99347,0.99664,100.0,1.38,0.27,0.3,1.92,46.74,53.8,53.42,45.29,0.996,0.996,0.996,0.997,/tmpdir/crf_16.mpd,/videos/BigBuckBunny-2160.avi
13433,0.99915,23.14234,0.99951,47.24367,0.99994,0.90166,0.9921,0.99658,0.99806,100.0,0.91,0.26,0.27,1.23,48.55,53.95,53.75,47.24,0.997,0.996,0.996,0.997,/tmpdir/crf_16.mpd,/videos/BigBuckBunny-2160.avi
13434,0.99819,23.14234,0.99939,45.27315,0.99991,0.87353,0.98554,0.99325,0.9965,100.0,1.38,0.27,0.29,1.93,46.73,53.75,53.46,45.27,0.996,0.996,0.996,0.997,/tmpdir/crf_16.mpd,/videos/BigBuckBunny-2160.avi
13435,0.99906,23.71758,0.9995,47.02932,0.99994,0.89965,0.99185,0.99645,0.99801,100.0,0.95,0.27,0.28,1.29,48.35,53.84,53.64,47.03,0.997,0.996,0.996,0.997,/tmpdir/crf_16.mpd,/videos/BigBuckBunny-2160.avi
13436,0.99825,23.71758,0.99936,45.17752,0.9999,0.8709,0.98511,0.99298,0.99627,100.0,1.41,0.28,0.3,1.97,46.63,53.62,53.29,45.18,0.996,0.996,0.996,0.996,/tmpdir/crf_16.mpd,/videos/BigBuckBunny-2160.avi
13437,0.9991,22.75292,0.99946,47.07889,0.99993,0.89836,0.99186,0.9965,0.99805,100.0,0.94,0.28,0.29,1.27,48.38,53.74,53.5,47.08,0.997,0.996,0.996,0.997,/tmpdir/crf_16.mpd,/videos/BigBuckBunny-2160.avi
13438,0.99812,22.75292,0.99938,45.34907,0.9999,0.87363,0.98568,0.9934,0.99659,100.0,1.36,0.29,0.31,1.9,46.78,53.55,53.28,45.35,0.996,0.996,0.996,0.997,/tmpdir/crf_16.mpd,/videos/BigBuckBunny-2160.avi
13439,0.99897,23.01305,0.99947,46.97891,0.99993,0.89809,0.99162,0.99634,0.99792,100.0,0.96,0.28,0.29,1.3,48.29,53.63,53.49,46.98,0.997,0.996,0.996,0.997,/tmpdir/crf_16.mpd,/videos/BigBuckBunny-2160.avi
13440,0.99808,23.01305,0.99936,45.24423,0.9999,0.87301,0.98505,0.99295,0.99638,100.0,1.39,0.29,0.3,1.94,46.69,53.49,53.32,45.24,0.996,0.996,0.996,0.997,/tmpdir/crf_16.mpd,/videos/BigBuckBunny-2160.avi
13441,0.99903,22.54545,0.99945,47.07499,0.99993,0.89887,0.99155,0.99632,0.99794,100.0,0.94,0.28,0.28,1.28,48.38,53.63,53.58,47.07,0.997,0.996,0.996,0.997,/tmpdir/crf_16.mpd,/videos/BigBuckBunny-2160.avi
13442,0.99835,22.54545,0.99936,45.41175,0.9999,0.87408,0.98577,0.99347,0.99666,100.0,1.34,0.29,0.3,1.87,46.85,53.55,53.41,45.41,0.996,0.996,0.996,0.997,/tmpdir/crf_16.mpd,/videos/BigBuckBunny-2160.avi
13443,0.99912,22.11617,0.99943,47.13073,0.99993,0.89793,0.99162,0.99636,0.99796,100.0,0.93,0.28,0.29,1.26,48.43,53.64,53.56,47.13,0.997,0.996,0.996,0.997,/tmpdir/crf_16.mpd,/videos/BigBuckBunny-2160.avi
13444,0.99849,22.11617,0.9993,45.37786,0.99989,0.87212,0.9856,0.99332,0.99649,100.0,1.35,0.29,0.3,1.88,46.81,53.55,53.34,45.38,0.996,0.996,0.996,0.996,/tmpdir/crf_16.mpd,/videos/BigBuckBunny-2160.avi
13445,0.99904,22.78968,0.99941,47.15524,0.99992,0.89905,0.99159,0.99631,0.99787,100.0,0.93,0.28,0.29,1.25,48.44,53.61,53.45,47.16,0.996,0.996,0.996,0.997,/tmpdir/crf_16.mpd,/videos/BigBuckBunny-2160.avi
13446,0.99853,22.78968,0.99929,45.37978,0.99989,0.87171,0.98556,0.99335,0.99655,100.0,1.36,0.29,0.32,1.88,46.8,53.44,53.12,45.38,0.996,0.995,0.995,0.996,/tmpdir/crf_16.mpd,/videos/BigBuckBunny-2160.avi
13447,0.9991,22.58913,0.99943,47.25766,0.99992,0.89955,0.9914,0.99625,0.99789,100.0,0.91,0.27,0.3,1.22,48.54,53.77,53.42,47.26,0.997,0.996,0.996,0.997,/tmpdir/crf_16.mpd,/videos/BigBuckBunny-2160.avi
13448,0.99862,22.58913,0.99928,45.40813,0.99989,0.87166,0.98593,0.99357,0.99673,100.0,1.35,0.29,0.33,1.87,46.82,53.48,52.93,45.41,0.996,0.996,0.995,0.996,/tmpdir/crf_16.mpd,/videos/BigBuckBunny-2160.avi
13449,0.99896,22.86441,0.99941,47.11894,0.99992,0.89732,0.99155,0.99633,0.99795,100.0,0.94,0.28,0.31,1.26,48.4,53.68,53.18,47.12,0.996,0.996,0.995,0.997,/tmpdir/crf_16.mpd,/videos/BigBuckBunny-2160.avi
13450,0.99921,22.86441,0.99937,47.03569,0.99992,0.89626,0.99203,0.99659,0.99816,100.0,0.96,0.29,0.33,1.29,48.31,53.54,52.97,47.04,0.996,0.996,0.995,0.997,/tmpdir/crf_16.mpd,/videos/BigBuckBunny-2160.avi
13451,0.99841,22.64159,0.99929,45.62128,0.99988,0.87698,0.98501,0.99301,0.99635,100.0,1.3,0.3,0.34,1.78,47.01,53.32,52.82,45.62,0.996,0.995,0.995,0.996,/tmpdir/crf_16.mpd,/videos/BigBuckBunny-2160.avi
13452,0.99934,22.64159,0.99938,47.26698,0.99992,0.89893,0.99205,0.99655,0.99812,100.0,0.92,0.29,0.32,1.22,48.51,53.51,53.03,47.27,0.996,0.996,0.995,0.997,/tmpdir/crf_16.mpd,/videos/BigBuckBunny-2160.avi
13453,0.99849,22.65161,0.99928,45.59646,0.99988,0.87629,0.98519,0.99299,0.99623,100.0,1.3,0.31,0.34,1.79,46.98,53.22,52.79,45.6,0.996,0.995,0.995,0.996,/tmpdir/crf_16.mpd,/videos/BigBuckBunny-2160.avi
13454,0.99895,22.65161,0.99938,47.17797,0.99992,0.89848,0.99214,0.99658,0.99809,100.0,0.93,0.3,0.32,1.25,48.43,53.38,53.14,47.18,0.996,0.995,0.995,0.997,/tmpdir/crf_16.mpd,/videos/BigBuckBunny-2160.avi
13455,0.99831,22.40615,0.99925,45.53506,0.99988,0.8753,0.98531,0.9931,0.99639,100.0,1.32,0.32,0.34,1.82,46.92,53.07,52.86,45.54,0.996,0.995,0.995,0.996,/tmpdir/crf_16.mpd,/videos/BigBuckBunny-2160.avi
13456,0.99897,22.40615,0.99935,47.35364,0.99991,0.90095,0.99228,0.99665,0.99812,100.0,0.9,0.31,0.32,1.2,48.58,53.25,53.08,47.35,0.996,0.995,0.995,0.997,/tmpdir/crf_16.mpd,/videos/BigBuckBunny-2160.avi
13457,0.99842,22.29392,0.99923,45.63737,0.99988,0.87641,0.9852,0.99293,0.9962,100.0,1.3,0.33,0.34,1.78,47.01,52.99,52.79,45.64,0.996,0.995,0.995,0.996,/tmpdir/crf_16.mpd,/videos/BigBuckBunny-2160.avi
13458,0.9991,22.29392,0.99936,47.28032,0.99992,0.8997,0.99199,0.99649,0.99806,100.0,0.92,0.31,0.33,1.22,48.51,53.22,52.96,47.28,0.996,0.995,0.995,0.997,/tmpdir/crf_16.mpd,/videos/BigBuckBunny-2160.avi
13459,0.99856,22.8189,0.99924,45.51766,0.99988,0.87437,0.98504,0.993,0.99639,100.0,1.33,0.33,0.36,1.83,46.89,52.95,52.62,45.52,0.996,0.995,0.995,0.996,/tmpdir/crf_16.mpd,/videos/BigBuckBunny-2160.avi
13460,0.99895,22.8189,0.99937,47.36217,0.99992,0.90103,0.99256,0.99678,0.99822,100.0,0.9,0.3,0.33,1.19,48.58,53.36,52.94,47.36,0.996,0.995,0.995,0.997,/tmpdir/crf_16.mpd,/videos/BigBuckBunny-2160.avi
13461,0.99817,22.5561,0.99926,45.62512,0.99988,0.87621,0.98525,0.99294,0.99625,100.0,1.3,0.33,0.35,1.78,46.99,52.93,52.71,45.63,0.996,0.995,0.995,0.996,/tmpdir/crf_16.mpd,/videos/BigBuckBunny-2160.avi
13462,0.99914,22.5561,0.99936,47.60214,0.99992,0.90364,0.99302,0.99702,0.99834,100.0,0.86,0.31,0.32,1.13,48.79,53.16,53.05,47.6,0.996,0.995,0.995,0.997,/tmpdir/crf_16.mpd,/videos/BigBuckBunny-2160.avi
13463,0.99847,20.26226,0.99925,45.44967,0.99988,0.87568,0.98495,0.99283,0.99623,100.0,1.36,0.35,0.37,1.85,46.81,52.64,52.46,45.45,0.996,0.995,0.995,0.996,/tmpdir/crf_16.mpd,/videos/BigBuckBunny-2160.avi
13464,0.99923,20.26226,0.99941,47.35426,0.99992,0.90345,0.99239,0.9967,0.99817,100.0,0.91,0.34,0.34,1.2,48.54,52.84,52.84,47.35,0.996,0.995,0.995,0.997,/tmpdir/crf_16.mpd,/videos/BigBuckBunny-2160.avi
13465,0.99861,19.2783,0.99923,45.43168,0.99987,0.87599,0.98508,0.99282,0.99613,100.0,1.37,0.37,0.39,1.86,46.77,52.44,52.26,45.43,0.996,0.994,0.995,0.996,/tmpdir/crf_16.mpd,/videos/BigBuckBunny-2160.avi
13466,0.99897,19.2783,0.99935,47.10106,0.9999,0.89923,0.99174,0.9964,0.99799,100.0,0.96,0.35,0.35,1.27,48.3,52.71,52.69,47.1,0.996,0.995,0.995,0.997,/tmpdir/crf_16.mpd,/videos/BigBuckBunny-2160.avi
13467,0.99825,18.99426,0.9992,45.42978,0.99986,0.87593,0.98421,0.9923,0.99592,100.0,1.37,0.37,0.38,1.86,46.77,52.41,52.34,45.43,0.996,0.994,0.995,0.996,/tmpdir/crf_16.mpd,/videos/BigBuckBunny-2160.avi
13468,0.99897,18.99426,0.9993,46.83962,0.99989,0.89567,0.99083,0.99601,0.99781,100.0,1.02,0.36,0.35,1.35,48.06,52.58,52.66,46.84,0.996,0.995,0.995,0.997,/tmpdir/crf_16.mpd,/videos/BigBuckBunny-2160.avi
13469,0.99844,18.98539,0.99918,45.16674,0.99986,0.87296,0.9835,0.99198,0.99561,100.0,1.45,0.39,0.39,1.98,46.52,52.23,52.2,45.17,0.996,0.994,0.995,0.996,/tmpdir/crf_16.mpd,/videos/BigBuckBunny-2160.avi
13470,0.99899,18.98539,0.99931,46.73918,0.99988,0.89444,0.99089,0.99598,0.99772,100.0,1.04,0.37,0.36,1.38,47.96,52.47,52.56,46.74,0.996,0.994,0.995,0.997,/tmpdir/crf_16.mpd,/videos/BigBuckBunny-2160.avi
13471,0.99829,18.60321,0.99916,45.23611,0.99985,0.87294,0.98378,0.99208,0.99557,100.0,1.43,0.39,0.39,1.95,46.58,52.2,52.22,45.24,0.995,0.994,0.995,0.996,/tmpdir/crf_16.mpd,/videos/BigBuckBunny-2160.avi
13472,0.99896,18.60321,0.99926,46.70199,0.99987,0.89321,0.9907,0.99592,0.99772,100.0,1.05,0.37,0.37,1.39,47.92,52.4,52.5,46.7,0.996,0.994,0.995,0.996,/tmpdir/crf_16.mpd,/videos/BigBuckBunny-2160.avi
13473,0.99836,18.78542,0.99914,45.13038,0.99984,0.87114,0.98339,0.99201,0.99564,100.0,1.46,0.4,0.4,2.0,46.48,52.09,52.15,45.13,0.995,0.994,0.995,0.996,/tmpdir/crf_16.mpd,/videos/BigBuckBunny-2160.avi
13474,0.99911,18.78542,0.99924,46.46159,0.99987,0.89011,0.99024,0.99567,0.99757,100.0,1.11,0.39,0.38,1.47,47.69,52.22,52.33,46.46,0.996,0.994,0.995,0.996,/tmpdir/crf_16.mpd,/videos/BigBuckBunny-2160.avi
13475,1.00008,18.61108,0.99928,46.66206,0.99988,0.89234,0.99033,0.99564,0.9975,100.0,1.06,0.39,0.38,1.4,47.87,52.22,52.38,46.66,0.996,0.994,0.995,0.996,/tmpdir/crf_16.mpd,/videos/BigBuckBunny-2160.avi
13476,0.99844,18.61108,0.99911,44.89465,0.99983,0.86591,0.98236,0.99181,0.99586,100.0,1.54,0.4,0.39,2.11,46.27,52.16,52.24,44.89,0.995,0.994,0.995,0.996,/tmpdir/crf_16.mpd,/videos/BigBuckBunny-2160.avi
13477,0.99961,18.61259,0.99924,46.56492,0.99987,0.89082,0.99006,0.99558,0.99752,100.0,1.09,0.4,0.39,1.43,47.77,52.13,52.27,46.56,0.996,0.994,0.995,0.996,/tmpdir/crf_16.mpd,/videos/BigBuckBunny-2160.avi
13478,0.99791,18.61259,0.99906,44.77506,0.99982,0.86337,0.98269,0.99169,0.99566,100.0,1.58,0.41,0.4,2.17,46.15,52.01,52.08,44.78,0.995,0.994,0.995,0.995,/tmpdir/crf_16.mpd,/videos/BigBuckBunny-2160.avi
13479,0.99907,18.82686,0.99917,46.18599,0.99986,0.88547,0.98903,0.99514,0.99729,100.0,1.18,0.42,0.41,1.56,47.41,51.9,52.05,46.19,0.995,0.994,0.995,0.996,/tmpdir/crf_16.mpd,/videos/BigBuckBunny-2160.avi
13480,0.99919,18.82686,0.99923,46.47925,0.99987,0.88938,0.99046,0.99587,0.99778,100.0,1.11,0.4,0.39,1.46,47.69,52.07,52.24,46.48,0.996,0.994,0.995,0.996,/tmpdir/crf_16.mpd,/videos/BigBuckBunny-2160.avi
13481,0.99874,18.6697,0.99905,45.05916,0.99983,0.86788,0.98253,0.99155,0.99528,100.0,1.5,0.44,0.44,2.03,46.37,51.75,51.66,45.06,0.995,0.994,0.994,0.996,/tmpdir/crf_16.mpd,/videos/BigBuckBunny-2160.avi
13482,0.99914,18.6697,0.99917,46.43162,0.99986,0.88793,0.99037,0.99583,0.99775,100.0,1.12,0.41,0.41,1.48,47.62,51.96,51.98,46.43,0.995,0.994,0.995,0.996,/tmpdir/crf_16.mpd,/videos/BigBuckBunny-2160.avi
13483,0.99837,19.25329,0.99897,44.82742,0.99982,0.86434,0.98153,0.99102,0.9952,100.0,1.58,0.46,0.47,2.14,46.14,51.51,51.43,44.83,0.995,0.993,0.994,0.995,/tmpdir/crf_16.mpd,/videos/BigBuckBunny-2160.avi
13484,0.99881,19.25329,0.99906,46.05258,0.99985,0.88285,0.98887,0.99504,0.99725,100.0,1.22,0.44,0.44,1.61,47.25,51.65,51.68,46.05,0.995,0.993,0.994,0.996,/tmpdir/crf_16.mpd,/videos/BigBuckBunny-2160.avi
13485,0.99999,19.6619,0.99912,46.1251,0.99987,0.8837,0.98903,0.99505,0.99721,100.0,1.21,0.45,0.44,1.59,47.32,51.61,51.73,46.13,0.995,0.993,0.994,0.996,/tmpdir/crf_16.mpd,/videos/BigBuckBunny-2160.avi
13486,0.99816,19.6619,0.99896,44.47147,0.99982,0.85814,0.98048,0.9908,0.99521,100.0,1.7,0.46,0.47,2.32,45.82,51.52,51.45,44.47,0.995,0.993,0.994,0.995,/tmpdir/crf_16.mpd,/videos/BigBuckBunny-2160.avi
13487,0.99944,19.94636,0.99914,46.00523,0.99986,0.8827,0.98876,0.99505,0.9972,100.0,1.24,0.45,0.45,1.63,47.2,51.55,51.64,46.01,0.995,0.993,0.994,0.996,/tmpdir/crf_16.mpd,/videos/BigBuckBunny-2160.avi
13488,0.99789,19.94636,0.99893,44.42919,0.99981,0.85746,0.98098,0.99071,0.99497,100.0,1.72,0.46,0.47,2.35,45.78,51.47,51.43,44.43,0.995,0.993,0.994,0.995,/tmpdir/crf_16.mpd,/videos/BigBuckBunny-2160.avi
13489,0.99879,19.92155,0.99908,45.91443,0.99985,0.88096,0.98816,0.99474,0.99706,100.0,1.26,0.47,0.45,1.67,47.12,51.45,51.61,45.91,0.995,0.993,0.994,0.996,/tmpdir/crf_16.mpd,/videos/BigBuckBunny-2160.avi
13490,0.99777,19.92155,0.99891,44.3438,0.9998,0.85503,0.97997,0.99049,0.99504,100.0,1.75,0.47,0.46,2.39,45.7,51.41,51.49,44.34,0.995,0.993,0.994,0.995,/tmpdir/crf_16.mpd,/videos/BigBuckBunny-2160.avi
13491,0.99888,19.58461,0.99911,46.23061,0.99986,0.88409,0.98906,0.99517,0.99729,100.0,1.18,0.46,0.44,1.55,47.4,51.48,51.73,46.23,0.995,0.993,0.994,0.996,/tmpdir/crf_16.mpd,/videos/BigBuckBunny-2160.avi
13492,0.99756,19.58461,0.99892,44.53524,0.99981,0.85697,0.98111,0.99098,0.99523,100.0,1.68,0.46,0.45,2.29,45.88,51.46,51.56,44.54,0.995,0.993,0.994,0.995,/tmpdir/crf_16.mpd,/videos/BigBuckBunny-2160.avi
13493,0.99877,19.54745,0.99912,46.19227,0.99986,0.88362,0.9891,0.99522,0.99733,100.0,1.19,0.46,0.44,1.56,47.37,51.46,51.73,46.19,0.995,0.993,0.994,0.996,/tmpdir/crf_16.mpd,/videos/BigBuckBunny-2160.avi
13494,0.99737,19.54745,0.99887,44.41214,0.9998,0.85422,0.98003,0.99051,0.995,100.0,1.72,0.47,0.46,2.35,45.77,51.42,51.55,44.41,0.994,0.993,0.994,0.995,/tmpdir/crf_16.mpd,/videos/BigBuckBunny-2160.avi
13495,0.9987,19.17403,0.99903,46.16431,0.99984,0.88224,0.9884,0.99483,0.99708,100.0,1.2,0.47,0.44,1.57,47.34,51.39,51.68,46.16,0.995,0.993,0.994,0.996,/tmpdir/crf_16.mpd,/videos/BigBuckBunny-2160.avi
13496,0.99753,19.17403,0.99889,44.61703,0.99979,0.85673,0.98061,0.99084,0.99515,100.0,1.65,0.47,0.44,2.25,45.96,51.43,51.66,44.62,0.994,0.993,0.994,0.995,/tmpdir/crf_16.mpd,/videos/BigBuckBunny-2160.avi
13497,0.99875,19.33558,0.9991,46.28568,0.99985,0.88361,0.98927,0.99527,0.99737,100.0,1.17,0.47,0.43,1.53,47.45,51.4,51.81,46.29,0.995,0.993,0.994,0.996,/tmpdir/crf_16.mpd,/videos/BigBuckBunny-2160.avi
13498,0.99747,19.33558,0.9989,44.67435,0.99979,0.85801,0.98098,0.99102,0.99534,100.0,1.63,0.47,0.44,2.22,46.01,51.39,51.7,44.67,0.995,0.993,0.994,0.995,/tmpdir/crf_16.mpd,/videos/BigBuckBunny-2160.avi
13499,0.99865,19.68378,0.99908,46.25015,0.99985,0.884,0.98943,0.99536,0.99745,100.0,1.18,0.48,0.43,1.54,47.41,51.31,51.78,46.25,0.995,0.993,0.994,0.996,/tmpdir/crf_16.mpd,/videos/BigBuckBunny-2160.avi
13500,0.99888,19.68378,0.99903,46.29119,0.99985,0.88409,0.98942,0.99544,0.99766,100.0,1.17,0.47,0.43,1.53,47.46,51.41,51.79,46.29,0.995,0.993,0.994,0.995,/tmpdir/crf_16.mpd,/videos/BigBuckBunny-2160.avi
13501,0.99877,19.72697,0.99951,48.9667,0.99995,0.92253,0.99544,0.99797,0.99896,100.0,0.65,0.33,0.29,0.82,49.98,53.0,53.5,48.97,0.997,0.995,0.996,0.997,/tmpdir/crf_16.mpd,/videos/BigBuckBunny-2160.avi
13502,0.9967,19.72697,0.99917,45.61359,0.99986,0.87726,0.98571,0.99359,0.99706,100.0,1.3,0.35,0.33,1.79,46.98,52.64,53.01,45.61,0.996,0.995,0.995,0.996,/tmpdir/crf_16.mpd,/videos/BigBuckBunny-2160.avi
13503,0.99911,19.92967,0.99931,47.50076,0.9999,0.90348,0.99272,0.99688,0.99838,100.0,0.88,0.35,0.31,1.16,48.68,52.73,53.21,47.5,0.996,0.995,0.996,0.996,/tmpdir/crf_16.mpd,/videos/BigBuckBunny-2160.avi
13504,0.99856,19.92967,0.99927,47.52949,0.99989,0.90486,0.99225,0.99665,0.99833,100.0,0.88,0.35,0.31,1.15,48.7,52.68,53.17,47.53,0.996,0.995,0.995,0.996,/tmpdir/crf_16.mpd,/videos/BigBuckBunny-2160.avi
13505,0.99806,19.94718,0.99906,45.8411,0.99984,0.88086,0.98318,0.99178,0.99558,100.0,1.25,0.37,0.34,1.69,47.17,52.43,52.87,45.84,0.995,0.994,0.995,0.996,/tmpdir/crf_16.mpd,/videos/BigBuckBunny-2160.avi
13506,0.99876,19.94718,0.99926,47.36,0.99989,0.90199,0.99213,0.99657,0.99818,100.0,0.91,0.36,0.32,1.19,48.55,52.61,53.14,47.36,0.996,0.995,0.995,0.996,/tmpdir/crf_16.mpd,/videos/BigBuckBunny-2160.avi
13507,0.99812,20.17053,0.99906,45.68775,0.99983,0.87911,0.98358,0.99198,0.9957,100.0,1.29,0.38,0.34,1.76,47.02,52.28,52.77,45.69,0.995,0.994,0.995,0.996,/tmpdir/crf_16.mpd,/videos/BigBuckBunny-2160.avi
13508,0.9985,20.17053,0.99921,47.26395,0.99988,0.90195,0.99159,0.99628,0.99799,100.0,0.93,0.38,0.33,1.22,48.44,52.38,52.91,47.26,0.996,0.994,0.995,0.996,/tmpdir/crf_16.mpd,/videos/BigBuckBunny-2160.avi
13509,0.9994,19.91986,0.99926,47.44588,0.99989,0.90413,0.99162,0.9963,0.99797,100.0,0.9,0.38,0.33,1.17,48.6,52.39,52.97,47.45,0.996,0.994,0.995,0.996,/tmpdir/crf_16.mpd,/videos/BigBuckBunny-2160.avi
13510,0.99749,19.91986,0.99899,45.40865,0.99982,0.87309,0.98253,0.99183,0.99595,100.0,1.37,0.39,0.34,1.87,46.77,52.25,52.8,45.41,0.995,0.994,0.995,0.995,/tmpdir/crf_16.mpd,/videos/BigBuckBunny-2160.avi
13511,0.999,19.708,0.99919,47.29907,0.99988,0.90141,0.99086,0.99596,0.99779,100.0,0.93,0.38,0.33,1.21,48.47,52.36,52.92,47.3,0.996,0.994,0.995,0.996,/tmpdir/crf_16.mpd,/videos/BigBuckBunny-2160.avi
13512,0.99755,19.708,0.99899,45.31627,0.99982,0.87165,0.98301,0.99192,0.99579,100.0,1.4,0.39,0.34,1.91,46.68,52.17,52.77,45.32,0.995,0.994,0.995,0.995,/tmpdir/crf_16.mpd,/videos/BigBuckBunny-2160.avi
13513,0.99879,19.61212,0.99922,47.1663,0.99988,0.89962,0.99079,0.99595,0.99776,100.0,0.95,0.39,0.33,1.25,48.34,52.26,52.93,47.17,0.996,0.994,0.995,0.996,/tmpdir/crf_16.mpd,/videos/BigBuckBunny-2160.avi
13514,0.99883,19.61212,0.99921,47.37466,0.99988,0.90273,0.99182,0.99645,0.99813,100.0,0.91,0.38,0.32,1.19,48.54,52.35,53.05,47.37,0.996,0.994,0.995,0.996,/tmpdir/crf_16.mpd,/videos/BigBuckBunny-2160.avi
13515,0.99807,19.177,0.99898,45.6785,0.99982,0.87779,0.9828,0.99169,0.99565,100.0,1.3,0.4,0.34,1.76,47.0,52.07,52.85,45.68,0.995,0.994,0.995,0.995,/tmpdir/crf_16.mpd,/videos/BigBuckBunny-2160.avi
13516,0.99897,19.177,0.99918,47.37966,0.99987,0.90187,0.99168,0.99641,0.9981,100.0,0.91,0.38,0.32,1.19,48.54,52.3,53.1,47.38,0.995,0.994,0.995,0.996,/tmpdir/crf_16.mpd,/videos/BigBuckBunny-2160.avi
13517,0.99787,19.39416,0.99896,45.48929,0.99982,0.87483,0.98213,0.99138,0.9956,100.0,1.35,0.42,0.34,1.84,46.82,51.94,52.81,45.49,0.995,0.994,0.995,0.995,/tmpdir/crf_16.mpd,/videos/BigBuckBunny-2160.avi
13518,0.99856,19.39416,0.99914,47.12964,0.99987,0.89911,0.99102,0.99606,0.99788,100.0,0.96,0.4,0.33,1.26,48.3,52.1,52.96,47.13,0.995,0.994,0.995,0.996,/tmpdir/crf_16.mpd,/videos/BigBuckBunny-2160.avi
13519,0.99954,19.61556,0.99919,47.16174,0.99988,0.89995,0.99093,0.99598,0.99776,100.0,0.96,0.41,0.33,1.25,48.32,52.03,52.9,47.16,0.995,0.994,0.995,0.996,/tmpdir/crf_16.mpd,/videos/BigBuckBunny-2160.avi
13520,0.99762,19.61556,0.99893,45.20607,0.9998,0.87041,0.98186,0.99151,0.99579,100.0,1.43,0.41,0.34,1.96,46.57,51.96,52.77,45.21,0.995,0.994,0.995,0.995,/tmpdir/crf_16.mpd,/videos/BigBuckBunny-2160.avi
13521,0.99911,19.77957,0.99915,46.9503,0.99987,0.89686,0.99034,0.99573,0.99766,100.0,1.0,0.41,0.34,1.31,48.13,51.97,52.76,46.95,0.995,0.994,0.995,0.996,/tmpdir/crf_16.mpd,/videos/BigBuckBunny-2160.avi
13522,0.99759,19.77957,0.9989,45.02161,0.9998,0.86752,0.98146,0.99114,0.99537,100.0,1.49,0.42,0.35,2.05,46.39,51.86,52.67,45.02,0.995,0.994,0.995,0.995,/tmpdir/crf_16.mpd,/videos/BigBuckBunny-2160.avi
13523,0.99873,19.79758,0.99914,46.91274,0.99986,0.89612,0.99025,0.99575,0.99769,100.0,1.01,0.42,0.35,1.32,48.08,51.88,52.7,46.91,0.995,0.994,0.995,0.996,/tmpdir/crf_16.mpd,/videos/BigBuckBunny-2160.avi
13524,0.99887,19.79758,0.99914,47.01516,0.99986,0.89767,0.99103,0.9961,0.99796,100.0,0.99,0.41,0.34,1.29,48.18,51.97,52.79,47.02,0.995,0.994,0.995,0.996,/tmpdir/crf_16.mpd,/videos/BigBuckBunny-2160.avi
13525,0.99778,19.52868,0.99888,45.37641,0.9998,0.87248,0.98117,0.99082,0.99523,100.0,1.39,0.44,0.37,1.89,46.69,51.69,52.46,45.38,0.995,0.993,0.994,0.995,/tmpdir/crf_16.mpd,/videos/BigBuckBunny-2160.avi
13526,0.99893,19.52868,0.99912,47.04712,0.99986,0.89724,0.99078,0.99597,0.99786,100.0,0.98,0.42,0.35,1.28,48.2,51.93,52.66,47.05,0.995,0.994,0.995,0.996,/tmpdir/crf_16.mpd,/videos/BigBuckBunny-2160.avi
13527,0.99761,19.27228,0.99884,45.26118,0.9998,0.86995,0.9805,0.99047,0.99495,100.0,1.43,0.45,0.38,1.94,46.58,51.61,52.31,45.26,0.994,0.993,0.994,0.995,/tmpdir/crf_16.mpd,/videos/BigBuckBunny-2160.avi
13528,0.99859,19.27228,0.99909,46.93973,0.99985,0.89501,0.99029,0.99569,0.99765,100.0,1.01,0.42,0.36,1.32,48.1,51.86,52.6,46.94,0.995,0.993,0.995,0.996,/tmpdir/crf_16.mpd,/videos/BigBuckBunny-2160.avi
13529,0.9974,18.84398,0.99883,45.40764,0.99979,0.87136,0.98107,0.99072,0.99504,100.0,1.39,0.45,0.38,1.87,46.71,51.59,52.3,45.41,0.994,0.993,0.994,0.995,/tmpdir/crf_16.mpd,/videos/BigBuckBunny-2160.avi
13530,0.99847,18.84398,0.99909,47.14043,0.99986,0.89731,0.99082,0.99598,0.99782,100.0,0.97,0.42,0.36,1.26,48.28,51.91,52.59,47.14,0.995,0.994,0.994,0.996,/tmpdir/crf_16.mpd,/videos/BigBuckBunny-2160.avi
13531,0.99734,18.7237,0.99882,45.51669,0.99979,0.87234,0.98135,0.99087,0.99521,100.0,1.36,0.45,0.39,1.83,46.8,51.56,52.23,45.52,0.994,0.993,0.994,0.995,/tmpdir/crf_16.mpd,/videos/BigBuckBunny-2160.avi
13532,0.99876,18.7237,0.99906,47.06047,0.99985,0.89539,0.99042,0.99581,0.99768,100.0,0.99,0.43,0.37,1.28,48.19,51.8,52.48,47.06,0.995,0.993,0.994,0.996,/tmpdir/crf_16.mpd,/videos/BigBuckBunny-2160.avi
13533,0.99737,18.29263,0.99879,45.46009,0.99978,0.87023,0.98027,0.99036,0.99494,100.0,1.38,0.46,0.39,1.85,46.75,51.49,52.19,45.46,0.994,0.993,0.994,0.995,/tmpdir/crf_16.mpd,/videos/BigBuckBunny-2160.avi
13534,0.99861,18.29263,0.99904,47.13879,0.99984,0.89564,0.99046,0.99581,0.99766,100.0,0.97,0.43,0.37,1.26,48.26,51.8,52.46,47.14,0.995,0.993,0.994,0.995,/tmpdir/crf_16.mpd,/videos/BigBuckBunny-2160.avi
13535,0.99731,18.04428,0.99876,45.50894,0.99977,0.87026,0.98061,0.99046,0.99495,100.0,1.36,0.46,0.4,1.83,46.79,51.46,52.13,45.51,0.994,0.993,0.994,0.995,/tmpdir/crf_16.mpd,/videos/BigBuckBunny-2160.avi
13536,0.99862,18.04428,0.99901,47.12052,0.99984,0.89488,0.99026,0.99573,0.99765,100.0,0.98,0.44,0.37,1.26,48.23,51.73,52.39,47.12,0.995,0.993,0.994,0.995,/tmpdir/crf_16.mpd,/videos/BigBuckBunny-2160.avi
13537,0.99737,17.81826,0.99872,45.45137,0.99976,0.86853,0.97956,0.98983,0.99455,100.0,1.38,0.47,0.41,1.85,46.73,51.39,52.05,45.45,0.994,0.993,0.994,0.994,/tmpdir/crf_16.mpd,/videos/BigBuckBunny-2160.avi
13538,0.99876,17.81826,0.999,47.14241,0.99983,0.89431,0.99013,0.99568,0.99762,100.0,0.97,0.44,0.38,1.26,48.25,51.7,52.36,47.14,0.995,0.993,0.994,0.995,/tmpdir/crf_16.mpd,/videos/BigBuckBunny-2160.avi
13539,0.99731,17.44369,0.99871,45.57044,0.99975,0.86871,0.9801,0.99029,0.9948,100.0,1.35,0.47,0.4,1.8,46.83,51.37,52.06,45.57,0.994,0.993,0.994,0.994,/tmpdir/crf_16.mpd,/videos/BigBuckBunny-2160.avi
13540,0.99852,17.44369,0.99899,47.18973,0.99983,0.89428,0.99029,0.99577,0.99772,100.0,0.97,0.44,0.38,1.24,48.28,51.65,52.34,47.19,0.995,0.993,0.994,0.995,/tmpdir/crf_16.mpd,/videos/BigBuckBunny-2160.avi
13541,0.9973,17.34177,0.99867,45.52462,0.99974,0.8676,0.9799,0.99014,0.99474,100.0,1.36,0.48,0.41,1.82,46.79,51.35,52.04,45.52,0.994,0.993,0.994,0.994,/tmpdir/crf_16.mpd,/videos/BigBuckBunny-2160.avi
13542,0.99858,17.34177,0.99893,47.10337,0.99982,0.8922,0.98963,0.99545,0.99747,100.0,0.98,0.44,0.38,1.27,48.21,51.67,52.34,47.1,0.995,0.993,0.994,0.995,/tmpdir/crf_16.mpd,/videos/BigBuckBunny-2160.avi
13543,0.99706,16.90572,0.99862,45.58738,0.99973,0.86688,0.97919,0.98985,0.99463,100.0,1.34,0.47,0.4,1.8,46.85,51.4,52.13,45.59,0.994,0.993,0.994,0.994,/tmpdir/crf_16.mpd,/videos/BigBuckBunny-2160.avi
13544,0.99857,16.90572,0.99893,47.25405,0.99981,0.8929,0.99001,0.99562,0.99761,100.0,0.95,0.44,0.37,1.22,48.35,51.72,52.48,47.25,0.995,0.993,0.994,0.995,/tmpdir/crf_16.mpd,/videos/BigBuckBunny-2160.avi
13545,0.99719,16.91665,0.99863,45.60166,0.99973,0.86676,0.97992,0.99031,0.99495,100.0,1.34,0.47,0.39,1.79,46.87,51.41,52.17,45.6,0.994,0.993,0.994,0.994,/tmpdir/crf_16.mpd,/videos/BigBuckBunny-2160.avi
13546,0.99844,16.91665,0.99888,47.12139,0.9998,0.89148,0.98982,0.99555,0.99761,100.0,0.98,0.45,0.37,1.26,48.23,51.63,52.41,47.12,0.995,0.993,0.994,0.995,/tmpdir/crf_16.mpd,/videos/BigBuckBunny-2160.avi
13547,0.99923,16.96253,0.99891,47.08442,0.99981,0.89087,0.98955,0.99533,0.99742,100.0,0.99,0.46,0.38,1.27,48.19,51.53,52.37,47.08,0.995,0.993,0.994,0.995,/tmpdir/crf_16.mpd,/videos/BigBuckBunny-2160.avi
13548,0.99843,16.96253,0.99887,47.18111,0.99979,0.89157,0.98982,0.99558,0.99769,100.0,0.96,0.44,0.36,1.24,48.3,51.7,52.58,47.18,0.995,0.993,0.994,0.995,/tmpdir/crf_16.mpd,/videos/BigBuckBunny-2160.avi
13549,0.99684,16.66499,0.99859,45.64338,0.99971,0.86616,0.97905,0.98983,0.99479,100.0,1.32,0.46,0.37,1.77,46.92,51.49,52.4,45.64,0.994,0.993,0.994,0.994,/tmpdir/crf_16.mpd,/videos/BigBuckBunny-2160.avi
13550,0.99842,16.66499,0.99896,47.33322,0.99982,0.89315,0.9905,0.9959,0.99784,100.0,0.93,0.43,0.35,1.2,48.44,51.76,52.67,47.33,0.995,0.993,0.995,0.995,/tmpdir/crf_16.mpd,/videos/BigBuckBunny-2160.avi
13551,0.99725,16.99605,0.99859,45.54445,0.99972,0.86543,0.97932,0.98993,0.99471,100.0,1.35,0.47,0.38,1.81,46.82,51.39,52.34,45.54,0.994,0.993,0.994,0.994,/tmpdir/crf_16.mpd,/videos/BigBuckBunny-2160.avi
13552,0.99822,16.99605,0.99888,47.0288,0.9998,0.88968,0.98974,0.99551,0.99758,100.0,0.99,0.45,0.36,1.29,48.16,51.59,52.57,47.03,0.995,0.993,0.994,0.995,/tmpdir/crf_16.mpd,/videos/BigBuckBunny-2160.avi
13553,0.99694,16.99468,0.99855,45.47763,0.99972,0.86362,0.97827,0.98934,0.99436,100.0,1.37,0.47,0.38,1.84,46.76,51.36,52.36,45.48,0.994,0.993,0.994,0.994,/tmpdir/crf_16.mpd,/videos/BigBuckBunny-2160.avi
13554,0.9983,16.99468,0.99893,47.23764,0.99982,0.89146,0.99027,0.99579,0.99776,100.0,0.95,0.44,0.35,1.23,48.35,51.7,52.7,47.24,0.995,0.993,0.995,0.995,/tmpdir/crf_16.mpd,/videos/BigBuckBunny-2160.avi
13555,0.997,16.88717,0.9986,45.58041,0.99972,0.86491,0.97922,0.98994,0.99482,100.0,1.34,0.47,0.37,1.8,46.86,51.45,52.45,45.58,0.994,0.993,0.994,0.994,/tmpdir/crf_16.mpd,/videos/BigBuckBunny-2160.avi
13556,0.99832,16.88717,0.99895,47.32274,0.99983,0.89308,0.99084,0.99605,0.99791,100.0,0.93,0.44,0.35,1.2,48.43,51.72,52.74,47.32,0.995,0.993,0.995,0.995,/tmpdir/crf_16.mpd,/videos/BigBuckBunny-2160.avi
13557,0.997,16.85668,0.99853,45.55011,0.99972,0.86422,0.97892,0.98977,0.99473,100.0,1.35,0.46,0.37,1.81,46.84,51.48,52.48,45.55,0.994,0.993,0.994,0.994,/tmpdir/crf_16.mpd,/videos/BigBuckBunny-2160.avi
13558,0.99823,16.85668,0.99886,47.15008,0.99982,0.88952,0.98975,0.99556,0.99762,100.0,0.97,0.44,0.35,1.25,48.28,51.72,52.72,47.15,0.994,0.993,0.995,0.995,/tmpdir/crf_16.mpd,/videos/BigBuckBunny-2160.avi
13559,0.9966,16.86735,0.99849,45.44942,0.99971,0.86137,0.97772,0.98907,0.9943,100.0,1.37,0.46,0.37,1.85,46.75,51.48,52.5,45.45,0.994,0.993,0.994,0.994,/tmpdir/crf_16.mpd,/videos/BigBuckBunny-2160.avi
13560,0.99824,16.86735,0.9989,47.11761,0.99982,0.88914,0.98983,0.99556,0.99763,100.0,0.97,0.44,0.34,1.26,48.25,51.72,52.76,47.12,0.995,0.993,0.995,0.995,/tmpdir/crf_16.mpd,/videos/BigBuckBunny-2160.avi
13561,0.99675,16.9777,0.99852,45.41268,0.99972,0.86161,0.9784,0.98946,0.9945,100.0,1.38,0.46,0.37,1.87,46.72,51.47,52.49,45.41,0.994,0.993,0.994,0.994,/tmpdir/crf_16.mpd,/videos/BigBuckBunny-2160.avi
13562,0.99808,16.9777,0.99888,47.11933,0.99982,0.88958,0.98999,0.99565,0.99766,100.0,0.97,0.44,0.35,1.26,48.25,51.69,52.73,47.12,0.995,0.993,0.995,0.995,/tmpdir/crf_16.mpd,/videos/BigBuckBunny-2160.avi
13563,0.99681,16.96835,0.99847,45.43061,0.9997,0.86069,0.97776,0.98909,0.99431,100.0,1.38,0.46,0.37,1.86,46.73,51.48,52.5,45.43,0.994,0.993,0.994,0.994,/tmpdir/crf_16.mpd,/videos/BigBuckBunny-2160.avi
13564,0.9981,16.96835,0.99886,47.09079,0.99981,0.88772,0.98948,0.99544,0.99758,100.0,0.98,0.44,0.34,1.27,48.23,51.71,52.76,47.09,0.995,0.993,0.995,0.995,/tmpdir/crf_16.mpd,/videos/BigBuckBunny-2160.avi
13565,0.99664,16.93628,0.99847,45.41202,0.9997,0.86005,0.97784,0.98919,0.99435,100.0,1.38,0.46,0.36,1.87,46.72,51.5,52.55,45.41,0.994,0.993,0.994,0.994,/tmpdir/crf_16.mpd,/videos/BigBuckBunny-2160.avi
13566,0.99796,16.93628,0.99889,47.07135,0.99982,0.88791,0.98972,0.99552,0.99758,100.0,0.98,0.44,0.34,1.28,48.21,51.71,52.77,47.07,0.995,0.993,0.995,0.995,/tmpdir/crf_16.mpd,/videos/BigBuckBunny-2160.avi
13567,0.99659,16.90972,0.99845,45.36525,0.9997,0.85923,0.97764,0.98906,0.99432,100.0,1.4,0.46,0.36,1.89,46.68,51.49,52.54,45.37,0.994,0.993,0.994,0.994,/tmpdir/crf_16.mpd,/videos/BigBuckBunny-2160.avi
13568,0.99796,16.90972,0.9988,46.94571,0.9998,0.88541,0.98878,0.99506,0.99738,100.0,1.01,0.44,0.35,1.31,48.1,51.68,52.73,46.95,0.994,0.993,0.995,0.995,/tmpdir/crf_16.mpd,/videos/BigBuckBunny-2160.avi
13569,0.99643,16.86998,0.99837,45.25342,0.99968,0.85606,0.97629,0.9883,0.99389,100.0,1.43,0.46,0.36,1.94,46.58,51.5,52.56,45.25,0.993,0.993,0.994,0.993,/tmpdir/crf_16.mpd,/videos/BigBuckBunny-2160.avi
13570,0.998,16.86998,0.99883,46.88512,0.9998,0.88399,0.98872,0.99505,0.99733,100.0,1.02,0.44,0.34,1.33,48.06,51.74,52.85,46.89,0.995,0.993,0.995,0.995,/tmpdir/crf_16.mpd,/videos/BigBuckBunny-2160.avi
13571,0.9964,16.53546,0.99827,45.1835,0.99963,0.854,0.975,0.98762,0.99338,100.0,1.45,0.46,0.35,1.97,46.52,51.53,52.66,45.18,0.993,0.993,0.995,0.993,/tmpdir/crf_16.mpd,/videos/BigBuckBunny-2160.avi
13572,0.99762,16.53546,0.99865,46.60862,0.99974,0.87871,0.98701,0.99422,0.99688,100.0,1.07,0.44,0.33,1.42,47.82,51.72,52.91,46.61,0.994,0.993,0.995,0.994,/tmpdir/crf_16.mpd,/videos/BigBuckBunny-2160.avi
13573,0.99636,16.25677,0.99819,45.23413,0.99961,0.85331,0.97469,0.98737,0.99329,100.0,1.43,0.46,0.34,1.95,46.57,51.54,52.8,45.23,0.993,0.993,0.995,0.993,/tmpdir/crf_16.mpd,/videos/BigBuckBunny-2160.avi
13574,0.99753,16.25677,0.99856,46.54449,0.99973,0.87543,0.98601,0.99374,0.99661,100.0,1.09,0.44,0.33,1.44,47.76,51.69,53.0,46.54,0.994,0.993,0.995,0.994,/tmpdir/crf_16.mpd,/videos/BigBuckBunny-2160.avi
13575,0.996,15.99615,0.99813,45.11283,0.99959,0.8492,0.97255,0.98618,0.99266,100.0,1.47,0.46,0.33,2.0,46.47,51.54,52.91,45.11,0.993,0.993,0.995,0.993,/tmpdir/crf_16.mpd,/videos/BigBuckBunny-2160.avi
13576,0.99765,15.99615,0.99862,46.5909,0.99974,0.87573,0.9863,0.99393,0.99678,100.0,1.07,0.43,0.31,1.43,47.82,51.76,53.19,46.59,0.994,0.994,0.995,0.994,/tmpdir/crf_16.mpd,/videos/BigBuckBunny-2160.avi
13577,0.99625,15.57342,0.99814,45.25038,0.99959,0.8506,0.97393,0.98708,0.99316,100.0,1.42,0.45,0.32,1.94,46.6,51.62,53.07,45.25,0.993,0.993,0.995,0.993,/tmpdir/crf_16.mpd,/videos/BigBuckBunny-2160.avi
13578,0.99749,15.57342,0.99856,46.69374,0.99973,0.87592,0.98649,0.99396,0.99672,100.0,1.05,0.43,0.31,1.39,47.91,51.8,53.25,46.69,0.994,0.994,0.995,0.994,/tmpdir/crf_16.mpd,/videos/BigBuckBunny-2160.avi
13579,0.99584,15.58421,0.99807,45.16234,0.99957,0.84791,0.97235,0.98602,0.99246,100.0,1.45,0.45,0.32,1.98,46.52,51.62,53.09,45.16,0.993,0.993,0.995,0.993,/tmpdir/crf_16.mpd,/videos/BigBuckBunny-2160.avi
13580,0.99763,15.58421,0.99853,46.57146,0.99972,0.87289,0.98569,0.99362,0.99657,100.0,1.08,0.43,0.3,1.43,47.81,51.82,53.32,46.57,0.994,0.994,0.995,0.994,/tmpdir/crf_16.mpd,/videos/BigBuckBunny-2160.avi
13581,0.996,15.27691,0.99808,45.26938,0.99957,0.84882,0.97316,0.98666,0.99277,100.0,1.41,0.43,0.31,1.93,46.63,51.77,53.23,45.27,0.993,0.993,0.995,0.993,/tmpdir/crf_16.mpd,/videos/BigBuckBunny-2160.avi
13582,0.99751,15.27691,0.99856,46.70019,0.99972,0.87467,0.98664,0.99403,0.9968,100.0,1.04,0.41,0.29,1.39,47.94,52.0,53.48,46.7,0.994,0.994,0.996,0.994,/tmpdir/crf_16.mpd,/videos/BigBuckBunny-2160.avi
13583,0.99595,15.00151,0.99805,45.33636,0.99956,0.8489,0.97393,0.98707,0.9931,100.0,1.39,0.42,0.3,1.9,46.7,51.85,53.3,45.34,0.993,0.994,0.995,0.993,/tmpdir/crf_16.mpd,/videos/BigBuckBunny-2160.avi
13584,0.9975,15.00151,0.99847,46.66676,0.99971,0.87226,0.98559,0.99357,0.99655,100.0,1.05,0.41,0.29,1.4,47.92,52.03,53.5,46.67,0.994,0.994,0.996,0.994,/tmpdir/crf_16.mpd,/videos/BigBuckBunny-2160.avi
13585,0.9956,14.71612,0.99798,45.29281,0.99955,0.84559,0.97186,0.98591,0.99252,100.0,1.4,0.41,0.29,1.92,46.67,51.96,53.47,45.29,0.993,0.994,0.996,0.992,/tmpdir/crf_16.mpd,/videos/BigBuckBunny-2160.avi
13586,0.99756,14.71612,0.99854,46.79991,0.99972,0.87321,0.98622,0.99394,0.99678,100.0,1.02,0.39,0.27,1.36,48.06,52.22,53.84,46.8,0.994,0.994,0.996,0.994,/tmpdir/crf_16.mpd,/videos/BigBuckBunny-2160.avi
13587,0.99573,14.31396,0.99801,45.44565,0.99954,0.84742,0.97314,0.98688,0.99317,100.0,1.35,0.4,0.27,1.86,46.83,52.12,53.89,45.45,0.993,0.994,0.996,0.993,/tmpdir/crf_16.mpd,/videos/BigBuckBunny-2160.avi
13588,0.99747,14.31396,0.9985,46.88243,0.9997,0.87403,0.98661,0.99414,0.9969,100.0,0.99,0.38,0.25,1.33,48.16,52.33,54.13,46.88,0.994,0.994,0.996,0.994,/tmpdir/crf_16.mpd,/videos/BigBuckBunny-2160.avi
13589,0.99577,14.24381,0.99795,45.41022,0.99954,0.84569,0.9725,0.98637,0.99271,100.0,1.36,0.4,0.26,1.87,46.81,52.13,54.0,45.41,0.993,0.994,0.996,0.992,/tmpdir/crf_16.mpd,/videos/BigBuckBunny-2160.avi
13590,0.99745,14.24381,0.99842,46.76092,0.9997,0.87022,0.9852,0.99335,0.99643,100.0,1.02,0.38,0.25,1.37,48.05,52.31,54.2,46.76,0.994,0.994,0.996,0.994,/tmpdir/crf_16.mpd,/videos/BigBuckBunny-2160.avi
13591,0.99546,13.82396,0.9979,45.40773,0.99951,0.84308,0.97065,0.98533,0.99225,100.0,1.35,0.39,0.25,1.87,46.81,52.27,54.14,45.41,0.993,0.994,0.996,0.992,/tmpdir/crf_16.mpd,/videos/BigBuckBunny-2160.avi
13592,0.99744,13.82396,0.99852,47.03249,0.9997,0.87376,0.9864,0.99398,0.99676,100.0,0.96,0.36,0.23,1.29,48.32,52.59,54.45,47.03,0.995,0.995,0.997,0.994,/tmpdir/crf_16.mpd,/videos/BigBuckBunny-2160.avi
13593,0.99604,13.60887,0.99794,45.54341,0.99951,0.84573,0.97307,0.98686,0.99312,100.0,1.31,0.37,0.25,1.81,46.95,52.41,54.16,45.54,0.993,0.994,0.996,0.993,/tmpdir/crf_16.mpd,/videos/BigBuckBunny-2160.avi
13594,0.99724,13.60887,0.99842,46.99019,0.99968,0.87246,0.98588,0.99369,0.99663,100.0,0.97,0.36,0.24,1.3,48.28,52.58,54.33,46.99,0.994,0.995,0.996,0.994,/tmpdir/crf_16.mpd,/videos/BigBuckBunny-2160.avi
13595,0.99543,13.26814,0.99783,45.47145,0.99949,0.84252,0.9709,0.98556,0.99246,100.0,1.33,0.37,0.25,1.84,46.88,52.42,54.08,45.47,0.993,0.994,0.996,0.992,/tmpdir/crf_16.mpd,/videos/BigBuckBunny-2160.avi
13596,0.99734,13.26814,0.99842,47.07568,0.99968,0.87168,0.98582,0.9938,0.99674,100.0,0.95,0.35,0.23,1.28,48.37,52.69,54.45,47.08,0.994,0.995,0.997,0.994,/tmpdir/crf_16.mpd,/videos/BigBuckBunny-2160.avi
13597,0.99557,12.89187,0.99787,45.7011,0.99949,0.84432,0.97165,0.98614,0.99283,100.0,1.26,0.36,0.23,1.75,47.11,52.62,54.48,45.7,0.993,0.995,0.997,0.992,/tmpdir/crf_16.mpd,/videos/BigBuckBunny-2160.avi
13598,0.9973,12.89187,0.99848,47.25251,0.99969,0.87473,0.98699,0.99429,0.997,100.0,0.91,0.34,0.22,1.22,48.55,52.86,54.77,47.25,0.995,0.995,0.997,0.994,/tmpdir/crf_16.mpd,/videos/BigBuckBunny-2160.avi
13599,0.99589,12.79114,0.99784,45.67962,0.99947,0.84416,0.97227,0.98642,0.99285,100.0,1.27,0.35,0.24,1.76,47.09,52.67,54.4,45.68,0.993,0.995,0.997,0.992,/tmpdir/crf_16.mpd,/videos/BigBuckBunny-2160.avi
13600,0.99713,12.79114,0.99834,47.14576,0.99967,0.87089,0.98552,0.99355,0.99652,100.0,0.93,0.34,0.23,1.25,48.44,52.86,54.58,47.15,0.994,0.995,0.997,0.993,/tmpdir/crf_16.mpd,/videos/BigBuckBunny-2160.avi
13601,0.99522,12.40556,0.99774,45.69308,0.99946,0.8409,0.96978,0.98495,0.99211,100.0,1.26,0.34,0.22,1.75,47.12,52.82,54.61,45.69,0.993,0.995,0.997,0.992,/tmpdir/crf_16.mpd,/videos/BigBuckBunny-2160.avi
13602,0.9972,12.40556,0.99843,47.37336,0.99968,0.8726,0.98611,0.99388,0.99686,100.0,0.88,0.32,0.2,1.19,48.69,53.14,55.11,47.37,0.995,0.995,0.997,0.994,/tmpdir/crf_16.mpd,/videos/BigBuckBunny-2160.avi
13603,0.99553,12.23139,0.99783,45.87572,0.99947,0.84412,0.97199,0.98635,0.99301,100.0,1.21,0.33,0.2,1.68,47.31,53.0,55.16,45.88,0.994,0.995,0.997,0.992,/tmpdir/crf_16.mpd,/videos/BigBuckBunny-2160.avi
13604,0.99701,12.23139,0.9984,47.37628,0.99968,0.87318,0.98646,0.99401,0.99683,100.0,0.88,0.31,0.18,1.19,48.71,53.22,55.53,47.38,0.995,0.995,0.997,0.994,/tmpdir/crf_16.mpd,/videos/BigBuckBunny-2160.avi
13605,0.99518,11.98866,0.99774,45.89343,0.99946,0.84308,0.97145,0.98597,0.99261,100.0,1.2,0.32,0.17,1.67,47.35,53.13,55.92,45.89,0.994,0.995,0.998,0.992,/tmpdir/crf_16.mpd,/videos/BigBuckBunny-2160.avi
13606,0.99726,11.98866,0.99832,47.38402,0.99966,0.87027,0.98553,0.99358,0.99657,100.0,0.87,0.3,0.15,1.19,48.75,53.33,56.34,47.38,0.994,0.996,0.998,0.993,/tmpdir/crf_16.mpd,/videos/BigBuckBunny-2160.avi
13607,0.99531,11.77088,0.99772,45.9124,0.99944,0.84103,0.97031,0.98532,0.9923,100.0,1.19,0.31,0.15,1.67,47.38,53.21,56.23,45.91,0.993,0.995,0.998,0.992,/tmpdir/crf_16.mpd,/videos/BigBuckBunny-2160.avi
13608,0.99718,11.77088,0.99836,47.45955,0.99967,0.87092,0.98644,0.99412,0.99701,100.0,0.85,0.29,0.16,1.17,48.82,53.45,56.03,47.46,0.995,0.996,0.998,0.994,/tmpdir/crf_16.mpd,/videos/BigBuckBunny-2160.avi
13609,0.99841,11.76373,0.99912,49.56723,0.99987,0.91035,0.99447,0.99763,0.99882,100.0,0.54,0.21,0.14,0.72,50.84,54.98,56.76,49.57,0.996,0.997,0.998,0.996,/tmpdir/crf_16.mpd,/videos/BigBuckBunny-2160.avi
13610,0.99553,11.76373,0.99809,46.4138,0.99956,0.85567,0.97635,0.98875,0.99455,100.0,1.06,0.23,0.17,1.48,47.89,54.61,55.76,46.41,0.994,0.997,0.998,0.993,/tmpdir/crf_16.mpd,/videos/BigBuckBunny-2160.avi
13611,0.99809,11.76368,0.99859,48.14869,0.99974,0.8847,0.98922,0.99529,0.99759,100.0,0.73,0.22,0.17,1.0,49.5,54.74,55.8,48.15,0.995,0.997,0.998,0.994,/tmpdir/crf_16.mpd,/videos/BigBuckBunny-2160.avi
13612,0.99579,11.76368,0.99797,46.19061,0.99951,0.84922,0.97436,0.9877,0.99376,100.0,1.11,0.23,0.2,1.56,47.66,54.53,55.06,46.19,0.994,0.997,0.997,0.993,/tmpdir/crf_16.mpd,/videos/BigBuckBunny-2160.avi
13613,0.9972,11.7543,0.99858,48.15262,0.99973,0.88428,0.98772,0.99461,0.99725,100.0,0.73,0.21,0.2,0.99,49.48,54.81,55.11,48.15,0.995,0.997,0.997,0.994,/tmpdir/crf_16.mpd,/videos/BigBuckBunny-2160.avi
13614,0.99594,11.7543,0.99798,46.19134,0.99951,0.84969,0.97486,0.98805,0.99394,100.0,1.12,0.22,0.23,1.56,47.65,54.65,54.57,46.19,0.994,0.997,0.997,0.993,/tmpdir/crf_16.mpd,/videos/BigBuckBunny-2160.avi
13615,0.99738,11.62581,0.9986,48.15938,0.99973,0.88439,0.9885,0.99491,0.99733,100.0,0.72,0.2,0.15,0.99,49.55,55.02,56.29,48.16,0.995,0.997,0.998,0.994,/tmpdir/crf_16.mpd,/videos/BigBuckBunny-2160.avi
13616,0.99554,11.62581,0.99785,46.16564,0.99948,0.84594,0.9721,0.98633,0.99297,100.0,1.11,0.21,0.14,1.57,47.69,54.83,56.7,46.17,0.994,0.997,0.998,0.992,/tmpdir/crf_16.mpd,/videos/BigBuckBunny-2160.avi
13617,0.99732,11.5022,0.99848,48.10854,0.99971,0.88125,0.9874,0.99443,0.9971,100.0,0.73,0.2,0.14,1.01,49.52,55.04,56.8,48.11,0.995,0.997,0.998,0.994,/tmpdir/crf_16.mpd,/videos/BigBuckBunny-2160.avi
13618,0.99563,11.5022,0.99791,46.17219,0.99949,0.84643,0.9735,0.98732,0.99351,100.0,1.1,0.21,0.11,1.57,47.72,54.92,57.75,46.17,0.994,0.997,0.999,0.992,/tmpdir/crf_16.mpd,/videos/BigBuckBunny-2160.avi
13619,0.99728,11.59991,0.99856,48.00698,0.99972,0.88034,0.98751,0.9945,0.9971,100.0,0.73,0.2,0.07,1.03,49.5,55.22,59.76,48.01,0.995,0.997,0.999,0.994,/tmpdir/crf_16.mpd,/videos/BigBuckBunny-2160.avi
13620,0.99537,11.59991,0.99785,46.18447,0.99948,0.84569,0.97283,0.98675,0.99309,100.0,1.09,0.2,0.06,1.57,47.77,55.1,60.27,46.18,0.994,0.997,0.999,0.992,/tmpdir/crf_16.mpd,/videos/BigBuckBunny-2160.avi
13621,0.99709,11.22252,0.99846,48.08534,0.99971,0.87976,0.98763,0.99451,0.99709,100.0,0.72,0.19,0.07,1.01,49.57,55.36,59.43,48.09,0.995,0.997,0.999,0.994,/tmpdir/crf_16.mpd,/videos/BigBuckBunny-2160.avi
13622,0.99546,11.22252,0.99783,46.24413,0.99947,0.84479,0.97264,0.98682,0.99335,100.0,1.08,0.19,0.09,1.54,47.81,55.25,58.51,46.24,0.994,0.997,0.999,0.992,/tmpdir/crf_16.mpd,/videos/BigBuckBunny-2160.avi
13623,0.9973,11.09055,0.99844,48.06033,0.9997,0.87759,0.9867,0.9941,0.99689,100.0,0.72,0.19,0.07,1.02,49.56,55.42,59.78,48.06,0.995,0.997,0.999,0.994,/tmpdir/crf_16.mpd,/videos/BigBuckBunny-2160.avi
13624,0.99586,11.09055,0.99788,46.31765,0.99949,0.84621,0.97387,0.98755,0.99367,100.0,1.07,0.19,0.13,1.52,47.86,55.38,56.99,46.32,0.994,0.997,0.998,0.992,/tmpdir/crf_16.mpd,/videos/BigBuckBunny-2160.avi
13625,0.99718,11.01752,0.9985,48.14342,0.99971,0.87961,0.98769,0.99461,0.99724,100.0,0.71,0.17,0.13,1.0,49.59,55.87,57.08,48.14,0.995,0.998,0.998,0.994,/tmpdir/crf_16.mpd,/videos/BigBuckBunny-2160.avi
13626,0.99508,11.01752,0.9977,46.19566,0.99944,0.84137,0.97135,0.98603,0.99271,100.0,1.09,0.17,0.13,1.56,47.75,55.83,56.95,46.2,0.994,0.998,0.998,0.992,/tmpdir/crf_16.mpd,/videos/BigBuckBunny-2160.avi
13627,0.99703,10.90446,0.99837,48.13246,0.99969,0.87716,0.98675,0.99409,0.9969,100.0,0.72,0.16,0.15,1.0,49.58,56.19,56.45,48.13,0.995,0.998,0.998,0.993,/tmpdir/crf_16.mpd,/videos/BigBuckBunny-2160.avi
13628,0.99553,10.90446,0.99773,46.1504,0.99944,0.84068,0.9721,0.98669,0.99325,100.0,1.11,0.16,0.18,1.58,47.68,56.22,55.46,46.15,0.994,0.998,0.998,0.992,/tmpdir/crf_16.mpd,/videos/BigBuckBunny-2160.avi
13629,0.99701,10.88806,0.99841,47.94526,0.99969,0.87447,0.98619,0.99382,0.99677,100.0,0.75,0.14,0.15,1.04,49.41,56.6,56.28,47.95,0.995,0.998,0.998,0.993,/tmpdir/crf_16.mpd,/videos/BigBuckBunny-2160.avi
13630,0.9958,10.88806,0.99776,46.28612,0.99945,0.84265,0.97319,0.9871,0.99325,100.0,1.07,0.14,0.14,1.53,47.85,56.58,56.65,46.29,0.994,0.998,0.998,0.992,/tmpdir/crf_16.mpd,/videos/BigBuckBunny-2160.avi
13631,0.99712,10.54036,0.99841,48.20014,0.99969,0.87764,0.98716,0.99433,0.99704,100.0,0.7,0.15,0.12,0.98,49.68,56.41,57.4,48.2,0.995,0.998,0.998,0.994,/tmpdir/crf_16.mpd,/videos/BigBuckBunny-2160.avi
13632,0.99573,10.54036,0.99769,46.29668,0.99943,0.84033,0.97151,0.98626,0.99304,100.0,1.07,0.17,0.13,1.53,47.85,55.91,56.87,46.3,0.994,0.998,0.998,0.992,/tmpdir/crf_16.mpd,/videos/BigBuckBunny-2160.avi
13633,0.99741,10.47184,0.99834,48.11947,0.99968,0.87442,0.98618,0.99383,0.99676,100.0,0.72,0.17,0.15,1.0,49.55,55.84,56.42,48.12,0.995,0.998,0.998,0.993,/tmpdir/crf_16.mpd,/videos/BigBuckBunny-2160.avi
13634,0.99571,10.47184,0.99769,46.30706,0.99942,0.84035,0.97223,0.98665,0.99315,100.0,1.07,0.17,0.17,1.52,47.83,55.76,55.84,46.31,0.994,0.998,0.998,0.992,/tmpdir/crf_16.mpd,/videos/BigBuckBunny-2160.avi
13635,0.99756,10.10768,0.99842,48.26829,0.99969,0.87632,0.98689,0.99422,0.99697,100.0,0.7,0.16,0.15,0.97,49.69,56.08,56.3,48.27,0.995,0.998,0.998,0.994,/tmpdir/crf_16.mpd,/videos/BigBuckBunny-2160.avi
13636,0.99557,10.10768,0.99762,46.41696,0.9994,0.83929,0.97183,0.98657,0.99305,100.0,1.04,0.16,0.16,1.48,47.95,56.0,56.14,46.42,0.994,0.998,0.998,0.992,/tmpdir/crf_16.mpd,/videos/BigBuckBunny-2160.avi
13637,0.99766,9.88293,0.99832,48.28683,0.99967,0.87458,0.98644,0.99396,0.99685,100.0,0.7,0.15,0.16,0.96,49.71,56.32,56.09,48.29,0.995,0.998,0.998,0.993,/tmpdir/crf_16.mpd,/videos/BigBuckBunny-2160.avi
13638,0.99448,9.88293,0.99755,46.5579,0.99937,0.83906,0.9701,0.98539,0.99226,100.0,1.01,0.15,0.18,1.44,48.07,56.31,55.58,46.56,0.994,0.998,0.997,0.992,/tmpdir/crf_16.mpd,/videos/BigBuckBunny-2160.avi
13639,0.99475,9.67913,0.99754,46.4687,0.99935,0.83844,0.96956,0.98508,0.99227,100.0,1.03,0.15,0.19,1.47,47.99,56.43,55.33,46.47,0.994,0.998,0.997,0.992,/tmpdir/crf_16.mpd,/videos/BigBuckBunny-2160.avi
13640,0.9977,9.67913,0.99838,48.38591,0.99967,0.87509,0.98672,0.99406,0.99685,100.0,0.68,0.14,0.18,0.94,49.8,56.76,55.63,48.39,0.995,0.998,0.997,0.994,/tmpdir/crf_16.mpd,/videos/BigBuckBunny-2160.avi
13641,0.99574,9.45675,0.99764,46.83091,0.99941,0.84287,0.97228,0.98665,0.99295,100.0,0.95,0.14,0.19,1.35,48.33,56.52,55.39,46.83,0.994,0.998,0.997,0.992,/tmpdir/crf_16.mpd,/videos/BigBuckBunny-2160.avi
13642,0.99772,9.45675,0.99835,48.58886,0.99968,0.87707,0.98722,0.99434,0.99696,100.0,0.65,0.14,0.19,0.9,49.97,56.65,55.41,48.59,0.995,0.998,0.997,0.993,/tmpdir/crf_16.mpd,/videos/BigBuckBunny-2160.avi
13643,0.99565,9.54412,0.99757,46.62416,0.9994,0.83854,0.96979,0.98513,0.99212,100.0,1.0,0.15,0.2,1.41,48.12,56.34,55.11,46.62,0.994,0.998,0.997,0.992,/tmpdir/crf_16.mpd,/videos/BigBuckBunny-2160.avi
13644,0.99768,9.54412,0.99832,48.34208,0.99966,0.8731,0.98612,0.99387,0.99675,100.0,0.69,0.14,0.19,0.95,49.74,56.57,55.36,48.34,0.995,0.998,0.997,0.993,/tmpdir/crf_16.mpd,/videos/BigBuckBunny-2160.avi
13645,0.99543,9.1865,0.99761,46.70778,0.9994,0.83902,0.97099,0.98594,0.99264,100.0,0.98,0.15,0.19,1.39,48.21,56.45,55.4,46.71,0.994,0.998,0.997,0.992,/tmpdir/crf_16.mpd,/videos/BigBuckBunny-2160.avi
13646,0.99769,9.1865,0.99832,48.64101,0.99966,0.8758,0.98711,0.99436,0.99707,100.0,0.65,0.14,0.18,0.89,50.03,56.69,55.6,48.64,0.995,0.998,0.997,0.993,/tmpdir/crf_16.mpd,/videos/BigBuckBunny-2160.avi
13647,0.99586,9.00741,0.99757,46.81407,0.99938,0.83905,0.97128,0.98614,0.99272,100.0,0.96,0.15,0.19,1.35,48.31,56.39,55.28,46.81,0.994,0.998,0.997,0.992,/tmpdir/crf_16.mpd,/videos/BigBuckBunny-2160.avi
13648,0.99778,9.00741,0.99825,48.51118,0.99965,0.87257,0.98573,0.99356,0.99658,100.0,0.67,0.14,0.19,0.92,49.89,56.61,55.25,48.51,0.995,0.998,0.997,0.993,/tmpdir/crf_16.mpd,/videos/BigBuckBunny-2160.avi
13649,0.99574,8.78795,0.9975,46.75908,0.99937,0.83678,0.96916,0.98469,0.99185,100.0,0.97,0.14,0.21,1.37,48.25,56.52,54.97,46.76,0.994,0.998,0.997,0.992,/tmpdir/crf_16.mpd,/videos/BigBuckBunny-2160.avi
13650,0.99785,8.78795,0.9983,48.64104,0.99966,0.87396,0.98629,0.9939,0.99681,100.0,0.65,0.14,0.2,0.89,50.01,56.74,55.13,48.64,0.995,0.998,0.997,0.993,/tmpdir/crf_16.mpd,/videos/BigBuckBunny-2160.avi
13651,0.99605,8.55683,0.99754,46.96431,0.99937,0.83904,0.97187,0.98653,0.99303,100.0,0.93,0.15,0.21,1.31,48.44,56.5,54.97,46.96,0.994,0.998,0.997,0.992,/tmpdir/crf_16.mpd,/videos/BigBuckBunny-2160.avi
13652,0.99781,8.55683,0.99824,48.67775,0.99964,0.87277,0.98636,0.99399,0.9969,100.0,0.65,0.14,0.2,0.88,50.03,56.62,55.01,48.68,0.995,0.998,0.997,0.993,/tmpdir/crf_16.mpd,/videos/BigBuckBunny-2160.avi
13653,0.99548,8.66331,0.99746,46.83251,0.99936,0.83603,0.96938,0.9849,0.99199,100.0,0.96,0.15,0.22,1.35,48.31,56.29,54.8,46.83,0.993,0.998,0.997,0.991,/tmpdir/crf_16.mpd,/videos/BigBuckBunny-2160.avi
13654,0.99777,8.66331,0.99827,48.65827,0.99966,0.87245,0.98609,0.99379,0.9967,100.0,0.65,0.15,0.21,0.89,50.0,56.44,54.96,48.66,0.995,0.998,0.997,0.993,/tmpdir/crf_16.mpd,/videos/BigBuckBunny-2160.avi
13655,0.99537,8.49968,0.99757,46.99853,0.99939,0.83902,0.97072,0.98573,0.99243,100.0,0.92,0.15,0.21,1.3,48.47,56.3,55.0,47.0,0.994,0.998,0.997,0.992,/tmpdir/crf_16.mpd,/videos/BigBuckBunny-2160.avi
13656,0.99799,8.49968,0.99831,48.82235,0.99966,0.87528,0.98723,0.99441,0.99712,100.0,0.63,0.14,0.2,0.85,50.17,56.58,55.16,48.82,0.995,0.998,0.997,0.993,/tmpdir/crf_16.mpd,/videos/BigBuckBunny-2160.avi
13657,0.99574,8.43491,0.99755,47.05158,0.99938,0.83957,0.97147,0.98614,0.99264,100.0,0.91,0.15,0.21,1.28,48.52,56.36,54.89,47.05,0.994,0.998,0.997,0.992,/tmpdir/crf_16.mpd,/videos/BigBuckBunny-2160.avi
13658,0.99785,8.43491,0.99823,48.73142,0.99965,0.87191,0.98617,0.99386,0.99676,100.0,0.64,0.15,0.21,0.87,50.07,56.49,54.86,48.73,0.994,0.998,0.997,0.993,/tmpdir/crf_16.mpd,/videos/BigBuckBunny-2160.avi
13659,0.99533,8.44071,0.99747,46.93099,0.99938,0.83525,0.96925,0.98487,0.99196,100.0,0.94,0.15,0.22,1.32,48.39,56.35,54.62,46.93,0.993,0.998,0.997,0.991,/tmpdir/crf_16.mpd,/videos/BigBuckBunny-2160.avi
13660,0.99802,8.44071,0.99826,48.6431,0.99966,0.87052,0.98581,0.99369,0.99668,100.0,0.65,0.15,0.22,0.89,49.98,56.48,54.69,48.64,0.994,0.998,0.997,0.993,/tmpdir/crf_16.mpd,/videos/BigBuckBunny-2160.avi
13661,0.99544,8.44701,0.99748,46.93745,0.99935,0.83659,0.97028,0.98543,0.99216,100.0,0.94,0.15,0.23,1.32,48.39,56.3,54.53,46.94,0.993,0.998,0.997,0.992,/tmpdir/crf_16.mpd,/videos/BigBuckBunny-2160.avi
13662,0.99798,8.44701,0.99827,48.58707,0.99965,0.87036,0.98603,0.99379,0.99677,100.0,0.66,0.15,0.23,0.9,49.92,56.51,54.58,48.59,0.994,0.998,0.997,0.993,/tmpdir/crf_16.mpd,/videos/BigBuckBunny-2160.avi
13663,0.99573,8.30274,0.9976,47.01023,0.99939,0.83814,0.9701,0.98488,0.99165,100.0,0.93,0.16,0.24,1.29,48.45,56.2,54.33,47.01,0.993,0.998,0.996,0.992,/tmpdir/crf_16.mpd,/videos/BigBuckBunny-2160.avi
13664,0.9955,8.30274,0.99743,46.80822,0.99933,0.83285,0.96845,0.98463,0.99188,100.0,0.97,0.15,0.23,1.36,48.27,56.3,54.43,46.81,0.993,0.998,0.997,0.991,/tmpdir/crf_16.mpd,/videos/BigBuckBunny-2160.avi
13665,0.99817,7.97621,0.99826,48.78148,0.99966,0.86991,0.98561,0.99352,0.9965,100.0,0.64,0.15,0.22,0.86,50.1,56.45,54.65,48.78,0.994,0.998,0.997,0.993,/tmpdir/crf_16.mpd,/videos/BigBuckBunny-2160.avi
13666,0.99549,7.97621,0.99754,47.14196,0.99937,0.83704,0.97196,0.98674,0.993,100.0,0.9,0.15,0.22,1.26,48.6,56.44,54.7,47.14,0.994,0.998,0.997,0.992,/tmpdir/crf_16.mpd,/videos/BigBuckBunny-2160.avi
13667,0.99812,7.85105,0.9983,48.8588,0.99965,0.87189,0.98626,0.99386,0.99675,100.0,0.62,0.14,0.22,0.85,50.18,56.55,54.78,48.86,0.995,0.998,0.997,0.993,/tmpdir/crf_16.mpd,/videos/BigBuckBunny-2160.avi
13668,0.99565,7.85105,0.99745,46.95874,0.99935,0.83267,0.96965,0.98529,0.9921,100.0,0.94,0.15,0.23,1.31,48.42,56.43,54.61,46.96,0.993,0.998,0.997,0.991,/tmpdir/crf_16.mpd,/videos/BigBuckBunny-2160.avi
13669,0.99812,7.54979,0.99821,48.86852,0.99964,0.8696,0.98562,0.9935,0.9965,100.0,0.62,0.14,0.22,0.84,50.18,56.55,54.68,48.87,0.994,0.998,0.997,0.993,/tmpdir/crf_16.mpd,/videos/BigBuckBunny-2160.avi
13670,0.9957,7.54979,0.99743,47.06692,0.99933,0.83239,0.9702,0.98563,0.99231,100.0,0.91,0.14,0.22,1.28,48.53,56.57,54.67,47.07,0.993,0.998,0.997,0.991,/tmpdir/crf_16.mpd,/videos/BigBuckBunny-2160.avi
13671,0.99818,7.32211,0.99823,48.9623,0.99965,0.86917,0.98555,0.99356,0.99661,100.0,0.61,0.14,0.22,0.83,50.28,56.66,54.76,48.96,0.994,0.998,0.997,0.993,/tmpdir/crf_16.mpd,/videos/BigBuckBunny-2160.avi
13672,0.99563,7.32211,0.99749,47.23443,0.99935,0.83448,0.97132,0.98628,0.99279,100.0,0.88,0.14,0.22,1.23,48.69,56.58,54.72,47.23,0.994,0.998,0.997,0.992,/tmpdir/crf_16.mpd,/videos/BigBuckBunny-2160.avi
13673,0.99825,7.14027,0.99825,48.95385,0.99965,0.86984,0.98576,0.99359,0.99656,100.0,0.61,0.14,0.22,0.83,50.27,56.63,54.72,48.95,0.994,0.998,0.997,0.993,/tmpdir/crf_16.mpd,/videos/BigBuckBunny-2160.avi
13674,0.99526,7.14027,0.9974,47.37086,0.99932,0.83322,0.97006,0.98515,0.99192,100.0,0.86,0.14,0.22,1.19,48.81,56.55,54.66,47.37,0.993,0.998,0.997,0.991,/tmpdir/crf_16.mpd,/videos/BigBuckBunny-2160.avi
13675,0.9953,6.85027,0.99735,47.25802,0.99929,0.83084,0.96868,0.98458,0.99172,100.0,0.88,0.14,0.22,1.22,48.71,56.53,54.73,47.26,0.993,0.998,0.997,0.991,/tmpdir/crf_16.mpd,/videos/BigBuckBunny-2160.avi
13676,0.99802,6.85027,0.9982,49.04081,0.99964,0.86659,0.98475,0.99305,0.99621,100.0,0.6,0.14,0.21,0.81,50.35,56.73,54.83,49.04,0.994,0.998,0.997,0.993,/tmpdir/crf_16.mpd,/videos/BigBuckBunny-2160.avi
13677,0.99659,6.74687,0.99757,47.60364,0.99937,0.83729,0.97072,0.98511,0.99163,100.0,0.81,0.15,0.23,1.13,49.02,56.46,54.6,47.6,0.994,0.998,0.997,0.992,/tmpdir/crf_16.mpd,/videos/BigBuckBunny-2160.avi
13678,0.99531,6.74687,0.99735,47.28937,0.99928,0.83007,0.96899,0.98493,0.99176,100.0,0.87,0.15,0.22,1.21,48.73,56.46,54.67,47.29,0.993,0.998,0.997,0.991,/tmpdir/crf_16.mpd,/videos/BigBuckBunny-2160.avi
13679,0.99848,6.43237,0.99827,49.33107,0.99966,0.87029,0.98623,0.99379,0.99663,100.0,0.56,0.14,0.21,0.76,50.62,56.71,54.91,49.33,0.995,0.998,0.997,0.993,/tmpdir/crf_16.mpd,/videos/BigBuckBunny-2160.avi
13680,0.99527,6.43237,0.9972,47.46692,0.99923,0.82746,0.96825,0.98439,0.99148,100.0,0.84,0.14,0.21,1.17,48.91,56.58,54.84,47.47,0.993,0.998,0.997,0.991,/tmpdir/crf_16.mpd,/videos/BigBuckBunny-2160.avi
13681,0.99521,6.19449,0.99714,47.33301,0.99917,0.82479,0.96724,0.98417,0.9916,100.0,0.86,0.15,0.21,1.2,48.78,56.48,54.81,47.33,0.993,0.998,0.997,0.991,/tmpdir/crf_16.mpd,/videos/BigBuckBunny-2160.avi
13682,0.99794,6.19449,0.99804,48.96543,0.99957,0.85916,0.98279,0.99216,0.99583,100.0,0.61,0.14,0.21,0.83,50.28,56.64,54.86,48.97,0.994,0.998,0.997,0.993,/tmpdir/crf_16.mpd,/videos/BigBuckBunny-2160.avi
13683,0.99571,5.99449,0.99715,47.42012,0.99921,0.82445,0.96683,0.98375,0.9911,100.0,0.85,0.15,0.22,1.18,48.86,56.43,54.8,47.42,0.993,0.998,0.997,0.991,/tmpdir/crf_16.mpd,/videos/BigBuckBunny-2160.avi
13684,0.99812,5.99449,0.9981,49.18614,0.99961,0.86249,0.98355,0.99243,0.99594,100.0,0.58,0.14,0.2,0.78,50.5,56.69,55.04,49.19,0.994,0.998,0.997,0.993,/tmpdir/crf_16.mpd,/videos/BigBuckBunny-2160.avi
13685,0.99542,5.65119,0.99712,47.50796,0.99919,0.823,0.96582,0.98316,0.99072,100.0,0.83,0.15,0.21,1.15,48.95,56.49,54.95,47.51,0.993,0.998,0.997,0.991,/tmpdir/crf_16.mpd,/videos/BigBuckBunny-2160.avi
13686,0.99649,5.65119,0.99768,48.26762,0.9994,0.84173,0.9744,0.98757,0.99316,100.0,0.7,0.14,0.2,0.97,49.66,56.61,55.07,48.27,0.994,0.998,0.997,0.992,/tmpdir/crf_16.mpd,/videos/BigBuckBunny-2160.avi
13687,0.99556,5.58551,0.99718,47.56495,0.9992,0.82332,0.96615,0.98326,0.99055,100.0,0.82,0.15,0.2,1.14,49.0,56.46,55.02,47.56,0.993,0.998,0.997,0.991,/tmpdir/crf_16.mpd,/videos/BigBuckBunny-2160.avi
13688,0.99802,5.58551,0.99808,49.31667,0.99959,0.86078,0.98328,0.99232,0.99576,100.0,0.56,0.14,0.2,0.76,50.62,56.77,55.15,49.32,0.994,0.998,0.997,0.993,/tmpdir/crf_16.mpd,/videos/BigBuckBunny-2160.avi
13689,0.99579,5.23813,0.99735,48.09228,0.99928,0.83137,0.96928,0.98459,0.99133,100.0,0.73,0.14,0.2,1.01,49.51,56.7,55.18,48.09,0.993,0.998,0.997,0.991,/tmpdir/crf_16.mpd,/videos/BigBuckBunny-2160.avi
13690,0.99524,5.23813,0.99711,47.73565,0.99918,0.8222,0.96673,0.98384,0.99105,100.0,0.78,0.14,0.19,1.1,49.19,56.71,55.43,47.74,0.993,0.998,0.997,0.991,/tmpdir/crf_16.mpd,/videos/BigBuckBunny-2160.avi
13691,0.99828,5.02796,0.99815,49.70432,0.99962,0.86407,0.98454,0.99298,0.99608,100.0,0.51,0.13,0.18,0.7,51.01,57.08,55.64,49.7,0.994,0.998,0.997,0.993,/tmpdir/crf_16.mpd,/videos/BigBuckBunny-2160.avi
13692,0.99604,5.02796,0.99722,47.82893,0.99921,0.82508,0.96909,0.98526,0.992,100.0,0.77,0.13,0.18,1.07,49.28,56.85,55.48,47.83,0.993,0.998,0.997,0.991,/tmpdir/crf_16.mpd,/videos/BigBuckBunny-2160.avi
13693,0.99618,5.11474,0.99767,48.4877,0.9994,0.84132,0.97503,0.98782,0.99309,100.0,0.67,0.13,0.18,0.92,49.89,56.86,55.54,48.49,0.994,0.998,0.997,0.992,/tmpdir/crf_16.mpd,/videos/BigBuckBunny-2160.avi
13694,0.99555,5.11474,0.99718,47.7921,0.99922,0.82406,0.96812,0.9847,0.99174,100.0,0.77,0.14,0.18,1.08,49.24,56.64,55.5,47.79,0.993,0.998,0.997,0.991,/tmpdir/crf_16.mpd,/videos/BigBuckBunny-2160.avi
13695,0.99778,5.15325,0.99812,49.66223,0.99961,0.86274,0.98425,0.99297,0.99612,100.0,0.52,0.13,0.18,0.7,50.97,56.96,55.57,49.66,0.994,0.998,0.997,0.993,/tmpdir/crf_16.mpd,/videos/BigBuckBunny-2160.avi
13696,0.99563,5.15325,0.99719,47.9582,0.99922,0.82509,0.96817,0.98441,0.99146,100.0,0.75,0.14,0.18,1.04,49.4,56.77,55.51,47.96,0.993,0.998,0.997,0.991,/tmpdir/crf_16.mpd,/videos/BigBuckBunny-2160.avi
13697,0.99443,5.26106,0.99717,47.71782,0.9992,0.82292,0.96779,0.98448,0.99163,100.0,0.79,0.14,0.18,1.1,49.17,56.56,55.53,47.72,0.993,0.998,0.997,0.991,/tmpdir/crf_16.mpd,/videos/BigBuckBunny-2160.avi
13698,0.99803,5.26106,0.99811,49.61671,0.99961,0.86344,0.98431,0.9929,0.99617,100.0,0.52,0.13,0.17,0.71,50.93,56.95,55.7,49.62,0.994,0.998,0.997,0.993,/tmpdir/crf_16.mpd,/videos/BigBuckBunny-2160.avi
13699,0.99559,5.26296,0.99744,48.15311,0.99932,0.83232,0.97074,0.9853,0.99172,100.0,0.72,0.14,0.18,0.99,49.57,56.68,55.49,48.15,0.993,0.998,0.997,0.991,/tmpdir/crf_16.mpd,/videos/BigBuckBunny-2160.avi
13700,0.99572,5.26296,0.99724,47.88217,0.99923,0.82604,0.96816,0.98455,0.9917,100.0,0.76,0.14,0.18,1.06,49.32,56.58,55.55,47.88,0.993,0.998,0.997,0.991,/tmpdir/crf_16.mpd,/videos/BigBuckBunny-2160.avi
13701,0.99834,5.25696,0.99821,49.70861,0.99964,0.86607,0.98509,0.99328,0.99635,100.0,0.51,0.13,0.18,0.7,51.01,56.98,55.64,49.71,0.995,0.998,0.997,0.993,/tmpdir/crf_16.mpd,/videos/BigBuckBunny-2160.avi
13702,0.99592,5.25696,0.99726,47.77866,0.99925,0.82552,0.96937,0.98542,0.99216,100.0,0.78,0.14,0.19,1.08,49.23,56.69,55.45,47.78,0.993,0.998,0.997,0.991,/tmpdir/crf_16.mpd,/videos/BigBuckBunny-2160.avi
13703,0.99689,5.20097,0.99771,48.48608,0.99942,0.84151,0.97549,0.98822,0.99351,100.0,0.67,0.14,0.18,0.92,49.88,56.69,55.51,48.49,0.994,0.998,0.997,0.992,/tmpdir/crf_16.mpd,/videos/BigBuckBunny-2160.avi
13704,0.99559,5.20097,0.99723,47.81023,0.99925,0.82452,0.96871,0.98497,0.99179,100.0,0.77,0.15,0.18,1.08,49.25,56.5,55.47,47.81,0.993,0.998,0.997,0.991,/tmpdir/crf_16.mpd,/videos/BigBuckBunny-2160.avi
13705,0.9983,5.16516,0.99815,49.64285,0.99963,0.86302,0.98455,0.99304,0.99617,100.0,0.52,0.13,0.18,0.71,50.95,56.91,55.58,49.64,0.994,0.998,0.997,0.993,/tmpdir/crf_16.mpd,/videos/BigBuckBunny-2160.avi
13706,0.99618,5.16516,0.99728,48.03974,0.99928,0.82652,0.96984,0.98539,0.99194,100.0,0.73,0.14,0.18,1.02,49.47,56.74,55.48,48.04,0.993,0.998,0.997,0.991,/tmpdir/crf_16.mpd,/videos/BigBuckBunny-2160.avi
13707,0.99523,5.1664,0.99721,47.81233,0.99923,0.82315,0.96762,0.98436,0.99154,100.0,0.77,0.14,0.18,1.08,49.25,56.52,55.49,47.81,0.993,0.998,0.997,0.991,/tmpdir/crf_16.mpd,/videos/BigBuckBunny-2160.avi
13708,0.99822,5.1664,0.99813,49.5862,0.99962,0.86243,0.98438,0.993,0.99624,100.0,0.53,0.13,0.18,0.72,50.9,56.96,55.63,49.59,0.994,0.998,0.997,0.993,/tmpdir/crf_16.mpd,/videos/BigBuckBunny-2160.avi
13709,0.99617,5.18139,0.99747,48.1669,0.99933,0.8322,0.97058,0.98512,0.99165,100.0,0.72,0.14,0.19,0.99,49.59,56.68,55.44,48.17,0.994,0.998,0.997,0.991,/tmpdir/crf_16.mpd,/videos/BigBuckBunny-2160.avi
13710,0.99539,5.18139,0.99727,47.86921,0.99925,0.8253,0.96877,0.98493,0.99187,100.0,0.76,0.14,0.19,1.06,49.3,56.53,55.43,47.87,0.993,0.998,0.997,0.991,/tmpdir/crf_16.mpd,/videos/BigBuckBunny-2160.avi
13711,0.99866,5.22658,0.99817,49.61761,0.99963,0.86331,0.98416,0.99268,0.99591,100.0,0.53,0.13,0.18,0.71,50.92,56.87,55.51,49.62,0.994,0.998,0.997,0.993,/tmpdir/crf_16.mpd,/videos/BigBuckBunny-2160.avi
13712,0.99639,5.22658,0.99723,47.97925,0.99924,0.82455,0.96888,0.98464,0.99134,100.0,0.74,0.14,0.19,1.04,49.41,56.66,55.44,47.98,0.993,0.998,0.997,0.991,/tmpdir/crf_16.mpd,/videos/BigBuckBunny-2160.avi
13713,0.99594,5.01624,0.99718,47.81483,0.99921,0.82167,0.96799,0.98443,0.99144,100.0,0.77,0.14,0.18,1.08,49.26,56.54,55.58,47.81,0.993,0.998,0.997,0.991,/tmpdir/crf_16.mpd,/videos/BigBuckBunny-2160.avi
13714,0.99827,5.01624,0.99803,49.68369,0.99958,0.85966,0.98301,0.99213,0.99568,100.0,0.52,0.13,0.17,0.7,51.0,57.01,55.82,49.68,0.994,0.998,0.998,0.993,/tmpdir/crf_16.mpd,/videos/BigBuckBunny-2160.avi
13715,0.99611,4.92339,0.99719,47.99687,0.99924,0.82262,0.96809,0.98464,0.99172,100.0,0.74,0.14,0.17,1.03,49.44,56.67,55.71,48.0,0.993,0.998,0.997,0.991,/tmpdir/crf_16.mpd,/videos/BigBuckBunny-2160.avi
13716,0.99858,4.92339,0.99806,49.64887,0.99959,0.86105,0.98326,0.99235,0.99584,100.0,0.52,0.13,0.17,0.71,50.97,57.01,55.83,49.65,0.994,0.998,0.998,0.993,/tmpdir/crf_16.mpd,/videos/BigBuckBunny-2160.avi
13717,0.99939,4.77237,0.99893,51.51083,0.99984,0.90624,0.9942,0.99758,0.99873,100.0,0.34,0.1,0.13,0.46,52.77,58.12,57.11,51.51,0.996,0.999,0.998,0.995,/tmpdir/crf_16.mpd,/videos/BigBuckBunny-2160.avi
13718,0.99576,4.77237,0.99741,48.24088,0.99929,0.83291,0.97188,0.98666,0.99277,100.0,0.69,0.11,0.14,0.97,49.73,57.59,56.63,48.24,0.994,0.998,0.998,0.992,/tmpdir/crf_16.mpd,/videos/BigBuckBunny-2160.avi
13719,0.99719,4.46802,0.99786,49.09281,0.99948,0.84936,0.97848,0.98965,0.99431,100.0,0.58,0.11,0.13,0.8,50.53,57.6,56.88,49.09,0.994,0.998,0.998,0.992,/tmpdir/crf_16.mpd,/videos/BigBuckBunny-2160.avi
13720,0.99611,4.46802,0.99736,48.42461,0.99928,0.83147,0.97126,0.98622,0.99233,100.0,0.67,0.12,0.14,0.93,49.9,57.35,56.72,48.42,0.994,0.998,0.998,0.991,/tmpdir/crf_16.mpd,/videos/BigBuckBunny-2160.avi
13721,0.99883,4.4559,0.99829,50.41531,0.99965,0.87423,0.98653,0.99392,0.99673,100.0,0.43,0.11,0.13,0.59,51.75,57.8,56.85,50.42,0.995,0.998,0.998,0.993,/tmpdir/crf_16.mpd,/videos/BigBuckBunny-2160.avi
13722,0.99684,4.4559,0.99731,48.25865,0.99926,0.82697,0.96997,0.98565,0.99217,100.0,0.69,0.12,0.15,0.97,49.73,57.39,56.39,48.26,0.994,0.998,0.998,0.991,/tmpdir/crf_16.mpd,/videos/BigBuckBunny-2160.avi
13723,0.99709,4.45018,0.99781,49.0162,0.99947,0.8466,0.97772,0.98932,0.99401,100.0,0.59,0.12,0.15,0.82,50.44,57.34,56.46,49.02,0.994,0.998,0.998,0.992,/tmpdir/crf_16.mpd,/videos/BigBuckBunny-2160.avi
13724,0.99592,4.45018,0.99732,48.34431,0.99928,0.8287,0.97046,0.98605,0.99232,100.0,0.68,0.13,0.15,0.95,49.8,57.09,56.36,48.34,0.994,0.998,0.998,0.991,/tmpdir/crf_16.mpd,/videos/BigBuckBunny-2160.avi
13725,0.99871,4.44021,0.99823,50.29892,0.99964,0.87123,0.98585,0.99358,0.9965,100.0,0.45,0.11,0.14,0.61,51.62,57.66,56.53,50.3,0.995,0.998,0.998,0.993,/tmpdir/crf_16.mpd,/videos/BigBuckBunny-2160.avi
13726,0.99577,4.44021,0.99732,48.26193,0.99927,0.82628,0.96965,0.98544,0.99192,100.0,0.69,0.12,0.16,0.97,49.72,57.3,56.13,48.26,0.994,0.998,0.998,0.991,/tmpdir/crf_16.mpd,/videos/BigBuckBunny-2160.avi
13727,0.99703,4.29315,0.99783,49.08227,0.99947,0.84672,0.97779,0.98926,0.99392,100.0,0.58,0.12,0.15,0.8,50.49,57.38,56.26,49.08,0.994,0.998,0.998,0.992,/tmpdir/crf_16.mpd,/videos/BigBuckBunny-2160.avi
13728,0.99582,4.29315,0.99729,48.44859,0.99926,0.82783,0.9701,0.9857,0.99214,100.0,0.67,0.12,0.15,0.93,49.9,57.2,56.3,48.45,0.994,0.998,0.998,0.991,/tmpdir/crf_16.mpd,/videos/BigBuckBunny-2160.avi
13729,0.99866,4.15475,0.99823,50.43006,0.99964,0.87134,0.98598,0.9937,0.99666,100.0,0.43,0.11,0.14,0.59,51.75,57.8,56.58,50.43,0.995,0.999,0.998,0.993,/tmpdir/crf_16.mpd,/videos/BigBuckBunny-2160.avi
13730,0.99605,4.15475,0.99729,48.3922,0.99927,0.82568,0.97,0.98594,0.99259,100.0,0.67,0.12,0.16,0.94,49.85,57.36,56.17,48.39,0.994,0.998,0.998,0.991,/tmpdir/crf_16.mpd,/videos/BigBuckBunny-2160.avi
13731,0.99709,4.14057,0.99779,49.09074,0.99946,0.8448,0.97799,0.98959,0.99424,100.0,0.58,0.12,0.15,0.8,50.5,57.4,56.33,49.09,0.994,0.998,0.998,0.992,/tmpdir/crf_16.mpd,/videos/BigBuckBunny-2160.avi
13732,0.99601,4.14057,0.9973,48.48406,0.99927,0.82752,0.97031,0.98582,0.99229,100.0,0.66,0.12,0.15,0.92,49.93,57.22,56.29,48.48,0.994,0.998,0.998,0.991,/tmpdir/crf_16.mpd,/videos/BigBuckBunny-2160.avi
13733,0.99882,4.12692,0.9982,50.39511,0.99963,0.87028,0.98558,0.9935,0.99652,100.0,0.44,0.11,0.15,0.59,51.71,57.77,56.5,50.4,0.995,0.998,0.998,0.993,/tmpdir/crf_16.mpd,/videos/BigBuckBunny-2160.avi
13734,0.99565,4.12692,0.99729,48.39094,0.99927,0.82508,0.97041,0.9862,0.99266,100.0,0.67,0.12,0.16,0.94,49.84,57.38,56.09,48.39,0.994,0.998,0.998,0.991,/tmpdir/crf_16.mpd,/videos/BigBuckBunny-2160.avi
13735,0.99725,4.10672,0.99781,49.14443,0.99947,0.84605,0.97862,0.99,0.99445,100.0,0.57,0.12,0.16,0.79,50.55,57.48,56.22,49.14,0.994,0.998,0.998,0.992,/tmpdir/crf_16.mpd,/videos/BigBuckBunny-2160.avi
13736,0.99549,4.10672,0.99732,48.50035,0.99928,0.82791,0.97114,0.9866,0.99287,100.0,0.66,0.12,0.16,0.92,49.95,57.33,56.17,48.5,0.994,0.998,0.998,0.991,/tmpdir/crf_16.mpd,/videos/BigBuckBunny-2160.avi
13737,0.99886,4.05275,0.99821,50.47099,0.99963,0.87164,0.98591,0.99376,0.99667,100.0,0.43,0.11,0.15,0.58,51.79,57.89,56.46,50.47,0.995,0.999,0.998,0.993,/tmpdir/crf_16.mpd,/videos/BigBuckBunny-2160.avi
13738,0.99566,4.05275,0.99733,48.44149,0.99928,0.82618,0.97063,0.98622,0.99252,100.0,0.67,0.12,0.16,0.93,49.89,57.46,56.06,48.44,0.994,0.998,0.998,0.991,/tmpdir/crf_16.mpd,/videos/BigBuckBunny-2160.avi
13739,0.99729,3.9921,0.99785,49.22708,0.99949,0.84695,0.97885,0.99014,0.99457,100.0,0.56,0.12,0.16,0.78,50.62,57.47,56.22,49.23,0.994,0.998,0.998,0.992,/tmpdir/crf_16.mpd,/videos/BigBuckBunny-2160.avi
13740,0.99532,3.9921,0.99732,48.56192,0.99929,0.82791,0.97075,0.98626,0.99257,100.0,0.65,0.12,0.16,0.91,50.0,57.24,56.15,48.56,0.994,0.998,0.998,0.991,/tmpdir/crf_16.mpd,/videos/BigBuckBunny-2160.avi
13741,0.99886,3.97172,0.99822,50.53636,0.99962,0.87265,0.9858,0.99359,0.99655,100.0,0.43,0.11,0.15,0.57,51.84,57.77,56.42,50.54,0.995,0.998,0.998,0.993,/tmpdir/crf_16.mpd,/videos/BigBuckBunny-2160.avi
13742,0.99528,3.97172,0.99736,48.48715,0.9993,0.82726,0.97099,0.98644,0.99272,100.0,0.66,0.12,0.16,0.92,49.93,57.39,55.98,48.49,0.994,0.998,0.998,0.992,/tmpdir/crf_16.mpd,/videos/BigBuckBunny-2160.avi
13743,0.99729,3.9456,0.99788,49.31082,0.9995,0.85008,0.9795,0.99043,0.99475,100.0,0.55,0.12,0.16,0.76,50.7,57.45,56.12,49.31,0.994,0.998,0.998,0.992,/tmpdir/crf_16.mpd,/videos/BigBuckBunny-2160.avi
13744,0.99515,3.9456,0.99736,48.55873,0.9993,0.82938,0.97118,0.9864,0.99267,100.0,0.65,0.12,0.16,0.91,49.99,57.26,56.01,48.56,0.994,0.998,0.998,0.992,/tmpdir/crf_16.mpd,/videos/BigBuckBunny-2160.avi
13745,0.99881,3.87745,0.99823,50.54331,0.99962,0.87399,0.98598,0.99376,0.99652,100.0,0.43,0.11,0.15,0.57,51.84,57.77,56.29,50.54,0.995,0.998,0.998,0.993,/tmpdir/crf_16.mpd,/videos/BigBuckBunny-2160.avi
13746,0.99548,3.87745,0.9974,48.59998,0.99932,0.8305,0.97222,0.98725,0.9931,100.0,0.65,0.12,0.17,0.9,50.03,57.43,55.88,48.6,0.994,0.998,0.998,0.992,/tmpdir/crf_16.mpd,/videos/BigBuckBunny-2160.avi
13747,0.99703,3.7515,0.99792,49.45765,0.99951,0.85354,0.98047,0.99098,0.99502,100.0,0.54,0.12,0.16,0.74,50.83,57.45,56.12,49.46,0.994,0.998,0.998,0.993,/tmpdir/crf_16.mpd,/videos/BigBuckBunny-2160.avi
13748,0.99567,3.7515,0.9974,48.79694,0.99932,0.83326,0.97266,0.98745,0.9934,100.0,0.62,0.12,0.16,0.86,50.21,57.26,56.07,48.8,0.994,0.998,0.998,0.992,/tmpdir/crf_16.mpd,/videos/BigBuckBunny-2160.avi
13749,0.99863,3.68522,0.99825,50.76884,0.99962,0.87835,0.98668,0.99417,0.99694,100.0,0.41,0.11,0.14,0.54,52.05,57.74,56.55,50.77,0.995,0.998,0.998,0.993,/tmpdir/crf_16.mpd,/videos/BigBuckBunny-2160.avi
13750,0.99599,3.68522,0.99747,48.79175,0.99935,0.83501,0.97352,0.98794,0.99371,100.0,0.62,0.12,0.16,0.86,50.22,57.44,56.12,48.79,0.994,0.998,0.998,0.992,/tmpdir/crf_16.mpd,/videos/BigBuckBunny-2160.avi
13751,0.99699,3.65626,0.99797,49.56384,0.99953,0.85739,0.98172,0.99181,0.99572,100.0,0.52,0.11,0.15,0.72,50.94,57.56,56.32,49.56,0.995,0.998,0.998,0.993,/tmpdir/crf_16.mpd,/videos/BigBuckBunny-2160.avi
13752,0.99594,3.65626,0.99747,48.88163,0.99935,0.83787,0.97453,0.98864,0.99416,100.0,0.61,0.12,0.15,0.84,50.31,57.38,56.29,48.88,0.994,0.998,0.998,0.992,/tmpdir/crf_16.mpd,/videos/BigBuckBunny-2160.avi
13753,0.99868,3.62536,0.99833,50.94415,0.99964,0.88438,0.98795,0.9948,0.99726,100.0,0.39,0.11,0.14,0.52,52.22,57.87,56.65,50.94,0.995,0.998,0.998,0.994,/tmpdir/crf_16.mpd,/videos/BigBuckBunny-2160.avi
13754,0.99601,3.62536,0.99758,48.89587,0.99939,0.84101,0.97525,0.9888,0.99413,100.0,0.6,0.12,0.16,0.84,50.32,57.45,56.18,48.9,0.994,0.998,0.998,0.992,/tmpdir/crf_16.mpd,/videos/BigBuckBunny-2160.avi
13755,0.99719,3.59197,0.99808,49.73482,0.99956,0.86416,0.98252,0.99195,0.99571,100.0,0.51,0.12,0.15,0.69,51.09,57.48,56.34,49.73,0.995,0.998,0.998,0.993,/tmpdir/crf_16.mpd,/videos/BigBuckBunny-2160.avi
13756,0.9962,3.59197,0.99761,49.05984,0.9994,0.84546,0.97637,0.98943,0.99455,100.0,0.58,0.12,0.16,0.81,50.46,57.29,56.18,49.06,0.994,0.998,0.998,0.992,/tmpdir/crf_16.mpd,/videos/BigBuckBunny-2160.avi
13757,0.99868,3.55283,0.99838,51.07148,0.99965,0.89021,0.98897,0.99535,0.99765,100.0,0.38,0.11,0.14,0.51,52.32,57.71,56.56,51.07,0.995,0.998,0.998,0.994,/tmpdir/crf_16.mpd,/videos/BigBuckBunny-2160.avi
13758,0.996,3.55283,0.99765,49.00214,0.9994,0.84795,0.97742,0.98993,0.99469,100.0,0.59,0.12,0.16,0.82,50.4,57.41,55.97,49.0,0.994,0.998,0.998,0.992,/tmpdir/crf_16.mpd,/videos/BigBuckBunny-2160.avi
13759,0.99727,3.5112,0.99814,49.84919,0.99958,0.87089,0.98407,0.99289,0.99625,100.0,0.49,0.12,0.16,0.67,51.19,57.46,56.15,49.85,0.995,0.998,0.998,0.993,/tmpdir/crf_16.mpd,/videos/BigBuckBunny-2160.avi
13760,0.99603,3.5112,0.99767,49.13487,0.99941,0.85249,0.97769,0.99,0.99487,100.0,0.58,0.12,0.16,0.79,50.52,57.27,56.06,49.13,0.994,0.998,0.998,0.992,/tmpdir/crf_16.mpd,/videos/BigBuckBunny-2160.avi
13761,0.99855,3.47053,0.99842,51.17441,0.99965,0.89599,0.98943,0.99548,0.99772,100.0,0.37,0.11,0.15,0.5,52.41,57.64,56.5,51.17,0.995,0.998,0.998,0.994,/tmpdir/crf_16.mpd,/videos/BigBuckBunny-2160.avi
13762,0.99572,3.47053,0.99774,49.13,0.99943,0.85672,0.97934,0.99084,0.99533,100.0,0.58,0.12,0.16,0.79,50.52,57.3,56.04,49.13,0.994,0.998,0.998,0.992,/tmpdir/crf_16.mpd,/videos/BigBuckBunny-2160.avi
13763,0.9972,3.43283,0.9982,49.96295,0.99959,0.87841,0.98534,0.99345,0.99656,100.0,0.48,0.12,0.16,0.66,51.29,57.35,56.18,49.96,0.995,0.998,0.998,0.993,/tmpdir/crf_16.mpd,/videos/BigBuckBunny-2160.avi
13764,0.99596,3.43283,0.99774,49.23734,0.99943,0.86105,0.97919,0.99067,0.99527,100.0,0.56,0.12,0.16,0.78,50.62,57.2,56.1,49.24,0.994,0.998,0.998,0.993,/tmpdir/crf_16.mpd,/videos/BigBuckBunny-2160.avi
13765,0.99856,3.39073,0.99847,51.25766,0.99966,0.9029,0.99034,0.99583,0.99792,100.0,0.37,0.11,0.15,0.49,52.48,57.64,56.51,51.26,0.996,0.998,0.998,0.994,/tmpdir/crf_16.mpd,/videos/BigBuckBunny-2160.avi
13766,0.99584,3.39073,0.99783,49.28235,0.99945,0.86694,0.98154,0.99188,0.99592,100.0,0.56,0.12,0.16,0.77,50.66,57.31,56.02,49.28,0.995,0.998,0.998,0.993,/tmpdir/crf_16.mpd,/videos/BigBuckBunny-2160.avi
13767,0.99736,3.35179,0.99826,50.04724,0.9996,0.88609,0.98637,0.9939,0.99681,100.0,0.48,0.12,0.16,0.64,51.36,57.27,56.21,50.05,0.995,0.998,0.998,0.994,/tmpdir/crf_16.mpd,/videos/BigBuckBunny-2160.avi
13768,0.99586,3.35179,0.99783,49.37866,0.99944,0.87121,0.98158,0.99193,0.99591,100.0,0.55,0.13,0.16,0.75,50.74,57.09,56.07,49.38,0.995,0.998,0.998,0.993,/tmpdir/crf_16.mpd,/videos/BigBuckBunny-2160.avi
13769,0.99863,3.31376,0.99853,51.39892,0.99967,0.91021,0.9916,0.99643,0.99815,100.0,0.36,0.12,0.15,0.47,52.59,57.47,56.43,51.4,0.996,0.998,0.998,0.994,/tmpdir/crf_16.mpd,/videos/BigBuckBunny-2160.avi
13770,0.99525,3.31376,0.9979,49.34245,0.99946,0.87583,0.98296,0.99251,0.99611,100.0,0.55,0.12,0.17,0.76,50.7,57.18,55.9,49.34,0.995,0.998,0.998,0.993,/tmpdir/crf_16.mpd,/videos/BigBuckBunny-2160.avi
13771,0.99703,3.27483,0.9983,50.13865,0.9996,0.89256,0.98743,0.99442,0.99714,100.0,0.47,0.13,0.16,0.63,51.43,57.15,55.99,50.14,0.995,0.998,0.998,0.994,/tmpdir/crf_16.mpd,/videos/BigBuckBunny-2160.avi
13772,0.99541,3.27483,0.99788,49.46229,0.99945,0.87899,0.98254,0.99225,0.99602,100.0,0.54,0.13,0.17,0.74,50.81,57.01,55.9,49.46,0.995,0.998,0.998,0.993,/tmpdir/crf_16.mpd,/videos/BigBuckBunny-2160.avi
13773,0.99847,3.24005,0.99858,51.44274,0.99968,0.91523,0.99212,0.9966,0.99825,100.0,0.36,0.12,0.15,0.47,52.62,57.34,56.39,51.44,0.996,0.998,0.998,0.995,/tmpdir/crf_16.mpd,/videos/BigBuckBunny-2160.avi
13774,0.9957,3.24005,0.99794,49.41664,0.99946,0.88199,0.98307,0.99232,0.99615,100.0,0.55,0.13,0.17,0.74,50.76,57.0,55.88,49.42,0.995,0.998,0.998,0.993,/tmpdir/crf_16.mpd,/videos/BigBuckBunny-2160.avi
13775,0.99716,3.19978,0.99833,50.13842,0.99959,0.89707,0.98775,0.99439,0.99707,100.0,0.47,0.13,0.16,0.63,51.42,56.98,56.03,50.14,0.995,0.998,0.998,0.994,/tmpdir/crf_16.mpd,/videos/BigBuckBunny-2160.avi
13776,0.99552,3.19978,0.99797,49.52686,0.99947,0.88634,0.98394,0.99282,0.99637,100.0,0.53,0.13,0.17,0.73,50.86,56.88,55.93,49.53,0.995,0.998,0.998,0.993,/tmpdir/crf_16.mpd,/videos/BigBuckBunny-2160.avi
13777,0.99837,3.16621,0.99863,51.50747,0.9997,0.91997,0.99295,0.99701,0.99852,100.0,0.35,0.12,0.15,0.46,52.66,57.18,56.37,51.51,0.996,0.998,0.998,0.995,/tmpdir/crf_16.mpd,/videos/BigBuckBunny-2160.avi
13778,0.99599,3.16621,0.99803,49.52899,0.99947,0.88926,0.98498,0.99337,0.99659,100.0,0.53,0.13,0.17,0.72,50.86,56.87,55.93,49.53,0.995,0.998,0.998,0.994,/tmpdir/crf_16.mpd,/videos/BigBuckBunny-2160.avi
13779,0.99736,3.13064,0.99836,50.26121,0.99959,0.9031,0.98878,0.99498,0.99735,100.0,0.46,0.14,0.16,0.61,51.52,56.8,56.06,50.26,0.995,0.998,0.998,0.994,/tmpdir/crf_16.mpd,/videos/BigBuckBunny-2160.avi
13780,0.99573,3.13064,0.99804,49.62921,0.99947,0.89255,0.9852,0.99335,0.99661,100.0,0.52,0.14,0.16,0.71,50.95,56.69,55.96,49.63,0.995,0.998,0.998,0.994,/tmpdir/crf_16.mpd,/videos/BigBuckBunny-2160.avi
13781,0.99832,3.09931,0.99869,51.52525,0.99972,0.92331,0.99358,0.99719,0.99855,100.0,0.35,0.13,0.15,0.46,52.66,57.0,56.27,51.53,0.996,0.998,0.998,0.995,/tmpdir/crf_16.mpd,/videos/BigBuckBunny-2160.avi
13782,0.99598,3.09931,0.99814,49.63932,0.99949,0.89437,0.98568,0.99346,0.99661,100.0,0.52,0.14,0.17,0.71,50.94,56.6,55.7,49.64,0.995,0.998,0.998,0.994,/tmpdir/crf_16.mpd,/videos/BigBuckBunny-2160.avi
13783,0.99709,3.0183,0.99836,50.24374,0.99957,0.90539,0.98937,0.99514,0.99744,100.0,0.46,0.14,0.17,0.61,51.48,56.53,55.83,50.24,0.995,0.998,0.998,0.994,/tmpdir/crf_16.mpd,/videos/BigBuckBunny-2160.avi
13784,0.99621,3.0183,0.99813,49.73982,0.99948,0.89753,0.98629,0.99372,0.99678,100.0,0.51,0.15,0.17,0.69,51.03,56.46,55.81,49.74,0.995,0.998,0.998,0.994,/tmpdir/crf_16.mpd,/videos/BigBuckBunny-2160.avi
13785,0.99863,2.73834,0.99868,51.52561,0.99971,0.92574,0.99403,0.99747,0.99874,100.0,0.35,0.13,0.15,0.46,52.66,56.91,56.32,51.53,0.996,0.998,0.998,0.995,/tmpdir/crf_16.mpd,/videos/BigBuckBunny-2160.avi
13786,0.99592,2.73834,0.99823,49.89258,0.9995,0.90106,0.98723,0.99421,0.997,100.0,0.49,0.14,0.16,0.67,51.19,56.74,56.04,49.89,0.995,0.998,0.998,0.994,/tmpdir/crf_16.mpd,/videos/BigBuckBunny-2160.avi
13787,0.99703,2.51191,0.9984,50.56123,0.99956,0.91155,0.99023,0.99559,0.9977,100.0,0.43,0.14,0.15,0.57,51.8,56.81,56.24,50.56,0.996,0.998,0.998,0.994,/tmpdir/crf_16.mpd,/videos/BigBuckBunny-2160.avi
13788,0.99549,2.51191,0.99825,50.18244,0.99951,0.90639,0.98792,0.99444,0.99709,100.0,0.46,0.14,0.15,0.62,51.47,56.81,56.26,50.18,0.995,0.998,0.998,0.994,/tmpdir/crf_16.mpd,/videos/BigBuckBunny-2160.avi
13789,0.99837,2.27284,0.99877,51.87248,0.99974,0.93091,0.99485,0.99779,0.99893,100.0,0.33,0.12,0.14,0.42,53.01,57.16,56.77,51.87,0.996,0.998,0.998,0.995,/tmpdir/crf_16.mpd,/videos/BigBuckBunny-2160.avi
13790,0.99611,2.27284,0.99842,50.4077,0.99956,0.91076,0.98939,0.99521,0.99764,100.0,0.44,0.13,0.15,0.59,51.68,57.03,56.36,50.41,0.996,0.998,0.998,0.995,/tmpdir/crf_16.mpd,/videos/BigBuckBunny-2160.avi
13791,0.99724,2.24854,0.99848,50.86494,0.99957,0.91717,0.99129,0.99612,0.99803,100.0,0.4,0.13,0.15,0.53,52.09,56.91,56.41,50.86,0.996,0.998,0.998,0.995,/tmpdir/crf_16.mpd,/videos/BigBuckBunny-2160.avi
13792,0.99577,2.24854,0.99842,50.4693,0.99955,0.91259,0.98928,0.99506,0.99732,100.0,0.44,0.14,0.16,0.58,51.72,56.8,56.22,50.47,0.996,0.998,0.998,0.994,/tmpdir/crf_16.mpd,/videos/BigBuckBunny-2160.avi
13793,0.99834,2.07194,0.99886,51.96628,0.99976,0.93245,0.99507,0.99784,0.99883,100.0,0.32,0.13,0.14,0.41,53.07,57.03,56.58,51.97,0.996,0.998,0.998,0.995,/tmpdir/crf_16.mpd,/videos/BigBuckBunny-2160.avi
13794,0.99613,2.07194,0.9986,50.72583,0.99962,0.91613,0.99031,0.99553,0.99756,100.0,0.41,0.13,0.15,0.55,51.96,56.97,56.34,50.73,0.996,0.998,0.998,0.995,/tmpdir/crf_16.mpd,/videos/BigBuckBunny-2160.avi
13795,0.99728,1.93915,0.99858,51.13631,0.99959,0.9211,0.99195,0.99635,0.99809,100.0,0.38,0.13,0.14,0.5,52.34,57.06,56.56,51.14,0.996,0.998,0.998,0.995,/tmpdir/crf_16.mpd,/videos/BigBuckBunny-2160.avi
13796,0.99561,1.93915,0.99859,50.84673,0.99961,0.91726,0.99038,0.99551,0.9976,100.0,0.4,0.13,0.14,0.54,52.09,57.12,56.55,50.85,0.996,0.998,0.998,0.995,/tmpdir/crf_16.mpd,/videos/BigBuckBunny-2160.avi
13797,0.99834,1.98431,0.99892,52.3072,0.99978,0.93644,0.99547,0.99798,0.99893,100.0,0.3,0.12,0.13,0.38,53.41,57.39,56.94,52.31,0.996,0.998,0.998,0.995,/tmpdir/crf_16.mpd,/videos/BigBuckBunny-2160.avi
13798,0.99613,1.98431,0.99874,50.97928,0.99968,0.91896,0.99135,0.99605,0.99792,100.0,0.39,0.12,0.14,0.52,52.23,57.4,56.7,50.98,0.996,0.998,0.998,0.995,/tmpdir/crf_16.mpd,/videos/BigBuckBunny-2160.avi
13799,0.99728,2.00976,0.9987,51.26933,0.99964,0.92218,0.99199,0.99633,0.9981,100.0,0.37,0.12,0.14,0.49,52.49,57.3,56.77,51.27,0.996,0.998,0.998,0.995,/tmpdir/crf_16.mpd,/videos/BigBuckBunny-2160.avi
13800,0.99566,2.00976,0.99874,50.94605,0.99966,0.91867,0.99062,0.99558,0.99762,100.0,0.39,0.12,0.14,0.52,52.2,57.36,56.74,50.95,0.996,0.998,0.998,0.995,/tmpdir/crf_16.mpd,/videos/BigBuckBunny-2160.avi
13801,0.9985,2.24527,0.99895,52.27242,0.99978,0.93481,0.99531,0.99791,0.99881,100.0,0.3,0.12,0.13,0.39,53.38,57.42,56.96,52.27,0.996,0.998,0.998,0.995,/tmpdir/crf_16.mpd,/videos/BigBuckBunny-2160.avi
13802,0.99615,2.24527,0.99884,50.79984,0.99972,0.91607,0.9911,0.9959,0.99776,100.0,0.41,0.12,0.14,0.54,52.06,57.19,56.58,50.8,0.996,0.998,0.998,0.995,/tmpdir/crf_16.mpd,/videos/BigBuckBunny-2160.avi
13803,0.99767,2.30764,0.99882,51.1967,0.9997,0.92068,0.99243,0.99643,0.99803,100.0,0.37,0.13,0.14,0.49,52.4,57.06,56.55,51.2,0.996,0.998,0.998,0.995,/tmpdir/crf_16.mpd,/videos/BigBuckBunny-2160.avi
13804,0.99625,2.30764,0.99883,50.90329,0.99971,0.91672,0.99051,0.99546,0.99752,100.0,0.4,0.13,0.15,0.53,52.13,57.03,56.42,50.9,0.996,0.998,0.998,0.995,/tmpdir/crf_16.mpd,/videos/BigBuckBunny-2160.avi
13805,0.99835,2.43302,0.99893,52.02595,0.99976,0.93005,0.99429,0.99734,0.99852,100.0,0.32,0.13,0.15,0.41,53.11,57.06,56.44,52.03,0.996,0.998,0.998,0.995,/tmpdir/crf_16.mpd,/videos/BigBuckBunny-2160.avi
13806,0.99619,2.43302,0.99891,50.83142,0.99976,0.91535,0.99064,0.99554,0.99752,100.0,0.41,0.13,0.15,0.54,52.05,56.95,56.24,50.83,0.996,0.998,0.998,0.995,/tmpdir/crf_16.mpd,/videos/BigBuckBunny-2160.avi
13807,0.99871,3.01471,0.99892,51.78708,0.99977,0.92668,0.99387,0.99712,0.99844,100.0,0.34,0.14,0.15,0.43,52.87,56.8,56.27,51.79,0.996,0.998,0.998,0.995,/tmpdir/crf_16.mpd,/videos/BigBuckBunny-2160.avi
13808,0.99862,3.01471,0.99892,51.68216,0.99977,0.92452,0.99348,0.99701,0.99841,100.0,0.34,0.14,0.15,0.44,52.78,56.7,56.25,51.68,0.996,0.998,0.998,0.995,/tmpdir/crf_16.mpd,/videos/BigBuckBunny-2160.avi
13809,0.99844,3.01058,0.99893,51.74007,0.99978,0.92578,0.99376,0.99714,0.99845,100.0,0.34,0.13,0.15,0.44,52.85,56.89,56.38,51.74,0.996,0.998,0.998,0.995,/tmpdir/crf_16.mpd,/videos/BigBuckBunny-2160.avi
13810,0.99649,3.01058,0.99887,50.59708,0.99975,0.91053,0.99003,0.9952,0.99729,100.0,0.43,0.14,0.16,0.57,51.83,56.77,56.22,50.6,0.996,0.998,0.998,0.995,/tmpdir/crf_16.mpd,/videos/BigBuckBunny-2160.avi
13811,0.99851,3.37615,0.99888,51.5871,0.99977,0.92368,0.99361,0.99713,0.99844,100.0,0.35,0.13,0.15,0.45,52.72,56.88,56.43,51.59,0.996,0.998,0.998,0.995,/tmpdir/crf_16.mpd,/videos/BigBuckBunny-2160.avi
13812,0.99863,3.37615,0.99887,51.62483,0.99977,0.92293,0.99329,0.99702,0.99845,100.0,0.35,0.14,0.15,0.45,52.74,56.78,56.38,51.62,0.996,0.998,0.998,0.995,/tmpdir/crf_16.mpd,/videos/BigBuckBunny-2160.avi
13813,0.99641,3.20345,0.99879,50.56547,0.99974,0.90821,0.98937,0.99495,0.99725,100.0,0.43,0.14,0.15,0.57,51.81,56.78,56.27,50.57,0.996,0.998,0.998,0.995,/tmpdir/crf_16.mpd,/videos/BigBuckBunny-2160.avi
13814,0.99877,3.20345,0.9988,51.52482,0.99975,0.92156,0.99309,0.99687,0.99833,100.0,0.35,0.13,0.14,0.46,52.67,56.9,56.53,51.52,0.996,0.998,0.998,0.995,/tmpdir/crf_16.mpd,/videos/BigBuckBunny-2160.avi
13815,0.99638,3.47553,0.99874,50.40893,0.99972,0.90609,0.98929,0.99498,0.99725,100.0,0.44,0.14,0.15,0.59,51.67,56.81,56.29,50.41,0.996,0.998,0.998,0.995,/tmpdir/crf_16.mpd,/videos/BigBuckBunny-2160.avi
13816,0.99867,3.47553,0.99873,51.35701,0.99972,0.91985,0.99306,0.99696,0.99837,100.0,0.37,0.14,0.16,0.48,52.49,56.65,56.19,51.36,0.996,0.998,0.998,0.995,/tmpdir/crf_16.mpd,/videos/BigBuckBunny-2160.avi
13817,0.99636,3.37782,0.99866,50.33807,0.9997,0.90437,0.98908,0.99494,0.99729,100.0,0.46,0.15,0.17,0.6,51.54,56.26,55.71,50.34,0.996,0.998,0.998,0.995,/tmpdir/crf_16.mpd,/videos/BigBuckBunny-2160.avi
13818,0.99878,3.37782,0.99864,51.06616,0.99969,0.91591,0.99236,0.99663,0.99823,100.0,0.39,0.15,0.16,0.51,52.21,56.5,56.02,51.07,0.996,0.998,0.998,0.995,/tmpdir/crf_16.mpd,/videos/BigBuckBunny-2160.avi
13819,0.99823,3.64448,0.99866,51.0441,0.99971,0.916,0.9924,0.99675,0.99841,100.0,0.39,0.14,0.16,0.51,52.22,56.78,56.15,51.04,0.996,0.998,0.998,0.995,/tmpdir/crf_16.mpd,/videos/BigBuckBunny-2160.avi
13820,0.99876,3.64448,0.99865,51.16039,0.99971,0.91699,0.99271,0.99691,0.99842,100.0,0.38,0.14,0.16,0.5,52.31,56.71,56.06,51.16,0.996,0.998,0.998,0.995,/tmpdir/crf_16.mpd,/videos/BigBuckBunny-2160.avi
13821,0.99832,3.77048,0.99866,51.02907,0.99972,0.91506,0.99255,0.99681,0.99836,100.0,0.39,0.14,0.17,0.51,52.18,56.56,55.9,51.03,0.996,0.998,0.998,0.995,/tmpdir/crf_16.mpd,/videos/BigBuckBunny-2160.avi
13822,0.9985,3.77048,0.99864,51.04639,0.99972,0.91465,0.99246,0.99677,0.99835,100.0,0.39,0.14,0.16,0.51,52.22,56.75,56.09,51.05,0.996,0.998,0.998,0.995,/tmpdir/crf_16.mpd,/videos/BigBuckBunny-2160.avi
13823,0.99828,4.09889,0.99867,50.99807,0.99972,0.91524,0.99275,0.99693,0.99845,100.0,0.39,0.13,0.15,0.52,52.2,57.0,56.24,51.0,0.996,0.998,0.998,0.995,/tmpdir/crf_16.mpd,/videos/BigBuckBunny-2160.avi
13824,0.99846,4.09889,0.99867,50.97094,0.99972,0.91494,0.99274,0.99696,0.99849,100.0,0.4,0.14,0.16,0.52,52.15,56.81,56.08,50.97,0.996,0.998,0.998,0.995,/tmpdir/crf_16.mpd,/videos/BigBuckBunny-2160.avi
13825,0.99921,4.11346,0.99935,53.39906,0.9999,0.94641,0.99717,0.99881,0.9994,100.0,0.23,0.09,0.1,0.3,54.51,58.78,57.95,53.4,0.997,0.999,0.999,0.997,/tmpdir/crf_16.mpd,/videos/BigBuckBunny-2160.avi
13826,0.99579,4.11346,0.9991,50.58138,0.99982,0.91097,0.99066,0.99558,0.99759,100.0,0.42,0.12,0.13,0.57,51.89,57.47,56.94,50.58,0.997,0.999,0.998,0.996,/tmpdir/crf_16.mpd,/videos/BigBuckBunny-2160.avi
13827,0.99876,4.17234,0.99895,51.59932,0.99978,0.92532,0.99446,0.99761,0.99876,100.0,0.34,0.12,0.13,0.45,52.79,57.36,56.93,51.6,0.996,0.998,0.998,0.996,/tmpdir/crf_16.mpd,/videos/BigBuckBunny-2160.avi
13828,0.99844,4.17234,0.99886,51.51207,0.99975,0.92333,0.99359,0.99718,0.99858,100.0,0.35,0.13,0.14,0.46,52.68,57.03,56.65,51.51,0.996,0.998,0.998,0.995,/tmpdir/crf_16.mpd,/videos/BigBuckBunny-2160.avi
13829,0.99685,4.09437,0.99874,50.08219,0.9997,0.90333,0.98893,0.99487,0.99726,100.0,0.48,0.14,0.16,0.64,51.36,56.65,56.16,50.08,0.996,0.998,0.998,0.995,/tmpdir/crf_16.mpd,/videos/BigBuckBunny-2160.avi
13830,0.99886,4.09437,0.99872,51.11872,0.9997,0.91976,0.99335,0.99719,0.99864,100.0,0.38,0.13,0.15,0.5,52.32,57.02,56.4,51.12,0.996,0.998,0.998,0.995,/tmpdir/crf_16.mpd,/videos/BigBuckBunny-2160.avi
13831,0.99862,4.42838,0.99872,51.08031,0.99971,0.91911,0.99347,0.99728,0.99872,100.0,0.38,0.12,0.15,0.51,52.29,57.28,56.32,51.08,0.996,0.998,0.998,0.995,/tmpdir/crf_16.mpd,/videos/BigBuckBunny-2160.avi
13832,0.99848,4.42838,0.99871,51.09673,0.99972,0.91835,0.99317,0.99719,0.99868,100.0,0.38,0.13,0.16,0.51,52.28,57.08,56.11,51.1,0.996,0.998,0.998,0.995,/tmpdir/crf_16.mpd,/videos/BigBuckBunny-2160.avi
13833,0.99849,4.52089,0.99872,50.97891,0.99973,0.91693,0.99324,0.99714,0.99856,100.0,0.4,0.13,0.17,0.52,52.14,56.86,55.77,50.98,0.996,0.998,0.998,0.995,/tmpdir/crf_16.mpd,/videos/BigBuckBunny-2160.avi
13834,0.99585,4.52089,0.9987,49.53226,0.9997,0.89637,0.98798,0.9944,0.99694,100.0,0.54,0.14,0.18,0.72,50.84,56.71,55.62,49.53,0.996,0.998,0.998,0.995,/tmpdir/crf_16.mpd,/videos/BigBuckBunny-2160.avi
13835,0.99876,4.94734,0.99871,50.77685,0.99972,0.91662,0.99345,0.9972,0.99853,100.0,0.41,0.13,0.17,0.54,51.98,56.98,55.89,50.78,0.996,0.998,0.998,0.995,/tmpdir/crf_16.mpd,/videos/BigBuckBunny-2160.avi
13836,0.99867,4.94734,0.99871,50.93282,0.99974,0.91749,0.99333,0.99722,0.99859,100.0,0.4,0.14,0.17,0.52,52.1,56.76,55.77,50.93,0.996,0.998,0.998,0.995,/tmpdir/crf_16.mpd,/videos/BigBuckBunny-2160.avi
13837,0.99612,4.82037,0.9987,49.49735,0.99973,0.89527,0.98782,0.99427,0.99691,100.0,0.54,0.15,0.19,0.73,50.78,56.36,55.33,49.5,0.996,0.998,0.998,0.995,/tmpdir/crf_16.mpd,/videos/BigBuckBunny-2160.avi
13838,0.99866,4.82037,0.99869,50.77402,0.99973,0.91534,0.99331,0.99718,0.99861,100.0,0.42,0.14,0.18,0.54,51.94,56.62,55.62,50.77,0.996,0.998,0.998,0.995,/tmpdir/crf_16.mpd,/videos/BigBuckBunny-2160.avi
13839,0.9964,4.89415,0.9987,49.37764,0.99972,0.89419,0.98792,0.99444,0.99705,100.0,0.55,0.14,0.18,0.75,50.69,56.59,55.47,49.38,0.996,0.998,0.998,0.995,/tmpdir/crf_16.mpd,/videos/BigBuckBunny-2160.avi
13840,0.9989,4.89415,0.99869,50.83707,0.99972,0.91703,0.99368,0.99737,0.99867,100.0,0.41,0.14,0.18,0.54,51.99,56.61,55.56,50.84,0.996,0.998,0.998,0.995,/tmpdir/crf_16.mpd,/videos/BigBuckBunny-2160.avi
13841,0.9964,4.95203,0.99867,49.34647,0.99972,0.89341,0.98758,0.99418,0.99673,100.0,0.56,0.16,0.2,0.76,50.61,56.05,55.02,49.35,0.996,0.998,0.998,0.995,/tmpdir/crf_16.mpd,/videos/BigBuckBunny-2160.avi
13842,0.99877,4.95203,0.99865,50.57598,0.99971,0.91293,0.99301,0.99705,0.99846,100.0,0.44,0.16,0.2,0.57,51.71,56.18,55.2,50.58,0.996,0.998,0.998,0.995,/tmpdir/crf_16.mpd,/videos/BigBuckBunny-2160.avi
13843,0.99843,5.40601,0.9987,50.59551,0.99973,0.91339,0.99284,0.99695,0.99844,100.0,0.43,0.14,0.2,0.57,51.75,56.53,55.23,50.6,0.996,0.998,0.998,0.995,/tmpdir/crf_16.mpd,/videos/BigBuckBunny-2160.avi
13844,0.99871,5.40601,0.99872,50.70635,0.99974,0.91492,0.99322,0.99718,0.9986,100.0,0.43,0.15,0.2,0.55,51.84,56.46,55.21,50.71,0.996,0.998,0.998,0.995,/tmpdir/crf_16.mpd,/videos/BigBuckBunny-2160.avi
13845,0.99593,5.49168,0.99869,48.99443,0.99972,0.88962,0.98699,0.99393,0.99679,100.0,0.61,0.17,0.22,0.82,50.27,55.93,54.64,48.99,0.996,0.998,0.997,0.995,/tmpdir/crf_16.mpd,/videos/BigBuckBunny-2160.avi
13846,0.99881,5.49168,0.99867,50.49487,0.99972,0.91371,0.99295,0.99699,0.99851,100.0,0.45,0.16,0.21,0.58,51.61,56.06,54.85,50.49,0.996,0.998,0.997,0.995,/tmpdir/crf_16.mpd,/videos/BigBuckBunny-2160.avi
13847,0.99843,5.9553,0.99874,50.58907,0.99975,0.91492,0.99316,0.99713,0.99863,100.0,0.44,0.15,0.21,0.57,51.71,56.35,54.97,50.59,0.996,0.998,0.997,0.995,/tmpdir/crf_16.mpd,/videos/BigBuckBunny-2160.avi
13848,0.99623,5.9553,0.99871,48.84174,0.99972,0.88898,0.98655,0.99358,0.99655,100.0,0.63,0.16,0.22,0.85,50.14,56.07,54.66,48.84,0.996,0.998,0.997,0.995,/tmpdir/crf_16.mpd,/videos/BigBuckBunny-2160.avi
13849,0.99866,5.73614,0.99875,50.48837,0.99975,0.91374,0.99341,0.99721,0.99861,100.0,0.45,0.17,0.22,0.58,51.58,55.94,54.73,50.49,0.996,0.998,0.997,0.995,/tmpdir/crf_16.mpd,/videos/BigBuckBunny-2160.avi
13850,0.99647,5.73614,0.99873,48.92946,0.99973,0.89009,0.98722,0.994,0.9967,100.0,0.62,0.18,0.23,0.83,50.19,55.7,54.45,48.93,0.996,0.998,0.997,0.995,/tmpdir/crf_16.mpd,/videos/BigBuckBunny-2160.avi
13851,0.99903,5.89655,0.99875,50.55683,0.99975,0.9156,0.99365,0.99734,0.99869,100.0,0.45,0.17,0.22,0.57,51.65,55.89,54.8,50.56,0.996,0.998,0.997,0.995,/tmpdir/crf_16.mpd,/videos/BigBuckBunny-2160.avi
13852,0.9963,5.89655,0.99873,48.91126,0.99973,0.88968,0.98688,0.99381,0.99665,100.0,0.63,0.17,0.23,0.84,50.17,55.73,54.43,48.91,0.996,0.998,0.997,0.995,/tmpdir/crf_16.mpd,/videos/BigBuckBunny-2160.avi
13853,0.99896,5.90842,0.99875,50.37158,0.99975,0.91238,0.99347,0.99738,0.99874,100.0,0.47,0.18,0.24,0.6,51.43,55.48,54.42,50.37,0.996,0.998,0.997,0.995,/tmpdir/crf_16.mpd,/videos/BigBuckBunny-2160.avi
13854,0.99591,5.90842,0.99873,48.73297,0.99973,0.88756,0.98683,0.99383,0.99666,100.0,0.65,0.18,0.24,0.87,49.99,55.49,54.28,48.73,0.996,0.998,0.997,0.995,/tmpdir/crf_16.mpd,/videos/BigBuckBunny-2160.avi
13855,0.99881,6.26403,0.99874,50.31878,0.99974,0.91345,0.99356,0.99733,0.99871,100.0,0.47,0.18,0.23,0.6,51.41,55.66,54.57,50.32,0.996,0.998,0.997,0.995,/tmpdir/crf_16.mpd,/videos/BigBuckBunny-2160.avi
13856,0.99869,6.26403,0.99874,50.54589,0.99975,0.91613,0.99341,0.99728,0.99867,100.0,0.45,0.17,0.22,0.57,51.61,55.74,54.61,50.55,0.996,0.998,0.997,0.995,/tmpdir/crf_16.mpd,/videos/BigBuckBunny-2160.avi
13857,0.99704,6.29168,0.99866,48.885,0.99968,0.89171,0.98773,0.99429,0.99688,100.0,0.64,0.2,0.26,0.84,50.08,55.09,53.93,48.88,0.995,0.998,0.997,0.995,/tmpdir/crf_16.mpd,/videos/BigBuckBunny-2160.avi
13858,0.9955,6.29168,0.99866,48.48617,0.99968,0.88591,0.98606,0.99347,0.99643,100.0,0.69,0.2,0.26,0.92,49.73,55.05,53.9,48.49,0.995,0.998,0.997,0.995,/tmpdir/crf_16.mpd,/videos/BigBuckBunny-2160.avi
13859,0.99902,6.54553,0.99878,50.30555,0.99975,0.91474,0.99402,0.99755,0.99883,100.0,0.48,0.19,0.24,0.61,51.35,55.32,54.28,50.31,0.996,0.998,0.997,0.995,/tmpdir/crf_16.mpd,/videos/BigBuckBunny-2160.avi
13860,0.99728,6.54553,0.99876,48.87456,0.99973,0.89165,0.98895,0.99492,0.99724,100.0,0.64,0.21,0.26,0.84,50.07,54.99,53.95,48.87,0.996,0.998,0.997,0.995,/tmpdir/crf_16.mpd,/videos/BigBuckBunny-2160.avi
13861,0.99657,6.1702,0.99871,48.42441,0.99972,0.88447,0.98662,0.99373,0.99653,100.0,0.71,0.22,0.28,0.93,49.64,54.7,53.66,48.42,0.995,0.997,0.997,0.995,/tmpdir/crf_16.mpd,/videos/BigBuckBunny-2160.avi
13862,0.99833,6.1702,0.99873,49.9475,0.99973,0.90923,0.99262,0.99682,0.99838,100.0,0.52,0.22,0.27,0.66,50.97,54.72,53.85,49.95,0.996,0.997,0.997,0.995,/tmpdir/crf_16.mpd,/videos/BigBuckBunny-2160.avi
13863,0.99869,6.33386,0.99878,50.2417,0.99976,0.91107,0.99286,0.99693,0.99841,100.0,0.49,0.21,0.26,0.62,51.24,54.84,54.0,50.24,0.996,0.997,0.997,0.995,/tmpdir/crf_16.mpd,/videos/BigBuckBunny-2160.avi
13864,0.99571,6.33386,0.99875,48.57947,0.99974,0.88643,0.98633,0.99352,0.9964,100.0,0.68,0.21,0.27,0.9,49.8,54.86,53.89,48.58,0.995,0.997,0.997,0.995,/tmpdir/crf_16.mpd,/videos/BigBuckBunny-2160.avi
13865,0.99873,6.47864,0.99878,50.31234,0.99976,0.914,0.99355,0.99725,0.9986,100.0,0.48,0.2,0.25,0.61,51.34,55.12,54.22,50.31,0.996,0.998,0.997,0.995,/tmpdir/crf_16.mpd,/videos/BigBuckBunny-2160.avi
13866,0.99571,6.47864,0.99875,48.52625,0.99974,0.88717,0.98633,0.99355,0.99649,100.0,0.69,0.21,0.27,0.91,49.76,54.98,53.89,48.53,0.996,0.997,0.997,0.995,/tmpdir/crf_16.mpd,/videos/BigBuckBunny-2160.avi
13867,0.99872,6.6836,0.99879,50.27405,0.99976,0.91439,0.99344,0.99721,0.99861,100.0,0.48,0.2,0.25,0.61,51.29,55.08,54.12,50.27,0.996,0.997,0.997,0.995,/tmpdir/crf_16.mpd,/videos/BigBuckBunny-2160.avi
13868,0.99579,6.6836,0.99876,48.35797,0.99974,0.88512,0.98582,0.99328,0.99638,100.0,0.71,0.21,0.27,0.95,49.6,54.89,53.77,48.36,0.995,0.997,0.997,0.995,/tmpdir/crf_16.mpd,/videos/BigBuckBunny-2160.avi
13869,0.99878,7.14488,0.99881,50.20204,0.99976,0.914,0.99359,0.99729,0.99866,100.0,0.49,0.21,0.26,0.62,51.21,54.95,54.0,50.2,0.996,0.997,0.997,0.995,/tmpdir/crf_16.mpd,/videos/BigBuckBunny-2160.avi
13870,0.99638,7.14488,0.99876,48.42263,0.99974,0.88642,0.98624,0.99357,0.99658,100.0,0.71,0.22,0.28,0.94,49.64,54.71,53.73,48.42,0.995,0.997,0.997,0.995,/tmpdir/crf_16.mpd,/videos/BigBuckBunny-2160.avi
13871,0.99897,6.86982,0.99879,50.24476,0.99977,0.91416,0.99364,0.99731,0.99867,100.0,0.49,0.22,0.26,0.61,51.23,54.78,53.92,50.24,0.996,0.997,0.997,0.995,/tmpdir/crf_16.mpd,/videos/BigBuckBunny-2160.avi
13872,0.99622,6.86982,0.99874,48.18016,0.99974,0.88206,0.98529,0.99305,0.99627,100.0,0.75,0.24,0.29,0.99,49.39,54.4,53.44,48.18,0.995,0.997,0.997,0.995,/tmpdir/crf_16.mpd,/videos/BigBuckBunny-2160.avi
13873,0.99886,6.8275,0.9988,50.2006,0.99976,0.91339,0.9937,0.99737,0.99873,100.0,0.5,0.22,0.27,0.62,51.17,54.63,53.83,50.2,0.996,0.997,0.997,0.995,/tmpdir/crf_16.mpd,/videos/BigBuckBunny-2160.avi
13874,0.99705,6.8275,0.99875,48.48499,0.99973,0.88661,0.98829,0.99469,0.99721,100.0,0.7,0.25,0.29,0.92,49.65,54.24,53.47,48.48,0.995,0.997,0.997,0.995,/tmpdir/crf_16.mpd,/videos/BigBuckBunny-2160.avi
13875,0.99602,7.05676,0.99873,48.01241,0.99973,0.88,0.98573,0.99335,0.99651,100.0,0.78,0.26,0.31,1.03,49.21,53.99,53.26,48.01,0.995,0.997,0.997,0.995,/tmpdir/crf_16.mpd,/videos/BigBuckBunny-2160.avi
13876,0.99863,7.05676,0.9988,50.11108,0.99976,0.91254,0.99358,0.99735,0.99875,100.0,0.51,0.24,0.27,0.63,51.08,54.39,53.76,50.11,0.996,0.997,0.997,0.995,/tmpdir/crf_16.mpd,/videos/BigBuckBunny-2160.avi
13877,0.9961,7.29584,0.99878,48.07215,0.99976,0.88151,0.9854,0.99307,0.99627,100.0,0.77,0.27,0.31,1.01,49.25,53.85,53.2,48.07,0.995,0.997,0.997,0.995,/tmpdir/crf_16.mpd,/videos/BigBuckBunny-2160.avi
13878,0.99884,7.29584,0.99881,49.93088,0.99977,0.91129,0.99352,0.99729,0.9987,100.0,0.53,0.25,0.29,0.66,50.89,54.2,53.55,49.93,0.996,0.997,0.997,0.995,/tmpdir/crf_16.mpd,/videos/BigBuckBunny-2160.avi
13879,0.9958,7.45378,0.99878,47.99606,0.99976,0.88128,0.98558,0.99324,0.99638,100.0,0.79,0.28,0.32,1.03,49.17,53.74,53.05,48.0,0.995,0.997,0.996,0.995,/tmpdir/crf_16.mpd,/videos/BigBuckBunny-2160.avi
13880,0.999,7.45378,0.9988,49.98791,0.99976,0.91323,0.99349,0.99724,0.99864,100.0,0.53,0.25,0.29,0.65,50.92,54.07,53.47,49.99,0.996,0.997,0.997,0.995,/tmpdir/crf_16.mpd,/videos/BigBuckBunny-2160.avi
13881,0.99635,7.52249,0.99877,47.9938,0.99976,0.88224,0.9853,0.99302,0.9962,100.0,0.79,0.28,0.33,1.03,49.16,53.62,52.99,47.99,0.995,0.997,0.996,0.995,/tmpdir/crf_16.mpd,/videos/BigBuckBunny-2160.avi
13882,0.99886,7.52249,0.99881,49.90358,0.99976,0.912,0.99336,0.99716,0.99858,100.0,0.53,0.25,0.3,0.66,50.85,54.09,53.42,49.9,0.996,0.997,0.997,0.995,/tmpdir/crf_16.mpd,/videos/BigBuckBunny-2160.avi
13883,0.99608,7.38233,0.99878,48.04191,0.99976,0.88201,0.98496,0.99296,0.99623,100.0,0.78,0.28,0.33,1.02,49.2,53.62,53.0,48.04,0.995,0.997,0.996,0.995,/tmpdir/crf_16.mpd,/videos/BigBuckBunny-2160.avi
13884,0.99892,7.38233,0.99882,50.06816,0.99977,0.9144,0.99379,0.99737,0.99869,100.0,0.52,0.25,0.28,0.64,51.01,54.21,53.59,50.07,0.996,0.997,0.997,0.995,/tmpdir/crf_16.mpd,/videos/BigBuckBunny-2160.avi
13885,0.99653,7.22886,0.99879,48.17695,0.99977,0.88408,0.98599,0.99349,0.99652,100.0,0.76,0.28,0.31,0.99,49.33,53.64,53.16,48.18,0.995,0.997,0.997,0.995,/tmpdir/crf_16.mpd,/videos/BigBuckBunny-2160.avi
13886,0.99894,7.22886,0.99883,50.22162,0.99978,0.91554,0.99371,0.99735,0.99868,100.0,0.5,0.24,0.27,0.62,51.16,54.28,53.77,50.22,0.996,0.997,0.997,0.995,/tmpdir/crf_16.mpd,/videos/BigBuckBunny-2160.avi
13887,0.99621,7.14239,0.9987,48.14475,0.99966,0.8848,0.98593,0.9934,0.99639,100.0,0.77,0.28,0.32,1.0,49.29,53.61,53.05,48.14,0.995,0.997,0.996,0.995,/tmpdir/crf_16.mpd,/videos/BigBuckBunny-2160.avi
13888,0.99735,7.14239,0.9988,48.58174,0.99973,0.89065,0.98933,0.99519,0.99744,100.0,0.7,0.28,0.31,0.9,49.68,53.7,53.18,48.58,0.995,0.997,0.997,0.995,/tmpdir/crf_16.mpd,/videos/BigBuckBunny-2160.avi
13889,0.99641,7.12471,0.99885,47.95118,0.99977,0.88055,0.98602,0.99359,0.99666,100.0,0.8,0.3,0.33,1.04,49.1,53.38,52.91,47.95,0.995,0.997,0.996,0.995,/tmpdir/crf_16.mpd,/videos/BigBuckBunny-2160.avi
13890,0.99891,7.12471,0.99886,50.30659,0.99978,0.91656,0.99403,0.99752,0.99879,100.0,0.49,0.25,0.28,0.61,51.2,54.07,53.61,50.31,0.996,0.997,0.997,0.995,/tmpdir/crf_16.mpd,/videos/BigBuckBunny-2160.avi
13891,0.99668,7.10957,0.99884,48.34326,0.99978,0.88641,0.9861,0.99343,0.99641,100.0,0.74,0.29,0.32,0.95,49.46,53.47,53.07,48.34,0.995,0.997,0.997,0.995,/tmpdir/crf_16.mpd,/videos/BigBuckBunny-2160.avi
13892,0.99869,7.10957,0.99887,50.16748,0.99978,0.91357,0.99351,0.9973,0.99872,100.0,0.51,0.27,0.3,0.63,51.04,53.79,53.4,50.17,0.996,0.997,0.997,0.995,/tmpdir/crf_16.mpd,/videos/BigBuckBunny-2160.avi
13893,0.99673,7.09387,0.9988,48.10296,0.99977,0.88225,0.98503,0.99285,0.99612,100.0,0.78,0.31,0.33,1.01,49.22,53.28,52.9,48.1,0.995,0.997,0.996,0.995,/tmpdir/crf_16.mpd,/videos/BigBuckBunny-2160.avi
13894,0.99892,7.09387,0.99884,50.23339,0.99978,0.91528,0.99389,0.99746,0.99883,100.0,0.5,0.27,0.29,0.62,51.1,53.81,53.45,50.23,0.996,0.997,0.997,0.995,/tmpdir/crf_16.mpd,/videos/BigBuckBunny-2160.avi
13895,0.99681,7.07827,0.99881,48.21526,0.99977,0.88481,0.98601,0.99337,0.9964,100.0,0.76,0.3,0.33,0.98,49.33,53.33,52.94,48.22,0.995,0.997,0.996,0.995,/tmpdir/crf_16.mpd,/videos/BigBuckBunny-2160.avi
13896,0.99887,7.07827,0.99885,50.23911,0.99978,0.91527,0.9938,0.99745,0.99877,100.0,0.5,0.27,0.29,0.62,51.1,53.79,53.44,50.24,0.996,0.997,0.997,0.995,/tmpdir/crf_16.mpd,/videos/BigBuckBunny-2160.avi
13897,0.99639,7.06045,0.99871,48.03133,0.99968,0.88277,0.985,0.9927,0.99591,100.0,0.79,0.32,0.35,1.02,49.14,53.13,52.75,48.03,0.995,0.997,0.996,0.995,/tmpdir/crf_16.mpd,/videos/BigBuckBunny-2160.avi
13898,0.9975,7.06045,0.99881,48.60262,0.99974,0.89063,0.98898,0.99492,0.99731,100.0,0.71,0.31,0.33,0.9,49.64,53.15,52.9,48.6,0.995,0.997,0.997,0.995,/tmpdir/crf_16.mpd,/videos/BigBuckBunny-2160.avi
13899,0.9964,7.10549,0.99885,48.00456,0.99978,0.8812,0.98573,0.99332,0.99644,100.0,0.8,0.33,0.35,1.03,49.11,52.98,52.75,48.0,0.995,0.996,0.996,0.995,/tmpdir/crf_16.mpd,/videos/BigBuckBunny-2160.avi
13900,0.99882,7.10549,0.99887,50.26728,0.99978,0.91561,0.99393,0.99746,0.99876,100.0,0.51,0.29,0.31,0.61,51.08,53.53,53.28,50.27,0.996,0.997,0.997,0.995,/tmpdir/crf_16.mpd,/videos/BigBuckBunny-2160.avi
13901,0.99648,7.27738,0.99886,48.22226,0.99978,0.88459,0.98572,0.99322,0.99633,100.0,0.77,0.33,0.35,0.98,49.29,52.96,52.7,48.22,0.995,0.996,0.996,0.995,/tmpdir/crf_16.mpd,/videos/BigBuckBunny-2160.avi
13902,0.99893,7.27738,0.99889,50.01554,0.99979,0.91176,0.99331,0.99718,0.99864,100.0,0.54,0.31,0.32,0.65,50.83,53.26,53.05,50.02,0.996,0.997,0.997,0.995,/tmpdir/crf_16.mpd,/videos/BigBuckBunny-2160.avi
13903,0.99619,7.39864,0.99882,47.8753,0.99977,0.87922,0.98452,0.99258,0.99601,100.0,0.82,0.34,0.36,1.06,48.97,52.83,52.58,47.88,0.995,0.996,0.996,0.995,/tmpdir/crf_16.mpd,/videos/BigBuckBunny-2160.avi
13904,0.99899,7.39864,0.99886,50.03833,0.99978,0.91257,0.99356,0.99728,0.99874,100.0,0.53,0.31,0.32,0.64,50.85,53.26,53.07,50.04,0.996,0.997,0.997,0.995,/tmpdir/crf_16.mpd,/videos/BigBuckBunny-2160.avi
13905,0.99637,7.497,0.99881,48.03563,0.99977,0.88209,0.98514,0.99299,0.99627,100.0,0.8,0.34,0.36,1.02,49.11,52.78,52.55,48.04,0.995,0.996,0.996,0.995,/tmpdir/crf_16.mpd,/videos/BigBuckBunny-2160.avi
13906,0.9989,7.497,0.99885,49.91035,0.99978,0.91082,0.99327,0.99717,0.99858,100.0,0.55,0.31,0.33,0.66,50.73,53.15,52.97,49.91,0.996,0.997,0.997,0.995,/tmpdir/crf_16.mpd,/videos/BigBuckBunny-2160.avi
13907,0.99583,7.4981,0.9988,47.87831,0.99977,0.87968,0.98408,0.99235,0.99592,100.0,0.82,0.35,0.36,1.06,48.97,52.71,52.55,47.88,0.995,0.996,0.996,0.995,/tmpdir/crf_16.mpd,/videos/BigBuckBunny-2160.avi
13908,0.99886,7.4981,0.99887,49.87831,0.99979,0.91069,0.99367,0.99739,0.99876,100.0,0.55,0.31,0.33,0.67,50.71,53.16,53.01,49.88,0.996,0.997,0.997,0.995,/tmpdir/crf_16.mpd,/videos/BigBuckBunny-2160.avi
13909,0.996,7.80747,0.99882,47.84565,0.99978,0.87987,0.98493,0.99287,0.99621,100.0,0.83,0.36,0.37,1.07,48.92,52.54,52.43,47.85,0.995,0.996,0.996,0.995,/tmpdir/crf_16.mpd,/videos/BigBuckBunny-2160.avi
13910,0.99876,7.80747,0.99884,49.81926,0.99979,0.90982,0.99307,0.99709,0.99861,100.0,0.56,0.33,0.34,0.68,50.62,52.93,52.8,49.82,0.995,0.997,0.997,0.995,/tmpdir/crf_16.mpd,/videos/BigBuckBunny-2160.avi
13911,0.99834,8.05391,0.99889,49.82791,0.9998,0.91014,0.99313,0.99713,0.99863,100.0,0.56,0.33,0.35,0.68,50.61,52.89,52.71,49.83,0.995,0.997,0.996,0.995,/tmpdir/crf_16.mpd,/videos/BigBuckBunny-2160.avi
13912,0.99607,8.05391,0.99884,47.53091,0.99978,0.87689,0.98401,0.99225,0.99574,100.0,0.89,0.37,0.39,1.15,48.63,52.44,52.21,47.53,0.995,0.996,0.996,0.995,/tmpdir/crf_16.mpd,/videos/BigBuckBunny-2160.avi
13913,0.99856,8.35237,0.99892,49.61405,0.99981,0.9079,0.99312,0.99709,0.99859,100.0,0.59,0.34,0.35,0.71,50.42,52.76,52.63,49.61,0.996,0.996,0.996,0.995,/tmpdir/crf_16.mpd,/videos/BigBuckBunny-2160.avi
13914,0.99614,8.35237,0.99887,47.65942,0.99979,0.87882,0.98503,0.99286,0.99615,100.0,0.87,0.37,0.4,1.11,48.73,52.4,52.16,47.66,0.995,0.996,0.996,0.995,/tmpdir/crf_16.mpd,/videos/BigBuckBunny-2160.avi
13915,0.99881,8.33414,0.99892,49.76316,0.99981,0.91023,0.99358,0.9973,0.9987,100.0,0.57,0.35,0.36,0.69,50.53,52.72,52.62,49.76,0.996,0.996,0.996,0.995,/tmpdir/crf_16.mpd,/videos/BigBuckBunny-2160.avi
13916,0.99584,8.33414,0.99887,47.594,0.99979,0.87755,0.98458,0.99261,0.99596,100.0,0.89,0.38,0.4,1.13,48.66,52.29,52.07,47.59,0.995,0.996,0.996,0.995,/tmpdir/crf_16.mpd,/videos/BigBuckBunny-2160.avi
13917,0.99861,8.4031,0.99893,49.60938,0.99981,0.90764,0.99305,0.99709,0.99858,100.0,0.6,0.36,0.37,0.71,50.38,52.55,52.47,49.61,0.996,0.996,0.996,0.995,/tmpdir/crf_16.mpd,/videos/BigBuckBunny-2160.avi
13918,0.99554,8.4031,0.99889,47.55746,0.9998,0.87747,0.98474,0.99276,0.99607,100.0,0.9,0.4,0.42,1.14,48.6,52.09,51.92,47.56,0.995,0.996,0.996,0.995,/tmpdir/crf_16.mpd,/videos/BigBuckBunny-2160.avi
13919,0.99878,8.56534,0.99895,49.49144,0.99982,0.90675,0.99334,0.99718,0.99861,100.0,0.61,0.37,0.38,0.73,50.26,52.42,52.35,49.49,0.996,0.996,0.996,0.995,/tmpdir/crf_16.mpd,/videos/BigBuckBunny-2160.avi
13920,0.99842,8.56534,0.99895,49.62586,0.99982,0.90848,0.99293,0.99698,0.9985,100.0,0.59,0.36,0.36,0.71,50.4,52.61,52.52,49.63,0.996,0.996,0.996,0.995,/tmpdir/crf_16.mpd,/videos/BigBuckBunny-2160.avi
13921,0.99619,8.63177,0.99889,47.54159,0.9998,0.8774,0.9848,0.99275,0.99606,100.0,0.9,0.42,0.43,1.15,48.57,51.88,51.84,47.54,0.995,0.996,0.996,0.995,/tmpdir/crf_16.mpd,/videos/BigBuckBunny-2160.avi
13922,0.99835,8.63177,0.99895,49.44273,0.99982,0.90613,0.99294,0.99696,0.99847,100.0,0.62,0.38,0.38,0.74,50.22,52.37,52.36,49.44,0.995,0.996,0.996,0.995,/tmpdir/crf_16.mpd,/videos/BigBuckBunny-2160.avi
13923,0.99618,8.61527,0.99887,47.32243,0.9998,0.87396,0.98387,0.99228,0.99586,100.0,0.95,0.45,0.44,1.2,48.34,51.6,51.65,47.32,0.995,0.996,0.996,0.995,/tmpdir/crf_16.mpd,/videos/BigBuckBunny-2160.avi
13924,0.99865,8.61527,0.99893,49.51262,0.99982,0.90724,0.99305,0.99701,0.99852,100.0,0.62,0.39,0.39,0.73,50.24,52.2,52.2,49.51,0.995,0.996,0.996,0.995,/tmpdir/crf_16.mpd,/videos/BigBuckBunny-2160.avi
13925,0.99656,8.61173,0.99887,47.49686,0.9998,0.87667,0.98459,0.99268,0.99611,100.0,0.92,0.47,0.45,1.16,48.47,51.45,51.56,47.5,0.995,0.996,0.996,0.995,/tmpdir/crf_16.mpd,/videos/BigBuckBunny-2160.avi
13926,0.99842,8.61173,0.99893,49.29933,0.99982,0.90415,0.99244,0.99679,0.99845,100.0,0.65,0.41,0.41,0.76,50.02,51.95,51.98,49.3,0.995,0.996,0.996,0.995,/tmpdir/crf_16.mpd,/videos/BigBuckBunny-2160.avi
13927,0.99823,8.91243,0.99896,49.16459,0.99983,0.90216,0.99208,0.99658,0.99833,100.0,0.67,0.44,0.44,0.79,49.86,51.72,51.72,49.16,0.995,0.996,0.996,0.995,/tmpdir/crf_16.mpd,/videos/BigBuckBunny-2160.avi
13928,0.99822,8.91243,0.99897,49.18309,0.99983,0.90284,0.99247,0.99682,0.9985,100.0,0.66,0.42,0.43,0.78,49.9,51.87,51.82,49.18,0.995,0.996,0.996,0.995,/tmpdir/crf_16.mpd,/videos/BigBuckBunny-2160.avi
13929,0.99828,9.18914,0.99899,49.08731,0.99984,0.90254,0.99255,0.99679,0.99842,100.0,0.68,0.44,0.45,0.8,49.79,51.72,51.63,49.09,0.995,0.996,0.996,0.995,/tmpdir/crf_16.mpd,/videos/BigBuckBunny-2160.avi
13930,0.99595,9.18914,0.99892,47.31582,0.99981,0.87536,0.98436,0.99257,0.99606,100.0,0.96,0.48,0.48,1.21,48.29,51.34,51.28,47.32,0.995,0.996,0.995,0.995,/tmpdir/crf_16.mpd,/videos/BigBuckBunny-2160.avi
13931,0.9986,9.48313,0.99898,49.11397,0.99983,0.90292,0.99264,0.99684,0.99845,100.0,0.68,0.44,0.44,0.8,49.82,51.71,51.67,49.11,0.995,0.996,0.996,0.995,/tmpdir/crf_16.mpd,/videos/BigBuckBunny-2160.avi
13932,0.99831,9.48313,0.99899,49.01172,0.99983,0.90129,0.99217,0.99668,0.99841,100.0,0.69,0.45,0.45,0.82,49.72,51.64,51.62,49.01,0.995,0.996,0.996,0.995,/tmpdir/crf_16.mpd,/videos/BigBuckBunny-2160.avi
13933,0.999,9.81507,0.99948,51.63551,0.99994,0.9387,0.99637,0.99839,0.99916,100.0,0.37,0.21,0.22,0.45,52.45,54.82,54.67,51.64,0.997,0.998,0.998,0.997,/tmpdir/crf_16.mpd,/videos/BigBuckBunny-2160.avi
13934,0.99625,9.81507,0.99928,47.3374,0.9999,0.87949,0.98439,0.99238,0.99597,100.0,0.9,0.3,0.3,1.2,48.59,53.31,53.4,47.34,0.996,0.997,0.997,0.996,/tmpdir/crf_16.mpd,/videos/BigBuckBunny-2160.avi
13935,0.99864,9.97122,0.99926,49.46401,0.99989,0.90936,0.99328,0.99701,0.99846,100.0,0.59,0.29,0.28,0.74,50.45,53.45,53.7,49.46,0.996,0.997,0.997,0.996,/tmpdir/crf_16.mpd,/videos/BigBuckBunny-2160.avi
13936,0.99811,9.97122,0.9992,49.21015,0.99987,0.90606,0.99251,0.99672,0.99836,100.0,0.62,0.32,0.3,0.78,50.18,53.07,53.34,49.21,0.996,0.997,0.997,0.996,/tmpdir/crf_16.mpd,/videos/BigBuckBunny-2160.avi
13937,0.9982,10.28711,0.99916,49.10552,0.99986,0.90528,0.99237,0.99662,0.99827,100.0,0.66,0.38,0.36,0.8,49.95,52.28,52.54,49.11,0.996,0.996,0.996,0.996,/tmpdir/crf_16.mpd,/videos/BigBuckBunny-2160.avi
13938,0.99832,10.28711,0.99914,49.06031,0.99986,0.90471,0.9926,0.99677,0.99839,100.0,0.66,0.38,0.36,0.81,49.92,52.29,52.52,49.06,0.996,0.996,0.996,0.996,/tmpdir/crf_16.mpd,/videos/BigBuckBunny-2160.avi
13939,0.99799,10.43661,0.99913,49.02162,0.99986,0.90468,0.99249,0.99669,0.99833,100.0,0.68,0.43,0.41,0.81,49.78,51.75,51.99,49.02,0.996,0.996,0.996,0.996,/tmpdir/crf_16.mpd,/videos/BigBuckBunny-2160.avi
13940,0.99598,10.43661,0.99903,46.91957,0.99984,0.87291,0.98345,0.9919,0.99561,100.0,1.04,0.5,0.48,1.32,47.94,51.14,51.31,46.92,0.995,0.995,0.995,0.995,/tmpdir/crf_16.mpd,/videos/BigBuckBunny-2160.avi
13941,0.99853,10.7713,0.99912,48.94982,0.99986,0.90427,0.99282,0.99686,0.99841,100.0,0.7,0.46,0.44,0.83,49.67,51.51,51.74,48.95,0.996,0.996,0.996,0.996,/tmpdir/crf_16.mpd,/videos/BigBuckBunny-2160.avi
13942,0.9984,10.7713,0.99913,48.80579,0.99986,0.9028,0.99261,0.99682,0.99843,100.0,0.72,0.47,0.45,0.86,49.54,51.42,51.64,48.81,0.996,0.996,0.996,0.996,/tmpdir/crf_16.mpd,/videos/BigBuckBunny-2160.avi
13943,0.99564,10.91516,0.99901,46.61106,0.99983,0.86932,0.98243,0.99138,0.99539,100.0,1.13,0.57,0.53,1.42,47.6,50.58,50.85,46.61,0.995,0.995,0.995,0.995,/tmpdir/crf_16.mpd,/videos/BigBuckBunny-2160.avi
13944,0.99844,10.91516,0.99908,48.78891,0.99985,0.90244,0.99241,0.99661,0.99826,100.0,0.73,0.5,0.47,0.86,49.47,51.17,51.4,48.79,0.995,0.995,0.995,0.995,/tmpdir/crf_16.mpd,/videos/BigBuckBunny-2160.avi
13945,0.99834,11.21519,0.99911,48.70427,0.99986,0.90175,0.99243,0.99673,0.9984,100.0,0.76,0.52,0.51,0.88,49.35,50.95,51.08,48.7,0.995,0.995,0.995,0.996,/tmpdir/crf_16.mpd,/videos/BigBuckBunny-2160.avi
13946,0.99846,11.21519,0.99912,48.53755,0.99987,0.90009,0.99194,0.99648,0.99828,100.0,0.78,0.52,0.51,0.91,49.21,50.95,51.04,48.54,0.995,0.995,0.995,0.995,/tmpdir/crf_16.mpd,/videos/BigBuckBunny-2160.avi
13947,0.99812,11.41776,0.99914,48.60755,0.99987,0.90082,0.99222,0.99659,0.99827,100.0,0.78,0.55,0.54,0.9,49.21,50.7,50.82,48.61,0.995,0.995,0.995,0.995,/tmpdir/crf_16.mpd,/videos/BigBuckBunny-2160.avi
13948,0.99588,11.41776,0.99904,46.4876,0.99985,0.86864,0.98205,0.99102,0.99505,100.0,1.17,0.6,0.6,1.46,47.44,50.34,50.36,46.49,0.995,0.995,0.994,0.995,/tmpdir/crf_16.mpd,/videos/BigBuckBunny-2160.avi
13949,0.99864,11.65253,0.99914,48.65478,0.99987,0.90228,0.99285,0.99689,0.99842,100.0,0.77,0.54,0.53,0.89,49.27,50.77,50.88,48.65,0.995,0.995,0.995,0.996,/tmpdir/crf_16.mpd,/videos/BigBuckBunny-2160.avi
13950,0.99841,11.65253,0.99914,48.64662,0.99988,0.90252,0.99249,0.99675,0.99838,100.0,0.77,0.53,0.52,0.89,49.28,50.88,50.95,48.65,0.995,0.995,0.995,0.996,/tmpdir/crf_16.mpd,/videos/BigBuckBunny-2160.avi
13951,0.9984,11.86451,0.99916,48.61128,0.99988,0.90256,0.9926,0.99678,0.9984,100.0,0.78,0.55,0.55,0.9,49.21,50.7,50.77,48.61,0.995,0.995,0.995,0.996,/tmpdir/crf_16.mpd,/videos/BigBuckBunny-2160.avi
13952,0.99544,11.86451,0.99906,46.3047,0.99985,0.86678,0.98128,0.99062,0.9949,100.0,1.22,0.63,0.62,1.52,47.26,50.16,50.23,46.3,0.995,0.994,0.994,0.995,/tmpdir/crf_16.mpd,/videos/BigBuckBunny-2160.avi
13953,0.99858,11.82975,0.99919,48.48589,0.99989,0.90221,0.99278,0.99681,0.99833,100.0,0.8,0.56,0.54,0.92,49.12,50.67,50.82,48.49,0.995,0.995,0.995,0.996,/tmpdir/crf_16.mpd,/videos/BigBuckBunny-2160.avi
13954,0.99573,11.82975,0.99907,46.38723,0.99986,0.86831,0.98202,0.99104,0.9951,100.0,1.2,0.62,0.61,1.49,47.33,50.19,50.26,46.39,0.995,0.994,0.994,0.995,/tmpdir/crf_16.mpd,/videos/BigBuckBunny-2160.avi
13955,0.99878,11.79093,0.99919,48.70959,0.99989,0.90408,0.99298,0.99692,0.9984,100.0,0.76,0.55,0.53,0.88,49.3,50.72,50.86,48.71,0.995,0.995,0.995,0.996,/tmpdir/crf_16.mpd,/videos/BigBuckBunny-2160.avi
13956,0.99582,11.79093,0.99908,46.21255,0.99986,0.86549,0.98159,0.99092,0.99515,100.0,1.25,0.65,0.63,1.56,47.16,49.99,50.14,46.21,0.995,0.994,0.994,0.995,/tmpdir/crf_16.mpd,/videos/BigBuckBunny-2160.avi
13957,0.99874,11.93901,0.99921,48.61158,0.99989,0.90262,0.99278,0.99682,0.99835,100.0,0.79,0.58,0.55,0.9,49.17,50.47,50.69,48.61,0.995,0.995,0.995,0.996,/tmpdir/crf_16.mpd,/videos/BigBuckBunny-2160.avi
13958,0.99578,11.93901,0.99909,46.16146,0.99986,0.86566,0.98164,0.99096,0.99516,100.0,1.27,0.66,0.64,1.57,47.11,49.93,50.06,46.16,0.995,0.994,0.994,0.995,/tmpdir/crf_16.mpd,/videos/BigBuckBunny-2160.avi
13959,0.99862,12.24706,0.99922,48.47583,0.99989,0.9017,0.99286,0.99687,0.99836,100.0,0.81,0.59,0.57,0.92,49.05,50.41,50.6,48.48,0.995,0.995,0.995,0.996,/tmpdir/crf_16.mpd,/videos/BigBuckBunny-2160.avi
13960,0.99848,12.24706,0.99922,48.4582,0.9999,0.90147,0.99236,0.99668,0.99835,100.0,0.81,0.57,0.56,0.93,49.07,50.56,50.68,48.46,0.995,0.995,0.995,0.996,/tmpdir/crf_16.mpd,/videos/BigBuckBunny-2160.avi
13961,0.99646,12.40685,0.99911,46.21165,0.99987,0.86717,0.98145,0.99075,0.99505,100.0,1.26,0.68,0.65,1.56,47.13,49.79,49.98,46.21,0.995,0.994,0.994,0.995,/tmpdir/crf_16.mpd,/videos/BigBuckBunny-2160.avi
13962,0.99846,12.40685,0.99923,48.4039,0.9999,0.90112,0.99277,0.99683,0.99839,100.0,0.82,0.61,0.58,0.94,48.97,50.29,50.52,48.4,0.995,0.995,0.995,0.996,/tmpdir/crf_16.mpd,/videos/BigBuckBunny-2160.avi
13963,0.99609,12.70942,0.99911,45.9101,0.99987,0.86343,0.98067,0.99031,0.99472,100.0,1.35,0.72,0.69,1.67,46.84,49.54,49.74,45.91,0.995,0.994,0.994,0.995,/tmpdir/crf_16.mpd,/videos/BigBuckBunny-2160.avi
13964,0.99856,12.70942,0.99923,48.22121,0.9999,0.89904,0.99252,0.9967,0.9983,100.0,0.86,0.65,0.62,0.98,48.77,50.01,50.24,48.22,0.995,0.994,0.994,0.996,/tmpdir/crf_16.mpd,/videos/BigBuckBunny-2160.avi
13965,0.99853,12.72474,0.99924,48.2619,0.9999,0.89969,0.99226,0.99656,0.99822,100.0,0.86,0.64,0.62,0.97,48.79,50.04,50.18,48.26,0.995,0.994,0.994,0.996,/tmpdir/crf_16.mpd,/videos/BigBuckBunny-2160.avi
13966,0.9985,12.72474,0.99925,48.22482,0.9999,0.89889,0.9921,0.99653,0.99822,100.0,0.86,0.63,0.6,0.98,48.8,50.13,50.34,48.22,0.995,0.994,0.994,0.996,/tmpdir/crf_16.mpd,/videos/BigBuckBunny-2160.avi
13967,0.99844,12.84981,0.99927,48.07824,0.99991,0.89743,0.99187,0.99637,0.99812,100.0,0.89,0.65,0.63,1.01,48.64,49.97,50.13,48.08,0.995,0.994,0.994,0.996,/tmpdir/crf_16.mpd,/videos/BigBuckBunny-2160.avi
13968,0.99646,12.84981,0.99915,45.9502,0.99988,0.86419,0.98075,0.9903,0.99477,100.0,1.34,0.72,0.7,1.65,46.86,49.53,49.66,45.95,0.995,0.994,0.993,0.995,/tmpdir/crf_16.mpd,/videos/BigBuckBunny-2160.avi
13969,0.99872,12.94812,0.99929,48.2369,0.99991,0.90021,0.99279,0.99684,0.99834,100.0,0.86,0.64,0.62,0.98,48.79,50.09,50.23,48.24,0.995,0.994,0.994,0.996,/tmpdir/crf_16.mpd,/videos/BigBuckBunny-2160.avi
13970,0.99609,12.94812,0.99915,45.91488,0.99988,0.86324,0.98058,0.99023,0.99479,100.0,1.35,0.73,0.7,1.67,46.83,49.53,49.66,45.91,0.995,0.993,0.993,0.995,/tmpdir/crf_16.mpd,/videos/BigBuckBunny-2160.avi
13971,0.99859,13.07035,0.99931,48.19119,0.99991,0.89907,0.99258,0.99674,0.9983,100.0,0.87,0.66,0.63,0.99,48.73,49.94,50.16,48.19,0.995,0.994,0.994,0.996,/tmpdir/crf_16.mpd,/videos/BigBuckBunny-2160.avi
13972,0.99838,13.07035,0.99931,48.10101,0.99992,0.89832,0.99221,0.99662,0.9983,100.0,0.88,0.65,0.62,1.01,48.67,50.0,50.17,48.1,0.995,0.994,0.994,0.996,/tmpdir/crf_16.mpd,/videos/BigBuckBunny-2160.avi
13973,0.99831,13.28228,0.99933,48.01797,0.99992,0.89809,0.99219,0.99655,0.99825,100.0,0.91,0.69,0.65,1.03,48.55,49.76,49.98,48.02,0.995,0.994,0.994,0.996,/tmpdir/crf_16.mpd,/videos/BigBuckBunny-2160.avi
13974,0.99619,13.28228,0.9992,45.89532,0.99989,0.86481,0.98067,0.99022,0.99469,100.0,1.36,0.75,0.73,1.67,46.79,49.36,49.49,45.9,0.995,0.993,0.993,0.995,/tmpdir/crf_16.mpd,/videos/BigBuckBunny-2160.avi
13975,0.99869,13.28844,0.99933,48.20907,0.99992,0.90035,0.99276,0.99678,0.99827,100.0,0.87,0.66,0.64,0.98,48.72,49.91,50.06,48.21,0.995,0.994,0.994,0.996,/tmpdir/crf_16.mpd,/videos/BigBuckBunny-2160.avi
13976,0.99834,13.28844,0.99934,48.04775,0.99992,0.89817,0.99197,0.99643,0.99816,100.0,0.9,0.67,0.65,1.02,48.6,49.9,50.03,48.05,0.995,0.994,0.994,0.996,/tmpdir/crf_16.mpd,/videos/BigBuckBunny-2160.avi
13977,0.99836,13.40698,0.99937,48.0908,0.99993,0.89924,0.9922,0.99652,0.99817,100.0,0.9,0.69,0.67,1.01,48.59,49.74,49.9,48.09,0.995,0.994,0.994,0.996,/tmpdir/crf_16.mpd,/videos/BigBuckBunny-2160.avi
13978,0.99851,13.40698,0.99937,48.32584,0.99993,0.90256,0.99274,0.99678,0.9983,100.0,0.84,0.61,0.61,0.96,48.89,50.25,50.31,48.33,0.995,0.994,0.994,0.996,/tmpdir/crf_16.mpd,/videos/BigBuckBunny-2160.avi
13979,0.99632,13.42483,0.99923,45.96077,0.99989,0.86664,0.98084,0.99037,0.9948,100.0,1.34,0.74,0.71,1.65,46.86,49.46,49.63,45.96,0.995,0.993,0.993,0.995,/tmpdir/crf_16.mpd,/videos/BigBuckBunny-2160.avi
13980,0.99851,13.42483,0.99937,48.19067,0.99993,0.90224,0.99276,0.99669,0.99821,100.0,0.87,0.64,0.62,0.99,48.74,50.05,50.2,48.19,0.995,0.994,0.994,0.996,/tmpdir/crf_16.mpd,/videos/BigBuckBunny-2160.avi
13981,0.99633,13.66968,0.99922,45.76921,0.99989,0.86368,0.98016,0.99006,0.9947,100.0,1.4,0.78,0.74,1.72,46.66,49.2,49.41,45.77,0.994,0.993,0.993,0.995,/tmpdir/crf_16.mpd,/videos/BigBuckBunny-2160.avi
13982,0.99851,13.66968,0.99941,48.15856,0.99993,0.9016,0.99298,0.99686,0.99835,100.0,0.88,0.67,0.64,0.99,48.68,49.85,50.05,48.16,0.995,0.994,0.994,0.996,/tmpdir/crf_16.mpd,/videos/BigBuckBunny-2160.avi
13983,0.9966,13.741,0.99927,45.78473,0.9999,0.86485,0.98093,0.99047,0.99493,100.0,1.4,0.79,0.75,1.72,46.66,49.14,49.37,45.78,0.995,0.993,0.993,0.995,/tmpdir/crf_16.mpd,/videos/BigBuckBunny-2160.avi
13984,0.99875,13.741,0.9994,48.29426,0.99993,0.90318,0.99318,0.99696,0.99835,100.0,0.86,0.67,0.64,0.96,48.79,49.87,50.09,48.29,0.995,0.994,0.994,0.996,/tmpdir/crf_16.mpd,/videos/BigBuckBunny-2160.avi
13985,0.99673,13.71659,0.99926,45.89218,0.9999,0.86696,0.98098,0.99043,0.99481,100.0,1.38,0.82,0.76,1.67,46.73,49.01,49.3,45.89,0.995,0.993,0.993,0.995,/tmpdir/crf_16.mpd,/videos/BigBuckBunny-2160.avi
13986,0.99853,13.71659,0.99942,48.14515,0.99993,0.90128,0.99283,0.99678,0.99825,100.0,0.89,0.7,0.66,1.0,48.63,49.65,49.96,48.15,0.995,0.994,0.994,0.996,/tmpdir/crf_16.mpd,/videos/BigBuckBunny-2160.avi
13987,0.99649,13.60713,0.99926,45.7294,0.9999,0.86356,0.98026,0.99002,0.99457,100.0,1.43,0.85,0.78,1.74,46.58,48.86,49.21,45.73,0.994,0.993,0.993,0.995,/tmpdir/crf_16.mpd,/videos/BigBuckBunny-2160.avi
13988,0.99863,13.60713,0.99942,48.12882,0.99994,0.90114,0.99279,0.99672,0.99817,100.0,0.89,0.7,0.65,1.0,48.63,49.69,50.0,48.13,0.995,0.994,0.994,0.996,/tmpdir/crf_16.mpd,/videos/BigBuckBunny-2160.avi
13989,0.99682,13.56925,0.99927,45.75138,0.9999,0.86444,0.98059,0.99023,0.99474,100.0,1.42,0.84,0.79,1.73,46.59,48.87,49.18,45.75,0.994,0.993,0.993,0.995,/tmpdir/crf_16.mpd,/videos/BigBuckBunny-2160.avi
13990,0.9985,13.56925,0.99941,47.96847,0.99993,0.89845,0.99233,0.99651,0.99805,100.0,0.93,0.73,0.68,1.04,48.46,49.48,49.81,47.97,0.995,0.993,0.994,0.996,/tmpdir/crf_16.mpd,/videos/BigBuckBunny-2160.avi
13991,0.99854,13.56126,0.99941,47.96069,0.99993,0.89788,0.99188,0.99631,0.99798,100.0,0.94,0.76,0.71,1.04,48.41,49.35,49.62,47.96,0.995,0.993,0.993,0.996,/tmpdir/crf_16.mpd,/videos/BigBuckBunny-2160.avi
13992,0.99589,13.56126,0.99928,45.71462,0.9999,0.8629,0.98025,0.99011,0.99471,100.0,1.43,0.83,0.79,1.74,46.57,48.95,49.16,45.71,0.994,0.993,0.993,0.995,/tmpdir/crf_16.mpd,/videos/BigBuckBunny-2160.avi
13993,0.99855,13.48101,0.99942,47.94897,0.99994,0.89765,0.99245,0.99663,0.9982,100.0,0.93,0.72,0.68,1.04,48.45,49.53,49.78,47.95,0.995,0.993,0.993,0.996,/tmpdir/crf_16.mpd,/videos/BigBuckBunny-2160.avi
13994,0.99837,13.48101,0.99941,48.05699,0.99993,0.89916,0.99225,0.99652,0.99813,100.0,0.91,0.71,0.68,1.02,48.54,49.61,49.79,48.06,0.995,0.994,0.994,0.996,/tmpdir/crf_16.mpd,/videos/BigBuckBunny-2160.avi
13995,0.99839,13.7488,0.99942,47.98064,0.99994,0.89867,0.99228,0.99652,0.9981,100.0,0.93,0.74,0.71,1.04,48.44,49.44,49.62,47.98,0.995,0.993,0.993,0.996,/tmpdir/crf_16.mpd,/videos/BigBuckBunny-2160.avi
13996,0.99613,13.7488,0.99927,45.65587,0.9999,0.86262,0.97949,0.98961,0.99444,100.0,1.46,0.85,0.81,1.77,46.5,48.83,49.05,45.66,0.994,0.993,0.992,0.995,/tmpdir/crf_16.mpd,/videos/BigBuckBunny-2160.avi
13997,0.99846,13.95242,0.99942,47.81092,0.99993,0.89657,0.99209,0.99641,0.99804,100.0,0.97,0.77,0.72,1.08,48.28,49.27,49.55,47.81,0.995,0.993,0.993,0.996,/tmpdir/crf_16.mpd,/videos/BigBuckBunny-2160.avi
13998,0.99846,13.95242,0.99941,47.78777,0.99993,0.89638,0.99195,0.99639,0.99804,100.0,0.97,0.76,0.72,1.08,48.27,49.33,49.56,47.79,0.995,0.993,0.993,0.996,/tmpdir/crf_16.mpd,/videos/BigBuckBunny-2160.avi
13999,0.99843,14.16178,0.99942,47.70814,0.99993,0.89589,0.99186,0.99628,0.99794,100.0,0.99,0.79,0.75,1.1,48.17,49.15,49.36,47.71,0.995,0.993,0.993,0.996,/tmpdir/crf_16.mpd,/videos/BigBuckBunny-2160.avi
14000,0.9985,14.16178,0.9994,47.76402,0.99993,0.89644,0.99175,0.99626,0.99797,100.0,0.97,0.75,0.72,1.09,48.27,49.39,49.58,47.76,0.995,0.993,0.993,0.996,/tmpdir/crf_16.mpd,/videos/BigBuckBunny-2160.avi
14001,0.99837,14.02336,0.9994,47.79393,0.99993,0.89665,0.99169,0.9962,0.99794,100.0,0.97,0.78,0.74,1.08,48.25,49.23,49.46,47.79,0.995,0.993,0.993,0.996,/tmpdir/crf_16.mpd,/videos/BigBuckBunny-2160.avi
14002,0.99831,14.02336,0.9994,47.79864,0.99993,0.89686,0.99181,0.99626,0.99795,100.0,0.96,0.74,0.7,1.08,48.31,49.44,49.67,47.8,0.995,0.993,0.993,0.996,/tmpdir/crf_16.mpd,/videos/BigBuckBunny-2160.avi
14003,0.99833,14.03568,0.99941,47.68393,0.99993,0.89548,0.99166,0.99616,0.99789,100.0,0.99,0.79,0.75,1.11,48.16,49.17,49.41,47.68,0.995,0.993,0.993,0.996,/tmpdir/crf_16.mpd,/videos/BigBuckBunny-2160.avi
14004,0.99839,14.03568,0.9994,47.81215,0.99993,0.89733,0.99188,0.9963,0.99796,100.0,0.96,0.74,0.71,1.08,48.31,49.41,49.62,47.81,0.995,0.993,0.993,0.996,/tmpdir/crf_16.mpd,/videos/BigBuckBunny-2160.avi
14005,0.99612,13.89054,0.99921,45.41365,0.99989,0.85982,0.97831,0.98886,0.99392,100.0,1.54,0.9,0.85,1.87,46.26,48.59,48.84,45.41,0.994,0.992,0.992,0.995,/tmpdir/crf_16.mpd,/videos/BigBuckBunny-2160.avi
14006,0.99833,13.89054,0.9994,47.77981,0.99993,0.89691,0.99206,0.99634,0.99793,100.0,0.97,0.77,0.73,1.08,48.25,49.25,49.53,47.78,0.995,0.993,0.993,0.996,/tmpdir/crf_16.mpd,/videos/BigBuckBunny-2160.avi
14007,0.99595,13.8667,0.99921,45.33384,0.99988,0.85836,0.97807,0.98873,0.99396,100.0,1.57,0.94,0.88,1.9,46.16,48.4,48.69,45.33,0.994,0.992,0.992,0.995,/tmpdir/crf_16.mpd,/videos/BigBuckBunny-2160.avi
14008,0.99836,13.8667,0.9994,47.82482,0.99993,0.89781,0.99231,0.99645,0.99794,100.0,0.97,0.78,0.73,1.07,48.28,49.22,49.49,47.82,0.995,0.993,0.993,0.996,/tmpdir/crf_16.mpd,/videos/BigBuckBunny-2160.avi
14009,0.99619,13.86925,0.99923,45.52907,0.99988,0.86149,0.97918,0.98937,0.99424,100.0,1.51,0.93,0.87,1.82,46.33,48.44,48.75,45.53,0.994,0.992,0.992,0.995,/tmpdir/crf_16.mpd,/videos/BigBuckBunny-2160.avi
14010,0.99835,13.86925,0.99941,47.85872,0.99993,0.89859,0.99243,0.99644,0.99795,100.0,0.96,0.78,0.72,1.06,48.31,49.23,49.54,47.86,0.995,0.993,0.993,0.996,/tmpdir/crf_16.mpd,/videos/BigBuckBunny-2160.avi
14011,0.99637,13.82347,0.99921,45.49919,0.99988,0.86133,0.97904,0.98925,0.99411,100.0,1.53,0.95,0.88,1.83,46.3,48.37,48.7,45.5,0.994,0.992,0.992,0.995,/tmpdir/crf_16.mpd,/videos/BigBuckBunny-2160.avi
14012,0.99828,13.82347,0.99939,47.68445,0.99993,0.89641,0.99201,0.99629,0.99782,100.0,1.0,0.8,0.74,1.11,48.15,49.12,49.42,47.68,0.995,0.993,0.993,0.996,/tmpdir/crf_16.mpd,/videos/BigBuckBunny-2160.avi
14013,0.99838,13.81831,0.99939,47.67827,0.99993,0.8959,0.99171,0.99616,0.99782,100.0,1.01,0.82,0.77,1.11,48.1,48.97,49.24,47.68,0.995,0.993,0.993,0.996,/tmpdir/crf_16.mpd,/videos/BigBuckBunny-2160.avi
14014,0.99821,13.81831,0.99939,47.77627,0.99993,0.89828,0.99218,0.99638,0.9979,100.0,0.97,0.76,0.72,1.09,48.27,49.34,49.57,47.78,0.995,0.993,0.993,0.996,/tmpdir/crf_16.mpd,/videos/BigBuckBunny-2160.avi
14015,0.99607,13.63109,0.99917,45.44775,0.99987,0.85991,0.97839,0.98888,0.99389,100.0,1.53,0.92,0.86,1.85,46.27,48.51,48.76,45.45,0.994,0.992,0.992,0.995,/tmpdir/crf_16.mpd,/videos/BigBuckBunny-2160.avi
14016,0.99818,13.63109,0.99935,47.59528,0.99992,0.89475,0.99157,0.99601,0.99764,100.0,1.01,0.79,0.74,1.13,48.09,49.16,49.44,47.6,0.995,0.993,0.993,0.996,/tmpdir/crf_16.mpd,/videos/BigBuckBunny-2160.avi
14017,0.9982,13.86015,0.99936,47.51745,0.99992,0.89469,0.99145,0.99598,0.99767,100.0,1.04,0.84,0.78,1.15,47.97,48.91,49.2,47.52,0.995,0.993,0.993,0.996,/tmpdir/crf_16.mpd,/videos/BigBuckBunny-2160.avi
14018,0.99605,13.86015,0.99919,45.35436,0.99987,0.85941,0.97839,0.98885,0.99385,100.0,1.57,0.93,0.88,1.9,46.18,48.43,48.69,45.35,0.994,0.992,0.992,0.995,/tmpdir/crf_16.mpd,/videos/BigBuckBunny-2160.avi
14019,0.99845,14.04054,0.99935,47.56842,0.99992,0.89533,0.99182,0.99615,0.99771,100.0,1.02,0.82,0.77,1.14,48.03,48.99,49.29,47.57,0.995,0.993,0.993,0.996,/tmpdir/crf_16.mpd,/videos/BigBuckBunny-2160.avi
14020,0.99802,14.04054,0.99935,47.54643,0.99992,0.89566,0.99167,0.99611,0.9978,100.0,1.02,0.81,0.76,1.14,48.03,49.07,49.3,47.55,0.995,0.993,0.993,0.996,/tmpdir/crf_16.mpd,/videos/BigBuckBunny-2160.avi
14021,0.99588,14.26758,0.9991,44.97886,0.99985,0.8542,0.9763,0.98749,0.99294,100.0,1.7,1.01,0.94,2.07,45.82,48.09,48.39,44.98,0.994,0.991,0.991,0.995,/tmpdir/crf_16.mpd,/videos/BigBuckBunny-2160.avi
14022,0.99808,14.26758,0.9993,47.18304,0.99991,0.89097,0.99091,0.99559,0.9973,100.0,1.1,0.84,0.78,1.24,47.72,48.9,49.21,47.18,0.995,0.993,0.993,0.996,/tmpdir/crf_16.mpd,/videos/BigBuckBunny-2160.avi
14023,0.99607,14.24817,0.99906,45.03699,0.99983,0.85523,0.97648,0.98768,0.99308,100.0,1.69,1.03,0.95,2.04,45.85,48.01,48.35,45.04,0.993,0.991,0.991,0.995,/tmpdir/crf_16.mpd,/videos/BigBuckBunny-2160.avi
14024,0.99799,14.24817,0.99927,47.32519,0.9999,0.89337,0.99132,0.99572,0.99733,100.0,1.08,0.85,0.8,1.2,47.81,48.82,49.11,47.33,0.995,0.992,0.992,0.996,/tmpdir/crf_16.mpd,/videos/BigBuckBunny-2160.avi
14025,0.9982,14.44266,0.99926,47.35021,0.99989,0.89366,0.99132,0.99583,0.99751,100.0,1.08,0.86,0.82,1.2,47.81,48.8,49.02,47.35,0.995,0.992,0.992,0.996,/tmpdir/crf_16.mpd,/videos/BigBuckBunny-2160.avi
14026,0.9979,14.44266,0.99923,47.0533,0.99988,0.8899,0.99059,0.99548,0.99728,100.0,1.14,0.87,0.82,1.28,47.57,48.73,48.98,47.05,0.995,0.992,0.992,0.996,/tmpdir/crf_16.mpd,/videos/BigBuckBunny-2160.avi
14027,0.99557,14.38911,0.99895,44.79473,0.9998,0.85161,0.97504,0.9867,0.99242,100.0,1.77,1.03,0.98,2.16,45.65,47.99,48.22,44.79,0.993,0.991,0.991,0.994,/tmpdir/crf_16.mpd,/videos/BigBuckBunny-2160.avi
14028,0.99783,14.38911,0.99919,47.05231,0.99987,0.88953,0.99056,0.99539,0.99723,100.0,1.14,0.87,0.83,1.28,47.57,48.71,48.95,47.05,0.994,0.992,0.992,0.996,/tmpdir/crf_16.mpd,/videos/BigBuckBunny-2160.avi
14029,0.99581,14.67585,0.99897,44.68249,0.99981,0.85008,0.97538,0.98706,0.99275,100.0,1.83,1.1,1.03,2.21,45.51,47.73,48.0,44.68,0.993,0.991,0.99,0.994,/tmpdir/crf_16.mpd,/videos/BigBuckBunny-2160.avi
14030,0.99774,14.67585,0.9992,46.80951,0.99988,0.88673,0.99007,0.99506,0.9969,100.0,1.21,0.94,0.89,1.36,47.31,48.38,48.66,46.81,0.994,0.992,0.992,0.996,/tmpdir/crf_16.mpd,/videos/BigBuckBunny-2160.avi
14031,0.99801,14.86845,0.99922,46.87003,0.99988,0.88783,0.9901,0.99525,0.99718,100.0,1.21,0.97,0.92,1.34,47.31,48.25,48.48,46.87,0.994,0.991,0.991,0.996,/tmpdir/crf_16.mpd,/videos/BigBuckBunny-2160.avi
14032,0.99521,14.86845,0.99894,44.4765,0.9998,0.84688,0.97388,0.98613,0.99223,100.0,1.91,1.12,1.06,2.32,45.32,47.62,47.87,44.48,0.993,0.99,0.99,0.994,/tmpdir/crf_16.mpd,/videos/BigBuckBunny-2160.avi
14033,0.99797,14.81807,0.99919,46.55593,0.99988,0.88385,0.98932,0.9948,0.99681,100.0,1.28,0.99,0.93,1.44,47.07,48.18,48.46,46.56,0.994,0.991,0.991,0.995,/tmpdir/crf_16.mpd,/videos/BigBuckBunny-2160.avi
14034,0.99507,14.81807,0.99896,44.30879,0.9998,0.84391,0.97461,0.98663,0.99249,100.0,1.98,1.15,1.09,2.41,45.16,47.53,47.76,44.31,0.993,0.99,0.99,0.994,/tmpdir/crf_16.mpd,/videos/BigBuckBunny-2160.avi
14035,0.99766,14.60756,0.9992,46.68009,0.99988,0.88563,0.98976,0.99502,0.99699,100.0,1.25,0.99,0.93,1.4,47.16,48.18,48.45,46.68,0.994,0.991,0.991,0.996,/tmpdir/crf_16.mpd,/videos/BigBuckBunny-2160.avi
14036,0.99529,14.60756,0.99896,44.38516,0.99981,0.84492,0.97435,0.98651,0.99248,100.0,1.94,1.11,1.05,2.37,45.25,47.68,47.91,44.39,0.993,0.991,0.99,0.994,/tmpdir/crf_16.mpd,/videos/BigBuckBunny-2160.avi
14037,0.99777,14.30756,0.99922,46.98493,0.99988,0.88917,0.99072,0.99549,0.99722,100.0,1.17,0.94,0.88,1.3,47.45,48.4,48.69,46.98,0.994,0.992,0.992,0.996,/tmpdir/crf_16.mpd,/videos/BigBuckBunny-2160.avi
14038,0.9953,14.30756,0.99895,44.62574,0.99981,0.84756,0.97518,0.98685,0.99255,100.0,1.85,1.09,1.03,2.24,45.46,47.76,48.0,44.63,0.993,0.991,0.99,0.994,/tmpdir/crf_16.mpd,/videos/BigBuckBunny-2160.avi
14039,0.9977,14.02055,0.99922,47.03176,0.99988,0.88884,0.99054,0.99537,0.99716,100.0,1.16,0.93,0.87,1.29,47.49,48.43,48.72,47.03,0.994,0.992,0.992,0.996,/tmpdir/crf_16.mpd,/videos/BigBuckBunny-2160.avi
14040,0.99771,14.02055,0.99918,46.88176,0.99988,0.88616,0.98966,0.99497,0.99694,100.0,1.19,0.92,0.86,1.33,47.39,48.47,48.76,46.88,0.994,0.992,0.992,0.995,/tmpdir/crf_16.mpd,/videos/BigBuckBunny-2160.avi
14041,0.99864,14.21657,0.99951,49.36404,0.99995,0.92272,0.99508,0.99781,0.9989,100.0,0.66,0.46,0.46,0.75,49.97,51.47,51.53,49.36,0.997,0.996,0.996,0.997,/tmpdir/crf_16.mpd,/videos/BigBuckBunny-2160.avi
14042,0.99528,14.21657,0.99921,45.14584,0.99987,0.85789,0.9773,0.9885,0.9941,100.0,1.52,0.61,0.58,1.99,46.3,50.28,50.5,45.15,0.995,0.995,0.995,0.995,/tmpdir/crf_16.mpd,/videos/BigBuckBunny-2160.avi
14043,0.99811,14.53726,0.99937,47.38709,0.99992,0.89485,0.99112,0.9958,0.99763,100.0,0.97,0.54,0.52,1.19,48.27,50.78,50.98,47.39,0.996,0.995,0.995,0.996,/tmpdir/crf_16.mpd,/videos/BigBuckBunny-2160.avi
14044,0.99789,14.53726,0.99938,47.50662,0.99992,0.89768,0.99128,0.99586,0.99766,100.0,0.95,0.57,0.53,1.15,48.34,50.6,50.88,47.51,0.996,0.995,0.995,0.996,/tmpdir/crf_16.mpd,/videos/BigBuckBunny-2160.avi
14045,0.99593,14.41889,0.99912,45.25699,0.99985,0.86095,0.97652,0.98754,0.993,100.0,1.53,0.76,0.68,1.94,46.28,49.34,49.81,45.26,0.995,0.994,0.994,0.995,/tmpdir/crf_16.mpd,/videos/BigBuckBunny-2160.avi
14046,0.99791,14.41889,0.99931,47.20071,0.9999,0.89324,0.991,0.99558,0.99727,100.0,1.02,0.6,0.55,1.24,48.06,50.37,50.75,47.2,0.996,0.995,0.995,0.996,/tmpdir/crf_16.mpd,/videos/BigBuckBunny-2160.avi
14047,0.99585,14.50373,0.99907,45.03321,0.99983,0.85783,0.97635,0.98752,0.99307,100.0,1.62,0.83,0.74,2.04,46.03,48.93,49.44,45.03,0.994,0.993,0.993,0.995,/tmpdir/crf_16.mpd,/videos/BigBuckBunny-2160.avi
14048,0.99777,14.50373,0.9993,47.56544,0.9999,0.89941,0.99194,0.99602,0.9975,100.0,0.97,0.67,0.61,1.14,48.25,49.87,50.31,47.57,0.995,0.994,0.994,0.996,/tmpdir/crf_16.mpd,/videos/BigBuckBunny-2160.avi
14049,0.99573,14.28771,0.99904,45.25803,0.99983,0.86071,0.97703,0.98777,0.99304,100.0,1.57,0.9,0.79,1.94,46.16,48.61,49.14,45.26,0.994,0.992,0.993,0.995,/tmpdir/crf_16.mpd,/videos/BigBuckBunny-2160.avi
14050,0.99763,14.28771,0.99928,47.54767,0.99989,0.89853,0.99189,0.99596,0.99745,100.0,0.98,0.68,0.61,1.14,48.23,49.81,50.26,47.55,0.995,0.994,0.994,0.996,/tmpdir/crf_16.mpd,/videos/BigBuckBunny-2160.avi
14051,0.99593,14.22675,0.99907,45.27454,0.99983,0.86114,0.97767,0.98827,0.99346,100.0,1.58,0.92,0.81,1.93,46.16,48.5,49.03,45.27,0.994,0.992,0.992,0.995,/tmpdir/crf_16.mpd,/videos/BigBuckBunny-2160.avi
14052,0.99767,14.22675,0.99926,47.59036,0.99989,0.89926,0.99197,0.99603,0.99752,100.0,0.99,0.72,0.66,1.13,48.2,49.53,49.96,47.59,0.995,0.994,0.994,0.996,/tmpdir/crf_16.mpd,/videos/BigBuckBunny-2160.avi
14053,0.99567,14.21761,0.99904,45.30822,0.99983,0.8619,0.97766,0.98823,0.99346,100.0,1.58,0.96,0.86,1.92,46.14,48.29,48.8,45.31,0.994,0.992,0.992,0.995,/tmpdir/crf_16.mpd,/videos/BigBuckBunny-2160.avi
14054,0.99756,14.21761,0.99925,47.51897,0.99989,0.89798,0.99173,0.99594,0.99751,100.0,1.01,0.75,0.68,1.15,48.11,49.36,49.83,47.52,0.995,0.994,0.994,0.996,/tmpdir/crf_16.mpd,/videos/BigBuckBunny-2160.avi
14055,0.99564,14.54155,0.999,45.00917,0.99982,0.8567,0.97635,0.98748,0.99293,100.0,1.69,1.03,0.92,2.05,45.84,47.99,48.5,45.01,0.993,0.992,0.992,0.994,/tmpdir/crf_16.mpd,/videos/BigBuckBunny-2160.avi
14056,0.99748,14.54155,0.99924,47.1718,0.99989,0.89389,0.99124,0.99571,0.99734,100.0,1.09,0.83,0.75,1.25,47.74,48.96,49.39,47.17,0.995,0.993,0.993,0.996,/tmpdir/crf_16.mpd,/videos/BigBuckBunny-2160.avi
14057,0.99548,14.80508,0.99898,44.76367,0.99981,0.85343,0.97554,0.98704,0.99271,100.0,1.79,1.09,0.98,2.17,45.6,47.74,48.23,44.76,0.993,0.991,0.991,0.994,/tmpdir/crf_16.mpd,/videos/BigBuckBunny-2160.avi
14058,0.99722,14.80508,0.99919,46.95633,0.99988,0.89062,0.99021,0.99506,0.99689,100.0,1.15,0.87,0.79,1.31,47.52,48.73,49.18,46.96,0.995,0.993,0.993,0.996,/tmpdir/crf_16.mpd,/videos/BigBuckBunny-2160.avi
14059,0.99762,15.05642,0.99922,47.13022,0.99989,0.89335,0.99054,0.99538,0.9972,100.0,1.13,0.93,0.85,1.26,47.58,48.47,48.85,47.13,0.994,0.992,0.992,0.996,/tmpdir/crf_16.mpd,/videos/BigBuckBunny-2160.avi
14060,0.99709,15.05642,0.99918,46.53577,0.99988,0.88412,0.98899,0.99465,0.99674,100.0,1.27,0.96,0.86,1.44,47.11,48.32,48.76,46.54,0.994,0.992,0.992,0.995,/tmpdir/crf_16.mpd,/videos/BigBuckBunny-2160.avi
14061,0.99757,15.36873,0.99919,46.56247,0.99988,0.88526,0.98932,0.9948,0.99692,100.0,1.28,1.0,0.92,1.43,47.07,48.12,48.5,46.56,0.994,0.992,0.991,0.995,/tmpdir/crf_16.mpd,/videos/BigBuckBunny-2160.avi
14062,0.99714,15.36873,0.99916,46.35747,0.99987,0.88229,0.98833,0.99437,0.9967,100.0,1.32,1.0,0.91,1.5,46.92,48.14,48.52,46.36,0.994,0.992,0.991,0.995,/tmpdir/crf_16.mpd,/videos/BigBuckBunny-2160.avi
14063,0.99523,15.53842,0.99884,44.18268,0.99978,0.84473,0.97238,0.98513,0.99151,100.0,2.06,1.28,1.16,2.48,44.99,47.05,47.49,44.18,0.992,0.99,0.989,0.994,/tmpdir/crf_16.mpd,/videos/BigBuckBunny-2160.avi
14064,0.99698,15.53842,0.99907,46.12093,0.99986,0.87854,0.98787,0.99391,0.99624,100.0,1.4,1.07,0.97,1.59,46.67,47.84,48.26,46.12,0.994,0.991,0.991,0.995,/tmpdir/crf_16.mpd,/videos/BigBuckBunny-2160.avi
14065,0.997,15.85119,0.99914,46.32369,0.99987,0.88243,0.98878,0.9945,0.99668,100.0,1.37,1.12,1.02,1.52,46.77,47.65,48.05,46.32,0.994,0.991,0.991,0.995,/tmpdir/crf_16.mpd,/videos/BigBuckBunny-2160.avi
14066,0.99682,15.85119,0.99912,46.09816,0.99987,0.87911,0.98807,0.99418,0.99649,100.0,1.42,1.11,1.01,1.6,46.61,47.66,48.07,46.1,0.994,0.991,0.991,0.995,/tmpdir/crf_16.mpd,/videos/BigBuckBunny-2160.avi
14067,0.99735,15.94176,0.99912,46.10668,0.99987,0.87953,0.98809,0.99419,0.99657,100.0,1.44,1.17,1.07,1.59,46.56,47.45,47.85,46.11,0.994,0.99,0.99,0.995,/tmpdir/crf_16.mpd,/videos/BigBuckBunny-2160.avi
14068,0.99448,15.94176,0.99881,43.82204,0.99976,0.83924,0.97088,0.98437,0.99099,100.0,2.23,1.36,1.25,2.7,44.64,46.81,47.17,43.82,0.992,0.989,0.989,0.994,/tmpdir/crf_16.mpd,/videos/BigBuckBunny-2160.avi
14069,0.99666,15.78754,0.99909,45.88953,0.99986,0.87632,0.98722,0.99369,0.99615,100.0,1.5,1.19,1.08,1.68,46.38,47.37,47.8,45.89,0.993,0.99,0.99,0.995,/tmpdir/crf_16.mpd,/videos/BigBuckBunny-2160.avi
14070,0.99654,15.78754,0.99907,45.96684,0.99986,0.87682,0.98733,0.9938,0.99624,100.0,1.47,1.19,1.07,1.65,46.45,47.39,47.84,45.97,0.993,0.99,0.99,0.995,/tmpdir/crf_16.mpd,/videos/BigBuckBunny-2160.avi
14071,0.99697,15.67274,0.99912,46.1622,0.99987,0.88023,0.98807,0.99418,0.99654,100.0,1.43,1.18,1.07,1.57,46.59,47.4,47.83,46.16,0.994,0.99,0.99,0.995,/tmpdir/crf_16.mpd,/videos/BigBuckBunny-2160.avi
14072,0.99443,15.67274,0.99879,43.781,0.99976,0.83759,0.9703,0.98405,0.99086,100.0,2.25,1.37,1.25,2.72,44.6,46.76,47.15,43.78,0.992,0.989,0.988,0.994,/tmpdir/crf_16.mpd,/videos/BigBuckBunny-2160.avi
14073,0.99685,15.80634,0.99908,45.86893,0.99986,0.87584,0.98745,0.99385,0.99631,100.0,1.51,1.2,1.1,1.68,46.35,47.32,47.73,45.87,0.993,0.99,0.99,0.995,/tmpdir/crf_16.mpd,/videos/BigBuckBunny-2160.avi
14074,0.99436,15.80634,0.99877,43.6256,0.99976,0.83525,0.97098,0.98417,0.99084,100.0,2.33,1.41,1.3,2.82,44.45,46.65,47.0,43.63,0.992,0.989,0.988,0.994,/tmpdir/crf_16.mpd,/videos/BigBuckBunny-2160.avi
14075,0.99645,16.05097,0.99911,45.96994,0.99986,0.87826,0.98827,0.99424,0.99641,100.0,1.48,1.21,1.1,1.64,46.42,47.31,47.7,45.97,0.993,0.99,0.99,0.995,/tmpdir/crf_16.mpd,/videos/BigBuckBunny-2160.avi
14076,0.9944,16.05097,0.99883,43.51131,0.99977,0.83365,0.97164,0.98494,0.99146,100.0,2.38,1.4,1.3,2.9,44.36,46.66,46.99,43.51,0.992,0.989,0.988,0.994,/tmpdir/crf_16.mpd,/videos/BigBuckBunny-2160.avi
14077,0.99669,16.30328,0.99913,45.91282,0.99986,0.87794,0.98827,0.99421,0.99655,100.0,1.49,1.2,1.1,1.67,46.39,47.34,47.71,45.91,0.994,0.99,0.99,0.995,/tmpdir/crf_16.mpd,/videos/BigBuckBunny-2160.avi
14078,0.99683,16.30328,0.99911,45.84983,0.99986,0.87759,0.98795,0.99419,0.99661,100.0,1.5,1.17,1.08,1.69,46.36,47.45,47.79,45.85,0.994,0.99,0.99,0.995,/tmpdir/crf_16.mpd,/videos/BigBuckBunny-2160.avi
14079,0.99469,16.18903,0.99873,43.51503,0.99974,0.83451,0.96964,0.98353,0.99053,100.0,2.39,1.46,1.33,2.89,44.34,46.5,46.89,43.52,0.992,0.988,0.988,0.994,/tmpdir/crf_16.mpd,/videos/BigBuckBunny-2160.avi
14080,0.99681,16.18903,0.99902,45.60485,0.99984,0.87237,0.98645,0.99321,0.99585,100.0,1.57,1.18,1.08,1.79,46.17,47.42,47.79,45.6,0.993,0.99,0.99,0.995,/tmpdir/crf_16.mpd,/videos/BigBuckBunny-2160.avi
14081,0.99474,16.12509,0.99871,43.58364,0.99974,0.83546,0.97025,0.98384,0.99076,100.0,2.37,1.5,1.34,2.85,44.38,46.38,46.85,43.58,0.992,0.988,0.988,0.993,/tmpdir/crf_16.mpd,/videos/BigBuckBunny-2160.avi
14082,0.99634,16.12509,0.99903,45.72461,0.99984,0.87428,0.98735,0.99368,0.99609,100.0,1.55,1.22,1.11,1.74,46.23,47.27,47.68,45.72,0.993,0.99,0.989,0.995,/tmpdir/crf_16.mpd,/videos/BigBuckBunny-2160.avi
14083,0.99701,16.44748,0.99909,45.76235,0.99986,0.87514,0.98764,0.99403,0.99652,100.0,1.56,1.29,1.18,1.73,46.19,47.04,47.4,45.76,0.993,0.989,0.989,0.995,/tmpdir/crf_16.mpd,/videos/BigBuckBunny-2160.avi
14084,0.99644,16.44748,0.99906,45.56991,0.99985,0.87254,0.98677,0.99358,0.99619,100.0,1.61,1.27,1.16,1.8,46.07,47.11,47.5,45.57,0.993,0.989,0.989,0.995,/tmpdir/crf_16.mpd,/videos/BigBuckBunny-2160.avi
14085,0.99423,16.38301,0.9987,43.42409,0.99973,0.83323,0.96918,0.98326,0.99026,100.0,2.45,1.52,1.38,2.96,44.23,46.31,46.73,43.42,0.991,0.988,0.987,0.993,/tmpdir/crf_16.mpd,/videos/BigBuckBunny-2160.avi
14086,0.99636,16.38301,0.99904,45.6646,0.99984,0.87413,0.98745,0.99378,0.99624,100.0,1.57,1.24,1.14,1.76,46.16,47.18,47.55,45.66,0.993,0.99,0.989,0.995,/tmpdir/crf_16.mpd,/videos/BigBuckBunny-2160.avi
14087,0.99454,16.36927,0.99875,43.52256,0.99974,0.83524,0.97109,0.98444,0.99119,100.0,2.41,1.54,1.39,2.89,44.3,46.26,46.7,43.52,0.991,0.987,0.987,0.994,/tmpdir/crf_16.mpd,/videos/BigBuckBunny-2160.avi
14088,0.99637,16.36927,0.99904,45.66971,0.99984,0.87451,0.98761,0.99384,0.99625,100.0,1.58,1.25,1.15,1.76,46.15,47.15,47.51,45.67,0.993,0.989,0.989,0.995,/tmpdir/crf_16.mpd,/videos/BigBuckBunny-2160.avi
14089,0.99439,16.41886,0.99872,43.47043,0.99974,0.8341,0.97034,0.98391,0.99078,100.0,2.44,1.56,1.41,2.92,44.25,46.19,46.65,43.47,0.991,0.987,0.987,0.993,/tmpdir/crf_16.mpd,/videos/BigBuckBunny-2160.avi
14090,0.99637,16.41886,0.99903,45.68266,0.99984,0.87462,0.98771,0.99389,0.9963,100.0,1.57,1.27,1.15,1.76,46.16,47.11,47.52,45.68,0.993,0.989,0.989,0.995,/tmpdir/crf_16.mpd,/videos/BigBuckBunny-2160.avi
14091,0.99435,16.42259,0.9987,43.44608,0.99974,0.83341,0.97021,0.98383,0.99081,100.0,2.46,1.57,1.4,2.94,44.23,46.16,46.66,43.45,0.991,0.987,0.987,0.993,/tmpdir/crf_16.mpd,/videos/BigBuckBunny-2160.avi
14092,0.99629,16.42259,0.99903,45.61516,0.99983,0.87384,0.98732,0.99375,0.99623,100.0,1.6,1.28,1.16,1.78,46.1,47.07,47.5,45.62,0.993,0.989,0.989,0.995,/tmpdir/crf_16.mpd,/videos/BigBuckBunny-2160.avi
14093,0.99451,16.29868,0.99875,43.52557,0.99974,0.8357,0.9712,0.98455,0.9912,100.0,2.42,1.58,1.4,2.89,44.29,46.16,46.67,43.53,0.991,0.987,0.987,0.994,/tmpdir/crf_16.mpd,/videos/BigBuckBunny-2160.avi
14094,0.99639,16.29868,0.99901,45.70115,0.99983,0.87485,0.98765,0.99392,0.99639,100.0,1.56,1.25,1.14,1.75,46.19,47.15,47.57,45.7,0.993,0.99,0.989,0.995,/tmpdir/crf_16.mpd,/videos/BigBuckBunny-2160.avi
14095,0.99445,16.27647,0.9987,43.54173,0.99974,0.83497,0.97076,0.98429,0.99113,100.0,2.41,1.55,1.38,2.88,44.32,46.22,46.73,43.54,0.991,0.988,0.987,0.993,/tmpdir/crf_16.mpd,/videos/BigBuckBunny-2160.avi
14096,0.99623,16.27647,0.99897,45.55119,0.99983,0.87194,0.98686,0.99347,0.9961,100.0,1.61,1.26,1.14,1.81,46.07,47.12,47.55,45.55,0.993,0.989,0.989,0.995,/tmpdir/crf_16.mpd,/videos/BigBuckBunny-2160.avi
14097,0.99685,16.32724,0.999,45.53605,0.99983,0.87186,0.98639,0.99323,0.99596,100.0,1.64,1.34,1.21,1.82,45.99,46.86,47.29,45.54,0.993,0.989,0.989,0.995,/tmpdir/crf_16.mpd,/videos/BigBuckBunny-2160.avi
14098,0.99433,16.32724,0.9987,43.41476,0.99972,0.83293,0.96998,0.98393,0.99097,100.0,2.45,1.5,1.37,2.96,44.23,46.36,46.76,43.41,0.991,0.988,0.987,0.994,/tmpdir/crf_16.mpd,/videos/BigBuckBunny-2160.avi
14099,0.99669,16.29256,0.99894,45.35371,0.99981,0.86876,0.9857,0.99303,0.99585,100.0,1.69,1.33,1.21,1.9,45.86,46.91,47.32,45.35,0.993,0.989,0.989,0.995,/tmpdir/crf_16.mpd,/videos/BigBuckBunny-2160.avi
14100,0.99449,16.29256,0.99863,43.26279,0.99971,0.82956,0.97001,0.98363,0.99058,100.0,2.54,1.54,1.41,3.07,44.09,46.25,46.64,43.26,0.991,0.987,0.987,0.993,/tmpdir/crf_16.mpd,/videos/BigBuckBunny-2160.avi
14101,0.99593,16.41879,0.99897,45.45713,0.99981,0.87084,0.98661,0.99346,0.99616,100.0,1.66,1.33,1.21,1.85,45.94,46.89,47.29,45.46,0.993,0.989,0.988,0.995,/tmpdir/crf_16.mpd,/videos/BigBuckBunny-2160.avi
14102,0.99664,16.41879,0.99898,45.52142,0.99982,0.8719,0.98696,0.99377,0.99641,100.0,1.62,1.28,1.17,1.82,46.03,47.07,47.44,45.52,0.993,0.989,0.989,0.995,/tmpdir/crf_16.mpd,/videos/BigBuckBunny-2160.avi
14103,0.99457,16.2176,0.99863,43.46164,0.99969,0.8339,0.96984,0.98366,0.9906,100.0,2.44,1.53,1.39,2.93,44.26,46.27,46.7,43.46,0.991,0.987,0.987,0.993,/tmpdir/crf_16.mpd,/videos/BigBuckBunny-2160.avi
14104,0.99627,16.2176,0.99885,45.30747,0.99978,0.86785,0.98556,0.99281,0.99577,100.0,1.68,1.25,1.15,1.92,45.88,47.15,47.51,45.31,0.993,0.989,0.989,0.995,/tmpdir/crf_16.mpd,/videos/BigBuckBunny-2160.avi
14105,0.99405,16.1081,0.99859,43.34744,0.99969,0.83148,0.96979,0.98365,0.99075,100.0,2.49,1.54,1.38,3.01,44.17,46.27,46.72,43.35,0.991,0.987,0.987,0.993,/tmpdir/crf_16.mpd,/videos/BigBuckBunny-2160.avi
14106,0.99566,16.1081,0.99886,45.41835,0.99978,0.86976,0.98614,0.99314,0.99594,100.0,1.65,1.28,1.16,1.87,45.95,47.06,47.48,45.42,0.993,0.989,0.989,0.995,/tmpdir/crf_16.mpd,/videos/BigBuckBunny-2160.avi
14107,0.99354,15.85624,0.99859,43.40064,0.99969,0.83149,0.9694,0.98335,0.99045,100.0,2.47,1.53,1.37,2.97,44.21,46.28,46.76,43.4,0.991,0.987,0.987,0.993,/tmpdir/crf_16.mpd,/videos/BigBuckBunny-2160.avi
14108,0.99559,15.85624,0.99889,45.5308,0.99979,0.87081,0.98657,0.99345,0.99622,100.0,1.61,1.23,1.12,1.82,46.07,47.22,47.62,45.53,0.993,0.99,0.989,0.995,/tmpdir/crf_16.mpd,/videos/BigBuckBunny-2160.avi
14109,0.99384,15.617,0.99864,43.62705,0.99971,0.83542,0.97145,0.98471,0.99139,100.0,2.35,1.48,1.32,2.82,44.43,46.44,46.92,43.63,0.992,0.988,0.987,0.994,/tmpdir/crf_16.mpd,/videos/BigBuckBunny-2160.avi
14110,0.99576,15.617,0.99887,45.70575,0.99979,0.87371,0.98683,0.99355,0.99629,100.0,1.55,1.2,1.1,1.75,46.23,47.32,47.72,45.71,0.993,0.99,0.989,0.995,/tmpdir/crf_16.mpd,/videos/BigBuckBunny-2160.avi
14111,0.99323,15.46335,0.99842,43.06329,0.99963,0.82523,0.96623,0.98125,0.98897,100.0,2.62,1.52,1.35,3.21,43.95,46.32,46.84,43.06,0.991,0.987,0.987,0.993,/tmpdir/crf_16.mpd,/videos/BigBuckBunny-2160.avi
14112,0.99461,15.46335,0.99863,44.91105,0.99971,0.85882,0.98235,0.99118,0.99489,100.0,1.81,1.29,1.16,2.1,45.56,47.03,47.5,44.91,0.992,0.989,0.989,0.994,/tmpdir/crf_16.mpd,/videos/BigBuckBunny-2160.avi
14113,0.99549,15.46249,0.99869,44.92077,0.99972,0.85938,0.98254,0.99125,0.99495,100.0,1.84,1.41,1.26,2.09,45.48,46.64,47.13,44.92,0.992,0.988,0.988,0.994,/tmpdir/crf_16.mpd,/videos/BigBuckBunny-2160.avi
14114,0.99293,15.46249,0.99842,42.97228,0.99962,0.82259,0.96686,0.98209,0.98977,100.0,2.7,1.62,1.44,3.28,43.82,46.04,46.54,42.97,0.991,0.986,0.986,0.993,/tmpdir/crf_16.mpd,/videos/BigBuckBunny-2160.avi
14115,0.99497,15.56623,0.99865,44.70551,0.9997,0.85626,0.98185,0.99101,0.99483,100.0,1.93,1.45,1.29,2.2,45.29,46.5,47.01,44.71,0.992,0.988,0.987,0.994,/tmpdir/crf_16.mpd,/videos/BigBuckBunny-2160.avi
14116,0.99291,15.56623,0.99837,42.69856,0.99962,0.8176,0.96597,0.98125,0.98897,100.0,2.86,1.68,1.5,3.49,43.57,45.87,46.38,42.7,0.99,0.986,0.986,0.993,/tmpdir/crf_16.mpd,/videos/BigBuckBunny-2160.avi
14117,0.99399,15.55452,0.99863,44.74235,0.99971,0.85643,0.98208,0.99114,0.99493,100.0,1.92,1.47,1.31,2.18,45.31,46.47,46.97,44.74,0.992,0.987,0.987,0.994,/tmpdir/crf_16.mpd,/videos/BigBuckBunny-2160.avi
14118,0.99477,15.55452,0.99863,44.73997,0.99972,0.85574,0.98233,0.99136,0.99509,100.0,1.91,1.44,1.3,2.18,45.32,46.54,47.0,44.74,0.992,0.987,0.987,0.994,/tmpdir/crf_16.mpd,/videos/BigBuckBunny-2160.avi
14119,0.99497,15.71903,0.99863,44.60638,0.9997,0.85482,0.98149,0.99065,0.99458,100.0,1.98,1.53,1.37,2.25,45.15,46.28,46.76,44.61,0.992,0.987,0.986,0.994,/tmpdir/crf_16.mpd,/videos/BigBuckBunny-2160.avi
14120,0.99276,15.71903,0.99839,42.76663,0.99962,0.81898,0.96631,0.98181,0.98949,100.0,2.83,1.69,1.53,3.44,43.61,45.84,46.29,42.77,0.99,0.985,0.985,0.993,/tmpdir/crf_16.mpd,/videos/BigBuckBunny-2160.avi
14121,0.99464,15.76622,0.99865,44.63534,0.99971,0.85546,0.98193,0.99102,0.99487,100.0,1.97,1.5,1.36,2.24,45.19,46.37,46.81,44.64,0.992,0.987,0.987,0.994,/tmpdir/crf_16.mpd,/videos/BigBuckBunny-2160.avi
14122,0.99298,15.76622,0.99836,42.5653,0.99962,0.81491,0.96623,0.9814,0.98896,100.0,2.95,1.74,1.55,3.6,43.43,45.73,46.22,42.57,0.99,0.985,0.985,0.992,/tmpdir/crf_16.mpd,/videos/BigBuckBunny-2160.avi
14123,0.99399,15.78275,0.99864,44.63791,0.99971,0.85532,0.98189,0.99107,0.99497,100.0,1.97,1.52,1.36,2.24,45.19,46.32,46.79,44.64,0.992,0.987,0.986,0.994,/tmpdir/crf_16.mpd,/videos/BigBuckBunny-2160.avi
14124,0.99284,15.78275,0.99841,42.44125,0.99964,0.81302,0.96628,0.98183,0.98941,100.0,3.01,1.69,1.52,3.71,43.35,45.85,46.31,42.44,0.99,0.986,0.985,0.993,/tmpdir/crf_16.mpd,/videos/BigBuckBunny-2160.avi
14125,0.99422,15.72355,0.99869,44.74075,0.99972,0.85696,0.98292,0.99165,0.9953,100.0,1.91,1.45,1.31,2.18,45.31,46.52,46.96,44.74,0.992,0.987,0.987,0.994,/tmpdir/crf_16.mpd,/videos/BigBuckBunny-2160.avi
14126,0.99277,15.72355,0.99842,42.55936,0.99964,0.81562,0.96761,0.98249,0.98988,100.0,2.93,1.65,1.49,3.61,43.47,45.96,46.41,42.56,0.99,0.986,0.985,0.993,/tmpdir/crf_16.mpd,/videos/BigBuckBunny-2160.avi
14127,0.99414,15.87433,0.9987,44.6606,0.99973,0.8562,0.98301,0.99167,0.99531,100.0,1.94,1.44,1.3,2.22,45.25,46.54,46.98,44.66,0.992,0.987,0.987,0.994,/tmpdir/crf_16.mpd,/videos/BigBuckBunny-2160.avi
14128,0.99452,15.87433,0.99863,44.52779,0.99971,0.85384,0.98193,0.99114,0.99498,100.0,1.99,1.44,1.31,2.29,45.15,46.53,46.96,44.53,0.992,0.987,0.987,0.994,/tmpdir/crf_16.mpd,/videos/BigBuckBunny-2160.avi
14129,0.99455,15.82619,0.99861,44.46032,0.99968,0.85278,0.98114,0.99041,0.99453,100.0,2.03,1.49,1.36,2.33,45.06,46.38,46.81,44.46,0.992,0.987,0.986,0.994,/tmpdir/crf_16.mpd,/videos/BigBuckBunny-2160.avi
14130,0.9927,15.82619,0.99841,42.73111,0.99962,0.81948,0.96698,0.98246,0.99004,100.0,2.83,1.64,1.49,3.47,43.61,45.98,46.39,42.73,0.99,0.986,0.985,0.993,/tmpdir/crf_16.mpd,/videos/BigBuckBunny-2160.avi
14131,0.99434,15.92289,0.99865,44.43058,0.9997,0.85301,0.98183,0.99098,0.9949,100.0,2.03,1.46,1.34,2.34,45.06,46.49,46.87,44.43,0.992,0.987,0.986,0.994,/tmpdir/crf_16.mpd,/videos/BigBuckBunny-2160.avi
14132,0.9928,15.92289,0.99838,42.42434,0.99962,0.81448,0.96667,0.98154,0.98913,100.0,3.01,1.67,1.52,3.72,43.34,45.9,46.32,42.42,0.99,0.985,0.985,0.993,/tmpdir/crf_16.mpd,/videos/BigBuckBunny-2160.avi
14133,0.99359,15.94999,0.99866,44.47525,0.99971,0.8543,0.98228,0.9913,0.99512,100.0,2.01,1.47,1.34,2.32,45.09,46.46,46.86,44.48,0.992,0.987,0.986,0.994,/tmpdir/crf_16.mpd,/videos/BigBuckBunny-2160.avi
14134,0.9927,15.94999,0.99842,42.46467,0.99964,0.81497,0.9671,0.98244,0.98995,100.0,2.97,1.61,1.47,3.69,43.4,46.06,46.47,42.46,0.99,0.985,0.985,0.993,/tmpdir/crf_16.mpd,/videos/BigBuckBunny-2160.avi
14135,0.99366,15.99,0.99871,44.46662,0.99973,0.85388,0.98215,0.99117,0.99511,100.0,2.0,1.41,1.29,2.32,45.12,46.63,47.01,44.47,0.992,0.987,0.987,0.994,/tmpdir/crf_16.mpd,/videos/BigBuckBunny-2160.avi
14136,0.99285,15.99,0.99846,42.53402,0.99964,0.81704,0.96835,0.98283,0.98998,100.0,2.92,1.58,1.44,3.63,43.47,46.15,46.55,42.53,0.99,0.986,0.985,0.993,/tmpdir/crf_16.mpd,/videos/BigBuckBunny-2160.avi
14137,0.99359,16.1347,0.99872,44.49795,0.99973,0.85536,0.98286,0.99159,0.99532,100.0,1.99,1.41,1.29,2.31,45.15,46.64,47.03,44.5,0.992,0.987,0.987,0.994,/tmpdir/crf_16.mpd,/videos/BigBuckBunny-2160.avi
14138,0.99275,16.1347,0.99844,42.40965,0.99964,0.81459,0.96752,0.98242,0.98968,100.0,2.98,1.54,1.41,3.73,43.39,46.26,46.65,42.41,0.99,0.986,0.985,0.993,/tmpdir/crf_16.mpd,/videos/BigBuckBunny-2160.avi
14139,0.99361,16.18292,0.99874,44.57594,0.99975,0.85599,0.98324,0.99176,0.99544,100.0,1.95,1.36,1.25,2.27,45.24,46.78,47.15,44.58,0.992,0.987,0.987,0.995,/tmpdir/crf_16.mpd,/videos/BigBuckBunny-2160.avi
14140,0.9931,16.18292,0.9985,42.61038,0.99966,0.81902,0.96968,0.98385,0.99072,100.0,2.86,1.5,1.37,3.56,43.57,46.37,46.75,42.61,0.991,0.986,0.985,0.993,/tmpdir/crf_16.mpd,/videos/BigBuckBunny-2160.avi
14141,0.99338,16.34302,0.99878,44.52078,0.99975,0.85575,0.98338,0.99191,0.99553,100.0,1.97,1.36,1.24,2.3,45.2,46.79,47.18,44.52,0.992,0.987,0.987,0.995,/tmpdir/crf_16.mpd,/videos/BigBuckBunny-2160.avi
14142,0.99262,16.34302,0.9985,42.51769,0.99965,0.81804,0.96884,0.98325,0.99025,100.0,2.9,1.49,1.36,3.64,43.5,46.41,46.79,42.52,0.991,0.986,0.986,0.993,/tmpdir/crf_16.mpd,/videos/BigBuckBunny-2160.avi
14143,0.99341,16.3631,0.99878,44.63401,0.99976,0.8571,0.98354,0.99191,0.99553,100.0,1.92,1.33,1.22,2.24,45.31,46.91,47.28,44.63,0.992,0.987,0.987,0.995,/tmpdir/crf_16.mpd,/videos/BigBuckBunny-2160.avi
14144,0.99417,16.3631,0.9987,44.65776,0.99972,0.85722,0.98341,0.99192,0.99556,100.0,1.9,1.3,1.19,2.22,45.35,46.99,47.37,44.66,0.992,0.987,0.987,0.994,/tmpdir/crf_16.mpd,/videos/BigBuckBunny-2160.avi
14145,0.99417,16.55568,0.99874,44.48147,0.99972,0.85519,0.98246,0.99119,0.99502,100.0,1.98,1.38,1.25,2.32,45.16,46.75,47.16,44.48,0.992,0.987,0.986,0.994,/tmpdir/crf_16.mpd,/videos/BigBuckBunny-2160.avi
14146,0.99276,16.55568,0.99852,42.68405,0.99965,0.82178,0.96887,0.98349,0.99052,100.0,2.81,1.5,1.36,3.5,43.64,46.38,46.8,42.68,0.991,0.986,0.985,0.993,/tmpdir/crf_16.mpd,/videos/BigBuckBunny-2160.avi
14147,0.99399,16.54694,0.99879,44.6191,0.99975,0.85696,0.98319,0.99171,0.99536,100.0,1.92,1.33,1.22,2.24,45.29,46.89,47.26,44.62,0.992,0.987,0.987,0.995,/tmpdir/crf_16.mpd,/videos/BigBuckBunny-2160.avi
14148,0.99331,16.54694,0.99871,44.6547,0.99972,0.85833,0.98378,0.99214,0.99563,100.0,1.9,1.3,1.19,2.23,45.34,46.98,47.37,44.65,0.992,0.987,0.987,0.994,/tmpdir/crf_16.mpd,/videos/BigBuckBunny-2160.avi
14149,0.99816,16.69381,0.99937,47.55309,0.99991,0.90518,0.99313,0.99673,0.99819,100.0,0.99,0.69,0.67,1.14,48.19,49.77,49.89,47.55,0.995,0.993,0.993,0.997,/tmpdir/crf_16.mpd,/videos/BigBuckBunny-2160.avi
14150,0.99657,16.69381,0.9991,45.89271,0.99982,0.88079,0.98815,0.99435,0.99696,100.0,1.35,0.72,0.7,1.67,46.82,49.54,49.7,45.89,0.995,0.993,0.992,0.996,/tmpdir/crf_16.mpd,/videos/BigBuckBunny-2160.avi
14151,0.99397,16.84893,0.99877,43.7893,0.99971,0.84643,0.97372,0.9859,0.99209,100.0,2.08,0.82,0.79,2.72,44.95,49.01,49.18,43.79,0.993,0.992,0.991,0.994,/tmpdir/crf_16.mpd,/videos/BigBuckBunny-2160.avi
14152,0.99613,16.84893,0.999,45.85703,0.99981,0.88023,0.98747,0.99373,0.99648,100.0,1.36,0.71,0.68,1.69,46.81,49.64,49.79,45.86,0.994,0.993,0.992,0.995,/tmpdir/crf_16.mpd,/videos/BigBuckBunny-2160.avi
14153,0.99387,16.9105,0.99872,43.69867,0.9997,0.84531,0.9746,0.98618,0.99203,100.0,2.13,0.85,0.81,2.77,44.85,48.83,49.06,43.7,0.993,0.991,0.991,0.994,/tmpdir/crf_16.mpd,/videos/BigBuckBunny-2160.avi
14154,0.99506,16.9105,0.999,45.60375,0.99981,0.87629,0.98719,0.99386,0.99668,100.0,1.43,0.74,0.7,1.79,46.57,49.46,49.68,45.6,0.994,0.992,0.992,0.995,/tmpdir/crf_16.mpd,/videos/BigBuckBunny-2160.avi
14155,0.9933,16.80952,0.99872,43.52695,0.9997,0.84218,0.97405,0.98622,0.99237,100.0,2.21,0.89,0.82,2.89,44.69,48.66,48.97,43.53,0.993,0.991,0.991,0.994,/tmpdir/crf_16.mpd,/videos/BigBuckBunny-2160.avi
14156,0.99499,16.80952,0.99903,45.86306,0.99982,0.88084,0.98784,0.9941,0.99675,100.0,1.36,0.73,0.69,1.69,46.79,49.5,49.75,45.86,0.994,0.992,0.992,0.996,/tmpdir/crf_16.mpd,/videos/BigBuckBunny-2160.avi
14157,0.99322,16.86825,0.99874,43.61911,0.99971,0.84351,0.97453,0.98651,0.9924,100.0,2.17,0.9,0.83,2.83,44.76,48.58,48.93,43.62,0.993,0.991,0.991,0.994,/tmpdir/crf_16.mpd,/videos/BigBuckBunny-2160.avi
14158,0.99487,16.86825,0.99901,45.62847,0.99982,0.87755,0.98724,0.9938,0.99661,100.0,1.43,0.76,0.71,1.78,46.58,49.35,49.65,45.63,0.994,0.992,0.992,0.995,/tmpdir/crf_16.mpd,/videos/BigBuckBunny-2160.avi
14159,0.99564,17.00049,0.99901,45.61079,0.99981,0.87743,0.98674,0.99343,0.99624,100.0,1.46,0.84,0.76,1.79,46.5,48.91,49.32,45.61,0.994,0.991,0.991,0.995,/tmpdir/crf_16.mpd,/videos/BigBuckBunny-2160.avi
14160,0.9939,17.00049,0.99881,43.60471,0.99973,0.84294,0.97492,0.98678,0.99243,100.0,2.19,0.96,0.87,2.84,44.72,48.33,48.74,43.6,0.993,0.99,0.99,0.994,/tmpdir/crf_16.mpd,/videos/BigBuckBunny-2160.avi
14161,0.99556,17.05558,0.99909,45.74528,0.99984,0.87861,0.98701,0.99366,0.99649,100.0,1.42,0.83,0.76,1.73,46.61,48.93,49.32,45.75,0.994,0.991,0.991,0.996,/tmpdir/crf_16.mpd,/videos/BigBuckBunny-2160.avi
14162,0.99476,17.05558,0.99903,45.68694,0.99981,0.8791,0.98804,0.99427,0.99681,100.0,1.43,0.81,0.74,1.76,46.58,49.05,49.41,45.69,0.994,0.991,0.991,0.996,/tmpdir/crf_16.mpd,/videos/BigBuckBunny-2160.avi
14163,0.99321,17.23215,0.99878,43.53075,0.99972,0.84284,0.97384,0.98601,0.99209,100.0,2.24,0.99,0.89,2.88,44.64,48.19,48.62,43.53,0.993,0.99,0.99,0.994,/tmpdir/crf_16.mpd,/videos/BigBuckBunny-2160.avi
14164,0.99538,17.23215,0.99903,45.59055,0.99982,0.87743,0.98698,0.99354,0.99642,100.0,1.46,0.83,0.76,1.79,46.48,48.94,49.31,45.59,0.994,0.991,0.991,0.995,/tmpdir/crf_16.mpd,/videos/BigBuckBunny-2160.avi
14165,0.9936,17.20739,0.99878,43.55911,0.99971,0.84316,0.97497,0.98646,0.99221,100.0,2.22,0.99,0.89,2.87,44.66,48.17,48.65,43.56,0.993,0.99,0.99,0.994,/tmpdir/crf_16.mpd,/videos/BigBuckBunny-2160.avi
14166,0.99457,17.20739,0.99905,45.5528,0.99983,0.87659,0.9874,0.99386,0.99668,100.0,1.47,0.84,0.76,1.81,46.45,48.9,49.32,45.55,0.994,0.991,0.991,0.996,/tmpdir/crf_16.mpd,/videos/BigBuckBunny-2160.avi
14167,0.99532,17.4012,0.99909,45.61181,0.99983,0.87714,0.98737,0.9938,0.99654,100.0,1.48,0.9,0.81,1.79,46.44,48.58,49.03,45.61,0.994,0.99,0.99,0.996,/tmpdir/crf_16.mpd,/videos/BigBuckBunny-2160.avi
14168,0.99484,17.4012,0.99903,45.606,0.9998,0.8789,0.98794,0.99418,0.99675,100.0,1.47,0.87,0.79,1.79,46.46,48.73,49.14,45.61,0.994,0.991,0.991,0.996,/tmpdir/crf_16.mpd,/videos/BigBuckBunny-2160.avi
14169,0.99281,17.30042,0.99879,43.47391,0.99972,0.84223,0.97448,0.98642,0.99229,100.0,2.27,1.0,0.9,2.92,44.58,48.11,48.58,43.47,0.993,0.989,0.989,0.994,/tmpdir/crf_16.mpd,/videos/BigBuckBunny-2160.avi
14170,0.99449,17.30042,0.99905,45.54243,0.99982,0.87713,0.98744,0.99382,0.99652,100.0,1.48,0.87,0.78,1.81,46.41,48.75,49.19,45.54,0.994,0.991,0.991,0.996,/tmpdir/crf_16.mpd,/videos/BigBuckBunny-2160.avi
14171,0.99305,17.3247,0.9988,43.3258,0.99972,0.84021,0.97468,0.98652,0.99237,100.0,2.33,1.0,0.9,3.02,44.45,48.11,48.59,43.33,0.993,0.989,0.989,0.994,/tmpdir/crf_16.mpd,/videos/BigBuckBunny-2160.avi
14172,0.99425,17.3247,0.99907,45.51444,0.99982,0.87725,0.98765,0.99398,0.99669,100.0,1.5,0.88,0.79,1.83,46.38,48.71,49.13,45.51,0.994,0.99,0.99,0.996,/tmpdir/crf_16.mpd,/videos/BigBuckBunny-2160.avi
14173,0.9927,17.43494,0.99881,43.30715,0.99972,0.84072,0.97489,0.98663,0.99252,100.0,2.34,1.01,0.91,3.04,44.43,48.09,48.56,43.31,0.993,0.989,0.989,0.994,/tmpdir/crf_16.mpd,/videos/BigBuckBunny-2160.avi
14174,0.99452,17.43494,0.9991,45.62481,0.99983,0.87888,0.98811,0.99424,0.99684,100.0,1.47,0.88,0.79,1.78,46.47,48.7,49.15,45.62,0.994,0.99,0.99,0.996,/tmpdir/crf_16.mpd,/videos/BigBuckBunny-2160.avi
14175,0.99275,17.48635,0.99883,43.34657,0.99973,0.84101,0.97478,0.98655,0.99243,100.0,2.32,1.01,0.9,3.01,44.47,48.1,48.59,43.35,0.993,0.989,0.989,0.994,/tmpdir/crf_16.mpd,/videos/BigBuckBunny-2160.avi
14176,0.9947,17.48635,0.99915,45.66651,0.99985,0.87961,0.98824,0.99434,0.99693,100.0,1.45,0.88,0.79,1.76,46.51,48.7,49.15,45.67,0.994,0.99,0.99,0.996,/tmpdir/crf_16.mpd,/videos/BigBuckBunny-2160.avi
14177,0.99338,17.3463,0.99887,43.33748,0.99974,0.84082,0.97579,0.98723,0.99286,100.0,2.32,1.0,0.88,3.02,44.47,48.13,48.66,43.34,0.993,0.989,0.989,0.995,/tmpdir/crf_16.mpd,/videos/BigBuckBunny-2160.avi
14178,0.99465,17.3463,0.99913,45.70649,0.99984,0.88017,0.98821,0.99425,0.99687,100.0,1.44,0.87,0.78,1.75,46.55,48.74,49.22,45.71,0.994,0.99,0.991,0.996,/tmpdir/crf_16.mpd,/videos/BigBuckBunny-2160.avi
14179,0.99319,17.36268,0.99887,43.38317,0.99974,0.84095,0.97567,0.9871,0.99275,100.0,2.3,0.98,0.88,2.98,44.51,48.2,48.7,43.38,0.993,0.989,0.989,0.995,/tmpdir/crf_16.mpd,/videos/BigBuckBunny-2160.avi
14180,0.99464,17.36268,0.99913,45.60072,0.99984,0.87849,0.98801,0.99417,0.99678,100.0,1.47,0.87,0.79,1.79,46.46,48.72,49.18,45.6,0.994,0.99,0.99,0.996,/tmpdir/crf_16.mpd,/videos/BigBuckBunny-2160.avi
14181,0.99303,17.51223,0.99888,43.33683,0.99973,0.84052,0.97531,0.98686,0.99261,100.0,2.32,0.99,0.88,3.02,44.47,48.18,48.69,43.34,0.993,0.989,0.989,0.995,/tmpdir/crf_16.mpd,/videos/BigBuckBunny-2160.avi
14182,0.99457,17.51223,0.99915,45.52701,0.99984,0.87772,0.98785,0.9941,0.99677,100.0,1.49,0.88,0.79,1.82,46.39,48.69,49.17,45.53,0.994,0.99,0.99,0.996,/tmpdir/crf_16.mpd,/videos/BigBuckBunny-2160.avi
14183,0.99346,17.52885,0.99889,43.30074,0.99974,0.84006,0.97578,0.98726,0.99285,100.0,2.34,0.98,0.87,3.04,44.45,48.23,48.71,43.3,0.993,0.989,0.989,0.995,/tmpdir/crf_16.mpd,/videos/BigBuckBunny-2160.avi
14184,0.99453,17.52885,0.99913,45.56519,0.99984,0.87792,0.98771,0.99399,0.99672,100.0,1.48,0.88,0.79,1.81,46.42,48.7,49.15,45.57,0.994,0.99,0.99,0.996,/tmpdir/crf_16.mpd,/videos/BigBuckBunny-2160.avi
14185,0.99525,17.67952,0.99915,45.51592,0.99984,0.8772,0.98727,0.99365,0.99639,100.0,1.5,0.91,0.81,1.83,46.36,48.53,49.02,45.52,0.994,0.989,0.99,0.996,/tmpdir/crf_16.mpd,/videos/BigBuckBunny-2160.avi
14186,0.99392,17.67952,0.99894,43.31622,0.99975,0.8402,0.97577,0.98741,0.99292,100.0,2.33,0.98,0.87,3.03,44.46,48.22,48.71,43.32,0.993,0.989,0.989,0.995,/tmpdir/crf_16.mpd,/videos/BigBuckBunny-2160.avi
14187,0.99519,17.56839,0.99917,45.44673,0.99984,0.87575,0.98651,0.99333,0.99628,100.0,1.52,0.9,0.81,1.86,46.31,48.59,49.06,45.45,0.994,0.99,0.99,0.996,/tmpdir/crf_16.mpd,/videos/BigBuckBunny-2160.avi
14188,0.99391,17.56839,0.99894,43.12354,0.99976,0.83699,0.97675,0.98764,0.99277,100.0,2.42,0.97,0.87,3.17,44.29,48.24,48.74,43.12,0.993,0.989,0.989,0.995,/tmpdir/crf_16.mpd,/videos/BigBuckBunny-2160.avi
14189,0.99404,17.67754,0.99919,45.44022,0.99985,0.87652,0.98762,0.99406,0.99681,100.0,1.52,0.9,0.81,1.86,46.3,48.59,49.06,45.44,0.994,0.989,0.99,0.996,/tmpdir/crf_16.mpd,/videos/BigBuckBunny-2160.avi
14190,0.99513,17.67754,0.99916,45.5341,0.99984,0.87797,0.98797,0.99414,0.99671,100.0,1.49,0.87,0.79,1.82,46.4,48.72,49.16,45.53,0.994,0.99,0.99,0.996,/tmpdir/crf_16.mpd,/videos/BigBuckBunny-2160.avi
14191,0.99495,17.38603,0.99917,45.57246,0.99984,0.87826,0.98732,0.99361,0.99639,100.0,1.48,0.89,0.8,1.8,46.42,48.63,49.09,45.57,0.994,0.989,0.99,0.996,/tmpdir/crf_16.mpd,/videos/BigBuckBunny-2160.avi
14192,0.99388,17.38603,0.99898,43.45272,0.99977,0.84245,0.97664,0.98796,0.99319,100.0,2.25,0.94,0.84,2.94,44.6,48.41,48.91,43.45,0.993,0.989,0.989,0.995,/tmpdir/crf_16.mpd,/videos/BigBuckBunny-2160.avi
14193,0.99501,17.09332,0.99924,45.68714,0.99986,0.87923,0.98784,0.99407,0.99674,100.0,1.44,0.86,0.77,1.76,46.54,48.79,49.25,45.69,0.994,0.99,0.99,0.996,/tmpdir/crf_16.mpd,/videos/BigBuckBunny-2160.avi
14194,0.99429,17.09332,0.999,43.34307,0.99978,0.84039,0.97716,0.98778,0.99282,100.0,2.3,0.93,0.83,3.01,44.51,48.45,48.96,43.34,0.993,0.989,0.989,0.995,/tmpdir/crf_16.mpd,/videos/BigBuckBunny-2160.avi
14195,0.99441,16.93633,0.99923,45.85953,0.99985,0.88223,0.98833,0.99435,0.99692,100.0,1.39,0.84,0.76,1.69,46.7,48.88,49.34,45.86,0.994,0.99,0.99,0.996,/tmpdir/crf_16.mpd,/videos/BigBuckBunny-2160.avi
14196,0.99423,16.93633,0.999,43.26309,0.99978,0.83837,0.97677,0.98804,0.99317,100.0,2.33,0.9,0.8,3.07,44.46,48.59,49.11,43.26,0.993,0.989,0.99,0.995,/tmpdir/crf_16.mpd,/videos/BigBuckBunny-2160.avi
14197,0.99463,17.0327,0.99926,45.79036,0.99986,0.881,0.98834,0.99431,0.9969,100.0,1.4,0.82,0.75,1.71,46.65,48.97,49.4,45.79,0.994,0.99,0.99,0.996,/tmpdir/crf_16.mpd,/videos/BigBuckBunny-2160.avi
14198,0.99397,17.0327,0.99904,43.30518,0.99978,0.83975,0.97764,0.98834,0.99327,100.0,2.31,0.89,0.8,3.04,44.5,48.63,49.11,43.31,0.993,0.989,0.99,0.995,/tmpdir/crf_16.mpd,/videos/BigBuckBunny-2160.avi
14199,0.99454,17.23024,0.99927,45.69226,0.99986,0.88029,0.98826,0.99431,0.99692,100.0,1.43,0.83,0.75,1.75,46.57,48.94,49.38,45.69,0.994,0.99,0.99,0.996,/tmpdir/crf_16.mpd,/videos/BigBuckBunny-2160.avi
14200,0.99429,17.23024,0.99904,43.25646,0.99978,0.8393,0.97729,0.98812,0.99298,100.0,2.32,0.87,0.78,3.07,44.47,48.74,49.2,43.26,0.993,0.989,0.99,0.995,/tmpdir/crf_16.mpd,/videos/BigBuckBunny-2160.avi
14201,0.99481,17.43331,0.9993,45.9315,0.99988,0.88312,0.98924,0.99479,0.9972,100.0,1.36,0.81,0.74,1.66,46.78,49.05,49.46,45.93,0.994,0.99,0.99,0.996,/tmpdir/crf_16.mpd,/videos/BigBuckBunny-2160.avi
14202,0.99515,17.43331,0.99927,45.93791,0.99987,0.88341,0.98917,0.99477,0.99717,100.0,1.35,0.78,0.71,1.66,46.82,49.21,49.63,45.94,0.994,0.99,0.991,0.996,/tmpdir/crf_16.mpd,/videos/BigBuckBunny-2160.avi
14203,0.99533,17.71303,0.99927,45.67526,0.99986,0.88014,0.98787,0.99398,0.99666,100.0,1.43,0.81,0.73,1.76,46.58,49.05,49.5,45.68,0.994,0.99,0.99,0.996,/tmpdir/crf_16.mpd,/videos/BigBuckBunny-2160.avi
14204,0.99393,17.71303,0.99906,43.44086,0.99979,0.84354,0.97702,0.98824,0.99342,100.0,2.24,0.86,0.77,2.94,44.64,48.78,49.26,43.44,0.993,0.989,0.99,0.995,/tmpdir/crf_16.mpd,/videos/BigBuckBunny-2160.avi
14205,0.99504,18.11653,0.99928,45.59629,0.99986,0.87963,0.98805,0.99414,0.99679,100.0,1.46,0.82,0.74,1.79,46.5,48.99,49.42,45.6,0.994,0.99,0.99,0.996,/tmpdir/crf_16.mpd,/videos/BigBuckBunny-2160.avi
14206,0.99435,18.11653,0.99907,43.17379,0.99979,0.83981,0.97776,0.98821,0.99313,100.0,2.37,0.89,0.79,3.13,44.39,48.65,49.18,43.17,0.993,0.989,0.99,0.995,/tmpdir/crf_16.mpd,/videos/BigBuckBunny-2160.avi
14207,0.99441,18.44346,0.9993,45.49241,0.99987,0.87899,0.98819,0.99434,0.99696,100.0,1.49,0.84,0.75,1.84,46.4,48.9,49.37,45.49,0.994,0.99,0.99,0.996,/tmpdir/crf_16.mpd,/videos/BigBuckBunny-2160.avi
14208,0.99434,18.44346,0.9991,43.04148,0.9998,0.8382,0.97681,0.98806,0.99319,100.0,2.43,0.88,0.78,3.23,44.28,48.68,49.21,43.04,0.993,0.989,0.99,0.995,/tmpdir/crf_16.mpd,/videos/BigBuckBunny-2160.avi
14209,0.99468,18.36543,0.99936,45.87697,0.99989,0.88412,0.98933,0.99487,0.99724,100.0,1.38,0.8,0.73,1.68,46.75,49.08,49.52,45.88,0.994,0.99,0.99,0.997,/tmpdir/crf_16.mpd,/videos/BigBuckBunny-2160.avi
14210,0.99439,18.36543,0.99915,43.40219,0.99982,0.8437,0.97937,0.98936,0.99396,100.0,2.25,0.84,0.76,2.97,44.61,48.86,49.35,43.4,0.994,0.989,0.99,0.996,/tmpdir/crf_16.mpd,/videos/BigBuckBunny-2160.avi
14211,0.99508,18.52879,0.99938,45.94547,0.99989,0.88543,0.98991,0.99517,0.99742,100.0,1.36,0.8,0.72,1.65,46.81,49.12,49.56,45.95,0.995,0.99,0.99,0.997,/tmpdir/crf_16.mpd,/videos/BigBuckBunny-2160.avi
14212,0.99558,18.52879,0.99936,45.93614,0.99988,0.88564,0.98981,0.99509,0.99728,100.0,1.35,0.77,0.69,1.66,46.83,49.27,49.72,45.94,0.995,0.99,0.991,0.997,/tmpdir/crf_16.mpd,/videos/BigBuckBunny-2160.avi
14213,0.9937,18.45535,0.99913,43.48688,0.9998,0.84705,0.97807,0.98858,0.99367,100.0,2.2,0.82,0.74,2.91,44.7,48.97,49.45,43.49,0.994,0.989,0.99,0.996,/tmpdir/crf_16.mpd,/videos/BigBuckBunny-2160.avi
14214,0.9956,18.45535,0.99933,45.73287,0.99987,0.88245,0.98904,0.99465,0.99704,100.0,1.4,0.75,0.68,1.74,46.68,49.38,49.83,45.73,0.995,0.99,0.991,0.997,/tmpdir/crf_16.mpd,/videos/BigBuckBunny-2160.avi
14215,0.99379,18.54654,0.99912,43.33379,0.9998,0.84492,0.97875,0.98902,0.99401,100.0,2.27,0.81,0.73,3.02,44.57,49.03,49.52,43.33,0.994,0.989,0.99,0.996,/tmpdir/crf_16.mpd,/videos/BigBuckBunny-2160.avi
14216,0.99441,18.54654,0.99931,45.6182,0.99986,0.88129,0.98897,0.99469,0.99718,100.0,1.43,0.76,0.68,1.78,46.58,49.31,49.8,45.62,0.995,0.99,0.991,0.997,/tmpdir/crf_16.mpd,/videos/BigBuckBunny-2160.avi
14217,0.9933,18.7706,0.99914,43.3063,0.9998,0.84537,0.97876,0.98908,0.99413,100.0,2.28,0.83,0.73,3.04,44.54,48.96,49.49,43.31,0.994,0.989,0.99,0.996,/tmpdir/crf_16.mpd,/videos/BigBuckBunny-2160.avi
14218,0.9949,18.7706,0.99939,45.9218,0.99989,0.88606,0.99009,0.99527,0.99752,100.0,1.35,0.75,0.68,1.66,46.84,49.37,49.84,45.92,0.995,0.99,0.991,0.997,/tmpdir/crf_16.mpd,/videos/BigBuckBunny-2160.avi
14219,0.99293,19.21128,0.99904,42.58194,0.99976,0.83392,0.97557,0.98726,0.99297,100.0,2.66,0.83,0.74,3.59,43.89,48.92,49.41,42.58,0.993,0.989,0.99,0.995,/tmpdir/crf_16.mpd,/videos/BigBuckBunny-2160.avi
14220,0.99398,19.21128,0.99922,44.73164,0.99983,0.87012,0.98608,0.99318,0.99627,100.0,1.71,0.8,0.72,2.19,45.79,49.08,49.55,44.73,0.994,0.99,0.99,0.996,/tmpdir/crf_16.mpd,/videos/BigBuckBunny-2160.avi
14221,0.99265,19.31926,0.99903,42.4748,0.99976,0.83297,0.97508,0.98699,0.99278,100.0,2.72,0.86,0.77,3.68,43.78,48.8,49.27,42.47,0.993,0.989,0.99,0.995,/tmpdir/crf_16.mpd,/videos/BigBuckBunny-2160.avi
14222,0.99363,19.31926,0.99924,44.86709,0.99984,0.87165,0.98663,0.99343,0.99639,100.0,1.67,0.8,0.72,2.12,45.91,49.11,49.57,44.87,0.994,0.99,0.99,0.996,/tmpdir/crf_16.mpd,/videos/BigBuckBunny-2160.avi
14223,0.99246,19.33594,0.99905,42.52351,0.99977,0.83335,0.97482,0.98682,0.99274,100.0,2.69,0.85,0.76,3.64,43.83,48.86,49.32,42.52,0.993,0.989,0.99,0.995,/tmpdir/crf_16.mpd,/videos/BigBuckBunny-2160.avi
14224,0.99382,19.33594,0.99928,44.87629,0.99985,0.87143,0.9868,0.99356,0.99652,100.0,1.66,0.8,0.72,2.12,45.92,49.08,49.54,44.88,0.994,0.989,0.99,0.996,/tmpdir/crf_16.mpd,/videos/BigBuckBunny-2160.avi
14225,0.99444,19.46212,0.99929,44.69563,0.99985,0.86861,0.98594,0.99304,0.99612,100.0,1.73,0.82,0.73,2.21,45.75,48.97,49.47,44.7,0.994,0.989,0.99,0.996,/tmpdir/crf_16.mpd,/videos/BigBuckBunny-2160.avi
14226,0.99327,19.46212,0.99909,42.69929,0.99978,0.83532,0.97614,0.98775,0.99319,100.0,2.59,0.84,0.75,3.49,43.99,48.86,49.37,42.7,0.993,0.989,0.99,0.996,/tmpdir/crf_16.mpd,/videos/BigBuckBunny-2160.avi
14227,0.99451,19.45213,0.99928,44.74629,0.99985,0.86926,0.98538,0.99279,0.99601,100.0,1.71,0.81,0.72,2.18,45.8,49.02,49.54,44.75,0.994,0.989,0.99,0.996,/tmpdir/crf_16.mpd,/videos/BigBuckBunny-2160.avi
14228,0.9932,19.45213,0.99909,42.34471,0.99979,0.82793,0.97669,0.98785,0.99298,100.0,2.79,0.83,0.74,3.79,43.68,48.92,49.46,42.34,0.993,0.989,0.99,0.995,/tmpdir/crf_16.mpd,/videos/BigBuckBunny-2160.avi
14229,0.99341,19.62567,0.99929,44.57004,0.99985,0.86761,0.98589,0.99321,0.99636,100.0,1.77,0.83,0.73,2.27,45.64,48.96,49.48,44.57,0.994,0.989,0.99,0.997,/tmpdir/crf_16.mpd,/videos/BigBuckBunny-2160.avi
14230,0.99349,19.62567,0.99909,42.17298,0.99979,0.82613,0.9748,0.987,0.99256,100.0,2.89,0.84,0.74,3.94,43.52,48.89,49.43,42.17,0.993,0.989,0.99,0.995,/tmpdir/crf_16.mpd,/videos/BigBuckBunny-2160.avi
14231,0.99369,19.53265,0.99934,44.97899,0.99987,0.8733,0.9875,0.99392,0.99665,100.0,1.63,0.8,0.72,2.07,46.01,49.08,49.58,44.98,0.994,0.989,0.99,0.997,/tmpdir/crf_16.mpd,/videos/BigBuckBunny-2160.avi
14232,0.99374,19.53265,0.99916,42.4942,0.99981,0.83188,0.97741,0.98846,0.9935,100.0,2.7,0.81,0.72,3.66,43.82,49.05,49.54,42.49,0.994,0.989,0.99,0.996,/tmpdir/crf_16.mpd,/videos/BigBuckBunny-2160.avi
14233,0.99418,19.65503,0.99937,44.96577,0.99988,0.87316,0.9877,0.9941,0.99682,100.0,1.63,0.8,0.71,2.07,46.0,49.12,49.61,44.97,0.994,0.989,0.99,0.997,/tmpdir/crf_16.mpd,/videos/BigBuckBunny-2160.avi
14234,0.99373,19.65503,0.99917,42.3095,0.99982,0.82838,0.97654,0.98816,0.9934,100.0,2.8,0.81,0.72,3.82,43.65,49.04,49.53,42.31,0.994,0.989,0.99,0.996,/tmpdir/crf_16.mpd,/videos/BigBuckBunny-2160.avi
14235,0.99417,19.80066,0.99937,44.90124,0.99988,0.8724,0.98748,0.99398,0.99676,100.0,1.66,0.8,0.72,2.1,45.94,49.08,49.58,44.9,0.994,0.989,0.99,0.997,/tmpdir/crf_16.mpd,/videos/BigBuckBunny-2160.avi
14236,0.99398,19.80066,0.99917,42.35438,0.99982,0.82946,0.97698,0.9883,0.99342,100.0,2.78,0.81,0.72,3.78,43.7,49.06,49.55,42.35,0.993,0.989,0.99,0.995,/tmpdir/crf_16.mpd,/videos/BigBuckBunny-2160.avi
14237,0.99417,19.94611,0.99938,44.87139,0.99988,0.87239,0.98762,0.99404,0.99678,100.0,1.66,0.8,0.72,2.12,45.92,49.11,49.58,44.87,0.994,0.989,0.99,0.997,/tmpdir/crf_16.mpd,/videos/BigBuckBunny-2160.avi
14238,0.9938,19.94611,0.99919,42.26648,0.99982,0.82838,0.97673,0.98831,0.99348,100.0,2.83,0.81,0.72,3.86,43.62,49.07,49.55,42.27,0.994,0.989,0.99,0.996,/tmpdir/crf_16.mpd,/videos/BigBuckBunny-2160.avi
14239,0.99408,19.7726,0.99938,44.79081,0.99987,0.87144,0.98724,0.99383,0.99669,100.0,1.69,0.8,0.71,2.16,45.85,49.11,49.61,44.79,0.994,0.989,0.99,0.997,/tmpdir/crf_16.mpd,/videos/BigBuckBunny-2160.avi
14240,0.994,19.7726,0.99919,42.3429,0.99982,0.82981,0.9771,0.98836,0.99348,100.0,2.78,0.79,0.7,3.79,43.7,49.15,49.68,42.34,0.994,0.989,0.99,0.996,/tmpdir/crf_16.mpd,/videos/BigBuckBunny-2160.avi
14241,0.9944,19.40257,0.9994,45.06267,0.99988,0.87446,0.98794,0.99421,0.99689,100.0,1.59,0.77,0.68,2.03,46.11,49.26,49.79,45.06,0.994,0.989,0.99,0.997,/tmpdir/crf_16.mpd,/videos/BigBuckBunny-2160.avi
14242,0.99401,19.40257,0.99922,42.53186,0.99983,0.83219,0.97764,0.98868,0.99362,100.0,2.66,0.77,0.68,3.63,43.88,49.25,49.81,42.53,0.994,0.989,0.99,0.996,/tmpdir/crf_16.mpd,/videos/BigBuckBunny-2160.avi
14243,0.99429,19.23708,0.99939,45.04562,0.99988,0.87404,0.98777,0.99412,0.99683,100.0,1.6,0.77,0.68,2.03,46.09,49.26,49.81,45.05,0.995,0.989,0.99,0.997,/tmpdir/crf_16.mpd,/videos/BigBuckBunny-2160.avi
14244,0.994,19.23708,0.99924,42.58777,0.99983,0.83325,0.97806,0.98891,0.99371,100.0,2.63,0.75,0.67,3.58,43.94,49.35,49.89,42.59,0.994,0.99,0.99,0.996,/tmpdir/crf_16.mpd,/videos/BigBuckBunny-2160.avi
14245,0.99443,19.21733,0.99943,45.10476,0.99989,0.87512,0.98828,0.99445,0.99708,100.0,1.57,0.74,0.66,2.01,46.17,49.41,49.94,45.1,0.995,0.99,0.991,0.997,/tmpdir/crf_16.mpd,/videos/BigBuckBunny-2160.avi
14246,0.99402,19.21733,0.99923,42.58527,0.99983,0.83275,0.97783,0.98882,0.99382,100.0,2.62,0.74,0.66,3.59,43.94,49.45,49.95,42.59,0.994,0.99,0.991,0.996,/tmpdir/crf_16.mpd,/videos/BigBuckBunny-2160.avi
14247,0.99442,19.34254,0.99942,45.0351,0.99988,0.87423,0.98777,0.9941,0.99683,100.0,1.59,0.74,0.66,2.04,46.11,49.43,49.91,45.04,0.995,0.99,0.99,0.997,/tmpdir/crf_16.mpd,/videos/BigBuckBunny-2160.avi
14248,0.99425,19.34254,0.99925,42.5668,0.99983,0.83289,0.97802,0.98895,0.99381,100.0,2.63,0.73,0.65,3.6,43.93,49.52,49.97,42.57,0.994,0.99,0.991,0.996,/tmpdir/crf_16.mpd,/videos/BigBuckBunny-2160.avi
14249,0.99442,19.19612,0.99944,45.24713,0.99989,0.87676,0.98848,0.99455,0.99718,100.0,1.52,0.71,0.64,1.94,46.31,49.63,50.07,45.25,0.995,0.99,0.991,0.997,/tmpdir/crf_16.mpd,/videos/BigBuckBunny-2160.avi
14250,0.99424,19.19612,0.99929,42.77823,0.99984,0.83617,0.97867,0.98943,0.99416,100.0,2.51,0.69,0.63,3.43,44.14,49.72,50.12,42.78,0.994,0.99,0.991,0.996,/tmpdir/crf_16.mpd,/videos/BigBuckBunny-2160.avi
14251,0.99463,19.36382,0.99946,45.21994,0.99989,0.87692,0.9886,0.99458,0.99712,100.0,1.53,0.7,0.64,1.95,46.3,49.7,50.08,45.22,0.995,0.99,0.991,0.997,/tmpdir/crf_16.mpd,/videos/BigBuckBunny-2160.avi
14252,0.99432,19.36382,0.99928,42.75433,0.99984,0.83612,0.97893,0.98949,0.99419,100.0,2.52,0.7,0.63,3.45,44.12,49.7,50.13,42.75,0.994,0.99,0.991,0.996,/tmpdir/crf_16.mpd,/videos/BigBuckBunny-2160.avi
14253,0.99474,19.43723,0.99946,45.39854,0.9999,0.87898,0.98913,0.99481,0.99726,100.0,1.47,0.69,0.63,1.88,46.46,49.73,50.14,45.4,0.995,0.99,0.991,0.997,/tmpdir/crf_16.mpd,/videos/BigBuckBunny-2160.avi
14254,0.9943,19.43723,0.99931,42.80784,0.99985,0.8372,0.97937,0.98984,0.99452,100.0,2.49,0.69,0.62,3.41,44.17,49.77,50.21,42.81,0.994,0.99,0.991,0.996,/tmpdir/crf_16.mpd,/videos/BigBuckBunny-2160.avi
14255,0.99461,19.71616,0.99949,45.3487,0.9999,0.87836,0.98908,0.99481,0.99726,100.0,1.48,0.69,0.62,1.9,46.42,49.76,50.19,45.35,0.995,0.99,0.991,0.997,/tmpdir/crf_16.mpd,/videos/BigBuckBunny-2160.avi
14256,0.99523,19.71616,0.99948,45.46401,0.9999,0.88047,0.98958,0.9951,0.99745,100.0,1.44,0.66,0.59,1.85,46.55,49.95,50.39,45.46,0.995,0.991,0.991,0.997,/tmpdir/crf_16.mpd,/videos/BigBuckBunny-2160.avi
14257,0.99875,19.83263,0.99973,48.22714,0.99996,0.91998,0.99517,0.99771,0.99875,100.0,0.8,0.46,0.43,0.98,49.1,51.52,51.79,48.23,0.997,0.993,0.994,0.998,/tmpdir/crf_16.mpd,/videos/BigBuckBunny-2160.avi
14258,0.99682,19.83263,0.99951,44.40099,0.9999,0.86616,0.98564,0.99328,0.99669,100.0,1.73,0.48,0.46,2.36,45.75,51.29,51.47,44.4,0.996,0.993,0.993,0.997,/tmpdir/crf_16.mpd,/videos/BigBuckBunny-2160.avi
14259,0.99791,19.86264,0.9996,46.99005,0.99993,0.90328,0.99238,0.99625,0.99804,100.0,1.01,0.45,0.43,1.3,48.07,51.56,51.78,46.99,0.996,0.993,0.994,0.998,/tmpdir/crf_16.mpd,/videos/BigBuckBunny-2160.avi
14260,0.99606,19.86264,0.99944,43.89642,0.99988,0.85866,0.98332,0.99165,0.99545,100.0,1.92,0.48,0.46,2.65,45.29,51.33,51.53,43.9,0.996,0.993,0.993,0.997,/tmpdir/crf_16.mpd,/videos/BigBuckBunny-2160.avi
14261,0.99631,19.72634,0.99961,47.03271,0.99993,0.90476,0.99206,0.99625,0.9981,100.0,1.01,0.45,0.43,1.29,48.11,51.58,51.8,47.03,0.996,0.993,0.994,0.998,/tmpdir/crf_16.mpd,/videos/BigBuckBunny-2160.avi
14262,0.99604,19.72634,0.99945,43.81978,0.99989,0.85744,0.98282,0.99156,0.9954,100.0,1.95,0.46,0.44,2.7,45.23,51.48,51.7,43.82,0.996,0.993,0.994,0.997,/tmpdir/crf_16.mpd,/videos/BigBuckBunny-2160.avi
14263,0.99662,19.81207,0.99963,47.03912,0.99994,0.90436,0.99257,0.99652,0.99824,100.0,1.0,0.43,0.41,1.29,48.14,51.77,51.97,47.04,0.996,0.994,0.994,0.998,/tmpdir/crf_16.mpd,/videos/BigBuckBunny-2160.avi
14264,0.99636,19.81207,0.99948,44.28305,0.99989,0.86419,0.98465,0.99251,0.99599,100.0,1.77,0.46,0.43,2.43,45.66,51.49,51.76,44.28,0.996,0.993,0.994,0.997,/tmpdir/crf_16.mpd,/videos/BigBuckBunny-2160.avi
14265,0.99664,19.97063,0.99963,47.20947,0.99994,0.90678,0.99262,0.99654,0.99825,100.0,0.96,0.43,0.41,1.24,48.29,51.75,52.01,47.21,0.996,0.994,0.994,0.998,/tmpdir/crf_16.mpd,/videos/BigBuckBunny-2160.avi
14266,0.99607,19.97063,0.9995,44.24498,0.9999,0.86342,0.98465,0.99261,0.99613,100.0,1.78,0.45,0.42,2.45,45.64,51.6,51.89,44.24,0.996,0.993,0.994,0.997,/tmpdir/crf_16.mpd,/videos/BigBuckBunny-2160.avi
14267,0.9965,19.73109,0.99965,47.28914,0.99994,0.90714,0.99294,0.99673,0.9984,100.0,0.94,0.42,0.39,1.21,48.38,51.91,52.2,47.29,0.997,0.994,0.994,0.998,/tmpdir/crf_16.mpd,/videos/BigBuckBunny-2160.avi
14268,0.99613,19.73109,0.99949,44.22581,0.9999,0.86321,0.98447,0.99239,0.99585,100.0,1.78,0.44,0.41,2.46,45.63,51.72,52.04,44.23,0.996,0.994,0.994,0.997,/tmpdir/crf_16.mpd,/videos/BigBuckBunny-2160.avi
14269,0.99624,19.66018,0.99963,47.0924,0.99994,0.90446,0.99247,0.9965,0.99825,100.0,0.98,0.42,0.39,1.27,48.21,51.92,52.26,47.09,0.997,0.994,0.994,0.998,/tmpdir/crf_16.mpd,/videos/BigBuckBunny-2160.avi
14270,0.99588,19.66018,0.99949,43.98898,0.9999,0.85897,0.98354,0.99201,0.99571,100.0,1.87,0.43,0.4,2.6,45.41,51.76,52.13,43.99,0.996,0.994,0.994,0.997,/tmpdir/crf_16.mpd,/videos/BigBuckBunny-2160.avi
14271,0.99617,19.58706,0.99964,47.04409,0.99994,0.90382,0.99235,0.99644,0.99822,100.0,0.99,0.41,0.38,1.28,48.19,51.99,52.38,47.04,0.997,0.994,0.994,0.998,/tmpdir/crf_16.mpd,/videos/BigBuckBunny-2160.avi
14272,0.99576,19.58706,0.9995,44.14571,0.9999,0.86159,0.98396,0.99217,0.99581,100.0,1.8,0.43,0.39,2.5,45.57,51.82,52.27,44.15,0.996,0.994,0.994,0.997,/tmpdir/crf_16.mpd,/videos/BigBuckBunny-2160.avi
14273,0.99614,19.54136,0.99965,47.1492,0.99994,0.90466,0.99269,0.99661,0.99831,100.0,0.97,0.41,0.37,1.25,48.28,51.97,52.44,47.15,0.997,0.994,0.994,0.998,/tmpdir/crf_16.mpd,/videos/BigBuckBunny-2160.avi
14274,0.99586,19.54136,0.99951,44.29436,0.9999,0.86365,0.98417,0.99232,0.99588,100.0,1.75,0.43,0.38,2.42,45.71,51.83,52.31,44.29,0.996,0.994,0.994,0.997,/tmpdir/crf_16.mpd,/videos/BigBuckBunny-2160.avi
14275,0.99614,19.78311,0.99964,47.18996,0.99994,0.90551,0.99268,0.99658,0.9983,100.0,0.96,0.42,0.37,1.24,48.31,51.95,52.43,47.19,0.997,0.994,0.994,0.998,/tmpdir/crf_16.mpd,/videos/BigBuckBunny-2160.avi
14276,0.99599,19.78311,0.99951,44.10939,0.9999,0.86092,0.98444,0.99251,0.99605,100.0,1.82,0.43,0.39,2.52,45.53,51.76,52.26,44.11,0.996,0.994,0.994,0.997,/tmpdir/crf_16.mpd,/videos/BigBuckBunny-2160.avi
14277,0.99609,20.20537,0.99966,46.77954,0.99994,0.90126,0.99233,0.99647,0.99829,100.0,1.04,0.43,0.38,1.36,47.94,51.84,52.31,46.78,0.997,0.994,0.994,0.998,/tmpdir/crf_16.mpd,/videos/BigBuckBunny-2160.avi
14278,0.99573,20.20537,0.99952,43.99799,0.9999,0.85996,0.98387,0.99218,0.9958,100.0,1.87,0.44,0.39,2.59,45.42,51.71,52.19,44.0,0.996,0.994,0.994,0.997,/tmpdir/crf_16.mpd,/videos/BigBuckBunny-2160.avi
14279,0.99618,20.16068,0.99966,47.09078,0.99995,0.90516,0.99277,0.99664,0.99832,100.0,0.98,0.43,0.38,1.27,48.21,51.83,52.33,47.09,0.997,0.994,0.994,0.998,/tmpdir/crf_16.mpd,/videos/BigBuckBunny-2160.avi
14280,0.99609,20.16068,0.99952,44.25694,0.99991,0.86362,0.98452,0.99249,0.99602,100.0,1.76,0.43,0.39,2.44,45.67,51.76,52.25,44.26,0.996,0.994,0.994,0.997,/tmpdir/crf_16.mpd,/videos/BigBuckBunny-2160.avi
14281,0.99639,20.31643,0.99967,47.14857,0.99995,0.90578,0.99303,0.99677,0.99841,100.0,0.97,0.42,0.38,1.25,48.27,51.89,52.36,47.15,0.997,0.994,0.994,0.998,/tmpdir/crf_16.mpd,/videos/BigBuckBunny-2160.avi
14282,0.99583,20.31643,0.99952,43.9131,0.99991,0.85889,0.98408,0.99233,0.99594,100.0,1.9,0.43,0.39,2.64,45.35,51.75,52.23,43.91,0.996,0.994,0.994,0.997,/tmpdir/crf_16.mpd,/videos/BigBuckBunny-2160.avi
14283,0.99609,20.43891,0.99967,46.81988,0.99995,0.90193,0.9925,0.99654,0.99829,100.0,1.04,0.43,0.38,1.35,47.98,51.83,52.31,46.82,0.997,0.994,0.994,0.998,/tmpdir/crf_16.mpd,/videos/BigBuckBunny-2160.avi
14284,0.99565,20.43891,0.99953,43.97015,0.99991,0.85976,0.98413,0.99239,0.99594,100.0,1.87,0.42,0.38,2.61,45.41,51.86,52.3,43.97,0.996,0.994,0.994,0.997,/tmpdir/crf_16.mpd,/videos/BigBuckBunny-2160.avi
14285,0.99621,20.58596,0.99967,46.9176,0.99995,0.90376,0.99276,0.99664,0.99835,100.0,1.01,0.42,0.38,1.32,48.07,51.92,52.39,46.92,0.997,0.994,0.994,0.998,/tmpdir/crf_16.mpd,/videos/BigBuckBunny-2160.avi
14286,0.99587,20.58596,0.99954,43.96179,0.99991,0.85978,0.98432,0.99253,0.99606,100.0,1.87,0.42,0.38,2.61,45.4,51.89,52.31,43.96,0.996,0.994,0.994,0.997,/tmpdir/crf_16.mpd,/videos/BigBuckBunny-2160.avi
14287,0.9961,20.87605,0.99968,46.86522,0.99995,0.90277,0.99278,0.9967,0.99841,100.0,1.02,0.42,0.38,1.34,48.03,51.92,52.38,46.87,0.997,0.994,0.994,0.998,/tmpdir/crf_16.mpd,/videos/BigBuckBunny-2160.avi
14288,0.99589,20.87605,0.99954,43.89229,0.99991,0.85876,0.9847,0.99273,0.99628,100.0,1.9,0.42,0.38,2.65,45.34,51.89,52.37,43.89,0.996,0.994,0.994,0.997,/tmpdir/crf_16.mpd,/videos/BigBuckBunny-2160.avi
14289,0.99632,21.28985,0.99969,47.04732,0.99995,0.90555,0.99312,0.99682,0.99845,100.0,0.99,0.42,0.37,1.28,48.19,51.92,52.45,47.05,0.997,0.994,0.994,0.998,/tmpdir/crf_16.mpd,/videos/BigBuckBunny-2160.avi
14290,0.99552,21.28985,0.99954,43.79016,0.99991,0.85823,0.98418,0.99241,0.99603,100.0,1.94,0.42,0.37,2.72,45.24,51.85,52.39,43.79,0.996,0.994,0.994,0.997,/tmpdir/crf_16.mpd,/videos/BigBuckBunny-2160.avi
14291,0.99606,21.63069,0.99968,46.63418,0.99995,0.90103,0.99246,0.99649,0.99825,100.0,1.08,0.43,0.38,1.41,47.81,51.78,52.38,46.63,0.997,0.994,0.994,0.998,/tmpdir/crf_16.mpd,/videos/BigBuckBunny-2160.avi
14292,0.99599,21.63069,0.99955,43.7593,0.99991,0.85824,0.98414,0.99239,0.99601,100.0,1.96,0.43,0.37,2.74,45.22,51.83,52.46,43.76,0.996,0.994,0.994,0.997,/tmpdir/crf_16.mpd,/videos/BigBuckBunny-2160.avi
14293,0.99606,21.56521,0.99969,46.84019,0.99995,0.90339,0.9928,0.99671,0.9984,100.0,1.03,0.42,0.36,1.35,48.01,51.91,52.54,46.84,0.997,0.994,0.994,0.998,/tmpdir/crf_16.mpd,/videos/BigBuckBunny-2160.avi
14294,0.99574,21.56521,0.99956,43.76963,0.99991,0.85785,0.98442,0.99259,0.99617,100.0,1.95,0.42,0.36,2.73,45.23,51.89,52.54,43.77,0.996,0.994,0.995,0.997,/tmpdir/crf_16.mpd,/videos/BigBuckBunny-2160.avi
14295,0.99615,21.75461,0.9997,46.5844,0.99995,0.90089,0.99256,0.99658,0.99834,100.0,1.08,0.42,0.36,1.43,47.78,51.87,52.51,46.58,0.997,0.994,0.994,0.998,/tmpdir/crf_16.mpd,/videos/BigBuckBunny-2160.avi
14296,0.99568,21.75461,0.99957,43.80711,0.99991,0.8588,0.98462,0.99265,0.99616,100.0,1.93,0.42,0.36,2.71,45.27,51.92,52.53,43.81,0.996,0.994,0.994,0.997,/tmpdir/crf_16.mpd,/videos/BigBuckBunny-2160.avi
14297,0.99617,21.59071,0.9997,46.80073,0.99995,0.90295,0.99285,0.99672,0.99837,100.0,1.03,0.42,0.36,1.36,47.98,51.95,52.59,46.8,0.997,0.994,0.995,0.998,/tmpdir/crf_16.mpd,/videos/BigBuckBunny-2160.avi
14298,0.99598,21.59071,0.99957,43.91417,0.99992,0.86028,0.98486,0.99288,0.99634,100.0,1.89,0.41,0.36,2.64,45.37,51.99,52.59,43.91,0.996,0.994,0.995,0.997,/tmpdir/crf_16.mpd,/videos/BigBuckBunny-2160.avi
14299,0.99633,21.56146,0.99971,46.92638,0.99996,0.90479,0.99312,0.99685,0.99848,100.0,1.01,0.41,0.36,1.32,48.1,52.03,52.63,46.93,0.997,0.994,0.995,0.998,/tmpdir/crf_16.mpd,/videos/BigBuckBunny-2160.avi
14300,0.99592,21.56146,0.99958,43.81527,0.99991,0.85893,0.98449,0.99259,0.99616,100.0,1.93,0.4,0.36,2.7,45.28,52.09,52.6,43.82,0.996,0.994,0.995,0.997,/tmpdir/crf_16.mpd,/videos/BigBuckBunny-2160.avi
14301,0.99622,21.38142,0.99971,46.80698,0.99995,0.90274,0.99279,0.99667,0.99838,100.0,1.03,0.4,0.36,1.36,48.0,52.1,52.62,46.81,0.997,0.994,0.995,0.998,/tmpdir/crf_16.mpd,/videos/BigBuckBunny-2160.avi
14302,0.99588,21.38142,0.99959,43.95745,0.99992,0.86028,0.98488,0.9929,0.99635,100.0,1.87,0.39,0.35,2.61,45.42,52.24,52.7,43.96,0.996,0.994,0.995,0.997,/tmpdir/crf_16.mpd,/videos/BigBuckBunny-2160.avi
14303,0.99648,21.00053,0.99973,47.29331,0.99996,0.90788,0.99355,0.99707,0.9986,100.0,0.93,0.38,0.34,1.21,48.45,52.3,52.81,47.29,0.997,0.994,0.995,0.998,/tmpdir/crf_16.mpd,/videos/BigBuckBunny-2160.avi
14304,0.99616,21.00053,0.99961,44.22506,0.99992,0.86351,0.98593,0.99345,0.99668,100.0,1.76,0.38,0.35,2.46,45.68,52.34,52.75,44.23,0.996,0.994,0.995,0.997,/tmpdir/crf_16.mpd,/videos/BigBuckBunny-2160.avi
14305,0.99641,20.79362,0.99973,47.15778,0.99996,0.90608,0.99332,0.99698,0.99857,100.0,0.96,0.38,0.34,1.25,48.33,52.28,52.79,47.16,0.997,0.994,0.995,0.998,/tmpdir/crf_16.mpd,/videos/BigBuckBunny-2160.avi
14306,0.99575,20.79362,0.9996,44.05109,0.99992,0.86091,0.9849,0.99281,0.99627,100.0,1.82,0.37,0.34,2.56,45.52,52.39,52.81,44.05,0.997,0.994,0.995,0.997,/tmpdir/crf_16.mpd,/videos/BigBuckBunny-2160.avi
14307,0.99619,20.55344,0.99972,47.0802,0.99995,0.90456,0.99303,0.99684,0.99846,100.0,0.97,0.38,0.33,1.27,48.27,52.38,52.88,47.08,0.997,0.994,0.995,0.998,/tmpdir/crf_16.mpd,/videos/BigBuckBunny-2160.avi
14308,0.9957,20.55344,0.9996,43.98804,0.99992,0.85961,0.98462,0.99276,0.99624,100.0,1.85,0.37,0.33,2.6,45.47,52.45,52.92,43.99,0.997,0.994,0.995,0.997,/tmpdir/crf_16.mpd,/videos/BigBuckBunny-2160.avi
14309,0.9962,20.44854,0.99973,47.00827,0.99995,0.90353,0.99295,0.99681,0.99846,100.0,0.98,0.37,0.33,1.29,48.22,52.4,52.98,47.01,0.997,0.994,0.995,0.998,/tmpdir/crf_16.mpd,/videos/BigBuckBunny-2160.avi
14310,0.99588,20.44854,0.99961,44.04935,0.99992,0.86089,0.98501,0.99292,0.99629,100.0,1.82,0.37,0.32,2.56,45.53,52.49,53.04,44.05,0.997,0.994,0.995,0.998,/tmpdir/crf_16.mpd,/videos/BigBuckBunny-2160.avi
14311,0.99617,20.04896,0.99973,47.20362,0.99995,0.90516,0.9932,0.99694,0.99856,100.0,0.94,0.36,0.31,1.24,48.41,52.54,53.17,47.2,0.997,0.994,0.995,0.998,/tmpdir/crf_16.mpd,/videos/BigBuckBunny-2160.avi
14312,0.99586,20.04896,0.99962,44.20271,0.99992,0.86166,0.98545,0.99322,0.99657,100.0,1.76,0.35,0.3,2.47,45.68,52.67,53.29,44.2,0.997,0.995,0.995,0.998,/tmpdir/crf_16.mpd,/videos/BigBuckBunny-2160.avi
14313,0.99628,19.80358,0.99973,47.24663,0.99995,0.90533,0.99317,0.99691,0.9985,100.0,0.93,0.36,0.3,1.23,48.46,52.62,53.3,47.25,0.997,0.995,0.995,0.998,/tmpdir/crf_16.mpd,/videos/BigBuckBunny-2160.avi
14314,0.99594,19.80358,0.99962,44.28463,0.99992,0.8626,0.98502,0.99295,0.99638,100.0,1.73,0.35,0.3,2.42,45.76,52.63,53.38,44.28,0.997,0.995,0.995,0.998,/tmpdir/crf_16.mpd,/videos/BigBuckBunny-2160.avi
14315,0.99621,19.6989,0.99974,47.36534,0.99995,0.90624,0.99332,0.99699,0.99856,100.0,0.9,0.35,0.3,1.19,48.57,52.68,53.42,47.37,0.997,0.995,0.995,0.998,/tmpdir/crf_16.mpd,/videos/BigBuckBunny-2160.avi
14316,0.99598,19.6989,0.99962,44.26407,0.99992,0.86222,0.9855,0.99326,0.99657,100.0,1.73,0.35,0.29,2.44,45.75,52.74,53.47,44.26,0.997,0.995,0.996,0.998,/tmpdir/crf_16.mpd,/videos/BigBuckBunny-2160.avi
14317,0.9962,19.8234,0.99973,47.13896,0.99995,0.90438,0.99314,0.99693,0.99857,100.0,0.94,0.34,0.29,1.26,48.38,52.78,53.44,47.14,0.997,0.995,0.995,0.998,/tmpdir/crf_16.mpd,/videos/BigBuckBunny-2160.avi
14318,0.99589,19.8234,0.99964,44.24429,0.99992,0.86194,0.98544,0.99322,0.99656,100.0,1.74,0.34,0.29,2.45,45.73,52.85,53.49,44.24,0.997,0.995,0.996,0.998,/tmpdir/crf_16.mpd,/videos/BigBuckBunny-2160.avi
14319,0.99635,20.07116,0.99975,47.24287,0.99996,0.9054,0.99334,0.99703,0.99861,100.0,0.92,0.34,0.29,1.23,48.48,52.85,53.47,47.24,0.997,0.995,0.995,0.998,/tmpdir/crf_16.mpd,/videos/BigBuckBunny-2160.avi
14320,0.99619,20.07116,0.99964,44.4119,0.99992,0.86464,0.98618,0.9936,0.99678,100.0,1.67,0.33,0.29,2.35,45.89,52.92,53.49,44.41,0.997,0.995,0.996,0.998,/tmpdir/crf_16.mpd,/videos/BigBuckBunny-2160.avi
14321,0.99661,20.50875,0.99976,47.35216,0.99996,0.90785,0.99369,0.99718,0.99869,100.0,0.9,0.33,0.29,1.2,48.58,52.9,53.46,47.35,0.997,0.995,0.995,0.998,/tmpdir/crf_16.mpd,/videos/BigBuckBunny-2160.avi
14322,0.99626,20.50875,0.99965,44.41396,0.99993,0.86584,0.98613,0.99356,0.99677,100.0,1.67,0.33,0.29,2.35,45.89,52.9,53.44,44.41,0.997,0.995,0.995,0.998,/tmpdir/crf_16.mpd,/videos/BigBuckBunny-2160.avi
14323,0.99652,20.46431,0.99975,47.30806,0.99996,0.9075,0.99363,0.99713,0.99864,100.0,0.91,0.33,0.29,1.21,48.54,52.88,53.46,47.31,0.997,0.995,0.995,0.998,/tmpdir/crf_16.mpd,/videos/BigBuckBunny-2160.avi
14324,0.99625,20.46431,0.99965,44.46816,0.99993,0.86633,0.98614,0.99355,0.99677,100.0,1.65,0.32,0.29,2.32,45.95,53.02,53.55,44.47,0.997,0.995,0.996,0.998,/tmpdir/crf_16.mpd,/videos/BigBuckBunny-2160.avi
14325,0.99653,20.46964,0.99976,47.40899,0.99996,0.90834,0.99373,0.99718,0.99868,100.0,0.89,0.32,0.28,1.18,48.65,53.09,53.61,47.41,0.997,0.995,0.996,0.998,/tmpdir/crf_16.mpd,/videos/BigBuckBunny-2160.avi
14326,0.99531,20.46964,0.99959,43.29803,0.99991,0.84911,0.98271,0.99178,0.99584,100.0,2.13,0.32,0.29,3.04,44.85,53.02,53.52,43.3,0.997,0.995,0.996,0.997,/tmpdir/crf_16.mpd,/videos/BigBuckBunny-2160.avi
14327,0.99553,20.57661,0.9997,46.28091,0.99994,0.89411,0.99136,0.99607,0.99807,100.0,1.12,0.33,0.29,1.53,47.62,52.92,53.46,46.28,0.997,0.995,0.996,0.998,/tmpdir/crf_16.mpd,/videos/BigBuckBunny-2160.avi
14328,0.99518,20.57661,0.99959,43.27918,0.9999,0.84887,0.98276,0.99185,0.99578,100.0,2.14,0.32,0.29,3.06,44.83,53.09,53.52,43.28,0.997,0.995,0.996,0.997,/tmpdir/crf_16.mpd,/videos/BigBuckBunny-2160.avi
14329,0.99533,20.60447,0.99971,46.32669,0.99994,0.89474,0.99159,0.99625,0.99822,100.0,1.11,0.32,0.29,1.51,47.67,53.1,53.55,46.33,0.997,0.995,0.996,0.998,/tmpdir/crf_16.mpd,/videos/BigBuckBunny-2160.avi
14330,0.99482,20.60447,0.9996,43.14254,0.9999,0.84626,0.9822,0.99157,0.99567,100.0,2.2,0.31,0.29,3.15,44.7,53.15,53.53,43.14,0.997,0.995,0.996,0.997,/tmpdir/crf_16.mpd,/videos/BigBuckBunny-2160.avi
14331,0.99536,20.74962,0.99971,46.10957,0.99994,0.89166,0.9912,0.99601,0.99808,100.0,1.16,0.32,0.29,1.59,47.47,53.08,53.52,46.11,0.997,0.995,0.996,0.998,/tmpdir/crf_16.mpd,/videos/BigBuckBunny-2160.avi
14332,0.99487,20.74962,0.99959,43.14415,0.9999,0.84624,0.98235,0.99155,0.9956,100.0,2.2,0.32,0.29,3.15,44.7,53.13,53.48,43.14,0.997,0.995,0.996,0.997,/tmpdir/crf_16.mpd,/videos/BigBuckBunny-2160.avi
14333,0.99531,20.61871,0.99971,46.16367,0.99994,0.89191,0.99132,0.9961,0.99809,100.0,1.15,0.31,0.28,1.57,47.53,53.19,53.63,46.16,0.997,0.995,0.996,0.998,/tmpdir/crf_16.mpd,/videos/BigBuckBunny-2160.avi
14334,0.99462,20.61871,0.99959,43.0799,0.9999,0.84439,0.98183,0.99145,0.9956,100.0,2.23,0.31,0.28,3.2,44.65,53.25,53.64,43.08,0.997,0.995,0.996,0.997,/tmpdir/crf_16.mpd,/videos/BigBuckBunny-2160.avi
14335,0.99507,20.72311,0.99971,45.98083,0.99994,0.8891,0.99091,0.99588,0.998,100.0,1.19,0.31,0.28,1.64,47.37,53.21,53.69,45.98,0.997,0.995,0.996,0.998,/tmpdir/crf_16.mpd,/videos/BigBuckBunny-2160.avi
14336,0.99486,20.72311,0.9996,43.003,0.9999,0.84332,0.98169,0.99123,0.99542,100.0,2.27,0.31,0.27,3.26,44.57,53.29,53.75,43.0,0.997,0.995,0.996,0.997,/tmpdir/crf_16.mpd,/videos/BigBuckBunny-2160.avi
14337,0.99514,20.49385,0.99971,46.11127,0.99994,0.89043,0.99131,0.99612,0.99814,100.0,1.16,0.3,0.27,1.59,47.5,53.37,53.85,46.11,0.997,0.995,0.996,0.998,/tmpdir/crf_16.mpd,/videos/BigBuckBunny-2160.avi
14338,0.99467,20.49385,0.99959,43.01011,0.9999,0.84255,0.98165,0.99142,0.99567,100.0,2.26,0.29,0.26,3.25,44.59,53.48,53.93,43.01,0.997,0.996,0.996,0.997,/tmpdir/crf_16.mpd,/videos/BigBuckBunny-2160.avi
14339,0.99515,20.32275,0.99971,46.09369,0.99994,0.88947,0.99109,0.99601,0.9981,100.0,1.16,0.29,0.26,1.6,47.49,53.44,53.98,46.09,0.997,0.995,0.996,0.998,/tmpdir/crf_16.mpd,/videos/BigBuckBunny-2160.avi
14340,0.99459,20.32275,0.9996,42.91843,0.9999,0.84163,0.9814,0.99112,0.99541,100.0,2.3,0.29,0.25,3.32,44.5,53.51,54.07,42.92,0.997,0.996,0.996,0.997,/tmpdir/crf_16.mpd,/videos/BigBuckBunny-2160.avi
14341,0.99492,20.46735,0.99971,45.89692,0.99994,0.88673,0.99083,0.99591,0.99804,100.0,1.21,0.29,0.26,1.67,47.31,53.45,54.05,45.9,0.997,0.996,0.996,0.998,/tmpdir/crf_16.mpd,/videos/BigBuckBunny-2160.avi
14342,0.99478,20.46735,0.9996,42.83125,0.9999,0.84031,0.98088,0.991,0.99544,100.0,2.35,0.29,0.25,3.39,44.42,53.47,54.11,42.83,0.997,0.996,0.996,0.997,/tmpdir/crf_16.mpd,/videos/BigBuckBunny-2160.avi
14343,0.99503,20.9073,0.99971,45.7748,0.99994,0.88621,0.99078,0.9959,0.99806,100.0,1.24,0.3,0.26,1.72,47.2,53.38,54.04,45.77,0.997,0.995,0.996,0.998,/tmpdir/crf_16.mpd,/videos/BigBuckBunny-2160.avi
14344,0.99467,20.9073,0.9996,42.72492,0.9999,0.83861,0.98077,0.99097,0.99541,100.0,2.41,0.3,0.25,3.47,44.32,53.4,54.1,42.72,0.997,0.995,0.996,0.997,/tmpdir/crf_16.mpd,/videos/BigBuckBunny-2160.avi
14345,0.99496,20.9019,0.99972,45.60065,0.99994,0.88427,0.99046,0.99572,0.99791,100.0,1.29,0.3,0.25,1.79,47.04,53.37,54.09,45.6,0.997,0.995,0.996,0.998,/tmpdir/crf_16.mpd,/videos/BigBuckBunny-2160.avi
14346,0.99462,20.9019,0.99961,42.83329,0.9999,0.84076,0.98121,0.99123,0.99559,100.0,2.35,0.29,0.25,3.39,44.43,53.48,54.23,42.83,0.997,0.996,0.996,0.997,/tmpdir/crf_16.mpd,/videos/BigBuckBunny-2160.avi
14347,0.99504,20.91064,0.99973,45.72545,0.99994,0.88558,0.99094,0.99601,0.99816,100.0,1.25,0.29,0.24,1.74,47.17,53.53,54.24,45.73,0.997,0.996,0.996,0.998,/tmpdir/crf_16.mpd,/videos/BigBuckBunny-2160.avi
14348,0.99469,20.91064,0.99962,42.87463,0.99991,0.84089,0.98123,0.99118,0.99555,100.0,2.32,0.29,0.24,3.35,44.47,53.53,54.28,42.87,0.997,0.996,0.996,0.997,/tmpdir/crf_16.mpd,/videos/BigBuckBunny-2160.avi
14349,0.99512,21.04212,0.99973,45.66344,0.99994,0.88498,0.99083,0.99593,0.99808,100.0,1.27,0.29,0.25,1.76,47.11,53.52,54.23,45.66,0.997,0.996,0.996,0.998,/tmpdir/crf_16.mpd,/videos/BigBuckBunny-2160.avi
14350,0.99468,21.04212,0.99962,42.861,0.99991,0.84093,0.98142,0.99124,0.99563,100.0,2.33,0.29,0.24,3.36,44.46,53.57,54.31,42.86,0.997,0.996,0.996,0.997,/tmpdir/crf_16.mpd,/videos/BigBuckBunny-2160.avi
14351,0.99524,21.02556,0.99975,45.91636,0.99995,0.88814,0.99149,0.99626,0.99826,100.0,1.2,0.28,0.24,1.67,47.35,53.64,54.35,45.92,0.998,0.996,0.996,0.998,/tmpdir/crf_16.mpd,/videos/BigBuckBunny-2160.avi
14352,0.99462,21.02556,0.99963,42.92204,0.99991,0.84159,0.98195,0.99159,0.99579,100.0,2.3,0.28,0.24,3.32,44.52,53.66,54.38,42.92,0.997,0.996,0.996,0.998,/tmpdir/crf_16.mpd,/videos/BigBuckBunny-2160.avi
14353,0.99522,21.16164,0.99975,45.8222,0.99995,0.88646,0.99129,0.99615,0.9982,100.0,1.22,0.28,0.24,1.7,47.26,53.66,54.34,45.82,0.998,0.996,0.996,0.998,/tmpdir/crf_16.mpd,/videos/BigBuckBunny-2160.avi
14354,0.99496,21.16164,0.99964,42.93344,0.99991,0.84212,0.98156,0.99133,0.99552,100.0,2.29,0.28,0.24,3.31,44.53,53.64,54.37,42.93,0.997,0.996,0.996,0.997,/tmpdir/crf_16.mpd,/videos/BigBuckBunny-2160.avi
14355,0.9953,21.18377,0.99976,45.99921,0.99995,0.88888,0.99162,0.99632,0.99832,100.0,1.17,0.27,0.23,1.63,47.44,53.78,54.46,46.0,0.998,0.996,0.996,0.998,/tmpdir/crf_16.mpd,/videos/BigBuckBunny-2160.avi
14356,0.9948,21.18377,0.99964,42.87556,0.99991,0.84056,0.98153,0.99144,0.99573,100.0,2.32,0.27,0.23,3.35,44.48,53.76,54.48,42.88,0.997,0.996,0.997,0.997,/tmpdir/crf_16.mpd,/videos/BigBuckBunny-2160.avi
14357,0.9952,21.39314,0.99975,45.76993,0.99995,0.88565,0.99125,0.99615,0.99819,100.0,1.23,0.27,0.23,1.72,47.23,53.86,54.48,45.77,0.998,0.996,0.997,0.998,/tmpdir/crf_16.mpd,/videos/BigBuckBunny-2160.avi
14358,0.99465,21.39314,0.99964,42.82336,0.99991,0.84053,0.98159,0.99138,0.99559,100.0,2.35,0.27,0.23,3.39,44.43,53.82,54.45,42.82,0.997,0.996,0.997,0.997,/tmpdir/crf_16.mpd,/videos/BigBuckBunny-2160.avi
14359,0.99515,21.62028,0.99976,45.77411,0.99995,0.88627,0.99129,0.99618,0.9982,100.0,1.23,0.27,0.23,1.72,47.23,53.9,54.46,45.77,0.998,0.996,0.997,0.998,/tmpdir/crf_16.mpd,/videos/BigBuckBunny-2160.avi
14360,0.9949,21.62028,0.99964,42.72231,0.99992,0.83912,0.98138,0.99138,0.9957,100.0,2.4,0.27,0.24,3.47,44.33,53.86,54.38,42.72,0.997,0.996,0.996,0.997,/tmpdir/crf_16.mpd,/videos/BigBuckBunny-2160.avi
14361,0.99514,22.07252,0.99975,45.40831,0.99995,0.88256,0.99067,0.99589,0.99809,100.0,1.33,0.26,0.24,1.87,46.89,53.9,54.37,45.41,0.998,0.996,0.996,0.998,/tmpdir/crf_16.mpd,/videos/BigBuckBunny-2160.avi
14362,0.99491,22.07252,0.99965,42.69662,0.99992,0.83953,0.98155,0.99139,0.99564,100.0,2.41,0.27,0.24,3.49,44.3,53.89,54.32,42.7,0.997,0.996,0.996,0.997,/tmpdir/crf_16.mpd,/videos/BigBuckBunny-2160.avi
14363,0.99531,21.93291,0.99977,45.72254,0.99995,0.88629,0.99136,0.99619,0.9982,100.0,1.24,0.26,0.23,1.74,47.19,54.03,54.43,45.72,0.998,0.996,0.997,0.998,/tmpdir/crf_16.mpd,/videos/BigBuckBunny-2160.avi
14364,0.99614,21.93291,0.99978,46.21713,0.99996,0.89315,0.99251,0.99672,0.99851,100.0,1.11,0.24,0.22,1.55,47.66,54.3,54.62,46.22,0.998,0.996,0.997,0.998,/tmpdir/crf_16.mpd,/videos/BigBuckBunny-2160.avi
14365,0.99906,22.01298,0.99987,48.56621,0.99998,0.92549,0.996,0.99818,0.99905,100.0,0.67,0.2,0.18,0.9,49.9,55.17,55.66,48.57,0.998,0.997,0.997,0.999,/tmpdir/crf_16.mpd,/videos/BigBuckBunny-2160.avi
14366,0.99741,22.01298,0.99975,44.43163,0.99994,0.86866,0.98792,0.99475,0.99766,100.0,1.63,0.22,0.19,2.34,46.01,54.78,55.23,44.43,0.998,0.997,0.997,0.998,/tmpdir/crf_16.mpd,/videos/BigBuckBunny-2160.avi
14367,0.99849,21.99309,0.99983,47.36942,0.99997,0.90869,0.99416,0.99738,0.99873,100.0,0.86,0.2,0.18,1.19,48.8,55.06,55.58,47.37,0.998,0.997,0.997,0.999,/tmpdir/crf_16.mpd,/videos/BigBuckBunny-2160.avi
14368,0.99699,21.99309,0.99973,44.41634,0.99994,0.86829,0.98766,0.99441,0.99728,100.0,1.64,0.21,0.19,2.35,45.99,54.82,55.37,44.42,0.998,0.997,0.997,0.998,/tmpdir/crf_16.mpd,/videos/BigBuckBunny-2160.avi
14369,0.99721,22.00463,0.99982,47.67132,0.99997,0.91348,0.99422,0.99753,0.99893,100.0,0.8,0.2,0.17,1.11,49.08,55.16,55.76,47.67,0.998,0.997,0.997,0.999,/tmpdir/crf_16.mpd,/videos/BigBuckBunny-2160.avi
14370,0.99658,22.00463,0.99974,44.1187,0.99994,0.86303,0.98663,0.99407,0.99724,100.0,1.74,0.21,0.18,2.52,45.72,54.99,55.58,44.12,0.998,0.997,0.997,0.998,/tmpdir/crf_16.mpd,/videos/BigBuckBunny-2160.avi
14371,0.99715,22.14647,0.99983,47.24389,0.99997,0.90768,0.99398,0.99744,0.99891,100.0,0.88,0.2,0.17,1.23,48.68,55.09,55.71,47.24,0.998,0.997,0.997,0.999,/tmpdir/crf_16.mpd,/videos/BigBuckBunny-2160.avi
14372,0.99632,22.14647,0.99972,44.20844,0.99993,0.86543,0.98708,0.99411,0.99729,100.0,1.73,0.29,0.24,2.47,45.74,53.46,54.37,44.21,0.997,0.996,0.997,0.998,/tmpdir/crf_16.mpd,/videos/BigBuckBunny-2160.avi
14373,0.99855,22.15388,0.99983,47.26251,0.99997,0.908,0.99356,0.9972,0.99849,100.0,0.9,0.3,0.23,1.22,48.57,53.31,54.49,47.26,0.998,0.995,0.997,0.999,/tmpdir/crf_16.mpd,/videos/BigBuckBunny-2160.avi
14374,0.99774,22.15388,0.99971,44.13045,0.99994,0.86323,0.9867,0.99391,0.99686,100.0,1.78,0.38,0.27,2.51,45.62,52.31,53.86,44.13,0.997,0.994,0.996,0.998,/tmpdir/crf_16.mpd,/videos/BigBuckBunny-2160.avi
14375,0.99936,22.3868,0.9998,47.03095,0.99996,0.90535,0.99352,0.997,0.99816,100.0,0.96,0.38,0.26,1.29,48.29,52.38,54.03,47.03,0.997,0.994,0.996,0.999,/tmpdir/crf_16.mpd,/videos/BigBuckBunny-2160.avi
14376,0.99862,22.3868,0.99981,46.91371,0.99996,0.9045,0.99323,0.99693,0.99843,100.0,0.98,0.33,0.24,1.32,48.23,52.93,54.41,46.91,0.998,0.995,0.996,0.999,/tmpdir/crf_16.mpd,/videos/BigBuckBunny-2160.avi
14377,0.9993,23.29124,0.9998,47.0675,0.99996,0.9053,0.99361,0.99737,0.99888,100.0,0.92,0.23,0.19,1.28,48.49,54.49,55.42,47.07,0.998,0.997,0.997,0.999,/tmpdir/crf_16.mpd,/videos/BigBuckBunny-2160.avi
14378,0.99887,23.29124,0.9998,47.18927,0.99996,0.90664,0.99375,0.99732,0.9989,100.0,0.89,0.24,0.13,1.24,48.64,54.36,56.85,47.19,0.998,0.996,0.998,0.998,/tmpdir/crf_16.mpd,/videos/BigBuckBunny-2160.avi
14379,0.99795,21.93097,0.99981,47.38972,0.99997,0.90729,0.99412,0.99741,0.99879,100.0,0.85,0.27,0.09,1.19,48.83,53.82,58.6,47.39,0.998,0.996,0.999,0.999,/tmpdir/crf_16.mpd,/videos/BigBuckBunny-2160.avi
14380,0.99683,21.93097,0.99976,44.56101,0.99995,0.869,0.987,0.99429,0.99748,100.0,1.57,0.26,0.08,2.27,46.17,54.03,59.29,44.56,0.998,0.996,0.999,0.998,/tmpdir/crf_16.mpd,/videos/BigBuckBunny-2160.avi
14381,0.99823,21.76533,0.99982,47.65457,0.99997,0.9107,0.99428,0.99755,0.99887,100.0,0.8,0.24,0.07,1.12,49.12,54.38,59.42,47.65,0.998,0.996,0.999,0.999,/tmpdir/crf_16.mpd,/videos/BigBuckBunny-2160.avi
14382,0.99676,21.76533,0.99975,44.49429,0.99995,0.86747,0.98742,0.99433,0.99731,100.0,1.59,0.24,0.07,2.31,46.11,54.36,59.62,44.49,0.998,0.996,0.999,0.998,/tmpdir/crf_16.mpd,/videos/BigBuckBunny-2160.avi
14383,0.99719,21.87014,0.99982,47.47993,0.99997,0.90932,0.99405,0.9975,0.99892,100.0,0.82,0.22,0.07,1.16,48.97,54.62,59.64,47.48,0.998,0.997,0.999,0.999,/tmpdir/crf_16.mpd,/videos/BigBuckBunny-2160.avi
14384,0.99665,21.87014,0.99975,44.18613,0.99995,0.86316,0.98663,0.99416,0.99741,100.0,1.7,0.22,0.06,2.48,45.82,54.67,60.01,44.19,0.998,0.997,0.999,0.998,/tmpdir/crf_16.mpd,/videos/BigBuckBunny-2160.avi
14385,0.99726,21.76968,0.99982,47.50057,0.99997,0.91011,0.9942,0.99756,0.99898,100.0,0.82,0.21,0.06,1.16,49.01,54.97,60.08,47.5,0.998,0.997,0.999,0.999,/tmpdir/crf_16.mpd,/videos/BigBuckBunny-2160.avi
14386,0.99659,21.76968,0.99975,44.33526,0.99995,0.86536,0.98703,0.99425,0.99733,100.0,1.64,0.21,0.06,2.4,45.98,54.94,60.26,44.34,0.998,0.997,0.999,0.998,/tmpdir/crf_16.mpd,/videos/BigBuckBunny-2160.avi
14387,0.99719,21.82135,0.99981,47.3809,0.99997,0.90884,0.99403,0.99753,0.99897,100.0,0.83,0.19,0.06,1.19,48.92,55.24,60.39,47.38,0.998,0.997,0.999,0.999,/tmpdir/crf_16.mpd,/videos/BigBuckBunny-2160.avi
14388,0.99668,21.82135,0.99975,44.22373,0.99995,0.86382,0.98695,0.9943,0.99738,100.0,1.68,0.19,0.06,2.46,45.88,55.27,60.61,44.22,0.998,0.997,0.999,0.998,/tmpdir/crf_16.mpd,/videos/BigBuckBunny-2160.avi
14389,0.99715,21.85604,0.99982,47.49573,0.99997,0.91025,0.99424,0.99761,0.99902,100.0,0.81,0.18,0.06,1.16,49.04,55.5,60.66,47.5,0.998,0.997,0.999,0.999,/tmpdir/crf_16.mpd,/videos/BigBuckBunny-2160.avi
14390,0.99665,21.85604,0.99975,44.36664,0.99994,0.86578,0.98716,0.99437,0.99743,100.0,1.63,0.18,0.05,2.38,46.02,55.49,60.82,44.37,0.998,0.997,0.999,0.998,/tmpdir/crf_16.mpd,/videos/BigBuckBunny-2160.avi
14391,0.99723,21.89132,0.99982,47.5764,0.99997,0.91063,0.99446,0.99772,0.99908,100.0,0.79,0.17,0.05,1.14,49.13,55.78,60.95,47.58,0.999,0.997,0.999,0.999,/tmpdir/crf_16.mpd,/videos/BigBuckBunny-2160.avi
14392,0.9965,21.89132,0.99975,44.26224,0.99994,0.86464,0.98676,0.99418,0.99737,100.0,1.66,0.17,0.05,2.44,45.93,55.76,61.16,44.26,0.998,0.997,0.999,0.998,/tmpdir/crf_16.mpd,/videos/BigBuckBunny-2160.avi
14393,0.99722,22.00745,0.99982,47.59378,0.99997,0.91115,0.99446,0.99769,0.99903,100.0,0.79,0.16,0.05,1.13,49.15,55.96,61.18,47.59,0.999,0.997,0.999,0.999,/tmpdir/crf_16.mpd,/videos/BigBuckBunny-2160.avi
14394,0.99654,22.00745,0.99975,44.20745,0.99995,0.86369,0.98687,0.99424,0.99739,100.0,1.68,0.17,0.05,2.47,45.87,55.9,61.26,44.21,0.998,0.997,0.999,0.998,/tmpdir/crf_16.mpd,/videos/BigBuckBunny-2160.avi
14395,0.99712,21.93694,0.99983,47.51766,0.99997,0.91021,0.99442,0.9977,0.99907,100.0,0.8,0.16,0.05,1.15,49.09,56.16,61.37,47.52,0.999,0.998,0.999,0.999,/tmpdir/crf_16.mpd,/videos/BigBuckBunny-2160.avi
14396,0.9965,21.93694,0.99976,44.28603,0.99995,0.86431,0.98712,0.99437,0.9974,100.0,1.65,0.16,0.05,2.42,45.96,56.16,61.57,44.29,0.998,0.998,0.999,0.998,/tmpdir/crf_16.mpd,/videos/BigBuckBunny-2160.avi
14397,0.99709,22.02646,0.99983,47.50343,0.99997,0.91042,0.99445,0.9977,0.99908,100.0,0.8,0.15,0.05,1.16,49.08,56.31,61.58,47.5,0.999,0.998,0.999,0.999,/tmpdir/crf_16.mpd,/videos/BigBuckBunny-2160.avi
14398,0.99652,22.02646,0.99976,44.17925,0.99995,0.86322,0.98673,0.99416,0.9973,100.0,1.69,0.15,0.04,2.48,45.85,56.24,61.64,44.18,0.998,0.998,0.999,0.998,/tmpdir/crf_16.mpd,/videos/BigBuckBunny-2160.avi
14399,0.99721,21.89158,0.99984,47.59964,0.99997,0.91094,0.99455,0.99776,0.99909,100.0,0.79,0.15,0.04,1.13,49.18,56.46,61.77,47.6,0.999,0.998,0.999,0.999,/tmpdir/crf_16.mpd,/videos/BigBuckBunny-2160.avi
14400,0.99656,21.89158,0.99977,44.25754,0.99995,0.86426,0.987,0.9943,0.99736,100.0,1.66,0.15,0.04,2.44,45.93,56.33,61.92,44.26,0.998,0.998,0.999,0.998,/tmpdir/crf_16.mpd,/videos/BigBuckBunny-2160.avi
14401,0.99706,22.04313,0.99984,47.4118,0.99997,0.90965,0.99436,0.99766,0.99904,100.0,0.82,0.15,0.04,1.18,49.0,56.47,61.94,47.41,0.999,0.998,0.999,0.999,/tmpdir/crf_16.mpd,/videos/BigBuckBunny-2160.avi
14402,0.99653,22.04313,0.99978,44.22412,0.99995,0.86405,0.9871,0.99433,0.99743,100.0,1.67,0.15,0.04,2.46,45.9,56.28,62.01,44.22,0.998,0.998,0.999,0.998,/tmpdir/crf_16.mpd,/videos/BigBuckBunny-2160.avi
14403,0.99713,22.16684,0.99985,47.5851,0.99997,0.91102,0.99465,0.9978,0.99913,100.0,0.79,0.15,0.04,1.13,49.17,56.49,62.02,47.59,0.999,0.998,0.999,0.999,/tmpdir/crf_16.mpd,/videos/BigBuckBunny-2160.avi
14404,0.99649,22.16684,0.99978,44.19512,0.99995,0.86357,0.98684,0.99417,0.99727,100.0,1.68,0.15,0.04,2.47,45.87,56.29,62.1,44.2,0.998,0.998,0.999,0.998,/tmpdir/crf_16.mpd,/videos/BigBuckBunny-2160.avi
14405,0.99716,22.50202,0.99985,47.41257,0.99997,0.90975,0.99451,0.99775,0.9991,100.0,0.82,0.15,0.04,1.18,49.0,56.46,62.11,47.41,0.999,0.998,0.999,0.999,/tmpdir/crf_16.mpd,/videos/BigBuckBunny-2160.avi
14406,0.9966,22.50202,0.99978,44.08721,0.99995,0.86283,0.98698,0.9943,0.9974,100.0,1.72,0.16,0.04,2.54,45.77,56.2,62.16,44.09,0.998,0.998,0.999,0.998,/tmpdir/crf_16.mpd,/videos/BigBuckBunny-2160.avi
14407,0.99713,22.7712,0.99985,47.38947,0.99997,0.90962,0.99451,0.99776,0.99911,100.0,0.82,0.15,0.04,1.19,48.98,56.38,62.15,47.39,0.999,0.998,0.999,0.999,/tmpdir/crf_16.mpd,/videos/BigBuckBunny-2160.avi
14408,0.99653,22.7712,0.99978,44.11841,0.99995,0.86365,0.98702,0.99434,0.99745,100.0,1.71,0.16,0.04,2.52,45.8,56.15,62.22,44.12,0.998,0.998,0.999,0.998,/tmpdir/crf_16.mpd,/videos/BigBuckBunny-2160.avi
14409,0.99718,23.1957,0.99985,47.2549,0.99997,0.90925,0.99442,0.99771,0.9991,100.0,0.85,0.15,0.04,1.22,48.85,56.28,62.21,47.25,0.999,0.998,0.999,0.999,/tmpdir/crf_16.mpd,/videos/BigBuckBunny-2160.avi
14410,0.99657,23.1957,0.99978,43.99406,0.99995,0.86251,0.98671,0.99418,0.99741,100.0,1.76,0.16,0.04,2.59,45.67,56.01,62.23,43.99,0.998,0.998,0.999,0.998,/tmpdir/crf_16.mpd,/videos/BigBuckBunny-2160.avi
14411,0.99725,23.25299,0.99986,47.32008,0.99997,0.90968,0.99454,0.99777,0.99911,100.0,0.84,0.16,0.04,1.21,48.91,56.22,62.25,47.32,0.999,0.998,0.999,0.999,/tmpdir/crf_16.mpd,/videos/BigBuckBunny-2160.avi
14412,0.99659,23.25299,0.99979,44.05697,0.99995,0.86339,0.98694,0.99431,0.99745,100.0,1.74,0.16,0.04,2.55,45.73,56.01,62.37,44.06,0.998,0.998,0.999,0.998,/tmpdir/crf_16.mpd,/videos/BigBuckBunny-2160.avi
14413,0.99712,22.92543,0.99986,47.43251,0.99997,0.91015,0.99457,0.99782,0.99917,100.0,0.81,0.15,0.04,1.17,49.02,56.31,62.51,47.43,0.999,0.998,0.999,0.999,/tmpdir/crf_16.mpd,/videos/BigBuckBunny-2160.avi
14414,0.99649,22.92543,0.9998,44.14607,0.99995,0.86392,0.98708,0.99437,0.99747,100.0,1.7,0.16,0.04,2.5,45.82,56.09,62.6,44.15,0.998,0.998,0.999,0.998,/tmpdir/crf_16.mpd,/videos/BigBuckBunny-2160.avi
14415,0.99718,22.75473,0.99987,47.50284,0.99997,0.91093,0.99461,0.99782,0.99915,100.0,0.8,0.15,0.04,1.16,49.09,56.29,62.6,47.5,0.999,0.998,0.999,0.999,/tmpdir/crf_16.mpd,/videos/BigBuckBunny-2160.avi
14416,0.99668,22.75473,0.9998,44.16115,0.99995,0.86416,0.98704,0.99436,0.99745,100.0,1.7,0.16,0.03,2.49,45.84,56.06,62.71,44.16,0.998,0.998,0.999,0.998,/tmpdir/crf_16.mpd,/videos/BigBuckBunny-2160.avi
14417,0.99727,22.29902,0.99987,47.65323,0.99997,0.9118,0.99479,0.99791,0.99918,100.0,0.77,0.15,0.03,1.12,49.24,56.4,62.86,47.65,0.999,0.998,0.999,0.999,/tmpdir/crf_16.mpd,/videos/BigBuckBunny-2160.avi
14418,0.99661,22.29902,0.9998,44.28414,0.99995,0.86457,0.98714,0.99436,0.99743,100.0,1.65,0.16,0.03,2.42,45.96,56.13,63.0,44.28,0.998,0.998,1.0,0.998,/tmpdir/crf_16.mpd,/videos/BigBuckBunny-2160.avi
14419,0.99714,22.03355,0.99987,47.62664,0.99997,0.91134,0.99468,0.99786,0.99917,100.0,0.78,0.15,0.03,1.12,49.22,56.42,63.01,47.63,0.999,0.998,1.0,0.999,/tmpdir/crf_16.mpd,/videos/BigBuckBunny-2160.avi
14420,0.9965,22.03355,0.99981,44.31355,0.99995,0.86499,0.98705,0.99433,0.99742,100.0,1.64,0.16,0.03,2.41,45.99,56.17,63.07,44.31,0.998,0.998,1.0,0.998,/tmpdir/crf_16.mpd,/videos/BigBuckBunny-2160.avi
14421,0.99714,21.73678,0.99988,47.8077,0.99997,0.9128,0.99483,0.99794,0.99922,100.0,0.75,0.15,0.03,1.08,49.39,56.47,63.18,47.81,0.999,0.998,1.0,0.999,/tmpdir/crf_16.mpd,/videos/BigBuckBunny-2160.avi
14422,0.99674,21.73678,0.99981,44.38414,0.99995,0.86542,0.98734,0.9945,0.99756,100.0,1.61,0.16,0.03,2.37,46.06,56.22,63.32,44.38,0.998,0.998,1.0,0.998,/tmpdir/crf_16.mpd,/videos/BigBuckBunny-2160.avi
14423,0.99721,21.58624,0.99988,47.82056,0.99997,0.91249,0.99493,0.99799,0.99924,100.0,0.75,0.15,0.03,1.07,49.41,56.47,63.33,47.82,0.999,0.998,1.0,0.999,/tmpdir/crf_16.mpd,/videos/BigBuckBunny-2160.avi
14424,0.99663,21.58624,0.99981,44.37596,0.99995,0.86532,0.98728,0.99452,0.99758,100.0,1.61,0.16,0.03,2.37,46.05,56.15,63.38,44.38,0.998,0.998,1.0,0.998,/tmpdir/crf_16.mpd,/videos/BigBuckBunny-2160.avi
14425,0.99716,21.61414,0.99988,47.83523,0.99998,0.91247,0.99494,0.99802,0.99928,100.0,0.74,0.15,0.03,1.07,49.42,56.44,63.37,47.84,0.999,0.998,1.0,0.999,/tmpdir/crf_16.mpd,/videos/BigBuckBunny-2160.avi
14426,0.99658,21.61414,0.99982,44.39358,0.99996,0.86577,0.98731,0.9945,0.99757,100.0,1.61,0.16,0.03,2.36,46.07,56.09,63.41,44.39,0.998,0.998,1.0,0.998,/tmpdir/crf_16.mpd,/videos/BigBuckBunny-2160.avi
14427,0.99717,21.61729,0.99989,47.79073,0.99998,0.91225,0.99492,0.99802,0.99928,100.0,0.75,0.15,0.03,1.08,49.38,56.39,63.4,47.79,0.999,0.998,1.0,0.999,/tmpdir/crf_16.mpd,/videos/BigBuckBunny-2160.avi
14428,0.99665,21.61729,0.99982,44.41205,0.99995,0.86583,0.98731,0.99456,0.99761,100.0,1.6,0.16,0.03,2.35,46.08,55.99,63.45,44.41,0.998,0.998,1.0,0.998,/tmpdir/crf_16.mpd,/videos/BigBuckBunny-2160.avi
14429,0.9972,21.32868,0.99989,47.74411,0.99998,0.91184,0.99486,0.998,0.99926,100.0,0.76,0.15,0.03,1.09,49.33,56.36,63.48,47.74,0.999,0.998,1.0,0.999,/tmpdir/crf_16.mpd,/videos/BigBuckBunny-2160.avi
14430,0.99659,21.32868,0.99982,44.42988,0.99995,0.86593,0.98731,0.9946,0.99767,100.0,1.59,0.16,0.03,2.34,46.1,56.02,63.64,44.43,0.998,0.998,1.0,0.998,/tmpdir/crf_16.mpd,/videos/BigBuckBunny-2160.avi
14431,0.9971,21.28009,0.99989,47.66011,0.99997,0.91082,0.99469,0.9979,0.99919,100.0,0.77,0.15,0.03,1.11,49.25,56.4,63.75,47.66,0.999,0.998,1.0,0.999,/tmpdir/crf_16.mpd,/videos/BigBuckBunny-2160.avi
14432,0.99657,21.28009,0.99983,44.46122,0.99996,0.86674,0.98737,0.99461,0.99765,100.0,1.58,0.16,0.03,2.33,46.14,56.07,63.82,44.46,0.998,0.998,1.0,0.998,/tmpdir/crf_16.mpd,/videos/BigBuckBunny-2160.avi
14433,0.99723,21.52636,0.9999,47.90933,0.99998,0.91362,0.99513,0.99811,0.99932,100.0,0.73,0.15,0.03,1.05,49.49,56.43,63.81,47.91,0.999,0.998,1.0,0.999,/tmpdir/crf_16.mpd,/videos/BigBuckBunny-2160.avi
14434,0.99656,21.52636,0.99983,44.39242,0.99995,0.8655,0.9875,0.99473,0.99776,100.0,1.61,0.16,0.03,2.37,46.07,56.08,63.85,44.39,0.998,0.998,1.0,0.998,/tmpdir/crf_16.mpd,/videos/BigBuckBunny-2160.avi
14435,0.99726,21.66058,0.99989,47.82205,0.99998,0.91264,0.99504,0.99809,0.99932,100.0,0.74,0.15,0.03,1.07,49.41,56.49,63.86,47.82,0.999,0.998,1.0,0.999,/tmpdir/crf_16.mpd,/videos/BigBuckBunny-2160.avi
14436,0.99653,21.66058,0.99983,44.34211,0.99996,0.86548,0.98755,0.99477,0.99779,100.0,1.63,0.16,0.03,2.39,46.02,56.18,63.93,44.34,0.998,0.998,1.0,0.998,/tmpdir/crf_16.mpd,/videos/BigBuckBunny-2160.avi
14437,0.99718,21.80738,0.9999,47.78419,0.99998,0.91222,0.99508,0.99812,0.99936,100.0,0.75,0.14,0.03,1.08,49.38,56.54,63.9,47.78,0.999,0.998,1.0,0.999,/tmpdir/crf_16.mpd,/videos/BigBuckBunny-2160.avi
14438,0.99657,21.80738,0.99983,44.40484,0.99996,0.86629,0.9876,0.99473,0.99773,100.0,1.6,0.16,0.03,2.36,46.08,56.21,63.94,44.4,0.999,0.998,1.0,0.998,/tmpdir/crf_16.mpd,/videos/BigBuckBunny-2160.avi
14439,0.99718,21.81247,0.99989,47.78069,0.99998,0.91232,0.99507,0.99812,0.99936,100.0,0.75,0.14,0.03,1.08,49.38,56.59,63.93,47.78,0.999,0.998,1.0,0.999,/tmpdir/crf_16.mpd,/videos/BigBuckBunny-2160.avi
14440,0.99655,21.81247,0.99982,44.30873,0.99995,0.86463,0.98734,0.9946,0.99764,100.0,1.64,0.15,0.03,2.41,45.99,56.28,63.97,44.31,0.998,0.998,1.0,0.998,/tmpdir/crf_16.mpd,/videos/BigBuckBunny-2160.avi
14441,0.99717,21.78051,0.99989,47.65236,0.99998,0.91093,0.99485,0.99803,0.99931,100.0,0.77,0.14,0.03,1.12,49.25,56.64,63.96,47.65,0.999,0.998,1.0,0.999,/tmpdir/crf_16.mpd,/videos/BigBuckBunny-2160.avi
14442,0.99646,21.78051,0.99982,44.36167,0.99995,0.86564,0.98731,0.99462,0.99769,100.0,1.62,0.15,0.03,2.38,46.04,56.38,64.01,44.36,0.998,0.998,1.0,0.998,/tmpdir/crf_16.mpd,/videos/BigBuckBunny-2160.avi
14443,0.99709,21.62251,0.99989,47.69786,0.99998,0.91117,0.9948,0.99799,0.99927,100.0,0.76,0.14,0.03,1.1,49.3,56.83,64.15,47.7,0.999,0.998,1.0,0.999,/tmpdir/crf_16.mpd,/videos/BigBuckBunny-2160.avi
14444,0.99659,21.62251,0.99982,44.40514,0.99995,0.8662,0.98738,0.99461,0.99765,100.0,1.6,0.14,0.02,2.36,46.09,56.53,64.3,44.41,0.998,0.998,1.0,0.998,/tmpdir/crf_16.mpd,/videos/BigBuckBunny-2160.avi
14445,0.99713,21.76774,0.99988,47.66902,0.99997,0.91105,0.99487,0.99805,0.99936,100.0,0.77,0.13,0.02,1.11,49.28,56.95,64.35,47.67,0.999,0.998,1.0,0.999,/tmpdir/crf_16.mpd,/videos/BigBuckBunny-2160.avi
14446,0.99754,21.76774,0.99989,47.71297,0.99997,0.91252,0.995,0.998,0.99929,100.0,0.76,0.13,0.02,1.1,49.33,57.12,64.39,47.71,0.999,0.998,1.0,0.999,/tmpdir/crf_16.mpd,/videos/BigBuckBunny-2160.avi
14447,0.99665,21.5929,0.99982,44.7472,0.99995,0.87163,0.98757,0.99463,0.99771,100.0,1.48,0.13,0.02,2.18,46.43,56.84,64.54,44.75,0.999,0.998,1.0,0.998,/tmpdir/crf_16.mpd,/videos/BigBuckBunny-2160.avi
14448,0.99789,21.5929,0.99989,47.96601,0.99998,0.91433,0.99524,0.9981,0.99924,100.0,0.72,0.12,0.02,1.04,49.58,57.39,64.64,47.97,0.999,0.998,1.0,0.999,/tmpdir/crf_16.mpd,/videos/BigBuckBunny-2160.avi
14449,0.99689,21.58929,0.99982,44.73888,0.99995,0.87125,0.9881,0.99482,0.99776,100.0,1.48,0.13,0.02,2.18,46.43,57.13,64.78,44.74,0.999,0.998,1.0,0.998,/tmpdir/crf_16.mpd,/videos/BigBuckBunny-2160.avi
14450,0.99723,21.58929,0.99988,47.88343,0.99997,0.91363,0.99507,0.99807,0.9993,100.0,0.73,0.12,0.02,1.06,49.51,57.51,64.76,47.88,0.999,0.998,1.0,0.999,/tmpdir/crf_16.mpd,/videos/BigBuckBunny-2160.avi
14451,0.99649,21.44744,0.99982,44.67014,0.99995,0.87074,0.98762,0.99465,0.99783,100.0,1.5,0.12,0.02,2.22,46.36,57.3,64.86,44.67,0.999,0.998,1.0,0.998,/tmpdir/crf_16.mpd,/videos/BigBuckBunny-2160.avi
14452,0.99729,21.44744,0.99988,47.97474,0.99997,0.91421,0.99514,0.99811,0.99931,100.0,0.71,0.11,0.02,1.04,49.6,57.76,64.93,47.97,0.999,0.998,1.0,0.999,/tmpdir/crf_16.mpd,/videos/BigBuckBunny-2160.avi
14453,0.99638,20.97901,0.99982,44.7802,0.99995,0.87079,0.98747,0.99455,0.99764,100.0,1.46,0.11,0.02,2.16,46.47,57.57,65.12,44.78,0.999,0.998,1.0,0.998,/tmpdir/crf_16.mpd,/videos/BigBuckBunny-2160.avi
14454,0.99725,20.97901,0.99988,48.01463,0.99997,0.91422,0.99511,0.99812,0.99934,100.0,0.71,0.1,0.02,1.03,49.65,58.04,65.11,48.01,0.999,0.998,1.0,0.999,/tmpdir/crf_16.mpd,/videos/BigBuckBunny-2160.avi
14455,0.99633,20.72717,0.99982,44.72519,0.99995,0.86995,0.98745,0.99458,0.99773,100.0,1.48,0.11,0.02,2.19,46.42,57.82,65.17,44.73,0.999,0.998,1.0,0.998,/tmpdir/crf_16.mpd,/videos/BigBuckBunny-2160.avi
14456,0.99734,20.72717,0.99988,48.12954,0.99997,0.9152,0.99514,0.99813,0.99936,100.0,0.69,0.1,0.02,1.0,49.77,58.33,65.27,48.13,0.999,0.999,1.0,0.999,/tmpdir/crf_16.mpd,/videos/BigBuckBunny-2160.avi
14457,0.99651,20.55854,0.99981,44.85534,0.99995,0.87129,0.98744,0.99457,0.99775,100.0,1.44,0.1,0.02,2.13,46.56,58.17,65.46,44.86,0.999,0.999,1.0,0.998,/tmpdir/crf_16.mpd,/videos/BigBuckBunny-2160.avi
14458,0.99736,20.55854,0.99988,48.08323,0.99997,0.91419,0.99515,0.99813,0.99935,100.0,0.69,0.09,0.02,1.01,49.73,58.71,65.5,48.08,0.999,0.999,1.0,0.999,/tmpdir/crf_16.mpd,/videos/BigBuckBunny-2160.avi
14459,0.99627,20.56527,0.99981,44.81089,0.99995,0.8703,0.98699,0.99427,0.99748,100.0,1.45,0.09,0.02,2.15,46.52,58.62,65.55,44.81,0.999,0.999,1.0,0.998,/tmpdir/crf_16.mpd,/videos/BigBuckBunny-2160.avi
14460,0.99727,20.56527,0.99987,48.05243,0.99997,0.91433,0.99505,0.99806,0.99928,100.0,0.7,0.08,0.02,1.02,49.71,59.11,65.59,48.05,0.999,0.999,1.0,0.999,/tmpdir/crf_16.mpd,/videos/BigBuckBunny-2160.avi
14461,0.99638,20.06603,0.99981,44.98913,0.99995,0.87254,0.98787,0.9948,0.99783,100.0,1.39,0.08,0.02,2.06,46.7,59.13,65.84,44.99,0.999,0.999,1.0,0.998,/tmpdir/crf_16.mpd,/videos/BigBuckBunny-2160.avi
14462,0.99729,20.06603,0.99987,48.34991,0.99997,0.91624,0.99539,0.99822,0.99938,100.0,0.65,0.07,0.02,0.95,50.01,59.55,65.96,48.35,0.999,0.999,1.0,0.999,/tmpdir/crf_16.mpd,/videos/BigBuckBunny-2160.avi
14463,0.99628,19.76171,0.99981,45.08525,0.99995,0.8731,0.98756,0.99454,0.99767,100.0,1.36,0.07,0.02,2.02,46.8,59.63,66.02,45.09,0.999,0.999,1.0,0.998,/tmpdir/crf_16.mpd,/videos/BigBuckBunny-2160.avi
14464,0.99722,19.76171,0.99988,48.3426,0.99997,0.91622,0.99532,0.99818,0.99937,100.0,0.65,0.06,0.02,0.95,50.01,60.02,66.0,48.34,0.999,0.999,1.0,0.999,/tmpdir/crf_16.mpd,/videos/BigBuckBunny-2160.avi
14465,0.9963,19.6272,0.99982,45.11586,0.99995,0.87367,0.98764,0.99461,0.99773,100.0,1.35,0.06,0.02,2.0,46.83,60.23,66.15,45.12,0.999,0.999,1.0,0.998,/tmpdir/crf_16.mpd,/videos/BigBuckBunny-2160.avi
14466,0.99721,19.6272,0.99989,48.37248,0.99997,0.91628,0.99531,0.99817,0.99933,100.0,0.64,0.06,0.02,0.95,50.05,60.47,66.2,48.37,0.999,0.999,1.0,0.999,/tmpdir/crf_16.mpd,/videos/BigBuckBunny-2160.avi
14467,0.9965,19.67525,0.99983,45.08861,0.99995,0.87347,0.98813,0.99493,0.99795,100.0,1.35,0.06,0.02,2.01,46.81,60.68,66.29,45.09,0.999,0.999,1.0,0.998,/tmpdir/crf_16.mpd,/videos/BigBuckBunny-2160.avi
14468,0.9972,19.67525,0.99989,48.42501,0.99998,0.91647,0.99547,0.99826,0.9994,100.0,0.63,0.05,0.02,0.93,50.11,60.77,66.3,48.43,0.999,0.999,1.0,0.999,/tmpdir/crf_16.mpd,/videos/BigBuckBunny-2160.avi
14469,0.99638,19.77391,0.99983,45.09997,0.99995,0.87355,0.98777,0.99476,0.99793,100.0,1.35,0.05,0.02,2.01,46.82,60.87,66.34,45.1,0.999,0.999,1.0,0.999,/tmpdir/crf_16.mpd,/videos/BigBuckBunny-2160.avi
14470,0.9972,19.77391,0.99989,48.39923,0.99998,0.91632,0.99543,0.99826,0.99939,100.0,0.64,0.05,0.02,0.94,50.08,60.9,66.3,48.4,0.999,0.999,1.0,0.999,/tmpdir/crf_16.mpd,/videos/BigBuckBunny-2160.avi
14471,0.99642,19.77651,0.99984,45.08395,0.99995,0.87346,0.9879,0.99481,0.99788,100.0,1.36,0.05,0.02,2.02,46.81,60.99,66.35,45.08,0.999,0.999,1.0,0.999,/tmpdir/crf_16.mpd,/videos/BigBuckBunny-2160.avi
14472,0.99722,19.77651,0.9999,48.33774,0.99998,0.9154,0.99534,0.99823,0.9994,100.0,0.65,0.05,0.02,0.95,50.02,61.04,66.35,48.34,0.999,0.999,1.0,0.999,/tmpdir/crf_16.mpd,/videos/BigBuckBunny-2160.avi
14473,0.99943,19.73689,0.99995,51.4456,0.99999,0.94903,0.99802,0.9992,0.99966,100.0,0.31,0.0,0.0,0.47,53.21,inf,inf,51.45,1.0,1.0,1.0,1.0,/tmpdir/crf_16.mpd,/videos/BigBuckBunny-2160.avi
14474,0.99752,19.73689,0.99987,45.33161,0.99996,0.87871,0.98902,0.99533,0.99804,100.0,1.27,0.0,0.0,1.91,47.09,inf,inf,45.33,0.999,1.0,1.0,0.999,/tmpdir/crf_16.mpd,/videos/BigBuckBunny-2160.avi
14475,0.99913,19.97253,0.99992,48.78989,0.99998,0.92174,0.99593,0.9984,0.99932,100.0,0.57,0.0,0.0,0.86,50.55,inf,inf,48.79,1.0,1.0,1.0,0.999,/tmpdir/crf_16.mpd,/videos/BigBuckBunny-2160.avi
14476,0.99735,19.97253,0.99985,45.18474,0.99996,0.87689,0.98908,0.99535,0.99801,100.0,1.31,0.0,0.0,1.97,46.95,inf,inf,45.18,0.999,1.0,1.0,0.999,/tmpdir/crf_16.mpd,/videos/BigBuckBunny-2160.avi
14477,0.99795,20.24064,0.99992,49.15964,0.99998,0.92713,0.99588,0.99844,0.99945,100.0,0.53,0.0,0.0,0.79,50.92,inf,inf,49.16,1.0,1.0,1.0,0.999,/tmpdir/crf_16.mpd,/videos/BigBuckBunny-2160.avi
14478,0.99707,20.24064,0.99985,44.86081,0.99996,0.87144,0.98811,0.99502,0.9979,100.0,1.42,0.0,0.0,2.12,46.62,inf,inf,44.86,0.999,1.0,1.0,0.999,/tmpdir/crf_16.mpd,/videos/BigBuckBunny-2160.avi
14479,0.99791,20.24266,0.99992,48.66695,0.99998,0.92069,0.99565,0.99835,0.99942,100.0,0.59,0.0,0.0,0.88,50.43,inf,inf,48.67,1.0,1.0,1.0,0.999,/tmpdir/crf_16.mpd,/videos/BigBuckBunny-2160.avi
14480,0.99719,20.24266,0.99985,45.071,0.99996,0.87503,0.98889,0.9953,0.99799,100.0,1.35,0.0,0.0,2.02,46.83,inf,inf,45.07,0.999,1.0,1.0,0.999,/tmpdir/crf_16.mpd,/videos/BigBuckBunny-2160.avi
14481,0.99776,20.2074,0.99992,48.61285,0.99998,0.92051,0.99533,0.99826,0.99944,100.0,0.6,0.0,0.0,0.89,50.37,inf,inf,48.61,1.0,1.0,1.0,0.999,/tmpdir/crf_16.mpd,/videos/BigBuckBunny-2160.avi
14482,0.99697,20.2074,0.99986,44.84711,0.99996,0.87092,0.98788,0.99488,0.99786,100.0,1.42,0.0,0.0,2.13,46.61,inf,inf,44.85,0.999,1.0,1.0,0.999,/tmpdir/crf_16.mpd,/videos/BigBuckBunny-2160.avi
14483,0.9978,19.80716,0.99992,48.63213,0.99998,0.92001,0.99534,0.99824,0.99942,100.0,0.59,0.0,0.0,0.89,50.39,inf,inf,48.63,0.999,1.0,1.0,0.999,/tmpdir/crf_16.mpd,/videos/BigBuckBunny-2160.avi
14484,0.9971,19.80716,0.99986,45.04517,0.99996,0.87304,0.9885,0.99514,0.99795,100.0,1.36,0.0,0.0,2.03,46.81,inf,inf,45.05,0.999,1.0,1.0,0.999,/tmpdir/crf_16.mpd,/videos/BigBuckBunny-2160.avi
14485,0.99772,19.52323,0.99992,48.53076,0.99998,0.91834,0.9952,0.99819,0.99942,100.0,0.61,0.0,0.0,0.91,50.29,inf,inf,48.53,1.0,1.0,1.0,0.999,/tmpdir/crf_16.mpd,/videos/BigBuckBunny-2160.avi
14486,0.99699,19.52323,0.99986,45.07179,0.99996,0.87319,0.98846,0.99515,0.99797,100.0,1.35,0.0,0.0,2.02,46.83,inf,inf,45.07,0.999,1.0,1.0,0.999,/tmpdir/crf_16.mpd,/videos/BigBuckBunny-2160.avi
14487,0.99755,19.12874,0.99991,48.70256,0.99998,0.91977,0.99527,0.99815,0.99936,100.0,0.58,0.0,0.0,0.88,50.46,inf,inf,48.7,0.999,1.0,1.0,0.999,/tmpdir/crf_16.mpd,/videos/BigBuckBunny-2160.avi
14488,0.99702,19.12874,0.99985,45.13711,0.99996,0.87328,0.98872,0.99524,0.99801,100.0,1.33,0.0,0.0,1.99,46.9,inf,inf,45.14,0.999,1.0,1.0,0.999,/tmpdir/crf_16.mpd,/videos/BigBuckBunny-2160.avi
14489,0.99764,18.76463,0.99991,48.59995,0.99998,0.9178,0.99526,0.99819,0.99939,100.0,0.6,0.0,0.0,0.9,50.36,inf,inf,48.6,0.999,1.0,1.0,0.999,/tmpdir/crf_16.mpd,/videos/BigBuckBunny-2160.avi
14490,0.997,18.76463,0.99985,45.17688,0.99996,0.87341,0.9879,0.9948,0.99777,100.0,1.32,0.0,0.0,1.97,46.94,inf,inf,45.18,0.999,1.0,1.0,0.999,/tmpdir/crf_16.mpd,/videos/BigBuckBunny-2160.avi
14491,0.9976,18.42823,0.99991,48.69616,0.99998,0.91915,0.99515,0.99809,0.99931,100.0,0.59,0.0,0.0,0.88,50.46,inf,inf,48.7,0.999,1.0,1.0,0.999,/tmpdir/crf_16.mpd,/videos/BigBuckBunny-2160.avi
14492,0.99703,18.42823,0.99985,45.28421,0.99996,0.87449,0.98819,0.99489,0.99771,100.0,1.28,0.0,0.0,1.93,47.05,inf,inf,45.28,0.999,1.0,1.0,0.999,/tmpdir/crf_16.mpd,/videos/BigBuckBunny-2160.avi
14493,0.99751,18.02014,0.9999,48.79879,0.99998,0.91855,0.99526,0.99814,0.99931,100.0,0.57,0.0,0.0,0.86,50.56,inf,inf,48.8,0.999,1.0,1.0,0.999,/tmpdir/crf_16.mpd,/videos/BigBuckBunny-2160.avi
14494,0.99669,18.02014,0.99985,45.36227,0.99995,0.87467,0.9879,0.99482,0.99781,100.0,1.26,0.0,0.0,1.89,47.12,inf,inf,45.36,0.999,1.0,1.0,0.999,/tmpdir/crf_16.mpd,/videos/BigBuckBunny-2160.avi
14495,0.99744,17.77386,0.99991,48.75689,0.99998,0.9185,0.99504,0.99804,0.99928,100.0,0.58,0.0,0.0,0.87,50.52,inf,inf,48.76,1.0,1.0,1.0,0.999,/tmpdir/crf_16.mpd,/videos/BigBuckBunny-2160.avi
14496,0.9968,17.77386,0.99984,45.43737,0.99996,0.87504,0.98821,0.99491,0.99786,100.0,1.24,0.0,0.0,1.86,47.2,inf,inf,45.44,0.999,1.0,1.0,0.999,/tmpdir/crf_16.mpd,/videos/BigBuckBunny-2160.avi
14497,0.99743,17.33336,0.9999,48.90739,0.99997,0.919,0.99518,0.99808,0.9993,100.0,0.56,0.0,0.0,0.84,50.67,inf,inf,48.91,0.999,1.0,1.0,0.999,/tmpdir/crf_16.mpd,/videos/BigBuckBunny-2160.avi
14498,0.99675,17.33336,0.99984,45.54684,0.99995,0.87599,0.98841,0.99503,0.99784,100.0,1.21,0.0,0.0,1.81,47.31,inf,inf,45.55,0.999,1.0,1.0,0.999,/tmpdir/crf_16.mpd,/videos/BigBuckBunny-2160.avi
14499,0.99729,17.13737,0.99991,48.93129,0.99997,0.91902,0.99511,0.99805,0.99929,100.0,0.55,0.0,0.0,0.83,50.69,inf,inf,48.93,0.999,1.0,1.0,0.999,/tmpdir/crf_16.mpd,/videos/BigBuckBunny-2160.avi
14500,0.99666,17.13737,0.99986,45.5423,0.99996,0.87536,0.98841,0.99503,0.99785,100.0,1.21,0.0,0.0,1.81,47.3,inf,inf,45.54,0.999,1.0,1.0,0.999,/tmpdir/crf_16.mpd,/videos/BigBuckBunny-2160.avi
14501,0.99732,16.74664,0.99991,49.03836,0.99997,0.91947,0.99522,0.99815,0.99935,100.0,0.54,0.0,0.0,0.81,50.8,inf,inf,49.04,1.0,1.0,1.0,0.999,/tmpdir/crf_16.mpd,/videos/BigBuckBunny-2160.avi
14502,0.99675,16.74664,0.99987,45.75616,0.99996,0.87741,0.98865,0.99522,0.99809,100.0,1.15,0.0,0.0,1.73,47.52,inf,inf,45.76,0.999,1.0,1.0,0.999,/tmpdir/crf_16.mpd,/videos/BigBuckBunny-2160.avi
14503,0.99737,16.57142,0.99992,49.30919,0.99998,0.92136,0.9955,0.99825,0.99941,100.0,0.51,0.0,0.0,0.76,51.07,inf,inf,49.31,1.0,1.0,1.0,0.999,/tmpdir/crf_16.mpd,/videos/BigBuckBunny-2160.avi
14504,0.99669,16.57142,0.99988,45.638,0.99996,0.87574,0.98846,0.9951,0.99793,100.0,1.18,0.0,0.0,1.78,47.4,inf,inf,45.64,0.999,1.0,1.0,0.999,/tmpdir/crf_16.mpd,/videos/BigBuckBunny-2160.avi
14505,0.99734,16.56778,0.99993,49.14411,0.99998,0.91961,0.99543,0.99828,0.99944,100.0,0.53,0.0,0.0,0.79,50.91,inf,inf,49.14,1.0,1.0,1.0,0.999,/tmpdir/crf_16.mpd,/videos/BigBuckBunny-2160.avi
14506,0.99674,16.56778,0.99989,45.75623,0.99996,0.87719,0.98891,0.99537,0.9981,100.0,1.15,0.0,0.0,1.73,47.52,inf,inf,45.76,0.999,1.0,1.0,0.999,/tmpdir/crf_16.mpd,/videos/BigBuckBunny-2160.avi
14507,0.99731,16.56063,0.99994,49.0957,0.99998,0.91928,0.99538,0.99828,0.99943,100.0,0.53,0.0,0.0,0.8,50.86,inf,inf,49.1,1.0,1.0,1.0,0.999,/tmpdir/crf_16.mpd,/videos/BigBuckBunny-2160.avi
14508,0.99689,16.56063,0.99989,45.67533,0.99996,0.87588,0.98873,0.9953,0.9981,100.0,1.17,0.0,0.0,1.76,47.44,inf,inf,45.68,0.999,1.0,1.0,0.999,/tmpdir/crf_16.mpd,/videos/BigBuckBunny-2160.avi
14509,0.99756,16.17282,0.99994,49.18826,0.99998,0.91991,0.99553,0.99837,0.9995,100.0,0.52,0.0,0.0,0.78,50.95,inf,inf,49.19,1.0,1.0,1.0,0.999,/tmpdir/crf_16.mpd,/videos/BigBuckBunny-2160.avi
14510,0.99713,16.17282,0.9999,45.84231,0.99996,0.8773,0.98887,0.99542,0.99819,100.0,1.13,0.0,0.0,1.69,47.6,inf,inf,45.84,0.999,1.0,1.0,0.999,/tmpdir/crf_16.mpd,/videos/BigBuckBunny-2160.avi
14511,0.99747,15.79383,0.99994,49.26572,0.99998,0.91967,0.99555,0.99839,0.99951,100.0,0.51,0.0,0.0,0.77,51.03,inf,inf,49.27,1.0,1.0,1.0,0.999,/tmpdir/crf_16.mpd,/videos/BigBuckBunny-2160.avi
14512,0.99693,15.79383,0.9999,45.88066,0.99996,0.8775,0.98877,0.99536,0.99814,100.0,1.12,0.0,0.0,1.68,47.64,inf,inf,45.88,0.999,1.0,1.0,0.999,/tmpdir/crf_16.mpd,/videos/BigBuckBunny-2160.avi
14513,0.99759,15.45846,0.99994,49.21468,0.99998,0.91966,0.99538,0.99828,0.99941,100.0,0.52,0.0,0.0,0.78,50.98,inf,inf,49.21,1.0,1.0,1.0,0.999,/tmpdir/crf_16.mpd,/videos/BigBuckBunny-2160.avi
14514,0.99699,15.45846,0.9999,46.13568,0.99996,0.88003,0.98924,0.99559,0.99827,100.0,1.06,0.0,0.0,1.58,47.9,inf,inf,46.14,0.999,1.0,1.0,0.999,/tmpdir/crf_16.mpd,/videos/BigBuckBunny-2160.avi
14515,0.99767,14.97136,0.99994,49.51961,0.99998,0.92098,0.99566,0.99843,0.99953,100.0,0.48,0.0,0.0,0.73,51.28,inf,inf,49.52,1.0,1.0,1.0,0.999,/tmpdir/crf_16.mpd,/videos/BigBuckBunny-2160.avi
14516,0.9969,14.97136,0.9999,46.13593,0.99996,0.87957,0.98908,0.99548,0.99819,100.0,1.06,0.0,0.0,1.58,47.9,inf,inf,46.14,0.999,1.0,1.0,0.999,/tmpdir/crf_16.mpd,/videos/BigBuckBunny-2160.avi
14517,0.99758,14.78284,0.99994,49.39753,0.99998,0.92028,0.99552,0.99839,0.99952,100.0,0.5,0.0,0.0,0.75,51.16,inf,inf,49.4,1.0,1.0,1.0,0.999,/tmpdir/crf_16.mpd,/videos/BigBuckBunny-2160.avi
14518,0.99697,14.78284,0.9999,46.26417,0.99996,0.88086,0.9891,0.99545,0.99812,100.0,1.02,0.0,0.0,1.54,48.03,inf,inf,46.26,0.999,1.0,1.0,0.999,/tmpdir/crf_16.mpd,/videos/BigBuckBunny-2160.avi
14519,0.99771,14.39571,0.99994,49.58563,0.99998,0.9214,0.99568,0.99846,0.99954,100.0,0.48,0.0,0.0,0.72,51.35,inf,inf,49.59,1.0,1.0,1.0,0.999,/tmpdir/crf_16.mpd,/videos/BigBuckBunny-2160.avi
14520,0.99696,14.39571,0.99991,46.42102,0.99996,0.88229,0.9895,0.99568,0.99828,100.0,0.99,0.0,0.0,1.48,48.18,inf,inf,46.42,0.999,1.0,1.0,0.999,/tmpdir/crf_16.mpd,/videos/BigBuckBunny-2160.avi
14521,0.99768,14.17472,0.99994,49.56574,0.99998,0.92074,0.99559,0.99842,0.99956,100.0,0.48,0.0,0.0,0.72,51.33,inf,inf,49.57,1.0,1.0,1.0,0.999,/tmpdir/crf_16.mpd,/videos/BigBuckBunny-2160.avi
14522,0.99667,14.17472,0.99991,46.38541,0.99996,0.8817,0.98923,0.9955,0.99818,100.0,1.0,0.0,0.0,1.49,48.15,inf,inf,46.39,0.999,1.0,1.0,0.999,/tmpdir/crf_16.mpd,/videos/BigBuckBunny-2160.avi
14523,0.99767,13.71884,0.99994,49.72899,0.99998,0.92178,0.99571,0.99849,0.99957,100.0,0.46,0.0,0.0,0.69,51.49,inf,inf,49.73,1.0,1.0,1.0,0.999,/tmpdir/crf_16.mpd,/videos/BigBuckBunny-2160.avi
14524,0.99692,13.71884,0.99991,46.60308,0.99996,0.88336,0.98929,0.99553,0.99815,100.0,0.95,0.0,0.0,1.42,48.36,inf,inf,46.6,0.999,1.0,1.0,0.999,/tmpdir/crf_16.mpd,/videos/BigBuckBunny-2160.avi
14525,0.99771,13.46737,0.99994,49.86968,0.99998,0.9228,0.99567,0.99845,0.99954,100.0,0.45,0.0,0.0,0.67,51.63,inf,inf,49.87,1.0,1.0,1.0,0.999,/tmpdir/crf_16.mpd,/videos/BigBuckBunny-2160.avi
14526,0.99697,13.46737,0.99991,46.66551,0.99996,0.88423,0.98943,0.99561,0.99825,100.0,0.93,0.0,0.0,1.4,48.43,inf,inf,46.67,0.999,1.0,1.0,0.999,/tmpdir/crf_16.mpd,/videos/BigBuckBunny-2160.avi
14527,0.9977,13.04542,0.99994,49.92999,0.99998,0.9228,0.99569,0.99848,0.99956,100.0,0.44,0.0,0.0,0.66,51.69,inf,inf,49.93,1.0,1.0,1.0,1.0,/tmpdir/crf_16.mpd,/videos/BigBuckBunny-2160.avi
14528,0.99693,13.04542,0.99991,46.76584,0.99997,0.88496,0.98972,0.9957,0.99818,100.0,0.91,0.0,0.0,1.37,48.53,inf,inf,46.77,0.999,1.0,1.0,0.999,/tmpdir/crf_16.mpd,/videos/BigBuckBunny-2160.avi
14529,0.99757,12.71027,0.99995,50.08691,0.99998,0.92384,0.99587,0.99857,0.99964,100.0,0.42,0.0,0.0,0.64,51.85,inf,inf,50.09,1.0,1.0,1.0,1.0,/tmpdir/crf_16.mpd,/videos/BigBuckBunny-2160.avi
14530,0.997,12.71027,0.99991,46.819,0.99996,0.88521,0.98951,0.99563,0.99817,100.0,0.9,0.0,0.0,1.35,48.58,inf,inf,46.82,0.999,1.0,1.0,0.999,/tmpdir/crf_16.mpd,/videos/BigBuckBunny-2160.avi
14531,0.99766,12.30958,0.99995,50.1064,0.99998,0.92357,0.99569,0.99848,0.99957,100.0,0.42,0.0,0.0,0.63,51.87,inf,inf,50.11,1.0,1.0,1.0,1.0,/tmpdir/crf_16.mpd,/videos/BigBuckBunny-2160.avi
14532,0.99697,12.30958,0.99991,47.06838,0.99996,0.88749,0.99021,0.99604,0.99852,100.0,0.85,0.0,0.0,1.28,48.83,inf,inf,47.07,0.999,1.0,1.0,0.999,/tmpdir/crf_16.mpd,/videos/BigBuckBunny-2160.avi
14533,0.99746,11.91665,0.99995,50.39723,0.99998,0.92557,0.99591,0.99859,0.99964,100.0,0.4,0.0,0.0,0.59,52.16,inf,inf,50.4,1.0,1.0,1.0,1.0,/tmpdir/crf_16.mpd,/videos/BigBuckBunny-2160.avi
14534,0.99703,11.91665,0.99992,47.16863,0.99997,0.88882,0.99048,0.99619,0.99857,100.0,0.83,0.0,0.0,1.25,48.93,inf,inf,47.17,1.0,1.0,1.0,0.999,/tmpdir/crf_16.mpd,/videos/BigBuckBunny-2160.avi
14535,0.99768,11.60805,0.99995,50.32144,0.99998,0.9251,0.9958,0.99849,0.99954,100.0,0.4,0.0,0.0,0.6,52.08,inf,inf,50.32,1.0,1.0,1.0,1.0,/tmpdir/crf_16.mpd,/videos/BigBuckBunny-2160.avi
14536,0.99709,11.60805,0.99992,47.41286,0.99996,0.89098,0.99058,0.99616,0.99845,100.0,0.79,0.0,0.0,1.18,49.17,inf,inf,47.41,1.0,1.0,1.0,0.999,/tmpdir/crf_16.mpd,/videos/BigBuckBunny-2160.avi
14537,0.99755,11.13395,0.99995,50.54573,0.99997,0.92602,0.99588,0.99859,0.99966,100.0,0.38,0.0,0.0,0.57,52.31,inf,inf,50.55,1.0,1.0,1.0,1.0,/tmpdir/crf_16.mpd,/videos/BigBuckBunny-2160.avi
14538,0.99716,11.13395,0.99992,47.51344,0.99996,0.89173,0.99091,0.99635,0.9986,100.0,0.77,0.0,0.0,1.15,49.27,inf,inf,47.51,1.0,1.0,1.0,0.999,/tmpdir/crf_16.mpd,/videos/BigBuckBunny-2160.avi
14539,0.99758,10.901,0.99995,50.52648,0.99997,0.92632,0.99577,0.99852,0.99961,100.0,0.38,0.0,0.0,0.58,52.29,inf,inf,50.53,1.0,1.0,1.0,1.0,/tmpdir/crf_16.mpd,/videos/BigBuckBunny-2160.avi
14540,0.99698,10.901,0.99992,47.61288,0.99997,0.89234,0.99063,0.99614,0.99849,100.0,0.75,0.0,0.0,1.13,49.37,inf,inf,47.61,1.0,1.0,1.0,0.999,/tmpdir/crf_16.mpd,/videos/BigBuckBunny-2160.avi
14541,0.99775,10.40342,0.99995,50.81281,0.99997,0.92806,0.99608,0.99863,0.99963,100.0,0.36,0.0,0.0,0.54,52.57,inf,inf,50.81,1.0,1.0,1.0,1.0,/tmpdir/crf_16.mpd,/videos/BigBuckBunny-2160.avi
14542,0.99706,10.40342,0.99992,47.91873,0.99996,0.89557,0.99081,0.99619,0.99839,100.0,0.7,0.0,0.0,1.05,49.68,inf,inf,47.92,1.0,1.0,1.0,0.999,/tmpdir/crf_16.mpd,/videos/BigBuckBunny-2160.avi
14543,0.99766,10.22985,0.99995,51.10836,0.99997,0.9298,0.9963,0.99872,0.99966,100.0,0.34,0.0,0.0,0.5,52.87,inf,inf,51.11,1.0,1.0,1.0,1.0,/tmpdir/crf_16.mpd,/videos/BigBuckBunny-2160.avi
14544,0.99695,10.22985,0.99992,47.81354,0.99996,0.89397,0.99076,0.99624,0.99856,100.0,0.72,0.0,0.0,1.08,49.57,inf,inf,47.81,1.0,1.0,1.0,0.999,/tmpdir/crf_16.mpd,/videos/BigBuckBunny-2160.avi
14545,0.99778,10.23054,0.99995,51.05008,0.99997,0.92921,0.9962,0.99869,0.99964,100.0,0.34,0.0,0.0,0.51,52.81,inf,inf,51.05,1.0,1.0,1.0,1.0,/tmpdir/crf_16.mpd,/videos/BigBuckBunny-2160.avi
14546,0.99657,10.23054,0.99992,47.83905,0.99996,0.89397,0.99054,0.99599,0.99832,100.0,0.71,0.0,0.0,1.07,49.6,inf,inf,47.84,1.0,1.0,1.0,0.999,/tmpdir/crf_16.mpd,/videos/BigBuckBunny-2160.avi
14547,0.99765,10.19994,0.99995,50.76121,0.99997,0.92728,0.99578,0.99849,0.99955,100.0,0.36,0.0,0.0,0.55,52.52,inf,inf,50.76,1.0,1.0,1.0,1.0,/tmpdir/crf_16.mpd,/videos/BigBuckBunny-2160.avi
14548,0.99681,10.19994,0.99992,47.79383,0.99996,0.89389,0.99048,0.99606,0.99842,100.0,0.72,0.0,0.0,1.08,49.55,inf,inf,47.79,1.0,1.0,1.0,0.999,/tmpdir/crf_16.mpd,/videos/BigBuckBunny-2160.avi
14549,0.99772,9.80328,0.99995,51.0013,0.99997,0.92875,0.99592,0.99851,0.99952,100.0,0.34,0.0,0.0,0.52,52.76,inf,inf,51.0,1.0,1.0,1.0,1.0,/tmpdir/crf_16.mpd,/videos/BigBuckBunny-2160.avi
14550,0.9969,9.80328,0.99993,48.09365,0.99996,0.89693,0.99087,0.99623,0.99855,100.0,0.67,0.0,0.0,1.01,49.85,inf,inf,48.09,1.0,1.0,1.0,0.999,/tmpdir/crf_16.mpd,/videos/BigBuckBunny-2160.avi
14551,0.99787,9.44692,0.99995,51.12525,0.99997,0.92942,0.99596,0.99857,0.99958,100.0,0.33,0.0,0.0,0.5,52.89,inf,inf,51.13,1.0,1.0,1.0,1.0,/tmpdir/crf_16.mpd,/videos/BigBuckBunny-2160.avi
14552,0.99741,9.44692,0.99993,48.26138,0.99996,0.89828,0.99107,0.99639,0.99859,100.0,0.65,0.0,0.0,0.97,50.02,inf,inf,48.26,1.0,1.0,1.0,0.999,/tmpdir/crf_16.mpd,/videos/BigBuckBunny-2160.avi
14553,0.99765,9.03612,0.99995,51.2277,0.99997,0.93001,0.99584,0.99847,0.99951,100.0,0.33,0.0,0.0,0.49,52.99,inf,inf,51.23,1.0,1.0,1.0,1.0,/tmpdir/crf_16.mpd,/videos/BigBuckBunny-2160.avi
14554,0.99699,9.03612,0.99993,48.41524,0.99996,0.89955,0.99116,0.99637,0.99859,100.0,0.62,0.0,0.0,0.94,50.18,inf,inf,48.42,1.0,1.0,1.0,0.999,/tmpdir/crf_16.mpd,/videos/BigBuckBunny-2160.avi
14555,0.99759,8.6525,0.99995,51.56827,0.99997,0.93191,0.99618,0.99867,0.99963,100.0,0.3,0.0,0.0,0.45,53.33,inf,inf,51.57,1.0,1.0,1.0,1.0,/tmpdir/crf_16.mpd,/videos/BigBuckBunny-2160.avi
14556,0.99705,8.6525,0.99993,48.37551,0.99996,0.89852,0.99112,0.99642,0.99867,100.0,0.63,0.0,0.0,0.95,50.14,inf,inf,48.38,1.0,1.0,1.0,0.999,/tmpdir/crf_16.mpd,/videos/BigBuckBunny-2160.avi
14557,0.99747,8.34417,0.99995,51.25668,0.99997,0.92984,0.99578,0.99849,0.99954,100.0,0.32,0.0,0.0,0.49,53.02,inf,inf,51.26,1.0,1.0,1.0,1.0,/tmpdir/crf_16.mpd,/videos/BigBuckBunny-2160.avi
14558,0.99717,8.34417,0.99993,48.77686,0.99996,0.90333,0.99152,0.99658,0.9987,100.0,0.57,0.0,0.0,0.86,50.54,inf,inf,48.78,1.0,1.0,1.0,0.999,/tmpdir/crf_16.mpd,/videos/BigBuckBunny-2160.avi
14559,0.99766,7.85773,0.99995,51.9497,0.99997,0.93418,0.99636,0.99872,0.99965,100.0,0.28,0.0,0.0,0.42,53.71,inf,inf,51.95,1.0,1.0,1.0,1.0,/tmpdir/crf_16.mpd,/videos/BigBuckBunny-2160.avi
14560,0.99728,7.85773,0.99993,49.03634,0.99996,0.9051,0.99185,0.99681,0.99888,100.0,0.54,0.0,0.0,0.81,50.8,inf,inf,49.04,1.0,1.0,1.0,0.999,/tmpdir/crf_16.mpd,/videos/BigBuckBunny-2160.avi
14561,0.99779,7.61281,0.99995,51.89547,0.99997,0.93408,0.99619,0.99868,0.99962,100.0,0.28,0.0,0.0,0.42,53.66,inf,inf,51.9,1.0,1.0,1.0,1.0,/tmpdir/crf_16.mpd,/videos/BigBuckBunny-2160.avi
14562,0.99703,7.61281,0.99993,49.1504,0.99997,0.90644,0.99191,0.99676,0.99883,100.0,0.53,0.0,0.0,0.79,50.91,inf,inf,49.15,1.0,1.0,1.0,0.999,/tmpdir/crf_16.mpd,/videos/BigBuckBunny-2160.avi
14563,0.99767,7.25283,0.99995,52.04849,0.99997,0.93477,0.9962,0.99865,0.99963,100.0,0.27,0.0,0.0,0.41,53.81,inf,inf,52.05,1.0,1.0,1.0,1.0,/tmpdir/crf_16.mpd,/videos/BigBuckBunny-2160.avi
14564,0.9972,7.25283,0.99994,49.41086,0.99997,0.90873,0.9919,0.99679,0.99881,100.0,0.5,0.0,0.0,0.74,51.17,inf,inf,49.41,1.0,1.0,1.0,1.0,/tmpdir/crf_16.mpd,/videos/BigBuckBunny-2160.avi
14565,0.99769,7.03031,0.99995,52.21969,0.99997,0.9358,0.99628,0.99869,0.99964,100.0,0.26,0.0,0.0,0.39,53.98,inf,inf,52.22,1.0,1.0,1.0,1.0,/tmpdir/crf_16.mpd,/videos/BigBuckBunny-2160.avi
14566,0.99708,7.03031,0.99994,49.43145,0.99997,0.90876,0.99199,0.99686,0.99882,100.0,0.49,0.0,0.0,0.74,51.19,inf,inf,49.43,1.0,1.0,1.0,1.0,/tmpdir/crf_16.mpd,/videos/BigBuckBunny-2160.avi
14567,0.99764,6.60414,0.99995,52.4092,0.99997,0.93704,0.99631,0.99872,0.99967,100.0,0.25,0.0,0.0,0.37,54.17,inf,inf,52.41,1.0,1.0,1.0,1.0,/tmpdir/crf_16.mpd,/videos/BigBuckBunny-2160.avi
14568,0.99707,6.60414,0.99994,49.77109,0.99996,0.91184,0.99243,0.99703,0.99889,100.0,0.46,0.0,0.0,0.69,51.53,inf,inf,49.77,1.0,1.0,1.0,1.0,/tmpdir/crf_16.mpd,/videos/BigBuckBunny-2160.avi
14569,0.99781,6.31956,0.99995,52.5459,0.99997,0.93795,0.99639,0.99874,0.99964,100.0,0.24,0.0,0.0,0.36,54.31,inf,inf,52.55,1.0,1.0,1.0,1.0,/tmpdir/crf_16.mpd,/videos/BigBuckBunny-2160.avi
14570,0.99689,6.31956,0.99994,50.05545,0.99997,0.91463,0.99242,0.99705,0.99891,100.0,0.43,0.0,0.0,0.64,51.82,inf,inf,50.06,1.0,1.0,1.0,1.0,/tmpdir/crf_16.mpd,/videos/BigBuckBunny-2160.avi
14571,0.99778,5.90291,0.99996,53.06389,0.99997,0.94161,0.9967,0.99886,0.99969,100.0,0.21,0.0,0.0,0.32,54.82,inf,inf,53.06,1.0,1.0,1.0,1.0,/tmpdir/crf_16.mpd,/videos/BigBuckBunny-2160.avi
14572,0.9968,5.90291,0.99994,50.36881,0.99997,0.9178,0.99302,0.99729,0.9991,100.0,0.4,0.0,0.0,0.6,52.13,inf,inf,50.37,1.0,1.0,1.0,1.0,/tmpdir/crf_16.mpd,/videos/BigBuckBunny-2160.avi
14573,0.99778,5.54822,0.99996,53.3168,0.99997,0.94336,0.99672,0.99887,0.99972,100.0,0.2,0.0,0.0,0.3,55.08,inf,inf,53.32,1.0,1.0,1.0,1.0,/tmpdir/crf_16.mpd,/videos/BigBuckBunny-2160.avi
14574,0.99662,5.54822,0.99994,50.63912,0.99997,0.9204,0.99278,0.99704,0.9988,100.0,0.37,0.0,0.0,0.56,52.4,inf,inf,50.64,1.0,1.0,1.0,1.0,/tmpdir/crf_16.mpd,/videos/BigBuckBunny-2160.avi
14575,0.9976,5.17578,0.99996,53.61305,0.99997,0.94549,0.99688,0.99889,0.99965,100.0,0.19,0.0,0.0,0.28,55.37,inf,inf,53.61,1.0,1.0,1.0,1.0,/tmpdir/crf_16.mpd,/videos/BigBuckBunny-2160.avi
14576,0.99683,5.17578,0.99994,51.04407,0.99997,0.92397,0.99333,0.99731,0.99896,100.0,0.34,0.0,0.0,0.51,52.8,inf,inf,51.04,1.0,1.0,1.0,1.0,/tmpdir/crf_16.mpd,/videos/BigBuckBunny-2160.avi
14577,0.99777,4.77223,0.99996,54.37916,0.99997,0.94972,0.99741,0.99911,0.99977,100.0,0.16,0.0,0.0,0.24,56.14,inf,inf,54.38,1.0,1.0,1.0,1.0,/tmpdir/crf_16.mpd,/videos/BigBuckBunny-2160.avi
14578,0.99677,4.77223,0.99995,51.25354,0.99997,0.92542,0.99357,0.99744,0.99898,100.0,0.32,0.0,0.0,0.49,53.01,inf,inf,51.25,1.0,1.0,1.0,1.0,/tmpdir/crf_16.mpd,/videos/BigBuckBunny-2160.avi
14579,0.99755,4.73059,0.99996,54.1988,0.99997,0.9485,0.99723,0.99903,0.99972,100.0,0.16,0.0,0.0,0.25,55.96,inf,inf,54.2,1.0,1.0,1.0,1.0,/tmpdir/crf_16.mpd,/videos/BigBuckBunny-2160.avi
14580,0.99795,4.73059,0.99996,54.53809,0.99997,0.95068,0.99743,0.99908,0.99976,100.0,0.15,0.0,0.0,0.23,56.3,inf,inf,54.54,1.0,1.0,1.0,1.0,/tmpdir/crf_16.mpd,/videos/BigBuckBunny-2160.avi
14581,0.99932,4.67544,0.99996,57.5267,0.99997,0.96983,0.99882,0.99952,0.99978,100.0,0.08,0.0,0.0,0.11,59.29,inf,inf,57.53,1.0,1.0,1.0,1.0,/tmpdir/crf_16.mpd,/videos/BigBuckBunny-2160.avi
14582,0.99826,4.67544,0.99995,52.01123,0.99997,0.93369,0.99426,0.99768,0.99921,100.0,0.27,0.0,0.0,0.41,53.77,inf,inf,52.01,1.0,1.0,1.0,1.0,/tmpdir/crf_16.mpd,/videos/BigBuckBunny-2160.avi
14583,0.9991,4.66258,0.99996,55.13988,0.99997,0.95474,0.99778,0.99915,0.99966,100.0,0.13,0.0,0.0,0.2,56.9,inf,inf,55.14,1.0,1.0,1.0,1.0,/tmpdir/crf_16.mpd,/videos/BigBuckBunny-2160.avi
14584,0.99759,4.66258,0.99995,51.94698,0.99997,0.93278,0.9947,0.99785,0.99911,100.0,0.28,0.0,0.0,0.42,53.71,inf,inf,51.95,1.0,1.0,1.0,1.0,/tmpdir/crf_16.mpd,/videos/BigBuckBunny-2160.avi
14585,0.99826,4.66147,0.99996,55.69964,0.99997,0.95875,0.99776,0.99919,0.99976,100.0,0.12,0.0,0.0,0.18,57.46,inf,inf,55.7,1.0,1.0,1.0,1.0,/tmpdir/crf_16.mpd,/videos/BigBuckBunny-2160.avi
14586,0.99761,4.66147,0.99995,51.57062,0.99997,0.92984,0.99406,0.99767,0.99919,100.0,0.3,0.0,0.0,0.45,53.33,inf,inf,51.57,1.0,1.0,1.0,1.0,/tmpdir/crf_16.mpd,/videos/BigBuckBunny-2160.avi
14587,0.99823,4.64689,0.99996,54.98021,0.99997,0.954,0.99758,0.99914,0.9997,100.0,0.14,0.0,0.0,0.21,56.74,inf,inf,54.98,1.0,1.0,1.0,1.0,/tmpdir/crf_16.mpd,/videos/BigBuckBunny-2160.avi
14588,0.99781,4.64689,0.99995,51.75703,0.99997,0.93131,0.99427,0.99773,0.99918,100.0,0.29,0.0,0.0,0.43,53.52,inf,inf,51.76,1.0,1.0,1.0,1.0,/tmpdir/crf_16.mpd,/videos/BigBuckBunny-2160.avi
14589,0.99802,4.51022,0.99996,54.87379,0.99997,0.95393,0.9972,0.99899,0.99971,100.0,0.14,0.0,0.0,0.21,56.63,inf,inf,54.87,1.0,1.0,1.0,1.0,/tmpdir/crf_16.mpd,/videos/BigBuckBunny-2160.avi
14590,0.99715,4.51022,0.99995,51.683,0.99997,0.93061,0.99409,0.99771,0.99918,100.0,0.29,0.0,0.0,0.44,53.44,inf,inf,51.68,1.0,1.0,1.0,1.0,/tmpdir/crf_16.mpd,/videos/BigBuckBunny-2160.avi
14591,0.99815,4.41223,0.99996,55.19572,0.99997,0.95534,0.99757,0.99915,0.99976,100.0,0.13,0.0,0.0,0.2,56.96,inf,inf,55.2,1.0,1.0,1.0,1.0,/tmpdir/crf_16.mpd,/videos/BigBuckBunny-2160.avi
14592,0.99747,4.41223,0.99995,51.87646,0.99997,0.93236,0.99432,0.9977,0.99911,100.0,0.28,0.0,0.0,0.42,53.64,inf,inf,51.88,1.0,1.0,1.0,1.0,/tmpdir/crf_16.mpd,/videos/BigBuckBunny-2160.avi
14593,0.99798,4.41265,0.99996,54.8157,0.99997,0.95277,0.99735,0.99906,0.99973,100.0,0.14,0.0,0.0,0.21,56.58,inf,inf,54.82,1.0,1.0,1.0,1.0,/tmpdir/crf_16.mpd,/videos/BigBuckBunny-2160.avi
14594,0.99772,4.41265,0.99995,51.87592,0.99997,0.93135,0.99397,0.99752,0.99904,100.0,0.28,0.0,0.0,0.42,53.64,inf,inf,51.88,1.0,1.0,1.0,1.0,/tmpdir/crf_16.mpd,/videos/BigBuckBunny-2160.avi
14595,0.99806,4.41344,0.99996,54.42061,0.99997,0.95075,0.99695,0.99889,0.99965,100.0,0.16,0.0,0.0,0.23,56.18,inf,inf,54.42,1.0,1.0,1.0,1.0,/tmpdir/crf_16.mpd,/videos/BigBuckBunny-2160.avi
14596,0.99727,4.41344,0.99995,51.67274,0.99997,0.93061,0.99367,0.99737,0.99881,100.0,0.29,0.0,0.0,0.44,53.43,inf,inf,51.67,1.0,1.0,1.0,1.0,/tmpdir/crf_16.mpd,/videos/BigBuckBunny-2160.avi
14597,0.99784,4.0793,0.99996,54.30302,0.99997,0.95109,0.99695,0.99888,0.99959,100.0,0.16,0.0,0.0,0.24,56.06,inf,inf,54.3,1.0,1.0,1.0,1.0,/tmpdir/crf_16.mpd,/videos/BigBuckBunny-2160.avi
14598,0.99713,4.0793,0.99995,52.31493,0.99997,0.93578,0.99391,0.9974,0.99889,100.0,0.25,0.0,0.0,0.38,54.08,inf,inf,52.31,1.0,1.0,1.0,1.0,/tmpdir/crf_16.mpd,/videos/BigBuckBunny-2160.avi
14599,0.99811,3.62277,0.99996,55.57314,0.99997,0.95762,0.99757,0.99914,0.99974,100.0,0.12,0.0,0.0,0.18,57.33,inf,inf,55.57,1.0,1.0,1.0,1.0,/tmpdir/crf_16.mpd,/videos/BigBuckBunny-2160.avi
14600,0.99748,3.62277,0.99995,52.65342,0.99997,0.93876,0.99451,0.99768,0.99908,100.0,0.24,0.0,0.0,0.35,54.41,inf,inf,52.65,1.0,1.0,1.0,1.0,/tmpdir/crf_16.mpd,/videos/BigBuckBunny-2160.avi
14601,0.99771,3.48259,0.99996,55.12733,0.99997,0.95564,0.99734,0.99905,0.99968,100.0,0.13,0.0,0.0,0.2,56.89,inf,inf,55.13,1.0,1.0,1.0,1.0,/tmpdir/crf_16.mpd,/videos/BigBuckBunny-2160.avi
14602,0.99755,3.48259,0.99995,52.96684,0.99997,0.94162,0.99422,0.99753,0.99896,100.0,0.22,0.0,0.0,0.33,54.73,inf,inf,52.97,1.0,1.0,1.0,1.0,/tmpdir/crf_16.mpd,/videos/BigBuckBunny-2160.avi
14603,0.99824,3.25462,0.99996,55.94646,0.99997,0.96,0.99765,0.99913,0.99969,100.0,0.11,0.0,0.0,0.17,57.71,inf,inf,55.95,1.0,1.0,1.0,1.0,/tmpdir/crf_16.mpd,/videos/BigBuckBunny-2160.avi
14604,0.99736,3.25462,0.99995,53.33896,0.99997,0.94409,0.99488,0.99788,0.99921,100.0,0.2,0.0,0.0,0.3,55.1,inf,inf,53.34,1.0,1.0,1.0,1.0,/tmpdir/crf_16.mpd,/videos/BigBuckBunny-2160.avi
14605,0.99787,3.19956,0.99996,55.6969,0.99997,0.95855,0.99745,0.99908,0.9997,100.0,0.12,0.0,0.0,0.18,57.46,inf,inf,55.7,1.0,1.0,1.0,1.0,/tmpdir/crf_16.mpd,/videos/BigBuckBunny-2160.avi
14606,0.99706,3.19956,0.99995,52.96324,0.99996,0.94129,0.99447,0.99767,0.99908,100.0,0.22,0.0,0.0,0.33,54.72,inf,inf,52.96,1.0,1.0,1.0,1.0,/tmpdir/crf_16.mpd,/videos/BigBuckBunny-2160.avi
14607,0.99792,3.19938,0.99996,55.69008,0.99997,0.95834,0.99739,0.999,0.99965,100.0,0.12,0.0,0.0,0.18,57.45,inf,inf,55.69,1.0,1.0,1.0,1.0,/tmpdir/crf_16.mpd,/videos/BigBuckBunny-2160.avi
14608,0.99779,3.19938,0.99995,52.83305,0.99996,0.94069,0.99463,0.99776,0.99906,100.0,0.23,0.0,0.0,0.34,54.59,inf,inf,52.83,1.0,1.0,1.0,1.0,/tmpdir/crf_16.mpd,/videos/BigBuckBunny-2160.avi
14609,0.99787,3.19585,0.99995,55.02964,0.99997,0.95518,0.99684,0.99883,0.99958,100.0,0.14,0.0,0.0,0.2,56.79,inf,inf,55.03,1.0,1.0,1.0,1.0,/tmpdir/crf_16.mpd,/videos/BigBuckBunny-2160.avi
14610,0.9978,3.19585,0.99992,52.83889,0.99996,0.94174,0.99466,0.99781,0.99908,100.0,0.23,0.0,0.0,0.34,54.6,inf,inf,52.84,1.0,1.0,1.0,1.0,/tmpdir/crf_16.mpd,/videos/BigBuckBunny-2160.avi
14611,0.99783,2.77134,0.99993,55.63399,0.99996,0.95666,0.99716,0.99889,0.99954,100.0,0.12,0.0,0.0,0.18,57.39,inf,inf,55.63,1.0,1.0,1.0,1.0,/tmpdir/crf_16.mpd,/videos/BigBuckBunny-2160.avi
14612,0.99726,2.77134,0.99989,53.6432,0.99994,0.94893,0.99704,0.99943,1.00045,100.0,0.19,0.0,0.0,0.28,55.4,inf,inf,53.64,1.0,1.0,1.0,1.0,/tmpdir/crf_16.mpd,/videos/BigBuckBunny-2160.avi
14613,0.99788,2.51081,0.99993,55.99885,0.99996,0.95974,0.99751,0.99904,0.99967,100.0,0.11,0.0,0.0,0.16,57.76,inf,inf,56.0,1.0,1.0,1.0,1.0,/tmpdir/crf_16.mpd,/videos/BigBuckBunny-2160.avi
14614,0.99748,2.51081,0.99989,53.543,0.99993,0.95004,0.99673,0.99949,1.00088,100.0,0.19,0.0,0.0,0.29,55.3,inf,inf,53.54,1.0,1.0,1.0,1.0,/tmpdir/crf_16.mpd,/videos/BigBuckBunny-2160.avi
14615,0.99794,2.22238,0.99994,56.13043,0.99997,0.96132,0.99768,0.99915,0.99973,100.0,0.11,0.0,0.0,0.16,57.89,inf,inf,56.13,1.0,1.0,1.0,1.0,/tmpdir/crf_16.mpd,/videos/BigBuckBunny-2160.avi
14616,0.99757,2.22238,0.9999,53.68924,0.99992,0.95499,0.99735,0.99994,1.00128,100.0,0.19,0.0,0.0,0.28,55.45,inf,inf,53.69,1.0,1.0,1.0,1.0,/tmpdir/crf_16.mpd,/videos/BigBuckBunny-2160.avi
14617,0.99777,1.94876,0.99995,56.76085,0.99997,0.96557,0.99813,0.99931,0.99977,100.0,0.09,0.0,0.0,0.14,58.52,inf,inf,56.76,1.0,1.0,1.0,1.0,/tmpdir/crf_16.mpd,/videos/BigBuckBunny-2160.avi
14618,0.9974,1.94876,0.99994,54.29145,0.99995,0.95637,0.99647,0.99894,1.00012,100.0,0.16,0.0,0.0,0.24,56.05,inf,inf,54.29,1.0,1.0,1.0,1.0,/tmpdir/crf_16.mpd,/videos/BigBuckBunny-2160.avi
14619,0.99743,1.98009,0.99996,56.60776,0.99997,0.96588,0.99812,0.99928,0.99974,100.0,0.09,0.0,0.0,0.14,58.37,inf,inf,56.61,1.0,1.0,1.0,1.0,/tmpdir/crf_16.mpd,/videos/BigBuckBunny-2160.avi
14620,1.00229,1.98009,0.99993,52.98682,0.99993,0.95942,0.99814,1.00043,1.00155,100.0,0.22,0.0,0.0,0.33,54.75,inf,inf,52.99,1.0,1.0,1.0,1.0,/tmpdir/crf_16.mpd,/videos/BigBuckBunny-2160.avi
14621,0.99729,1.98455,0.99996,55.93101,0.99997,0.96256,0.99789,0.99923,0.99973,100.0,0.11,0.0,0.0,0.17,57.69,inf,inf,55.93,1.0,1.0,1.0,1.0,/tmpdir/crf_16.mpd,/videos/BigBuckBunny-2160.avi
14622,0.99697,1.98455,0.99996,56.00261,0.99997,0.96246,0.99789,0.99913,0.99959,100.0,0.11,0.0,0.0,0.16,57.76,inf,inf,56.0,1.0,1.0,1.0,1.0,/tmpdir/crf_16.mpd,/videos/BigBuckBunny-2160.avi
14623,0.99785,1.81773,0.99996,55.95182,0.99997,0.96211,0.99795,0.99919,0.9996,100.0,0.11,0.0,0.0,0.17,57.71,inf,inf,55.95,1.0,1.0,1.0,1.0,/tmpdir/crf_16.mpd,/videos/BigBuckBunny-2160.avi
14624,1.00301,1.81773,0.99994,53.45235,0.99996,0.95638,0.99581,0.99844,0.99972,100.0,0.2,0.0,0.0,0.29,55.21,inf,inf,53.45,1.0,1.0,1.0,1.0,/tmpdir/crf_16.mpd,/videos/BigBuckBunny-2160.avi
14625,0.99796,1.51957,0.99996,56.2955,0.99997,0.96432,0.99794,0.99915,0.99959,100.0,0.1,0.0,0.0,0.15,58.06,inf,inf,56.3,1.0,1.0,1.0,1.0,/tmpdir/crf_16.mpd,/videos/BigBuckBunny-2160.avi
14626,1.00526,1.51957,0.99994,53.70662,0.99996,0.96046,0.99695,0.99887,0.99981,100.0,0.18,0.0,0.0,0.28,55.47,inf,inf,53.71,1.0,1.0,1.0,1.0,/tmpdir/crf_16.mpd,/videos/BigBuckBunny-2160.avi
14627,0.99821,1.41586,0.99996,56.50472,0.99997,0.96461,0.99821,0.99929,0.9997,100.0,0.1,0.0,0.0,0.15,58.27,inf,inf,56.5,1.0,1.0,1.0,1.0,/tmpdir/crf_16.mpd,/videos/BigBuckBunny-2160.avi
14628,1.00489,1.41586,0.99995,53.86917,0.99996,0.95734,0.99775,0.99962,1.00035,100.0,0.18,0.0,0.0,0.27,55.63,inf,inf,53.87,1.0,1.0,1.0,1.0,/tmpdir/crf_16.mpd,/videos/BigBuckBunny-2160.avi
14629,0.9984,1.36523,0.99995,55.96975,0.99997,0.96081,0.99779,0.99902,0.9995,100.0,0.11,0.0,0.0,0.16,57.73,inf,inf,55.97,1.0,1.0,1.0,1.0,/tmpdir/crf_16.mpd,/videos/BigBuckBunny-2160.avi
14630,1.00287,1.36523,0.99995,54.0805,0.99997,0.9537,0.9975,0.99929,1.00002,100.0,0.17,0.0,0.0,0.25,55.84,inf,inf,54.08,1.0,1.0,1.0,1.0,/tmpdir/crf_16.mpd,/videos/BigBuckBunny-2160.avi
14631,0.9994,1.30734,0.99995,55.35985,0.99997,0.9576,0.99757,0.99901,0.99954,100.0,0.13,0.0,0.0,0.19,57.12,inf,inf,55.36,1.0,1.0,1.0,1.0,/tmpdir/crf_16.mpd,/videos/BigBuckBunny-2160.avi
14632,0.99995,1.30734,0.99995,55.41672,0.99997,0.95861,0.99753,0.99902,0.99959,100.0,0.12,0.0,0.0,0.19,57.18,inf,inf,55.42,1.0,1.0,1.0,1.0,/tmpdir/crf_16.mpd,/videos/BigBuckBunny-2160.avi
14633,0.99895,0.95379,0.99995,55.11512,0.99997,0.95969,0.99683,0.99845,0.9992,100.0,0.13,0.0,0.0,0.2,56.88,inf,inf,55.12,1.0,1.0,1.0,1.0,/tmpdir/crf_16.mpd,/videos/BigBuckBunny-2160.avi
14634,0.99827,0.94006,0.99995,56.41905,0.99997,0.96401,0.99819,0.99922,0.99958,100.0,0.1,0.0,0.0,0.15,58.18,inf,inf,56.42,1.0,1.0,1.0,1.0,/tmpdir/crf_16.mpd,/videos/BigBuckBunny-2160.avi
14635,0.99834,0.70012,0.99995,56.32288,0.99997,0.96461,0.99792,0.9991,0.99956,100.0,0.1,0.0,0.0,0.15,58.08,inf,inf,56.32,1.0,1.0,1.0,1.0,/tmpdir/crf_16.mpd,/videos/BigBuckBunny-2160.avi
14636,0.99836,0.70012,0.99996,57.04,0.99997,0.96694,0.99847,0.99936,0.99966,100.0,0.09,0.0,0.0,0.13,58.8,inf,inf,57.04,1.0,1.0,1.0,1.0,/tmpdir/crf_16.mpd,/videos/BigBuckBunny-2160.avi
14637,0.99843,0.69834,0.99996,56.95034,0.99997,0.96678,0.9983,0.99928,0.99963,100.0,0.09,0.0,0.0,0.13,58.71,inf,inf,56.95,1.0,1.0,1.0,1.0,/tmpdir/crf_16.mpd,/videos/BigBuckBunny-2160.avi
14638,0.99845,0.69834,0.99995,56.32124,0.99997,0.96488,0.99767,0.99896,0.99948,100.0,0.1,0.0,0.0,0.15,58.08,inf,inf,56.32,1.0,1.0,1.0,1.0,/tmpdir/crf_16.mpd,/videos/BigBuckBunny-2160.avi
14639,0.99845,0.69777,0.99996,56.94942,0.99997,0.96674,0.99837,0.99933,0.99965,100.0,0.09,0.0,0.0,0.13,58.71,inf,inf,56.95,1.0,1.0,1.0,1.0,/tmpdir/crf_16.mpd,/videos/BigBuckBunny-2160.avi
14640,0.99847,0.69777,0.99995,56.22384,0.99997,0.96449,0.99797,0.99917,0.9996,100.0,0.1,0.0,0.0,0.16,57.98,inf,inf,56.22,1.0,1.0,1.0,1.0,/tmpdir/crf_16.mpd,/videos/BigBuckBunny-2160.avi
14641,0.99847,0.45317,0.99996,56.54301,0.99997,0.96642,0.99795,0.9991,0.99952,100.0,0.1,0.0,0.0,0.14,58.3,inf,inf,56.54,1.0,1.0,1.0,1.0,/tmpdir/crf_16.mpd,/videos/BigBuckBunny-2160.avi
14642,0.9985,0.313,0.99996,57.44669,0.99997,0.97013,0.99826,0.99923,0.99957,100.0,0.08,0.0,0.0,0.12,59.21,inf,inf,57.45,1.0,1.0,1.0,1.0,/tmpdir/crf_16.mpd,/videos/BigBuckBunny-2160.avi
14643,0.9985,0.0267,0.99996,58.9089,0.99997,0.97461,0.99903,0.99958,0.99975,100.0,0.06,0.0,0.0,0.08,60.67,inf,inf,58.91,1.0,1.0,1.0,1.0,/tmpdir/crf_16.mpd,/videos/BigBuckBunny-2160.avi
14644,0.9985,0.00027,0.99996,59.41905,0.99997,0.97607,0.9991,0.9996,0.99975,100.0,0.05,0.0,0.0,0.07,61.18,inf,inf,59.42,1.0,1.0,1.0,1.0,/tmpdir/crf_16.mpd,/videos/BigBuckBunny-2160.avi
14645,0.9985,0.0,0.99996,59.42206,0.99997,0.97608,0.9991,0.9996,0.99976,100.0,0.05,0.0,0.0,0.07,61.18,inf,inf,59.42,1.0,1.0,1.0,1.0,/tmpdir/crf_16.mpd,/videos/BigBuckBunny-2160.avi
14646,0.99851,0.0,0.99996,59.43974,0.99997,0.97613,0.99911,0.99961,0.99976,100.0,0.05,0.0,0.0,0.07,61.2,inf,inf,59.44,1.0,1.0,1.0,1.0,/tmpdir/crf_16.mpd,/videos/BigBuckBunny-2160.avi
14647,0.99851,0.0,0.99996,59.44032,0.99997,0.97614,0.99911,0.99961,0.99976,100.0,0.05,0.0,0.0,0.07,61.2,inf,inf,59.44,1.0,1.0,1.0,1.0,/tmpdir/crf_16.mpd,/videos/BigBuckBunny-2160.avi
14648,0.99851,0.0,0.99996,59.44054,0.99997,0.97614,0.99911,0.99961,0.99976,100.0,0.05,0.0,0.0,0.07,61.2,inf,inf,59.44,1.0,1.0,1.0,1.0,/tmpdir/crf_16.mpd,/videos/BigBuckBunny-2160.avi
14649,0.9985,0.0,0.99996,59.4371,0.99997,0.97612,0.99911,0.99961,0.99976,100.0,0.05,0.0,0.0,0.07,61.2,inf,inf,59.44,1.0,1.0,1.0,1.0,/tmpdir/crf_16.mpd,/videos/BigBuckBunny-2160.avi
14650,0.99851,0.0,0.99996,59.44505,0.99997,0.97615,0.99911,0.99961,0.99976,100.0,0.05,0.0,0.0,0.07,61.21,inf,inf,59.45,1.0,1.0,1.0,1.0,/tmpdir/crf_16.mpd,/videos/BigBuckBunny-2160.avi
14651,0.99851,0.0,0.99996,59.44656,0.99997,0.97616,0.99911,0.99961,0.99976,100.0,0.05,0.0,0.0,0.07,61.21,inf,inf,59.45,1.0,1.0,1.0,1.0,/tmpdir/crf_16.mpd,/videos/BigBuckBunny-2160.avi
14652,0.99851,0.0,0.99996,59.4469,0.99997,0.97616,0.99911,0.99961,0.99976,100.0,0.05,0.0,0.0,0.07,61.21,inf,inf,59.45,1.0,1.0,1.0,1.0,/tmpdir/crf_16.mpd,/videos/BigBuckBunny-2160.avi
14653,0.99851,0.00013,0.99996,59.43582,0.99997,0.97614,0.99911,0.99961,0.99976,100.0,0.05,0.0,0.0,0.07,61.2,inf,inf,59.44,1.0,1.0,1.0,1.0,/tmpdir/crf_16.mpd,/videos/BigBuckBunny-2160.avi
14654,0.99851,0.0,0.99996,59.44753,0.99997,0.97616,0.99911,0.99961,0.99976,100.0,0.05,0.0,0.0,0.07,61.21,inf,inf,59.45,1.0,1.0,1.0,1.0,/tmpdir/crf_16.mpd,/videos/BigBuckBunny-2160.avi
14655,0.99851,0.0,0.99996,59.44756,0.99997,0.97616,0.99911,0.99961,0.99976,100.0,0.05,0.0,0.0,0.07,61.21,inf,inf,59.45,1.0,1.0,1.0,1.0,/tmpdir/crf_16.mpd,/videos/BigBuckBunny-2160.avi
14656,0.99851,0.0,0.99996,59.44756,0.99997,0.97616,0.99911,0.99961,0.99976,100.0,0.05,0.0,0.0,0.07,61.21,inf,inf,59.45,1.0,1.0,1.0,1.0,/tmpdir/crf_16.mpd,/videos/BigBuckBunny-2160.avi
14657,0.99851,0.0,0.99996,59.44351,0.99997,0.97614,0.99911,0.99961,0.99976,100.0,0.05,0.0,0.0,0.07,61.2,inf,inf,59.44,1.0,1.0,1.0,1.0,/tmpdir/crf_16.mpd,/videos/BigBuckBunny-2160.avi
14658,0.99851,0.0,0.99996,59.44749,0.99997,0.97616,0.99911,0.99961,0.99976,100.0,0.05,0.0,0.0,0.07,61.21,inf,inf,59.45,1.0,1.0,1.0,1.0,/tmpdir/crf_16.mpd,/videos/BigBuckBunny-2160.avi
14659,0.99851,0.0,0.99996,59.44749,0.99997,0.97616,0.99911,0.99961,0.99976,100.0,0.05,0.0,0.0,0.07,61.21,inf,inf,59.45,1.0,1.0,1.0,1.0,/tmpdir/crf_16.mpd,/videos/BigBuckBunny-2160.avi
14660,0.99851,0.0,0.99996,59.44749,0.99997,0.97616,0.99911,0.99961,0.99976,100.0,0.05,0.0,0.0,0.07,61.21,inf,inf,59.45,1.0,1.0,1.0,1.0,/tmpdir/crf_16.mpd,/videos/BigBuckBunny-2160.avi
14661,0.99851,0.0,0.99996,59.44351,0.99997,0.97614,0.99911,0.99961,0.99976,100.0,0.05,0.0,0.0,0.07,61.2,inf,inf,59.44,1.0,1.0,1.0,1.0,/tmpdir/crf_16.mpd,/videos/BigBuckBunny-2160.avi
14662,0.99851,0.0,0.99996,59.44749,0.99997,0.97616,0.99911,0.99961,0.99976,100.0,0.05,0.0,0.0,0.07,61.21,inf,inf,59.45,1.0,1.0,1.0,1.0,/tmpdir/crf_16.mpd,/videos/BigBuckBunny-2160.avi
14663,0.99851,0.0,0.99996,59.44749,0.99997,0.97616,0.99911,0.99961,0.99976,100.0,0.05,0.0,0.0,0.07,61.21,inf,inf,59.45,1.0,1.0,1.0,1.0,/tmpdir/crf_16.mpd,/videos/BigBuckBunny-2160.avi
14664,0.99851,0.0,0.99996,59.44749,0.99997,0.97616,0.99911,0.99961,0.99976,100.0,0.05,0.0,0.0,0.07,61.21,inf,inf,59.45,1.0,1.0,1.0,1.0,/tmpdir/crf_16.mpd,/videos/BigBuckBunny-2160.avi
14665,0.99851,0.0,0.99996,59.44351,0.99997,0.97614,0.99911,0.99961,0.99976,100.0,0.05,0.0,0.0,0.07,61.2,inf,inf,59.44,1.0,1.0,1.0,1.0,/tmpdir/crf_16.mpd,/videos/BigBuckBunny-2160.avi
14666,0.99851,0.0,0.99996,59.44749,0.99997,0.97616,0.99911,0.99961,0.99976,100.0,0.05,0.0,0.0,0.07,61.21,inf,inf,59.45,1.0,1.0,1.0,1.0,/tmpdir/crf_16.mpd,/videos/BigBuckBunny-2160.avi
14667,0.99851,0.0,0.99996,59.44749,0.99997,0.97616,0.99911,0.99961,0.99976,100.0,0.05,0.0,0.0,0.07,61.21,inf,inf,59.45,1.0,1.0,1.0,1.0,/tmpdir/crf_16.mpd,/videos/BigBuckBunny-2160.avi
14668,0.99851,0.0,0.99996,59.44749,0.99997,0.97616,0.99911,0.99961,0.99976,100.0,0.05,0.0,0.0,0.07,61.21,inf,inf,59.45,1.0,1.0,1.0,1.0,/tmpdir/crf_16.mpd,/videos/BigBuckBunny-2160.avi
14669,0.99851,0.0,0.99996,59.44351,0.99997,0.97614,0.99911,0.99961,0.99976,100.0,0.05,0.0,0.0,0.07,61.2,inf,inf,59.44,1.0,1.0,1.0,1.0,/tmpdir/crf_16.mpd,/videos/BigBuckBunny-2160.avi
14670,0.99851,0.0,0.99996,59.44773,0.99997,0.97616,0.99911,0.99961,0.99976,100.0,0.05,0.0,0.0,0.07,61.21,inf,inf,59.45,1.0,1.0,1.0,1.0,/tmpdir/crf_16.mpd,/videos/BigBuckBunny-2160.avi
14671,0.99851,0.0,0.99996,59.44773,0.99997,0.97616,0.99911,0.99961,0.99976,100.0,0.05,0.0,0.0,0.07,61.21,inf,inf,59.45,1.0,1.0,1.0,1.0,/tmpdir/crf_16.mpd,/videos/BigBuckBunny-2160.avi
14672,0.99851,0.0,0.99996,59.44777,0.99997,0.97616,0.99911,0.99961,0.99976,100.0,0.05,0.0,0.0,0.07,61.21,inf,inf,59.45,1.0,1.0,1.0,1.0,/tmpdir/crf_16.mpd,/videos/BigBuckBunny-2160.avi
14673,0.99851,0.00274,0.99996,59.40707,0.99997,0.97614,0.99911,0.99961,0.99976,100.0,0.05,0.0,0.0,0.07,61.17,inf,inf,59.41,1.0,1.0,1.0,1.0,/tmpdir/crf_16.mpd,/videos/BigBuckBunny-2160.avi
14674,0.99851,0.00274,0.99995,59.36764,0.99997,0.97607,0.99911,0.99961,0.99976,100.0,0.05,0.0,0.0,0.08,61.13,inf,inf,59.37,1.0,1.0,1.0,1.0,/tmpdir/crf_16.mpd,/videos/BigBuckBunny-2160.avi
14675,0.99851,0.00957,0.99995,59.28932,0.99997,0.97583,0.99927,0.99976,0.99989,100.0,0.05,0.0,0.0,0.08,61.05,inf,inf,59.29,1.0,1.0,1.0,1.0,/tmpdir/crf_16.mpd,/videos/BigBuckBunny-2160.avi
14676,0.99851,0.00957,0.99995,59.19384,0.99996,0.97542,0.99923,0.99976,0.99993,100.0,0.05,0.0,0.0,0.08,60.95,inf,inf,59.19,1.0,1.0,1.0,1.0,/tmpdir/crf_16.mpd,/videos/BigBuckBunny-2160.avi
14677,0.99851,0.01449,0.99995,59.22632,0.99997,0.975,0.99903,0.99956,0.99974,100.0,0.05,0.0,0.0,0.08,60.99,inf,inf,59.23,1.0,1.0,1.0,1.0,/tmpdir/crf_16.mpd,/videos/BigBuckBunny-2160.avi
14678,0.99851,0.01449,0.99995,59.08849,0.99996,0.97519,0.99925,0.99981,1.0,100.0,0.05,0.0,0.0,0.08,60.85,inf,inf,59.09,1.0,1.0,1.0,1.0,/tmpdir/crf_16.mpd,/videos/BigBuckBunny-2160.avi
14679,0.99852,0.01896,0.99995,59.13675,0.99997,0.97517,0.99916,0.99971,0.99989,100.0,0.05,0.0,0.0,0.08,60.9,inf,inf,59.14,1.0,1.0,1.0,1.0,/tmpdir/crf_16.mpd,/videos/BigBuckBunny-2160.avi
14680,0.99853,0.01896,0.99995,58.91992,0.99997,0.97452,0.99908,0.9997,0.99989,100.0,0.06,0.0,0.0,0.08,60.68,inf,inf,58.92,1.0,1.0,1.0,1.0,/tmpdir/crf_16.mpd,/videos/BigBuckBunny-2160.avi
14681,0.9985,0.02337,0.99996,59.06532,0.99997,0.97454,0.99904,0.99958,0.99976,100.0,0.05,0.0,0.0,0.08,60.83,inf,inf,59.07,1.0,1.0,1.0,1.0,/tmpdir/crf_16.mpd,/videos/BigBuckBunny-2160.avi
14682,0.99858,0.02337,0.99995,58.68456,0.99996,0.97447,0.99896,0.9996,0.99986,100.0,0.06,0.0,0.0,0.09,60.45,inf,inf,58.68,1.0,1.0,1.0,1.0,/tmpdir/crf_16.mpd,/videos/BigBuckBunny-2160.avi
14683,0.9986,0.02429,0.99996,58.98791,0.99997,0.97524,0.99925,0.99979,0.99999,100.0,0.05,0.0,0.0,0.08,60.75,inf,inf,58.99,1.0,1.0,1.0,1.0,/tmpdir/crf_16.mpd,/videos/BigBuckBunny-2160.avi
14684,0.99868,0.02429,0.99995,58.59784,0.99997,0.97434,0.99896,0.99961,0.99985,100.0,0.06,0.0,0.0,0.09,60.36,inf,inf,58.6,1.0,1.0,1.0,1.0,/tmpdir/crf_16.mpd,/videos/BigBuckBunny-2160.avi
14685,0.99851,0.02586,0.99996,59.00149,0.99997,0.97442,0.99905,0.99959,0.99976,100.0,0.05,0.0,0.0,0.08,60.76,inf,inf,59.0,1.0,1.0,1.0,1.0,/tmpdir/crf_16.mpd,/videos/BigBuckBunny-2160.avi
14686,0.99873,0.02586,0.99996,58.94751,0.99997,0.97495,0.99919,0.99972,0.99991,100.0,0.06,0.0,0.0,0.08,60.71,inf,inf,58.95,1.0,1.0,1.0,1.0,/tmpdir/crf_16.mpd,/videos/BigBuckBunny-2160.avi
14687,0.99808,0.02543,0.99996,58.75193,0.99997,0.97447,0.99891,0.99944,0.9996,100.0,0.06,0.0,0.0,0.09,60.51,inf,inf,58.75,1.0,1.0,1.0,1.0,/tmpdir/crf_16.mpd,/videos/BigBuckBunny-2160.avi
14688,0.99848,0.02543,0.99996,58.94213,0.99997,0.97418,0.99904,0.99958,0.99975,100.0,0.06,0.0,0.0,0.08,60.7,inf,inf,58.94,1.0,1.0,1.0,1.0,/tmpdir/crf_16.mpd,/videos/BigBuckBunny-2160.avi
14689,0.99977,0.02148,0.99996,60.0,0.99997,0.98936,0.99967,0.99987,0.99994,100.0,0.02,0.0,0.0,0.03,65.35,inf,inf,63.58,1.0,1.0,1.0,1.0,/tmpdir/crf_16.mpd,/videos/BigBuckBunny-2160.avi
14690,1.00002,0.02148,0.99996,60.0,0.99997,0.98938,0.99974,0.99996,1.00004,100.0,0.02,0.0,0.0,0.03,65.1,inf,inf,63.34,1.0,1.0,1.0,1.0,/tmpdir/crf_16.mpd,/videos/BigBuckBunny-2160.avi
14691,0.99886,0.01826,0.99996,60.0,0.99997,0.98901,0.99952,0.99972,0.99978,100.0,0.03,0.0,0.0,0.04,64.11,inf,inf,62.35,1.0,1.0,1.0,1.0,/tmpdir/crf_16.mpd,/videos/BigBuckBunny-2160.avi
14692,0.99963,0.01826,0.99996,60.0,0.99997,0.98866,0.99962,0.99986,0.99995,100.0,0.02,0.0,0.0,0.03,64.98,inf,inf,63.22,1.0,1.0,1.0,1.0,/tmpdir/crf_16.mpd,/videos/BigBuckBunny-2160.avi
14693,0.99965,0.01204,0.99996,60.0,0.99997,0.98811,0.99961,0.99984,0.99993,100.0,0.02,0.0,0.0,0.03,64.7,inf,inf,62.94,1.0,1.0,1.0,1.0,/tmpdir/crf_16.mpd,/videos/BigBuckBunny-2160.avi
14694,0.99935,0.01204,0.99996,60.0,0.99997,0.98796,0.99955,0.9998,0.99989,100.0,0.02,0.0,0.0,0.03,64.47,inf,inf,62.71,1.0,1.0,1.0,1.0,/tmpdir/crf_16.mpd,/videos/BigBuckBunny-2160.avi
14695,0.99839,0.00776,0.99996,60.0,0.99997,0.98749,0.99929,0.99958,0.99967,100.0,0.03,0.0,0.0,0.05,62.88,inf,inf,61.12,1.0,1.0,1.0,1.0,/tmpdir/crf_16.mpd,/videos/BigBuckBunny-2160.avi
14696,0.99998,0.00755,0.99996,60.0,0.99997,0.98753,0.99942,0.99973,0.99988,100.0,0.03,0.0,0.0,0.04,64.09,inf,inf,62.33,1.0,1.0,1.0,1.0,/tmpdir/crf_16.mpd,/videos/BigBuckBunny-2160.avi
14697,0.99955,0.00548,0.99996,60.0,0.99997,0.9877,0.99961,0.99985,0.99993,100.0,0.02,0.0,0.0,0.04,64.41,inf,inf,62.65,1.0,1.0,1.0,1.0,/tmpdir/crf_16.mpd,/videos/BigBuckBunny-2160.avi
14698,0.99928,0.00548,0.99996,60.0,0.99997,0.98769,0.99958,0.99981,0.99989,100.0,0.02,0.0,0.0,0.04,64.25,inf,inf,62.48,1.0,1.0,1.0,1.0,/tmpdir/crf_16.mpd,/videos/BigBuckBunny-2160.avi
14699,0.99929,0.01094,0.99995,60.0,0.99997,0.98701,0.9996,0.99983,0.99989,100.0,0.03,0.0,0.0,0.04,64.04,inf,inf,62.28,1.0,1.0,1.0,1.0,/tmpdir/crf_16.mpd,/videos/BigBuckBunny-2160.avi
14700,0.9993,0.01265,0.99995,60.0,0.99996,0.98724,0.99987,1.0001,1.00016,100.0,0.03,0.0,0.0,0.04,63.9,inf,inf,62.13,1.0,1.0,1.0,1.0,/tmpdir/crf_16.mpd,/videos/BigBuckBunny-2160.avi
14701,0.9993,0.01784,0.99996,60.0,0.99997,0.98639,0.99949,0.99976,0.99986,100.0,0.03,0.0,0.0,0.04,63.92,inf,inf,62.16,1.0,1.0,1.0,1.0,/tmpdir/crf_16.mpd,/videos/BigBuckBunny-2160.avi
14702,0.99931,0.01784,0.99995,60.0,0.99996,0.98641,0.99977,1.00007,1.00019,100.0,0.03,0.0,0.0,0.04,63.6,inf,inf,61.84,1.0,1.0,1.0,1.0,/tmpdir/crf_16.mpd,/videos/BigBuckBunny-2160.avi
14703,0.99931,0.02616,0.99996,60.0,0.99997,0.98637,0.99961,0.99994,1.00008,100.0,0.03,0.0,0.0,0.04,63.67,inf,inf,61.91,1.0,1.0,1.0,1.0,/tmpdir/crf_16.mpd,/videos/BigBuckBunny-2160.avi
14704,0.99932,0.02616,0.99996,60.0,0.99997,0.98567,0.99961,0.99999,1.00013,100.0,0.03,0.0,0.0,0.05,63.19,inf,inf,61.43,1.0,1.0,1.0,1.0,/tmpdir/crf_16.mpd,/videos/BigBuckBunny-2160.avi
14705,0.9993,0.03293,0.99996,60.0,0.99997,0.98536,0.99945,0.99976,0.99987,100.0,0.03,0.0,0.0,0.04,63.42,inf,inf,61.65,1.0,1.0,1.0,1.0,/tmpdir/crf_16.mpd,/videos/BigBuckBunny-2160.avi
14706,0.99939,0.03293,0.99996,60.0,0.99996,0.98567,0.99967,1.00005,1.0002,100.0,0.03,0.0,0.0,0.05,62.78,inf,inf,61.02,1.0,1.0,1.0,1.0,/tmpdir/crf_16.mpd,/videos/BigBuckBunny-2160.avi
14707,0.99944,0.03617,0.99996,60.0,0.99997,0.98611,0.99984,1.00016,1.00029,100.0,0.03,0.0,0.0,0.05,62.86,inf,inf,61.1,1.0,1.0,1.0,1.0,/tmpdir/crf_16.mpd,/videos/BigBuckBunny-2160.avi
14708,0.99945,0.03617,0.99996,60.0,0.99997,0.98512,0.99936,0.99981,1.00001,100.0,0.04,0.0,0.0,0.05,62.64,inf,inf,60.87,1.0,1.0,1.0,1.0,/tmpdir/crf_16.mpd,/videos/BigBuckBunny-2160.avi
14709,0.9993,0.03686,0.99996,60.0,0.99997,0.98516,0.99945,0.99976,0.99986,100.0,0.03,0.0,0.0,0.05,63.27,inf,inf,61.51,1.0,1.0,1.0,1.0,/tmpdir/crf_16.mpd,/videos/BigBuckBunny-2160.avi
14710,0.99974,0.03686,0.99996,60.0,0.99996,0.98596,0.99982,1.00014,1.00028,100.0,0.04,0.0,0.0,0.06,62.05,inf,inf,60.29,1.0,1.0,1.0,1.0,/tmpdir/crf_16.mpd,/videos/BigBuckBunny-2160.avi
14711,0.99905,0.03389,0.99996,60.0,0.99997,0.98577,0.99938,0.99967,0.99976,100.0,0.03,0.0,0.0,0.04,63.37,inf,inf,61.61,1.0,1.0,1.0,1.0,/tmpdir/crf_16.mpd,/videos/BigBuckBunny-2160.avi
14712,0.99993,0.03389,0.99996,60.0,0.99997,0.98582,0.99974,1.00005,1.00018,100.0,0.04,0.0,0.0,0.06,62.13,inf,inf,60.37,1.0,1.0,1.0,1.0,/tmpdir/crf_16.mpd,/videos/BigBuckBunny-2160.avi
14713,0.9993,0.03308,0.99996,60.0,0.99997,0.98496,0.99938,0.99971,0.99983,100.0,0.03,0.0,0.0,0.05,62.86,inf,inf,61.1,1.0,1.0,1.0,1.0,/tmpdir/crf_16.mpd,/videos/BigBuckBunny-2160.avi
14714,0.99957,0.03308,0.99996,60.0,0.99997,0.98547,0.99956,0.99986,0.99998,100.0,0.03,0.0,0.0,0.05,63.16,inf,inf,61.39,1.0,1.0,1.0,1.0,/tmpdir/crf_16.mpd,/videos/BigBuckBunny-2160.avi
14715,0.99825,0.02665,0.99996,60.0,0.99997,0.98539,0.99928,0.99956,0.99965,100.0,0.04,0.0,0.0,0.06,62.21,inf,inf,60.45,1.0,1.0,1.0,1.0,/tmpdir/crf_16.mpd,/videos/BigBuckBunny-2160.avi
14716,0.99929,0.02665,0.99996,60.0,0.99997,0.98525,0.99948,0.99979,0.9999,100.0,0.03,0.0,0.0,0.05,63.28,inf,inf,61.52,1.0,1.0,1.0,1.0,/tmpdir/crf_16.mpd,/videos/BigBuckBunny-2160.avi
14717,0.99927,0.01997,0.99996,60.0,0.99997,0.98477,0.99946,0.99976,0.99987,100.0,0.03,0.0,0.0,0.05,63.11,inf,inf,61.35,1.0,1.0,1.0,1.0,/tmpdir/crf_16.mpd,/videos/BigBuckBunny-2160.avi
14718,0.99875,0.01997,0.99996,60.0,0.99997,0.98494,0.99939,0.99969,0.9998,100.0,0.03,0.0,0.0,0.05,63.01,inf,inf,61.25,1.0,1.0,1.0,1.0,/tmpdir/crf_16.mpd,/videos/BigBuckBunny-2160.avi
14719,0.99742,0.01271,0.99996,59.23593,0.99997,0.98447,0.99912,0.99943,0.99955,100.0,0.05,0.0,0.0,0.08,61.0,inf,inf,59.24,1.0,1.0,1.0,1.0,/tmpdir/crf_16.mpd,/videos/BigBuckBunny-2160.avi
14720,0.9986,0.01039,0.99996,60.0,0.99997,0.98419,0.99906,0.99948,0.99965,100.0,0.04,0.0,0.0,0.06,62.25,inf,inf,60.49,1.0,1.0,1.0,1.0,/tmpdir/crf_16.mpd,/videos/BigBuckBunny-2160.avi
14721,0.99919,0.01039,0.99996,60.0,0.99997,0.98472,0.99947,0.99977,0.99987,100.0,0.03,0.0,0.0,0.05,63.04,inf,inf,61.28,1.0,1.0,1.0,1.0,/tmpdir/crf_16.mpd,/videos/BigBuckBunny-2160.avi
14722,0.9993,0.01943,0.99996,60.0,0.99997,0.98458,0.99946,0.99977,0.99988,100.0,0.03,0.0,0.0,0.05,62.92,inf,inf,61.16,1.0,1.0,1.0,1.0,/tmpdir/crf_16.mpd,/videos/BigBuckBunny-2160.avi
14723,0.99907,0.02431,0.99996,60.0,0.99997,0.98397,0.99941,0.99974,0.99984,100.0,0.03,0.0,0.0,0.05,62.8,inf,inf,61.04,1.0,1.0,1.0,1.0,/tmpdir/crf_16.mpd,/videos/BigBuckBunny-2160.avi
14724,0.99907,0.02936,0.99994,60.0,0.99994,0.98493,1.00042,1.00077,1.00099,100.0,0.04,0.0,0.0,0.06,62.31,inf,inf,60.54,1.0,1.0,1.0,1.0,/tmpdir/crf_16.mpd,/videos/BigBuckBunny-2160.avi
14725,0.99907,0.04321,0.99996,60.0,0.99997,0.98341,0.99937,0.99971,0.99983,100.0,0.04,0.0,0.0,0.05,62.66,inf,inf,60.9,1.0,1.0,1.0,1.0,/tmpdir/crf_16.mpd,/videos/BigBuckBunny-2160.avi
14726,0.99909,0.04321,0.99995,60.0,0.99997,0.9834,0.99946,0.99983,0.99997,100.0,0.04,0.0,0.0,0.06,62.42,inf,inf,60.66,1.0,1.0,1.0,1.0,/tmpdir/crf_16.mpd,/videos/BigBuckBunny-2160.avi
14727,0.99909,0.05758,0.99996,60.0,0.99997,0.98334,0.99938,0.99977,0.99994,100.0,0.04,0.0,0.0,0.06,62.36,inf,inf,60.6,1.0,1.0,1.0,1.0,/tmpdir/crf_16.mpd,/videos/BigBuckBunny-2160.avi
14728,0.9991,0.05758,0.99996,60.0,0.99997,0.98255,0.99934,0.99977,0.99993,100.0,0.04,0.0,0.0,0.06,62.12,inf,inf,60.35,1.0,1.0,1.0,1.0,/tmpdir/crf_16.mpd,/videos/BigBuckBunny-2160.avi
14729,0.99908,0.06604,0.99996,60.0,0.99997,0.98253,0.99935,0.99972,0.99985,100.0,0.04,0.0,0.0,0.06,62.3,inf,inf,60.54,1.0,1.0,1.0,1.0,/tmpdir/crf_16.mpd,/videos/BigBuckBunny-2160.avi
14730,0.99911,0.06604,0.99996,60.0,0.99997,0.98185,0.99908,0.9996,0.9998,100.0,0.04,0.0,0.0,0.06,61.84,inf,inf,60.08,1.0,1.0,1.0,1.0,/tmpdir/crf_16.mpd,/videos/BigBuckBunny-2160.avi
14731,0.99915,0.07344,0.99996,59.96441,0.99997,0.98321,0.99968,1.00006,1.00022,100.0,0.04,0.0,0.0,0.07,61.73,inf,inf,59.96,1.0,1.0,1.0,1.0,/tmpdir/crf_16.mpd,/videos/BigBuckBunny-2160.avi
14732,0.99916,0.07344,0.99996,59.63818,0.99997,0.98112,0.99889,0.9995,0.99976,100.0,0.05,0.0,0.0,0.07,61.4,inf,inf,59.64,1.0,1.0,1.0,1.0,/tmpdir/crf_16.mpd,/videos/BigBuckBunny-2160.avi
14733,0.99906,0.07991,0.99996,60.0,0.99997,0.98179,0.99929,0.99968,0.99982,100.0,0.04,0.0,0.0,0.06,61.97,inf,inf,60.21,1.0,1.0,1.0,1.0,/tmpdir/crf_16.mpd,/videos/BigBuckBunny-2160.avi
14734,0.99924,0.07991,0.99996,58.83237,0.99997,0.98173,0.99899,0.99952,0.99977,100.0,0.06,0.0,0.0,0.09,60.59,inf,inf,58.83,1.0,1.0,1.0,1.0,/tmpdir/crf_16.mpd,/videos/BigBuckBunny-2160.avi
14735,0.999,0.07333,0.99996,60.0,0.99997,0.98262,0.99931,0.99968,0.99981,100.0,0.04,0.0,0.0,0.06,62.23,inf,inf,60.47,1.0,1.0,1.0,1.0,/tmpdir/crf_16.mpd,/videos/BigBuckBunny-2160.avi
14736,0.99932,0.07333,0.99996,58.99192,0.99997,0.98144,0.99894,0.99947,0.99971,100.0,0.05,0.0,0.0,0.08,60.75,inf,inf,58.99,1.0,1.0,1.0,1.0,/tmpdir/crf_16.mpd,/videos/BigBuckBunny-2160.avi
14737,0.99907,0.06604,0.99996,60.0,0.99997,0.98183,0.9993,0.99969,0.99982,100.0,0.04,0.0,0.0,0.06,61.95,inf,inf,60.19,1.0,1.0,1.0,1.0,/tmpdir/crf_16.mpd,/videos/BigBuckBunny-2160.avi
14738,0.99956,0.06604,0.99996,58.96135,0.99997,0.98254,0.99958,0.99998,1.00013,100.0,0.06,0.0,0.0,0.08,60.72,inf,inf,58.96,1.0,1.0,1.0,1.0,/tmpdir/crf_16.mpd,/videos/BigBuckBunny-2160.avi
14739,0.99861,0.05814,0.99996,59.74302,0.99997,0.98252,0.99915,0.99952,0.99964,100.0,0.05,0.0,0.0,0.07,61.5,inf,inf,59.74,1.0,1.0,1.0,1.0,/tmpdir/crf_16.mpd,/videos/BigBuckBunny-2160.avi
14740,0.99939,0.05814,0.99996,59.94648,0.99997,0.98265,0.99948,0.99985,0.99998,100.0,0.04,0.0,0.0,0.07,61.71,inf,inf,59.95,1.0,1.0,1.0,1.0,/tmpdir/crf_16.mpd,/videos/BigBuckBunny-2160.avi
14741,0.99909,0.03738,0.99996,60.0,0.99997,0.98224,0.99933,0.9997,0.99983,100.0,0.04,0.0,0.0,0.06,62.06,inf,inf,60.3,1.0,1.0,1.0,1.0,/tmpdir/crf_16.mpd,/videos/BigBuckBunny-2160.avi
14742,0.99929,0.03738,0.99996,60.0,0.99997,0.98224,0.99938,0.99978,0.99993,100.0,0.04,0.0,0.0,0.06,61.85,inf,inf,60.09,1.0,1.0,1.0,1.0,/tmpdir/crf_16.mpd,/videos/BigBuckBunny-2160.avi
14743,0.99834,0.0283,0.99996,59.52555,0.99997,0.98206,0.99914,0.99953,0.99965,100.0,0.05,0.0,0.0,0.07,61.29,inf,inf,59.53,1.0,1.0,1.0,1.0,/tmpdir/crf_16.mpd,/videos/BigBuckBunny-2160.avi
14744,0.99901,0.02114,0.99996,60.0,0.99997,0.98202,0.99933,0.9997,0.99983,100.0,0.04,0.0,0.0,0.06,62.01,inf,inf,60.25,1.0,1.0,1.0,1.0,/tmpdir/crf_16.mpd,/videos/BigBuckBunny-2160.avi
14745,0.99897,0.01305,0.99996,60.0,0.99997,0.98208,0.99934,0.99971,0.99984,100.0,0.04,0.0,0.0,0.06,62.04,inf,inf,60.28,1.0,1.0,1.0,1.0,/tmpdir/crf_16.mpd,/videos/BigBuckBunny-2160.avi
14746,0.99938,0.00627,0.99996,59.91884,0.99997,0.98174,0.99936,0.99975,0.9999,100.0,0.04,0.0,0.0,0.07,61.68,inf,inf,59.92,1.0,1.0,1.0,1.0,/tmpdir/crf_16.mpd,/videos/BigBuckBunny-2160.avi
14747,0.99903,0.0,0.99996,60.0,0.99997,0.98178,0.99934,0.9997,0.99983,100.0,0.04,0.0,0.0,0.06,61.96,inf,inf,60.2,1.0,1.0,1.0,1.0,/tmpdir/crf_16.mpd,/videos/BigBuckBunny-2160.avi
14748,0.99904,0.0,0.99996,60.0,0.99997,0.98177,0.99935,0.99971,0.99983,100.0,0.04,0.0,0.0,0.06,61.96,inf,inf,60.2,1.0,1.0,1.0,1.0,/tmpdir/crf_16.mpd,/videos/BigBuckBunny-2160.avi
14749,0.99905,0.0,0.99996,60.0,0.99997,0.98188,0.99935,0.99971,0.99983,100.0,0.04,0.0,0.0,0.06,62.0,inf,inf,60.24,1.0,1.0,1.0,1.0,/tmpdir/crf_16.mpd,/videos/BigBuckBunny-2160.avi
14750,0.99905,0.0,0.99996,60.0,0.99997,0.98189,0.99935,0.99971,0.99983,100.0,0.04,0.0,0.0,0.06,62.0,inf,inf,60.24,1.0,1.0,1.0,1.0,/tmpdir/crf_16.mpd,/videos/BigBuckBunny-2160.avi
14751,0.99905,0.0,0.99996,60.0,0.99997,0.98189,0.99935,0.99971,0.99983,100.0,0.04,0.0,0.0,0.06,62.0,inf,inf,60.24,1.0,1.0,1.0,1.0,/tmpdir/crf_16.mpd,/videos/BigBuckBunny-2160.avi
14752,0.99905,0.0,0.99996,60.0,0.99997,0.98188,0.99935,0.99971,0.99983,100.0,0.04,0.0,0.0,0.06,62.0,inf,inf,60.24,1.0,1.0,1.0,1.0,/tmpdir/crf_16.mpd,/videos/BigBuckBunny-2160.avi
14753,0.99905,0.0,0.99996,60.0,0.99997,0.98189,0.99935,0.99971,0.99983,100.0,0.04,0.0,0.0,0.06,62.01,inf,inf,60.25,1.0,1.0,1.0,1.0,/tmpdir/crf_16.mpd,/videos/BigBuckBunny-2160.avi
14754,0.99905,0.0,0.99996,60.0,0.99997,0.98189,0.99935,0.99971,0.99983,100.0,0.04,0.0,0.0,0.06,62.01,inf,inf,60.25,1.0,1.0,1.0,1.0,/tmpdir/crf_16.mpd,/videos/BigBuckBunny-2160.avi
14755,0.99905,0.0,0.99996,60.0,0.99997,0.98189,0.99935,0.99971,0.99983,100.0,0.04,0.0,0.0,0.06,62.01,inf,inf,60.25,1.0,1.0,1.0,1.0,/tmpdir/crf_16.mpd,/videos/BigBuckBunny-2160.avi
14756,0.99905,0.0,0.99996,60.0,0.99997,0.98189,0.99935,0.99971,0.99983,100.0,0.04,0.0,0.0,0.06,62.0,inf,inf,60.24,1.0,1.0,1.0,1.0,/tmpdir/crf_16.mpd,/videos/BigBuckBunny-2160.avi
14757,0.99905,0.0,0.99996,60.0,0.99997,0.98189,0.99935,0.99971,0.99983,100.0,0.04,0.0,0.0,0.06,62.01,inf,inf,60.25,1.0,1.0,1.0,1.0,/tmpdir/crf_16.mpd,/videos/BigBuckBunny-2160.avi
14758,0.99905,0.0,0.99996,60.0,0.99997,0.9819,0.99935,0.99971,0.99983,100.0,0.04,0.0,0.0,0.06,62.01,inf,inf,60.25,1.0,1.0,1.0,1.0,/tmpdir/crf_16.mpd,/videos/BigBuckBunny-2160.avi
14759,0.99905,0.0,0.99996,60.0,0.99997,0.98189,0.99935,0.99971,0.99983,100.0,0.04,0.0,0.0,0.06,62.01,inf,inf,60.25,1.0,1.0,1.0,1.0,/tmpdir/crf_16.mpd,/videos/BigBuckBunny-2160.avi
14760,0.99905,0.0,0.99996,60.0,0.99997,0.98189,0.99935,0.99971,0.99983,100.0,0.04,0.0,0.0,0.06,62.01,inf,inf,60.24,1.0,1.0,1.0,1.0,/tmpdir/crf_16.mpd,/videos/BigBuckBunny-2160.avi
14761,0.99905,0.0,0.99996,60.0,0.99997,0.98189,0.99935,0.99971,0.99983,100.0,0.04,0.0,0.0,0.06,62.01,inf,inf,60.25,1.0,1.0,1.0,1.0,/tmpdir/crf_16.mpd,/videos/BigBuckBunny-2160.avi
14762,0.99905,0.0,0.99996,60.0,0.99997,0.9819,0.99935,0.99971,0.99983,100.0,0.04,0.0,0.0,0.06,62.01,inf,inf,60.25,1.0,1.0,1.0,1.0,/tmpdir/crf_16.mpd,/videos/BigBuckBunny-2160.avi
14763,0.99905,0.0,0.99996,60.0,0.99997,0.98189,0.99935,0.99971,0.99983,100.0,0.04,0.0,0.0,0.06,62.01,inf,inf,60.25,1.0,1.0,1.0,1.0,/tmpdir/crf_16.mpd,/videos/BigBuckBunny-2160.avi
14764,0.99905,0.0,0.99996,60.0,0.99997,0.98189,0.99935,0.99971,0.99983,100.0,0.04,0.0,0.0,0.06,62.01,inf,inf,60.24,1.0,1.0,1.0,1.0,/tmpdir/crf_16.mpd,/videos/BigBuckBunny-2160.avi
14765,0.99905,0.0,0.99996,60.0,0.99997,0.98189,0.99935,0.99971,0.99983,100.0,0.04,0.0,0.0,0.06,62.01,inf,inf,60.25,1.0,1.0,1.0,1.0,/tmpdir/crf_16.mpd,/videos/BigBuckBunny-2160.avi
14766,0.99905,0.0,0.99996,60.0,0.99997,0.9819,0.99935,0.99971,0.99983,100.0,0.04,0.0,0.0,0.06,62.01,inf,inf,60.25,1.0,1.0,1.0,1.0,/tmpdir/crf_16.mpd,/videos/BigBuckBunny-2160.avi
14767,0.99905,0.0,0.99996,60.0,0.99997,0.98189,0.99935,0.99971,0.99983,100.0,0.04,0.0,0.0,0.06,62.01,inf,inf,60.25,1.0,1.0,1.0,1.0,/tmpdir/crf_16.mpd,/videos/BigBuckBunny-2160.avi
14768,0.99905,0.0,0.99996,60.0,0.99997,0.98189,0.99935,0.99971,0.99983,100.0,0.04,0.0,0.0,0.06,62.01,inf,inf,60.24,1.0,1.0,1.0,1.0,/tmpdir/crf_16.mpd,/videos/BigBuckBunny-2160.avi
14769,0.99905,0.0,0.99996,60.0,0.99997,0.98189,0.99935,0.99971,0.99983,100.0,0.04,0.0,0.0,0.06,62.01,inf,inf,60.25,1.0,1.0,1.0,1.0,/tmpdir/crf_16.mpd,/videos/BigBuckBunny-2160.avi
14770,0.99905,0.0,0.99996,60.0,0.99997,0.9819,0.99935,0.99971,0.99983,100.0,0.04,0.0,0.0,0.06,62.01,inf,inf,60.25,1.0,1.0,1.0,1.0,/tmpdir/crf_16.mpd,/videos/BigBuckBunny-2160.avi
14771,0.99905,0.0,0.99996,60.0,0.99997,0.98189,0.99935,0.99971,0.99983,100.0,0.04,0.0,0.0,0.06,62.01,inf,inf,60.25,1.0,1.0,1.0,1.0,/tmpdir/crf_16.mpd,/videos/BigBuckBunny-2160.avi
14772,0.99905,0.0,0.99996,60.0,0.99997,0.98189,0.99935,0.99971,0.99983,100.0,0.04,0.0,0.0,0.06,62.01,inf,inf,60.24,1.0,1.0,1.0,1.0,/tmpdir/crf_16.mpd,/videos/BigBuckBunny-2160.avi
14773,0.99905,0.0,0.99996,60.0,0.99997,0.98189,0.99935,0.99971,0.99983,100.0,0.04,0.0,0.0,0.06,62.01,inf,inf,60.25,1.0,1.0,1.0,1.0,/tmpdir/crf_16.mpd,/videos/BigBuckBunny-2160.avi
14774,0.99905,0.0,0.99996,60.0,0.99997,0.9819,0.99935,0.99971,0.99983,100.0,0.04,0.0,0.0,0.06,62.01,inf,inf,60.25,1.0,1.0,1.0,1.0,/tmpdir/crf_16.mpd,/videos/BigBuckBunny-2160.avi
14775,0.99905,0.0,0.99996,60.0,0.99997,0.98189,0.99935,0.99971,0.99983,100.0,0.04,0.0,0.0,0.06,62.01,inf,inf,60.25,1.0,1.0,1.0,1.0,/tmpdir/crf_16.mpd,/videos/BigBuckBunny-2160.avi
14776,0.99905,0.0,0.99996,60.0,0.99997,0.98189,0.99935,0.99971,0.99983,100.0,0.04,0.0,0.0,0.06,62.01,inf,inf,60.24,1.0,1.0,1.0,1.0,/tmpdir/crf_16.mpd,/videos/BigBuckBunny-2160.avi
14777,0.99905,0.0,0.99996,60.0,0.99997,0.98189,0.99935,0.99971,0.99983,100.0,0.04,0.0,0.0,0.06,62.01,inf,inf,60.25,1.0,1.0,1.0,1.0,/tmpdir/crf_16.mpd,/videos/BigBuckBunny-2160.avi
14778,0.99905,0.0,0.99996,60.0,0.99997,0.9819,0.99935,0.99971,0.99983,100.0,0.04,0.0,0.0,0.06,62.01,inf,inf,60.25,1.0,1.0,1.0,1.0,/tmpdir/crf_16.mpd,/videos/BigBuckBunny-2160.avi
14779,0.99905,0.0,0.99996,60.0,0.99997,0.98189,0.99935,0.99971,0.99983,100.0,0.04,0.0,0.0,0.06,62.01,inf,inf,60.25,1.0,1.0,1.0,1.0,/tmpdir/crf_16.mpd,/videos/BigBuckBunny-2160.avi
14780,0.99905,0.0,0.99996,60.0,0.99997,0.98189,0.99935,0.99971,0.99983,100.0,0.04,0.0,0.0,0.06,62.01,inf,inf,60.24,1.0,1.0,1.0,1.0,/tmpdir/crf_16.mpd,/videos/BigBuckBunny-2160.avi
14781,0.99905,0.0,0.99996,60.0,0.99997,0.98189,0.99935,0.99971,0.99983,100.0,0.04,0.0,0.0,0.06,62.01,inf,inf,60.25,1.0,1.0,1.0,1.0,/tmpdir/crf_16.mpd,/videos/BigBuckBunny-2160.avi
14782,0.99905,0.0,0.99996,60.0,0.99997,0.9819,0.99935,0.99971,0.99983,100.0,0.04,0.0,0.0,0.06,62.01,inf,inf,60.25,1.0,1.0,1.0,1.0,/tmpdir/crf_16.mpd,/videos/BigBuckBunny-2160.avi
14783,0.99905,0.0,0.99996,60.0,0.99997,0.98189,0.99935,0.99971,0.99983,100.0,0.04,0.0,0.0,0.06,62.01,inf,inf,60.25,1.0,1.0,1.0,1.0,/tmpdir/crf_16.mpd,/videos/BigBuckBunny-2160.avi
14784,0.99905,0.0,0.99996,60.0,0.99997,0.98189,0.99935,0.99971,0.99983,100.0,0.04,0.0,0.0,0.06,62.01,inf,inf,60.24,1.0,1.0,1.0,1.0,/tmpdir/crf_16.mpd,/videos/BigBuckBunny-2160.avi
14785,0.99905,0.0,0.99996,60.0,0.99997,0.9819,0.99935,0.99971,0.99983,100.0,0.04,0.0,0.0,0.06,62.01,inf,inf,60.25,1.0,1.0,1.0,1.0,/tmpdir/crf_16.mpd,/videos/BigBuckBunny-2160.avi
14786,0.99905,0.0,0.99996,60.0,0.99997,0.9819,0.99935,0.99971,0.99983,100.0,0.04,0.0,0.0,0.06,62.01,inf,inf,60.25,1.0,1.0,1.0,1.0,/tmpdir/crf_16.mpd,/videos/BigBuckBunny-2160.avi
14787,0.99905,0.0,0.99996,60.0,0.99997,0.9819,0.99935,0.99971,0.99983,100.0,0.04,0.0,0.0,0.06,62.01,inf,inf,60.25,1.0,1.0,1.0,1.0,/tmpdir/crf_16.mpd,/videos/BigBuckBunny-2160.avi
14788,0.99905,0.0,0.99996,60.0,0.99997,0.98189,0.99935,0.99971,0.99983,100.0,0.04,0.0,0.0,0.06,62.01,inf,inf,60.24,1.0,1.0,1.0,1.0,/tmpdir/crf_16.mpd,/videos/BigBuckBunny-2160.avi
14789,0.99905,0.0,0.99996,60.0,0.99997,0.9819,0.99935,0.99971,0.99983,100.0,0.04,0.0,0.0,0.06,62.01,inf,inf,60.25,1.0,1.0,1.0,1.0,/tmpdir/crf_16.mpd,/videos/BigBuckBunny-2160.avi
14790,0.99905,0.0,0.99996,60.0,0.99997,0.9819,0.99935,0.99971,0.99983,100.0,0.04,0.0,0.0,0.06,62.01,inf,inf,60.25,1.0,1.0,1.0,1.0,/tmpdir/crf_16.mpd,/videos/BigBuckBunny-2160.avi
14791,0.99905,0.0,0.99996,60.0,0.99997,0.9819,0.99935,0.99971,0.99983,100.0,0.04,0.0,0.0,0.06,62.01,inf,inf,60.25,1.0,1.0,1.0,1.0,/tmpdir/crf_16.mpd,/videos/BigBuckBunny-2160.avi
14792,0.99905,0.0,0.99996,60.0,0.99997,0.98189,0.99935,0.99971,0.99983,100.0,0.04,0.0,0.0,0.06,62.01,inf,inf,60.24,1.0,1.0,1.0,1.0,/tmpdir/crf_16.mpd,/videos/BigBuckBunny-2160.avi
14793,0.99905,0.0,0.99996,60.0,0.99997,0.9819,0.99935,0.99971,0.99983,100.0,0.04,0.0,0.0,0.06,62.01,inf,inf,60.25,1.0,1.0,1.0,1.0,/tmpdir/crf_16.mpd,/videos/BigBuckBunny-2160.avi
14794,0.99905,0.0,0.99996,60.0,0.99997,0.9819,0.99935,0.99971,0.99983,100.0,0.04,0.0,0.0,0.06,62.01,inf,inf,60.25,1.0,1.0,1.0,1.0,/tmpdir/crf_16.mpd,/videos/BigBuckBunny-2160.avi
14795,0.99905,0.0,0.99996,60.0,0.99997,0.9819,0.99935,0.99971,0.99983,100.0,0.04,0.0,0.0,0.06,62.01,inf,inf,60.25,1.0,1.0,1.0,1.0,/tmpdir/crf_16.mpd,/videos/BigBuckBunny-2160.avi
14796,0.99905,0.0,0.99996,60.0,0.99997,0.98189,0.99935,0.99971,0.99983,100.0,0.04,0.0,0.0,0.06,62.01,inf,inf,60.24,1.0,1.0,1.0,1.0,/tmpdir/crf_16.mpd,/videos/BigBuckBunny-2160.avi
14797,0.99967,0.0,0.99996,60.0,0.99997,0.9845,0.99933,0.99968,0.99983,100.0,0.04,0.0,0.0,0.06,62.22,inf,inf,60.46,1.0,1.0,1.0,1.0,/tmpdir/crf_16.mpd,/videos/BigBuckBunny-2160.avi
14798,0.99973,0.0,0.99996,60.0,0.99997,0.98534,0.99951,0.9998,0.99991,100.0,0.03,0.0,0.0,0.05,63.27,inf,inf,61.51,1.0,1.0,1.0,1.0,/tmpdir/crf_16.mpd,/videos/BigBuckBunny-2160.avi
14799,0.99972,0.0,0.99996,60.0,0.99997,0.98524,0.99947,0.99977,0.9999,100.0,0.03,0.0,0.0,0.05,63.08,inf,inf,61.32,1.0,1.0,1.0,1.0,/tmpdir/crf_16.mpd,/videos/BigBuckBunny-2160.avi
14800,0.99974,0.0,0.99996,60.0,0.99997,0.98539,0.99952,0.9998,0.99991,100.0,0.03,0.0,0.0,0.05,63.3,inf,inf,61.54,1.0,1.0,1.0,1.0,/tmpdir/crf_16.mpd,/videos/BigBuckBunny-2160.avi
14801,0.99973,0.0,0.99996,60.0,0.99997,0.98535,0.9995,0.99979,0.99991,100.0,0.03,0.0,0.0,0.05,63.26,inf,inf,61.5,1.0,1.0,1.0,1.0,/tmpdir/crf_16.mpd,/videos/BigBuckBunny-2160.avi
14802,0.99973,0.0,0.99996,60.0,0.99997,0.98531,0.99948,0.99978,0.9999,100.0,0.03,0.0,0.0,0.05,63.14,inf,inf,61.38,1.0,1.0,1.0,1.0,/tmpdir/crf_16.mpd,/videos/BigBuckBunny-2160.avi
14803,0.99973,0.0,0.99996,60.0,0.99997,0.98531,0.99948,0.99978,0.9999,100.0,0.03,0.0,0.0,0.05,63.13,inf,inf,61.37,1.0,1.0,1.0,1.0,/tmpdir/crf_16.mpd,/videos/BigBuckBunny-2160.avi
14804,0.99973,0.0,0.99996,60.0,0.99997,0.98531,0.99948,0.99978,0.9999,100.0,0.03,0.0,0.0,0.05,63.14,inf,inf,61.38,1.0,1.0,1.0,1.0,/tmpdir/crf_16.mpd,/videos/BigBuckBunny-2160.avi
14805,0.99974,0.0,0.99996,60.0,0.99997,0.98539,0.99951,0.9998,0.99991,100.0,0.03,0.0,0.0,0.05,63.29,inf,inf,61.53,1.0,1.0,1.0,1.0,/tmpdir/crf_16.mpd,/videos/BigBuckBunny-2160.avi
14806,0.99974,0.0,0.99996,60.0,0.99997,0.98544,0.99953,0.9998,0.99991,100.0,0.03,0.0,0.0,0.05,63.33,inf,inf,61.57,1.0,1.0,1.0,1.0,/tmpdir/crf_16.mpd,/videos/BigBuckBunny-2160.avi
14807,0.99974,0.0,0.99996,60.0,0.99997,0.98544,0.99953,0.9998,0.99991,100.0,0.03,0.0,0.0,0.05,63.33,inf,inf,61.57,1.0,1.0,1.0,1.0,/tmpdir/crf_16.mpd,/videos/BigBuckBunny-2160.avi
14808,0.99974,0.0,0.99996,60.0,0.99997,0.98544,0.99953,0.9998,0.99991,100.0,0.03,0.0,0.0,0.05,63.33,inf,inf,61.57,1.0,1.0,1.0,1.0,/tmpdir/crf_16.mpd,/videos/BigBuckBunny-2160.avi
14809,0.99974,0.0,0.99996,60.0,0.99997,0.98543,0.99953,0.9998,0.99991,100.0,0.03,0.0,0.0,0.05,63.33,inf,inf,61.57,1.0,1.0,1.0,1.0,/tmpdir/crf_16.mpd,/videos/BigBuckBunny-2160.avi
14810,0.99974,0.0,0.99996,60.0,0.99997,0.98544,0.99953,0.9998,0.99991,100.0,0.03,0.0,0.0,0.05,63.33,inf,inf,61.57,1.0,1.0,1.0,1.0,/tmpdir/crf_16.mpd,/videos/BigBuckBunny-2160.avi
14811,0.99974,0.0,0.99996,60.0,0.99997,0.98544,0.99953,0.9998,0.99991,100.0,0.03,0.0,0.0,0.05,63.33,inf,inf,61.57,1.0,1.0,1.0,1.0,/tmpdir/crf_16.mpd,/videos/BigBuckBunny-2160.avi
14812,0.99974,0.0,0.99996,60.0,0.99997,0.98544,0.99953,0.9998,0.99991,100.0,0.03,0.0,0.0,0.05,63.33,inf,inf,61.57,1.0,1.0,1.0,1.0,/tmpdir/crf_16.mpd,/videos/BigBuckBunny-2160.avi
14813,0.99974,0.0,0.99996,60.0,0.99997,0.98543,0.99953,0.9998,0.99991,100.0,0.03,0.0,0.0,0.05,63.33,inf,inf,61.57,1.0,1.0,1.0,1.0,/tmpdir/crf_16.mpd,/videos/BigBuckBunny-2160.avi
14814,0.99974,0.0,0.99996,60.0,0.99997,0.98544,0.99953,0.9998,0.99991,100.0,0.03,0.0,0.0,0.05,63.33,inf,inf,61.57,1.0,1.0,1.0,1.0,/tmpdir/crf_16.mpd,/videos/BigBuckBunny-2160.avi
14815,0.99974,0.0,0.99996,60.0,0.99997,0.98544,0.99953,0.9998,0.99991,100.0,0.03,0.0,0.0,0.05,63.33,inf,inf,61.57,1.0,1.0,1.0,1.0,/tmpdir/crf_16.mpd,/videos/BigBuckBunny-2160.avi
14816,0.99974,0.0,0.99996,60.0,0.99997,0.98544,0.99953,0.9998,0.99991,100.0,0.03,0.0,0.0,0.05,63.33,inf,inf,61.57,1.0,1.0,1.0,1.0,/tmpdir/crf_16.mpd,/videos/BigBuckBunny-2160.avi
14817,0.99974,0.0,0.99996,60.0,0.99997,0.98543,0.99953,0.9998,0.99991,100.0,0.03,0.0,0.0,0.05,63.33,inf,inf,61.57,1.0,1.0,1.0,1.0,/tmpdir/crf_16.mpd,/videos/BigBuckBunny-2160.avi
14818,0.99974,0.0,0.99996,60.0,0.99997,0.98544,0.99953,0.9998,0.99991,100.0,0.03,0.0,0.0,0.05,63.33,inf,inf,61.57,1.0,1.0,1.0,1.0,/tmpdir/crf_16.mpd,/videos/BigBuckBunny-2160.avi
14819,0.99974,0.0,0.99996,60.0,0.99997,0.98544,0.99953,0.9998,0.99991,100.0,0.03,0.0,0.0,0.05,63.33,inf,inf,61.57,1.0,1.0,1.0,1.0,/tmpdir/crf_16.mpd,/videos/BigBuckBunny-2160.avi
14820,0.99974,0.0,0.99996,60.0,0.99997,0.98544,0.99953,0.9998,0.99991,100.0,0.03,0.0,0.0,0.05,63.33,inf,inf,61.57,1.0,1.0,1.0,1.0,/tmpdir/crf_16.mpd,/videos/BigBuckBunny-2160.avi
14821,0.99979,0.00092,0.99996,60.0,0.99997,0.98523,0.99952,0.99981,0.99993,100.0,0.03,0.0,0.0,0.05,63.24,inf,inf,61.48,1.0,1.0,1.0,1.0,/tmpdir/crf_16.mpd,/videos/BigBuckBunny-2160.avi
14822,0.99646,0.67635,0.99996,55.91492,0.99997,0.96427,0.99663,0.99829,0.99889,100.0,0.11,0.0,0.0,0.17,57.68,inf,inf,55.91,1.0,1.0,1.0,1.0,/tmpdir/crf_16.mpd,/videos/BigBuckBunny-2160.avi
14823,0.99703,2.27003,0.99996,58.60379,0.99997,0.97674,0.99749,0.99852,0.99882,100.0,0.06,0.0,0.0,0.09,60.36,inf,inf,58.6,1.0,1.0,1.0,1.0,/tmpdir/crf_16.mpd,/videos/BigBuckBunny-2160.avi
14824,1.00624,1.99808,0.99992,58.65101,0.99994,0.98137,0.99811,0.99971,1.00052,100.0,0.06,0.0,0.0,0.09,60.41,inf,inf,58.65,1.0,1.0,1.0,1.0,/tmpdir/crf_16.mpd,/videos/BigBuckBunny-2160.avi
14825,0.99003,0.10759,0.99992,60.0,0.99996,0.99889,1.0,1.0,1.0,99.16758,0.01,0.0,0.0,0.01,69.34,inf,inf,67.58,1.0,1.0,1.0,1.0,/tmpdir/crf_16.mpd,/videos/BigBuckBunny-2160.avi
14826,1.0,0.0,0.99996,60.0,0.99996,1.0,1.0,1.0,1.0,100.0,0.0,0.0,0.0,0.0,inf,inf,inf,inf,1.0,1.0,1.0,1.0,/tmpdir/crf_16.mpd,/videos/BigBuckBunny-2160.avi
14827,1.0,0.0,0.99996,60.0,0.99996,1.0,1.0,1.0,1.0,100.0,0.0,0.0,0.0,0.0,inf,inf,inf,inf,1.0,1.0,1.0,1.0,/tmpdir/crf_16.mpd,/videos/BigBuckBunny-2160.avi
14828,1.0,0.0,0.99996,60.0,0.99996,1.0,1.0,1.0,1.0,100.0,0.0,0.0,0.0,0.0,inf,inf,inf,inf,1.0,1.0,1.0,1.0,/tmpdir/crf_16.mpd,/videos/BigBuckBunny-2160.avi
14829,1.0,0.0,0.99996,60.0,0.99996,1.0,1.0,1.0,1.0,100.0,0.0,0.0,0.0,0.0,inf,inf,inf,inf,1.0,1.0,1.0,1.0,/tmpdir/crf_16.mpd,/videos/BigBuckBunny-2160.avi
14830,1.0,0.0,0.99996,60.0,0.99996,1.0,1.0,1.0,1.0,100.0,0.0,0.0,0.0,0.0,inf,inf,inf,inf,1.0,1.0,1.0,1.0,/tmpdir/crf_16.mpd,/videos/BigBuckBunny-2160.avi
14831,1.0,0.0,0.99996,60.0,0.99996,1.0,1.0,1.0,1.0,100.0,0.0,0.0,0.0,0.0,inf,inf,inf,inf,1.0,1.0,1.0,1.0,/tmpdir/crf_16.mpd,/videos/BigBuckBunny-2160.avi
14832,1.0,0.0,0.99996,60.0,0.99996,1.0,1.0,1.0,1.0,100.0,0.0,0.0,0.0,0.0,inf,inf,inf,inf,1.0,1.0,1.0,1.0,/tmpdir/crf_16.mpd,/videos/BigBuckBunny-2160.avi
14833,1.0,0.0,0.99996,60.0,0.99996,1.0,1.0,1.0,1.0,100.0,0.0,0.0,0.0,0.0,inf,inf,inf,inf,1.0,1.0,1.0,1.0,/tmpdir/crf_16.mpd,/videos/BigBuckBunny-2160.avi
14834,1.0,0.0,0.99996,60.0,0.99996,1.0,1.0,1.0,1.0,100.0,0.0,0.0,0.0,0.0,inf,inf,inf,inf,1.0,1.0,1.0,1.0,/tmpdir/crf_16.mpd,/videos/BigBuckBunny-2160.avi
14835,1.0,0.0,0.99996,60.0,0.99996,1.0,1.0,1.0,1.0,100.0,0.0,0.0,0.0,0.0,inf,inf,inf,inf,1.0,1.0,1.0,1.0,/tmpdir/crf_16.mpd,/videos/BigBuckBunny-2160.avi
14836,1.0,0.0,0.99996,60.0,0.99996,1.0,1.0,1.0,1.0,100.0,0.0,0.0,0.0,0.0,inf,inf,inf,inf,1.0,1.0,1.0,1.0,/tmpdir/crf_16.mpd,/videos/BigBuckBunny-2160.avi
14837,1.0,0.0,0.99996,60.0,0.99996,1.0,1.0,1.0,1.0,100.0,0.0,0.0,0.0,0.0,inf,inf,inf,inf,1.0,1.0,1.0,1.0,/tmpdir/crf_16.mpd,/videos/BigBuckBunny-2160.avi
14838,1.0,0.0,0.99996,60.0,0.99996,1.0,1.0,1.0,1.0,100.0,0.0,0.0,0.0,0.0,inf,inf,inf,inf,1.0,1.0,1.0,1.0,/tmpdir/crf_16.mpd,/videos/BigBuckBunny-2160.avi
14839,1.0,0.0,0.99996,60.0,0.99996,1.0,1.0,1.0,1.0,100.0,0.0,0.0,0.0,0.0,inf,inf,inf,inf,1.0,1.0,1.0,1.0,/tmpdir/crf_16.mpd,/videos/BigBuckBunny-2160.avi
14840,1.0,0.0,0.99996,60.0,0.99996,1.0,1.0,1.0,1.0,100.0,0.0,0.0,0.0,0.0,inf,inf,inf,inf,1.0,1.0,1.0,1.0,/tmpdir/crf_16.mpd,/videos/BigBuckBunny-2160.avi
14841,1.0,0.0,0.99996,60.0,0.99996,1.0,1.0,1.0,1.0,100.0,0.0,0.0,0.0,0.0,inf,inf,inf,inf,1.0,1.0,1.0,1.0,/tmpdir/crf_16.mpd,/videos/BigBuckBunny-2160.avi
14842,1.0,0.0,0.99996,60.0,0.99996,1.0,1.0,1.0,1.0,100.0,0.0,0.0,0.0,0.0,inf,inf,inf,inf,1.0,1.0,1.0,1.0,/tmpdir/crf_16.mpd,/videos/BigBuckBunny-2160.avi
14843,1.0,0.0,0.99996,60.0,0.99996,1.0,1.0,1.0,1.0,100.0,0.0,0.0,0.0,0.0,inf,inf,inf,inf,1.0,1.0,1.0,1.0,/tmpdir/crf_16.mpd,/videos/BigBuckBunny-2160.avi
14844,1.0,0.0,0.99996,60.0,0.99996,1.0,1.0,1.0,1.0,100.0,0.0,0.0,0.0,0.0,inf,inf,inf,inf,1.0,1.0,1.0,1.0,/tmpdir/crf_16.mpd,/videos/BigBuckBunny-2160.avi
14845,1.0,0.0,0.99996,60.0,0.99996,1.0,1.0,1.0,1.0,100.0,0.0,0.0,0.0,0.0,inf,inf,inf,inf,1.0,1.0,1.0,1.0,/tmpdir/crf_16.mpd,/videos/BigBuckBunny-2160.avi
14846,1.0,0.0,0.99996,60.0,0.99996,1.0,1.0,1.0,1.0,100.0,0.0,0.0,0.0,0.0,inf,inf,inf,inf,1.0,1.0,1.0,1.0,/tmpdir/crf_16.mpd,/videos/BigBuckBunny-2160.avi
14847,1.0,0.0,0.99996,60.0,0.99996,1.0,1.0,1.0,1.0,100.0,0.0,0.0,0.0,0.0,inf,inf,inf,inf,1.0,1.0,1.0,1.0,/tmpdir/crf_16.mpd,/videos/BigBuckBunny-2160.avi
14848,1.0,0.0,0.99996,60.0,0.99996,1.0,1.0,1.0,1.0,100.0,0.0,0.0,0.0,0.0,inf,inf,inf,inf,1.0,1.0,1.0,1.0,/tmpdir/crf_16.mpd,/videos/BigBuckBunny-2160.avi
14849,1.0,0.0,0.99996,60.0,0.99996,1.0,1.0,1.0,1.0,100.0,0.0,0.0,0.0,0.0,inf,inf,inf,inf,1.0,1.0,1.0,1.0,/tmpdir/crf_16.mpd,/videos/BigBuckBunny-2160.avi
14850,1.0,0.0,0.99996,60.0,0.99996,1.0,1.0,1.0,1.0,100.0,0.0,0.0,0.0,0.0,inf,inf,inf,inf,1.0,1.0,1.0,1.0,/tmpdir/crf_16.mpd,/videos/BigBuckBunny-2160.avi
14851,0.99791,0.097,0.99678,59.7948,0.99718,0.97333,0.99924,0.99969,0.99982,100.0,0.06,0.05,0.05,0.07,60.18,61.42,60.76,59.79,0.999,0.999,0.999,0.999,/tmpdir/crf_16.mpd,/videos/BigBuckBunny-2160.avi
14852,0.99291,0.097,0.99667,56.52263,0.99715,0.95257,0.99684,0.99851,0.99906,99.36703,0.12,0.07,0.08,0.14,57.3,59.67,59.27,56.52,0.999,0.999,0.999,0.999,/tmpdir/crf_16.mpd,/videos/BigBuckBunny-2160.avi
14853,0.99265,0.14371,0.99664,55.91861,0.99715,0.94514,0.99668,0.99845,0.99903,99.30878,0.14,0.08,0.09,0.17,56.68,59.08,58.48,55.92,0.999,0.999,0.999,0.999,/tmpdir/crf_16.mpd,/videos/BigBuckBunny-2160.avi
14854,0.99288,0.14371,0.99663,55.81119,0.99714,0.94567,0.99623,0.99824,0.99893,99.33804,0.15,0.09,0.1,0.17,56.49,58.52,58.05,55.81,0.999,0.999,0.999,0.999,/tmpdir/crf_16.mpd,/videos/BigBuckBunny-2160.avi
14855,0.99635,0.23054,0.9967,57.4417,0.99716,0.95807,0.99831,0.99929,0.99959,100.0,0.1,0.06,0.08,0.12,58.07,60.03,59.35,57.44,0.999,0.999,0.999,0.999,/tmpdir/crf_16.mpd,/videos/BigBuckBunny-2160.avi
14856,0.99295,0.23054,0.99665,56.2086,0.99715,0.9489,0.99636,0.99825,0.9989,99.40046,0.14,0.09,0.11,0.16,56.77,58.46,57.91,56.21,0.999,0.999,0.999,0.999,/tmpdir/crf_16.mpd,/videos/BigBuckBunny-2160.avi
14857,0.99355,0.24628,0.99665,56.1631,0.99715,0.94761,0.99679,0.99853,0.99912,99.53145,0.14,0.09,0.1,0.16,56.81,58.76,58.21,56.16,0.999,0.999,0.999,0.999,/tmpdir/crf_16.mpd,/videos/BigBuckBunny-2160.avi
14858,0.99192,0.24628,0.99663,55.86889,0.99715,0.94594,0.9962,0.99818,0.99884,99.20785,0.15,0.09,0.11,0.17,56.5,58.36,57.88,55.87,0.999,0.999,0.999,0.999,/tmpdir/crf_16.mpd,/videos/BigBuckBunny-2160.avi
14859,0.99631,0.24316,0.9967,57.3878,0.99717,0.95705,0.99834,0.99931,0.99961,100.0,0.1,0.07,0.08,0.12,57.99,59.85,59.18,57.39,0.999,0.999,0.999,0.999,/tmpdir/crf_16.mpd,/videos/BigBuckBunny-2160.avi
14860,0.99163,0.24316,0.99664,55.97758,0.99715,0.94635,0.99632,0.99828,0.99895,99.1664,0.14,0.09,0.1,0.16,56.6,58.46,57.97,55.98,0.999,0.999,0.999,0.999,/tmpdir/crf_16.mpd,/videos/BigBuckBunny-2160.avi
14861,0.99262,0.24395,0.99664,56.02405,0.99715,0.94608,0.99654,0.99836,0.999,99.3465,0.14,0.09,0.1,0.16,56.63,58.37,57.95,56.02,0.999,0.999,0.999,0.999,/tmpdir/crf_16.mpd,/videos/BigBuckBunny-2160.avi
14862,0.99207,0.24395,0.99663,55.80921,0.99715,0.94457,0.99623,0.99826,0.99896,99.23859,0.15,0.1,0.11,0.17,56.41,58.18,57.75,55.81,0.999,0.999,0.999,0.999,/tmpdir/crf_16.mpd,/videos/BigBuckBunny-2160.avi
14863,0.99568,0.23706,0.99669,57.19606,0.99717,0.95517,0.99823,0.99927,0.9996,99.99003,0.11,0.07,0.08,0.12,57.77,59.44,58.99,57.2,0.999,0.999,0.999,0.999,/tmpdir/crf_16.mpd,/videos/BigBuckBunny-2160.avi
14864,0.99111,0.23706,0.99663,55.88167,0.99715,0.94509,0.99603,0.99806,0.99878,99.04827,0.15,0.1,0.11,0.17,56.46,58.09,57.76,55.88,0.999,0.999,0.999,0.999,/tmpdir/crf_16.mpd,/videos/BigBuckBunny-2160.avi
14865,0.99295,0.24372,0.99664,55.95855,0.99716,0.9452,0.99661,0.99842,0.99902,99.40536,0.14,0.1,0.11,0.16,56.55,58.27,57.87,55.96,0.999,0.999,0.999,0.999,/tmpdir/crf_16.mpd,/videos/BigBuckBunny-2160.avi
14866,0.99179,0.24372,0.99662,55.69953,0.99714,0.94341,0.9961,0.99817,0.99881,99.1718,0.15,0.1,0.11,0.18,56.29,57.97,57.6,55.7,0.999,0.999,0.999,0.999,/tmpdir/crf_16.mpd,/videos/BigBuckBunny-2160.avi
14867,0.99557,0.31808,0.9967,57.18529,0.99717,0.95451,0.9983,0.99934,0.99966,100.0,0.11,0.08,0.09,0.12,57.7,59.19,58.74,57.19,0.999,0.999,0.999,0.999,/tmpdir/crf_16.mpd,/videos/BigBuckBunny-2160.avi
14868,0.99157,0.31808,0.99663,55.55893,0.99715,0.94104,0.99599,0.99817,0.99891,99.16354,0.16,0.11,0.12,0.18,56.15,57.85,57.46,55.56,0.999,0.999,0.999,0.999,/tmpdir/crf_16.mpd,/videos/BigBuckBunny-2160.avi
14869,0.99181,0.58741,0.99664,55.46336,0.99717,0.93914,0.99641,0.99842,0.99904,99.33943,0.16,0.11,0.12,0.18,56.07,57.78,57.45,55.46,0.999,0.999,0.999,0.999,/tmpdir/crf_16.mpd,/videos/BigBuckBunny-2160.avi
14870,0.991,0.58741,0.99662,55.14929,0.99717,0.9366,0.99555,0.99801,0.99886,99.16181,0.17,0.12,0.13,0.2,55.75,57.46,57.13,55.15,0.999,0.999,0.999,0.999,/tmpdir/crf_16.mpd,/videos/BigBuckBunny-2160.avi
14871,0.99516,0.6041,0.99671,56.52286,0.99719,0.9479,0.99768,0.99904,0.99948,100.0,0.13,0.09,0.1,0.14,57.06,58.6,58.2,56.52,0.999,0.999,0.999,0.999,/tmpdir/crf_16.mpd,/videos/BigBuckBunny-2160.avi
14872,0.99236,0.6041,0.99664,55.15293,0.99718,0.93668,0.99532,0.99784,0.99868,99.39417,0.17,0.12,0.12,0.2,55.75,57.36,57.18,55.15,0.999,0.999,0.999,0.998,/tmpdir/crf_16.mpd,/videos/BigBuckBunny-2160.avi
14873,0.99227,0.7678,0.99663,54.98288,0.9972,0.93332,0.99553,0.99799,0.99883,99.45703,0.18,0.12,0.13,0.21,55.6,57.29,57.09,54.98,0.998,0.999,0.999,0.998,/tmpdir/crf_16.mpd,/videos/BigBuckBunny-2160.avi
14874,0.99174,0.7678,0.99662,54.84133,0.99719,0.93243,0.99455,0.9975,0.99855,99.32549,0.19,0.13,0.13,0.21,55.45,57.08,56.92,54.84,0.998,0.999,0.999,0.998,/tmpdir/crf_16.mpd,/videos/BigBuckBunny-2160.avi
14875,0.99536,1.1897,0.99672,55.83958,0.99723,0.94037,0.99685,0.99869,0.99932,100.0,0.15,0.1,0.11,0.17,56.41,58.01,57.71,55.84,0.999,0.999,0.999,0.999,/tmpdir/crf_16.mpd,/videos/BigBuckBunny-2160.avi
14876,0.9911,1.1897,0.99662,54.51051,0.99721,0.92676,0.99409,0.99728,0.99837,99.3749,0.2,0.13,0.14,0.23,55.15,56.96,56.69,54.51,0.998,0.999,0.998,0.998,/tmpdir/crf_16.mpd,/videos/BigBuckBunny-2160.avi
14877,0.99338,1.58386,0.99665,54.71523,0.99723,0.92834,0.99479,0.99767,0.99864,100.0,0.19,0.13,0.14,0.22,55.35,57.13,56.82,54.72,0.998,0.999,0.998,0.998,/tmpdir/crf_16.mpd,/videos/BigBuckBunny-2160.avi
14878,0.99162,1.58386,0.99663,54.4701,0.99723,0.92732,0.99411,0.99729,0.99837,99.66038,0.2,0.14,0.14,0.23,55.09,56.82,56.54,54.47,0.998,0.999,0.998,0.998,/tmpdir/crf_16.mpd,/videos/BigBuckBunny-2160.avi
14879,0.99539,1.35958,0.99673,55.57367,0.99726,0.93838,0.99634,0.9984,0.99911,100.0,0.16,0.11,0.12,0.18,56.15,57.73,57.47,55.57,0.999,0.999,0.999,0.998,/tmpdir/crf_16.mpd,/videos/BigBuckBunny-2160.avi
14880,0.99101,1.35958,0.99664,54.25622,0.99723,0.92479,0.99338,0.99687,0.99816,99.40818,0.21,0.14,0.15,0.24,54.86,56.59,56.25,54.26,0.998,0.999,0.998,0.998,/tmpdir/crf_16.mpd,/videos/BigBuckBunny-2160.avi
14881,0.9924,1.61301,0.99664,54.32785,0.99723,0.92393,0.9944,0.9976,0.99866,99.82942,0.21,0.14,0.15,0.24,54.94,56.71,56.3,54.33,0.998,0.999,0.998,0.998,/tmpdir/crf_16.mpd,/videos/BigBuckBunny-2160.avi
14882,0.9906,1.61301,0.9966,53.99961,0.99722,0.91947,0.99306,0.99694,0.99827,99.45072,0.22,0.15,0.17,0.26,54.61,56.44,55.95,54.0,0.998,0.998,0.998,0.998,/tmpdir/crf_16.mpd,/videos/BigBuckBunny-2160.avi
14883,0.99432,2.10854,0.99668,54.61048,0.99726,0.92612,0.99495,0.9978,0.9988,100.0,0.19,0.13,0.14,0.22,55.26,57.15,56.75,54.61,0.998,0.999,0.998,0.998,/tmpdir/crf_16.mpd,/videos/BigBuckBunny-2160.avi
14884,0.99176,2.10854,0.99657,53.55372,0.99724,0.91329,0.99201,0.9964,0.99799,99.84875,0.25,0.16,0.17,0.29,54.21,56.12,55.72,53.55,0.998,0.998,0.998,0.998,/tmpdir/crf_16.mpd,/videos/BigBuckBunny-2160.avi
14885,0.99211,2.72471,0.9966,53.76786,0.99725,0.91501,0.99327,0.99714,0.9985,100.0,0.24,0.15,0.17,0.27,54.4,56.26,55.8,53.77,0.998,0.998,0.998,0.998,/tmpdir/crf_16.mpd,/videos/BigBuckBunny-2160.avi
14886,0.99053,2.72471,0.99655,53.63316,0.99723,0.91467,0.99268,0.99674,0.99808,99.96511,0.24,0.16,0.17,0.28,54.28,56.14,55.76,53.63,0.998,0.998,0.998,0.998,/tmpdir/crf_16.mpd,/videos/BigBuckBunny-2160.avi
14887,0.99431,1.81639,0.99668,54.90647,0.99726,0.92943,0.99553,0.99813,0.99899,100.0,0.18,0.13,0.14,0.21,55.49,57.12,56.82,54.91,0.998,0.999,0.998,0.998,/tmpdir/crf_16.mpd,/videos/BigBuckBunny-2160.avi
14888,0.99032,1.81639,0.99656,53.57247,0.99725,0.91422,0.99232,0.99663,0.99813,99.46713,0.24,0.16,0.17,0.29,54.25,56.21,55.88,53.57,0.998,0.998,0.998,0.998,/tmpdir/crf_16.mpd,/videos/BigBuckBunny-2160.avi
14889,0.9915,2.03551,0.99661,53.67711,0.99727,0.91529,0.99366,0.99734,0.99858,99.83715,0.24,0.15,0.17,0.28,54.35,56.36,55.88,53.68,0.998,0.998,0.998,0.998,/tmpdir/crf_16.mpd,/videos/BigBuckBunny-2160.avi
14890,0.99014,2.03551,0.99657,53.46826,0.99726,0.9121,0.99216,0.99662,0.99821,99.5431,0.25,0.16,0.17,0.29,54.15,56.16,55.72,53.47,0.998,0.998,0.998,0.998,/tmpdir/crf_16.mpd,/videos/BigBuckBunny-2160.avi
14891,0.99379,2.06108,0.9967,54.50884,0.99732,0.92429,0.99503,0.99791,0.99892,100.0,0.2,0.13,0.15,0.23,55.11,56.88,56.38,54.51,0.998,0.998,0.998,0.998,/tmpdir/crf_16.mpd,/videos/BigBuckBunny-2160.avi
14892,0.99099,2.06108,0.99661,53.54117,0.99732,0.91306,0.99228,0.99659,0.99813,99.70341,0.25,0.16,0.18,0.29,54.18,56.06,55.61,53.54,0.998,0.998,0.998,0.998,/tmpdir/crf_16.mpd,/videos/BigBuckBunny-2160.avi
14893,0.9921,2.15892,0.99666,53.77542,0.99734,0.91501,0.99349,0.9972,0.99848,99.99568,0.24,0.16,0.17,0.27,54.39,56.22,55.72,53.78,0.998,0.998,0.998,0.998,/tmpdir/crf_16.mpd,/videos/BigBuckBunny-2160.avi
14894,0.99124,2.15892,0.99664,53.73103,0.99734,0.91657,0.99304,0.99694,0.99831,99.82852,0.24,0.16,0.18,0.28,54.31,56.05,55.54,53.73,0.998,0.998,0.998,0.998,/tmpdir/crf_16.mpd,/videos/BigBuckBunny-2160.avi
14895,0.99417,1.65046,0.99676,54.77173,0.99738,0.92876,0.99567,0.99823,0.99905,100.0,0.19,0.13,0.14,0.22,55.33,56.9,56.53,54.77,0.998,0.998,0.998,0.998,/tmpdir/crf_16.mpd,/videos/BigBuckBunny-2160.avi
14896,0.99076,1.65046,0.99667,53.62575,0.99737,0.91607,0.9927,0.99666,0.99809,99.46646,0.24,0.16,0.18,0.28,54.25,56.08,55.67,53.63,0.998,0.998,0.998,0.998,/tmpdir/crf_16.mpd,/videos/BigBuckBunny-2160.avi
14897,0.9916,2.03976,0.9967,53.79365,0.99739,0.91627,0.99399,0.99747,0.99868,99.87075,0.24,0.16,0.17,0.27,54.41,56.19,55.77,53.79,0.998,0.998,0.998,0.998,/tmpdir/crf_16.mpd,/videos/BigBuckBunny-2160.avi
14898,0.99061,2.03976,0.99666,53.54914,0.99739,0.91386,0.99265,0.99685,0.99832,99.6464,0.25,0.16,0.18,0.29,54.17,56.02,55.55,53.55,0.998,0.998,0.998,0.998,/tmpdir/crf_16.mpd,/videos/BigBuckBunny-2160.avi
14899,0.99346,1.90105,0.99679,54.29753,0.99748,0.92201,0.99516,0.99807,0.99901,100.0,0.21,0.14,0.16,0.24,54.88,56.58,56.14,54.3,0.998,0.998,0.998,0.998,/tmpdir/crf_16.mpd,/videos/BigBuckBunny-2160.avi
14900,0.98949,1.90105,0.99671,53.42009,0.99748,0.91076,0.99203,0.99641,0.99799,99.33571,0.26,0.17,0.19,0.3,54.03,55.83,55.38,53.42,0.998,0.998,0.998,0.998,/tmpdir/crf_16.mpd,/videos/BigBuckBunny-2160.avi
14901,0.99257,1.96843,0.99675,53.76805,0.99748,0.91516,0.99379,0.99727,0.99847,99.98458,0.24,0.16,0.18,0.27,54.34,55.99,55.57,53.77,0.998,0.998,0.998,0.998,/tmpdir/crf_16.mpd,/videos/BigBuckBunny-2160.avi
14902,0.99066,1.96843,0.99671,53.58914,0.99745,0.91442,0.99308,0.99696,0.9983,99.62444,0.25,0.17,0.19,0.28,54.15,55.78,55.35,53.59,0.998,0.998,0.998,0.998,/tmpdir/crf_16.mpd,/videos/BigBuckBunny-2160.avi
14903,0.99396,1.55703,0.99679,54.51021,0.99746,0.92539,0.99544,0.99808,0.99893,100.0,0.2,0.14,0.15,0.23,55.09,56.76,56.38,54.51,0.998,0.998,0.998,0.998,/tmpdir/crf_16.mpd,/videos/BigBuckBunny-2160.avi
14904,0.99343,1.55703,0.99679,54.33884,0.99746,0.92411,0.99469,0.99771,0.99877,99.99547,0.21,0.14,0.16,0.24,54.93,56.67,56.19,54.34,0.998,0.998,0.998,0.998,/tmpdir/crf_16.mpd,/videos/BigBuckBunny-2160.avi
14905,0.99673,1.87302,0.99699,57.19574,0.99749,0.95534,0.99795,0.99917,0.99958,100.0,0.11,0.08,0.09,0.12,57.65,58.98,58.47,57.2,0.999,0.999,0.999,0.999,/tmpdir/crf_16.mpd,/videos/BigBuckBunny-2160.avi
14906,0.99171,1.87302,0.99675,54.05089,0.99745,0.92226,0.99306,0.99688,0.99817,99.77621,0.22,0.13,0.15,0.26,54.75,56.96,56.32,54.05,0.998,0.999,0.998,0.998,/tmpdir/crf_16.mpd,/videos/BigBuckBunny-2160.avi
14907,0.99231,1.90811,0.99681,53.9369,0.99754,0.91798,0.9935,0.99713,0.9984,99.90929,0.23,0.14,0.16,0.26,54.6,56.64,56.09,53.94,0.998,0.998,0.998,0.998,/tmpdir/crf_16.mpd,/videos/BigBuckBunny-2160.avi
14908,0.98978,1.90811,0.99673,53.43978,0.99753,0.91185,0.99195,0.99638,0.99796,99.39066,0.25,0.15,0.17,0.29,54.15,56.36,55.75,53.44,0.998,0.998,0.998,0.998,/tmpdir/crf_16.mpd,/videos/BigBuckBunny-2160.avi
14909,0.99431,1.95727,0.99686,54.89348,0.99753,0.92921,0.99511,0.99792,0.99893,100.0,0.18,0.12,0.14,0.21,55.49,57.36,56.71,54.89,0.998,0.999,0.998,0.998,/tmpdir/crf_16.mpd,/videos/BigBuckBunny-2160.avi
14910,0.99107,1.95727,0.99678,54.12123,0.99748,0.92244,0.99337,0.997,0.9983,99.71763,0.22,0.14,0.16,0.25,54.73,56.57,56.05,54.12,0.998,0.999,0.998,0.998,/tmpdir/crf_16.mpd,/videos/BigBuckBunny-2160.avi
14911,0.99274,1.54403,0.99678,54.03789,0.99748,0.92077,0.99406,0.99734,0.99847,99.82512,0.22,0.14,0.16,0.26,54.69,56.69,56.13,54.04,0.998,0.999,0.998,0.998,/tmpdir/crf_16.mpd,/videos/BigBuckBunny-2160.avi
14912,0.99062,1.54403,0.99673,53.68021,0.99746,0.91784,0.99248,0.99646,0.99781,99.37229,0.24,0.15,0.17,0.28,54.36,56.44,55.87,53.68,0.998,0.998,0.998,0.998,/tmpdir/crf_16.mpd,/videos/BigBuckBunny-2160.avi
14913,0.99385,1.94273,0.99684,54.88217,0.99748,0.93127,0.99573,0.99828,0.99911,100.0,0.18,0.12,0.13,0.21,55.52,57.49,56.91,54.88,0.998,0.999,0.999,0.998,/tmpdir/crf_16.mpd,/videos/BigBuckBunny-2160.avi
14914,0.98981,1.94273,0.99674,53.88988,0.99746,0.91927,0.9928,0.99679,0.99818,99.46252,0.23,0.14,0.16,0.27,54.55,56.59,56.02,53.89,0.998,0.999,0.998,0.998,/tmpdir/crf_16.mpd,/videos/BigBuckBunny-2160.avi
14915,0.99165,1.89713,0.99681,53.93352,0.99754,0.91778,0.99354,0.99715,0.9984,99.78605,0.23,0.15,0.17,0.26,54.54,56.42,55.81,53.93,0.998,0.998,0.998,0.998,/tmpdir/crf_16.mpd,/videos/BigBuckBunny-2160.avi
14916,0.98902,1.89713,0.99674,53.41227,0.99753,0.91178,0.99195,0.99631,0.99782,99.24036,0.25,0.15,0.18,0.3,54.1,56.28,55.61,53.41,0.998,0.998,0.998,0.998,/tmpdir/crf_16.mpd,/videos/BigBuckBunny-2160.avi
14917,0.99443,1.9843,0.99684,54.74471,0.99752,0.92786,0.99523,0.99802,0.99891,100.0,0.19,0.13,0.15,0.22,55.33,57.14,56.47,54.74,0.998,0.999,0.998,0.998,/tmpdir/crf_16.mpd,/videos/BigBuckBunny-2160.avi
14918,0.99064,1.9843,0.99675,53.8884,0.99748,0.91934,0.993,0.99683,0.99817,99.63119,0.23,0.15,0.17,0.27,54.53,56.47,55.92,53.89,0.998,0.998,0.998,0.998,/tmpdir/crf_16.mpd,/videos/BigBuckBunny-2160.avi
14919,0.99177,1.61056,0.99678,54.13543,0.99748,0.92174,0.99412,0.99734,0.99848,99.68985,0.22,0.15,0.16,0.25,54.73,56.49,55.96,54.14,0.998,0.998,0.998,0.998,/tmpdir/crf_16.mpd,/videos/BigBuckBunny-2160.avi
14920,0.99043,1.61056,0.99673,53.62944,0.99746,0.91652,0.99255,0.99658,0.99803,99.38471,0.24,0.16,0.18,0.28,54.25,56.19,55.56,53.63,0.998,0.998,0.998,0.998,/tmpdir/crf_16.mpd,/videos/BigBuckBunny-2160.avi
14921,0.99446,1.84128,0.99684,54.8163,0.99748,0.9308,0.9957,0.99828,0.99912,100.0,0.19,0.12,0.14,0.21,55.41,57.22,56.65,54.82,0.998,0.999,0.998,0.998,/tmpdir/crf_16.mpd,/videos/BigBuckBunny-2160.avi
14922,0.99033,1.84128,0.99674,53.84512,0.99746,0.91803,0.9927,0.99669,0.9981,99.49279,0.23,0.15,0.17,0.27,54.46,56.36,55.74,53.85,0.998,0.998,0.998,0.998,/tmpdir/crf_16.mpd,/videos/BigBuckBunny-2160.avi
14923,0.99138,1.89006,0.9968,53.80822,0.99754,0.91608,0.99342,0.99705,0.99835,99.72313,0.24,0.16,0.18,0.27,54.39,56.15,55.59,53.81,0.998,0.998,0.998,0.998,/tmpdir/crf_16.mpd,/videos/BigBuckBunny-2160.avi
14924,0.98904,1.89006,0.99674,53.44036,0.99752,0.91163,0.99204,0.99641,0.99798,99.25247,0.26,0.17,0.19,0.29,54.04,55.88,55.29,53.44,0.998,0.998,0.998,0.998,/tmpdir/crf_16.mpd,/videos/BigBuckBunny-2160.avi
14925,0.99479,2.02268,0.99683,54.72503,0.99752,0.92795,0.9953,0.99807,0.99897,100.0,0.19,0.13,0.15,0.22,55.28,56.99,56.37,54.73,0.998,0.999,0.998,0.998,/tmpdir/crf_16.mpd,/videos/BigBuckBunny-2160.avi
14926,0.99207,2.02268,0.99675,53.94666,0.99748,0.91993,0.99325,0.99694,0.99818,99.90982,0.23,0.16,0.18,0.26,54.51,56.18,55.7,53.95,0.998,0.998,0.998,0.998,/tmpdir/crf_16.mpd,/videos/BigBuckBunny-2160.avi
14927,0.99237,1.58881,0.99679,54.1364,0.99748,0.92179,0.99404,0.99731,0.99849,99.78435,0.22,0.15,0.17,0.25,54.69,56.29,55.9,54.14,0.998,0.998,0.998,0.998,/tmpdir/crf_16.mpd,/videos/BigBuckBunny-2160.avi
14928,0.99064,1.58881,0.99673,53.58514,0.99747,0.9153,0.99246,0.99657,0.99806,99.40798,0.25,0.16,0.18,0.28,54.22,56.11,55.61,53.59,0.998,0.998,0.998,0.998,/tmpdir/crf_16.mpd,/videos/BigBuckBunny-2160.avi
14929,0.9947,1.81393,0.99684,54.8067,0.99749,0.92992,0.99553,0.99817,0.99905,100.0,0.19,0.13,0.15,0.21,55.37,57.09,56.51,54.81,0.998,0.999,0.998,0.998,/tmpdir/crf_16.mpd,/videos/BigBuckBunny-2160.avi
14930,0.99019,1.81393,0.99674,53.84576,0.99747,0.91795,0.993,0.99693,0.99835,99.47702,0.23,0.15,0.17,0.27,54.46,56.33,55.76,53.85,0.998,0.998,0.998,0.998,/tmpdir/crf_16.mpd,/videos/BigBuckBunny-2160.avi
14931,0.9924,1.83933,0.9968,53.86979,0.99754,0.91667,0.99354,0.99715,0.99849,99.89324,0.23,0.16,0.18,0.27,54.43,56.12,55.6,53.87,0.998,0.998,0.998,0.998,/tmpdir/crf_16.mpd,/videos/BigBuckBunny-2160.avi
14932,0.99007,1.83933,0.99674,53.44265,0.99752,0.91215,0.99207,0.9964,0.99799,99.41212,0.25,0.17,0.19,0.29,54.07,55.93,55.45,53.44,0.998,0.998,0.998,0.998,/tmpdir/crf_16.mpd,/videos/BigBuckBunny-2160.avi
14933,0.99483,1.95918,0.99683,54.69498,0.99752,0.92693,0.99546,0.99814,0.99899,100.0,0.19,0.13,0.15,0.22,55.25,56.84,56.43,54.69,0.998,0.998,0.998,0.998,/tmpdir/crf_16.mpd,/videos/BigBuckBunny-2160.avi
14934,0.99127,1.95918,0.99676,53.99754,0.99748,0.92034,0.99328,0.99698,0.99829,99.745,0.23,0.15,0.17,0.26,54.58,56.29,55.84,54.0,0.998,0.998,0.998,0.998,/tmpdir/crf_16.mpd,/videos/BigBuckBunny-2160.avi
14935,0.99295,1.55747,0.9968,54.17187,0.99749,0.92227,0.99415,0.99738,0.99849,99.87701,0.22,0.15,0.17,0.25,54.73,56.26,55.95,54.17,0.998,0.998,0.998,0.998,/tmpdir/crf_16.mpd,/videos/BigBuckBunny-2160.avi
14936,0.99045,1.55747,0.99674,53.6618,0.99747,0.91649,0.99275,0.99668,0.99811,99.37062,0.24,0.16,0.17,0.28,54.29,56.1,55.7,53.66,0.998,0.998,0.998,0.998,/tmpdir/crf_16.mpd,/videos/BigBuckBunny-2160.avi
14937,0.99429,1.82374,0.99684,54.78043,0.99749,0.92984,0.9957,0.99828,0.99909,100.0,0.19,0.13,0.15,0.22,55.33,56.95,56.44,54.78,0.998,0.998,0.998,0.998,/tmpdir/crf_16.mpd,/videos/BigBuckBunny-2160.avi
14938,0.99037,1.82374,0.99674,53.85278,0.99747,0.9184,0.99282,0.99675,0.99816,99.49788,0.23,0.15,0.17,0.27,54.46,56.25,55.79,53.85,0.998,0.998,0.998,0.998,/tmpdir/crf_16.mpd,/videos/BigBuckBunny-2160.avi
14939,0.99252,1.85569,0.99681,53.85588,0.99754,0.91631,0.9935,0.9971,0.99841,99.91426,0.23,0.16,0.17,0.27,54.44,56.09,55.74,53.86,0.998,0.998,0.998,0.998,/tmpdir/crf_16.mpd,/videos/BigBuckBunny-2160.avi
14940,0.99084,1.85569,0.99674,53.471,0.99753,0.91175,0.99212,0.99645,0.99805,99.56068,0.25,0.17,0.19,0.29,54.09,55.91,55.45,53.47,0.998,0.998,0.998,0.998,/tmpdir/crf_16.mpd,/videos/BigBuckBunny-2160.avi
14941,0.99494,1.93669,0.99683,54.64492,0.99752,0.92639,0.99545,0.99818,0.99905,100.0,0.2,0.14,0.15,0.22,55.17,56.66,56.26,54.64,0.998,0.998,0.998,0.998,/tmpdir/crf_16.mpd,/videos/BigBuckBunny-2160.avi
14942,0.99258,1.93669,0.99677,54.03446,0.99748,0.92047,0.99354,0.99717,0.99843,99.98188,0.22,0.15,0.17,0.26,54.61,56.24,55.88,54.03,0.998,0.998,0.998,0.998,/tmpdir/crf_16.mpd,/videos/BigBuckBunny-2160.avi
14943,0.99244,1.51633,0.99679,54.1588,0.99748,0.92176,0.99419,0.99734,0.99846,99.76179,0.22,0.16,0.17,0.25,54.7,56.21,55.91,54.16,0.998,0.998,0.998,0.998,/tmpdir/crf_16.mpd,/videos/BigBuckBunny-2160.avi
14944,0.99177,1.51633,0.99673,53.76152,0.99745,0.91797,0.99262,0.99657,0.99801,99.57791,0.24,0.16,0.18,0.27,54.34,55.98,55.63,53.76,0.998,0.998,0.998,0.998,/tmpdir/crf_16.mpd,/videos/BigBuckBunny-2160.avi
14945,0.99544,1.67406,0.99682,54.89766,0.99745,0.93087,0.99572,0.99828,0.99909,100.0,0.19,0.13,0.14,0.21,55.44,56.99,56.58,54.9,0.998,0.998,0.998,0.998,/tmpdir/crf_16.mpd,/videos/BigBuckBunny-2160.avi
14946,0.99186,1.67406,0.99673,53.99196,0.99742,0.91964,0.99331,0.99701,0.99832,99.7095,0.23,0.16,0.17,0.26,54.56,56.22,55.77,53.99,0.998,0.998,0.998,0.998,/tmpdir/crf_16.mpd,/videos/BigBuckBunny-2160.avi
14947,0.99294,1.57049,0.99678,54.2608,0.99747,0.9215,0.9939,0.99726,0.99849,99.87494,0.22,0.16,0.17,0.24,54.77,56.21,55.83,54.26,0.998,0.998,0.998,0.998,/tmpdir/crf_16.mpd,/videos/BigBuckBunny-2160.avi
14948,0.99079,1.57049,0.99672,53.86368,0.99745,0.9173,0.9927,0.9967,0.99813,99.44053,0.24,0.17,0.18,0.27,54.39,55.89,55.47,53.86,0.998,0.998,0.998,0.998,/tmpdir/crf_16.mpd,/videos/BigBuckBunny-2160.avi
14949,0.99566,1.50207,0.9968,55.26558,0.99742,0.93416,0.99607,0.9984,0.99915,100.0,0.17,0.13,0.14,0.19,55.74,57.08,56.71,55.27,0.998,0.999,0.998,0.998,/tmpdir/crf_16.mpd,/videos/BigBuckBunny-2160.avi
14950,0.99175,1.50207,0.99672,54.52696,0.99736,0.92723,0.99442,0.99752,0.9986,99.6634,0.2,0.15,0.16,0.23,55.03,56.48,56.02,54.53,0.998,0.998,0.998,0.998,/tmpdir/crf_16.mpd,/videos/BigBuckBunny-2160.avi
14951,0.9927,0.89712,0.99673,54.81483,0.99734,0.9305,0.99515,0.99782,0.99878,99.57495,0.19,0.14,0.15,0.21,55.33,56.79,56.41,54.81,0.998,0.999,0.998,0.998,/tmpdir/crf_16.mpd,/videos/BigBuckBunny-2160.avi
14952,0.99171,0.89712,0.9967,54.561,0.99731,0.92937,0.99418,0.99724,0.99831,99.34858,0.2,0.15,0.16,0.23,55.04,56.41,55.98,54.56,0.998,0.999,0.998,0.998,/tmpdir/crf_16.mpd,/videos/BigBuckBunny-2160.avi
14953,0.99561,0.8698,0.99677,55.82701,0.99732,0.94178,0.99673,0.99863,0.99921,100.0,0.15,0.11,0.12,0.17,56.29,57.58,57.21,55.83,0.999,0.999,0.999,0.999,/tmpdir/crf_16.mpd,/videos/BigBuckBunny-2160.avi
14954,0.99245,0.8698,0.99669,54.90117,0.99728,0.93304,0.99469,0.99758,0.99856,99.50617,0.19,0.14,0.15,0.21,55.38,56.73,56.33,54.9,0.998,0.999,0.998,0.998,/tmpdir/crf_16.mpd,/videos/BigBuckBunny-2160.avi
14955,0.99325,0.73668,0.9967,55.00073,0.99728,0.93298,0.99556,0.998,0.99887,99.61714,0.18,0.13,0.14,0.21,55.5,56.9,56.57,55.0,0.998,0.999,0.999,0.998,/tmpdir/crf_16.mpd,/videos/BigBuckBunny-2160.avi
14956,0.99205,0.73668,0.99667,54.80705,0.99726,0.932,0.99496,0.99768,0.9986,99.37443,0.19,0.14,0.15,0.21,55.33,56.77,56.43,54.81,0.998,0.999,0.999,0.998,/tmpdir/crf_16.mpd,/videos/BigBuckBunny-2160.avi
14957,0.99569,0.57124,0.99675,56.38257,0.99726,0.94749,0.99767,0.99909,0.99953,100.0,0.14,0.1,0.11,0.15,56.8,57.95,57.6,56.38,0.999,0.999,0.999,0.999,/tmpdir/crf_16.mpd,/videos/BigBuckBunny-2160.avi
14958,0.99259,0.57124,0.99668,55.35639,0.99723,0.93928,0.99562,0.99798,0.99878,99.43936,0.17,0.13,0.14,0.19,55.82,57.1,56.78,55.36,0.999,0.999,0.999,0.999,/tmpdir/crf_16.mpd,/videos/BigBuckBunny-2160.avi
14959,0.99319,0.35639,0.99668,55.41599,0.99722,0.93903,0.99624,0.9983,0.99902,99.47115,0.17,0.12,0.13,0.19,55.94,57.33,57.09,55.42,0.999,0.999,0.999,0.999,/tmpdir/crf_16.mpd,/videos/BigBuckBunny-2160.avi
14960,0.99213,0.35639,0.99665,55.27008,0.99721,0.93793,0.9956,0.99791,0.99874,99.24967,0.17,0.13,0.14,0.19,55.76,57.11,56.79,55.27,0.999,0.999,0.999,0.999,/tmpdir/crf_16.mpd,/videos/BigBuckBunny-2160.avi
14961,0.99538,0.27468,0.99672,56.73988,0.99721,0.95025,0.99787,0.99908,0.99948,99.92103,0.12,0.09,0.1,0.14,57.19,58.41,58.1,56.74,0.999,0.999,0.999,0.999,/tmpdir/crf_16.mpd,/videos/BigBuckBunny-2160.avi
14962,0.99225,0.27468,0.99666,55.63238,0.99719,0.94185,0.9962,0.99831,0.99903,99.27935,0.16,0.11,0.12,0.18,56.14,57.54,57.19,55.63,0.999,0.999,0.999,0.999,/tmpdir/crf_16.mpd,/videos/BigBuckBunny-2160.avi
14963,0.99281,0.19305,0.99665,55.63244,0.99718,0.94062,0.99652,0.9985,0.99913,99.34913,0.16,0.12,0.12,0.18,56.13,57.51,57.2,55.63,0.999,0.999,0.999,0.999,/tmpdir/crf_16.mpd,/videos/BigBuckBunny-2160.avi
14964,0.99137,0.19305,0.99663,55.4391,0.99717,0.93945,0.99592,0.9981,0.99883,99.05796,0.16,0.12,0.12,0.19,55.98,57.4,57.23,55.44,0.999,0.999,0.999,0.999,/tmpdir/crf_16.mpd,/videos/BigBuckBunny-2160.avi
14965,0.9954,0.19146,0.99671,56.90055,0.99719,0.95094,0.99804,0.99918,0.99955,99.8964,0.12,0.09,0.09,0.13,57.36,58.57,58.36,56.9,0.999,0.999,0.999,0.999,/tmpdir/crf_16.mpd,/videos/BigBuckBunny-2160.avi
14966,0.99225,0.19146,0.99664,55.69778,0.99717,0.94245,0.99626,0.99823,0.99887,99.23174,0.15,0.11,0.12,0.18,56.24,57.66,57.51,55.7,0.999,0.999,0.999,0.999,/tmpdir/crf_16.mpd,/videos/BigBuckBunny-2160.avi
14967,0.99359,0.16236,0.99664,55.69256,0.99717,0.94076,0.99663,0.99853,0.99917,99.47809,0.15,0.11,0.12,0.18,56.23,57.68,57.46,55.69,0.999,0.999,0.999,0.999,/tmpdir/crf_16.mpd,/videos/BigBuckBunny-2160.avi
14968,0.99164,0.16236,0.99662,55.4175,0.99716,0.93823,0.99601,0.99826,0.999,99.10314,0.16,0.12,0.12,0.19,55.98,57.46,57.32,55.42,0.999,0.999,0.999,0.999,/tmpdir/crf_16.mpd,/videos/BigBuckBunny-2160.avi
14969,0.99524,0.16564,0.9967,56.70166,0.99718,0.94953,0.99791,0.99914,0.99952,99.84734,0.12,0.09,0.1,0.14,57.21,58.57,58.35,56.7,0.999,0.999,0.999,0.999,/tmpdir/crf_16.mpd,/videos/BigBuckBunny-2160.avi
14970,0.99177,0.16564,0.99664,55.68279,0.99716,0.94202,0.99628,0.99832,0.99899,99.14433,0.16,0.12,0.12,0.18,56.19,57.49,57.39,55.68,0.999,0.999,0.999,0.999,/tmpdir/crf_16.mpd,/videos/BigBuckBunny-2160.avi
14971,0.99329,0.30546,0.99663,55.67015,0.99717,0.94077,0.99654,0.99845,0.99908,99.48128,0.16,0.11,0.12,0.18,56.21,57.63,57.44,55.67,0.999,0.999,0.999,0.999,/tmpdir/crf_16.mpd,/videos/BigBuckBunny-2160.avi
14972,0.99229,0.32381,0.9966,55.29981,0.99716,0.93801,0.99563,0.99806,0.99889,99.27785,0.17,0.12,0.12,0.19,55.86,57.35,57.17,55.3,0.999,0.999,0.999,0.999,/tmpdir/crf_16.mpd,/videos/BigBuckBunny-2160.avi
14973,0.99575,0.18308,0.99668,56.78505,0.99718,0.9494,0.99788,0.99913,0.99954,99.94634,0.12,0.09,0.09,0.14,57.27,58.51,58.39,56.79,0.999,0.999,0.999,0.999,/tmpdir/crf_16.mpd,/videos/BigBuckBunny-2160.avi
14974,0.99202,0.18308,0.9966,55.48791,0.99716,0.93924,0.99576,0.99807,0.99882,99.16633,0.16,0.12,0.12,0.18,56.06,57.52,57.46,55.49,0.999,0.999,0.999,0.999,/tmpdir/crf_16.mpd,/videos/BigBuckBunny-2160.avi
14975,0.99267,0.43677,0.9966,55.47609,0.99716,0.93818,0.99607,0.99827,0.99899,99.4107,0.16,0.11,0.12,0.18,56.06,57.6,57.45,55.48,0.999,0.999,0.999,0.999,/tmpdir/crf_16.mpd,/videos/BigBuckBunny-2160.avi
14976,0.9913,0.43677,0.99659,55.11876,0.99715,0.93514,0.99539,0.99794,0.9988,99.13396,0.17,0.12,0.12,0.2,55.74,57.4,57.28,55.12,0.999,0.999,0.999,0.998,/tmpdir/crf_16.mpd,/videos/BigBuckBunny-2160.avi
14977,0.9958,0.23744,0.9967,56.95503,0.99718,0.95196,0.99822,0.99931,0.99966,100.0,0.12,0.09,0.09,0.13,57.42,58.6,58.44,56.96,0.999,0.999,0.999,0.999,/tmpdir/crf_16.mpd,/videos/BigBuckBunny-2160.avi
14978,0.99129,0.23744,0.99663,55.54047,0.99716,0.94095,0.99601,0.99818,0.99893,99.07853,0.16,0.11,0.11,0.18,56.14,57.69,57.61,55.54,0.999,0.999,0.999,0.999,/tmpdir/crf_16.mpd,/videos/BigBuckBunny-2160.avi
14979,0.99273,0.17726,0.99663,55.64218,0.99716,0.94055,0.99659,0.9985,0.99916,99.32919,0.16,0.11,0.11,0.18,56.2,57.67,57.55,55.64,0.999,0.999,0.999,0.999,/tmpdir/crf_16.mpd,/videos/BigBuckBunny-2160.avi
14980,0.99116,0.17726,0.99662,55.40858,0.99716,0.93881,0.99596,0.99815,0.99893,99.01964,0.16,0.11,0.12,0.19,56.0,57.55,57.43,55.41,0.999,0.999,0.999,0.999,/tmpdir/crf_16.mpd,/videos/BigBuckBunny-2160.avi
14981,0.9959,0.16187,0.99671,57.07915,0.99718,0.9532,0.99829,0.99929,0.99961,99.98727,0.12,0.09,0.09,0.13,57.52,58.64,58.51,57.08,0.999,0.999,0.999,0.999,/tmpdir/crf_16.mpd,/videos/BigBuckBunny-2160.avi
14982,0.99198,0.16187,0.99664,55.7971,0.99716,0.94313,0.99627,0.99827,0.99894,99.1782,0.15,0.11,0.11,0.17,56.32,57.6,57.57,55.8,0.999,0.999,0.999,0.999,/tmpdir/crf_16.mpd,/videos/BigBuckBunny-2160.avi
14983,0.99279,0.18411,0.99664,55.86785,0.99716,0.94298,0.99662,0.99847,0.99908,99.34776,0.15,0.11,0.11,0.17,56.37,57.64,57.57,55.87,0.999,0.999,0.999,0.999,/tmpdir/crf_16.mpd,/videos/BigBuckBunny-2160.avi
14984,0.99221,0.18411,0.99663,55.64451,0.99715,0.94159,0.99611,0.9982,0.99894,99.22112,0.16,0.11,0.12,0.18,56.17,57.52,57.38,55.64,0.999,0.999,0.999,0.999,/tmpdir/crf_16.mpd,/videos/BigBuckBunny-2160.avi
14985,0.99557,0.28303,0.9967,57.08482,0.99717,0.95401,0.99821,0.99926,0.9996,99.98559,0.11,0.09,0.09,0.13,57.53,58.65,58.53,57.08,0.999,0.999,0.999,0.999,/tmpdir/crf_16.mpd,/videos/BigBuckBunny-2160.avi
14986,0.99253,0.28303,0.99664,55.85426,0.99715,0.94487,0.99623,0.99819,0.99886,99.33026,0.15,0.11,0.11,0.17,56.39,57.78,57.68,55.85,0.999,0.999,0.999,0.999,/tmpdir/crf_16.mpd,/videos/BigBuckBunny-2160.avi
14987,0.99253,0.34705,0.99664,55.92971,0.99716,0.94407,0.99672,0.99853,0.99916,99.38657,0.15,0.11,0.11,0.17,56.44,57.74,57.63,55.93,0.999,0.999,0.999,0.999,/tmpdir/crf_16.mpd,/videos/BigBuckBunny-2160.avi
14988,0.9923,0.34705,0.99662,55.66342,0.99715,0.94198,0.99615,0.99826,0.99895,99.31497,0.16,0.12,0.12,0.18,56.18,57.51,57.39,55.66,0.999,0.999,0.999,0.999,/tmpdir/crf_16.mpd,/videos/BigBuckBunny-2160.avi
14989,0.9958,0.26296,0.9967,57.12245,0.99717,0.95351,0.99824,0.99929,0.9996,100.0,0.11,0.09,0.09,0.13,57.56,58.67,58.54,57.12,0.999,0.999,0.999,0.999,/tmpdir/crf_16.mpd,/videos/BigBuckBunny-2160.avi
14990,0.99203,0.26296,0.99664,55.90044,0.99715,0.94466,0.99634,0.99832,0.99897,99.24256,0.15,0.11,0.11,0.17,56.42,57.76,57.62,55.9,0.999,0.999,0.999,0.999,/tmpdir/crf_16.mpd,/videos/BigBuckBunny-2160.avi
14991,0.99281,0.23916,0.99664,55.92446,0.99715,0.94402,0.99672,0.99849,0.99907,99.37911,0.15,0.11,0.11,0.17,56.44,57.74,57.63,55.92,0.999,0.999,0.999,0.999,/tmpdir/crf_16.mpd,/videos/BigBuckBunny-2160.avi
14992,0.99196,0.23916,0.99662,55.59941,0.99714,0.94161,0.9961,0.99816,0.99889,99.19772,0.16,0.11,0.12,0.18,56.15,57.62,57.46,55.6,0.999,0.999,0.999,0.999,/tmpdir/crf_16.mpd,/videos/BigBuckBunny-2160.avi
14993,0.99554,0.21604,0.9967,57.08777,0.99716,0.953,0.99827,0.99927,0.99961,99.9476,0.11,0.09,0.09,0.13,57.54,58.66,58.56,57.09,0.999,0.999,0.999,0.999,/tmpdir/crf_16.mpd,/videos/BigBuckBunny-2160.avi
14994,0.99206,0.21604,0.99663,55.85842,0.99715,0.94433,0.99626,0.99825,0.99899,99.22387,0.15,0.11,0.11,0.17,56.43,57.88,57.81,55.86,0.999,0.999,0.999,0.999,/tmpdir/crf_16.mpd,/videos/BigBuckBunny-2160.avi
14995,0.99281,0.1914,0.99664,55.94456,0.99715,0.94385,0.99678,0.99858,0.9992,99.36731,0.15,0.11,0.11,0.17,56.48,57.87,57.73,55.94,0.999,0.999,0.999,0.999,/tmpdir/crf_16.mpd,/videos/BigBuckBunny-2160.avi
14996,0.99226,0.1914,0.99662,55.60031,0.99714,0.94092,0.99625,0.99829,0.99895,99.23411,0.16,0.11,0.12,0.18,56.16,57.63,57.52,55.6,0.999,0.999,0.999,0.999,/tmpdir/crf_16.mpd,/videos/BigBuckBunny-2160.avi
14997,0.99561,0.16269,0.99669,57.01913,0.99716,0.9526,0.99826,0.99928,0.99961,99.93398,0.12,0.09,0.09,0.13,57.48,58.64,58.54,57.02,0.999,0.999,0.999,0.999,/tmpdir/crf_16.mpd,/videos/BigBuckBunny-2160.avi
14998,0.99178,0.16269,0.99663,55.71841,0.99715,0.94293,0.99635,0.99831,0.999,99.14872,0.15,0.11,0.11,0.17,56.31,57.8,57.8,55.72,0.999,0.999,0.999,0.999,/tmpdir/crf_16.mpd,/videos/BigBuckBunny-2160.avi
14999,0.99238,0.1615,0.99663,55.84129,0.99715,0.9426,0.99651,0.99836,0.99902,99.25525,0.15,0.11,0.11,0.17,56.39,57.78,57.73,55.84,0.999,0.999,0.999,0.999,/tmpdir/crf_16.mpd,/videos/BigBuckBunny-2160.avi
15000,0.99185,0.1615,0.99662,55.60199,0.99715,0.94152,0.99617,0.99825,0.99898,99.15141,0.16,0.12,0.12,0.18,56.13,57.45,57.41,55.6,0.999,0.999,0.999,0.999,/tmpdir/crf_16.mpd,/videos/BigBuckBunny-2160.avi
15001,0.99564,0.20132,0.99669,56.9059,0.99716,0.9521,0.99813,0.99924,0.99958,99.95203,0.12,0.09,0.09,0.13,57.38,58.58,58.47,56.91,0.999,0.999,0.999,0.999,/tmpdir/crf_16.mpd,/videos/BigBuckBunny-2160.avi
15002,0.99248,0.20132,0.99663,55.83807,0.99715,0.94383,0.99626,0.99828,0.999,99.29228,0.15,0.11,0.12,0.17,56.34,57.62,57.49,55.84,0.999,0.999,0.999,0.999,/tmpdir/crf_16.mpd,/videos/BigBuckBunny-2160.avi
15003,0.99318,0.23146,0.99663,55.89677,0.99715,0.94345,0.9966,0.99846,0.99907,99.43788,0.15,0.11,0.11,0.17,56.41,57.7,57.64,55.9,0.999,0.999,0.999,0.999,/tmpdir/crf_16.mpd,/videos/BigBuckBunny-2160.avi
15004,0.99296,0.23146,0.99662,55.67321,0.99714,0.94244,0.99613,0.99824,0.99893,99.37999,0.16,0.11,0.11,0.18,56.22,57.6,57.55,55.67,0.999,0.999,0.999,0.999,/tmpdir/crf_16.mpd,/videos/BigBuckBunny-2160.avi
15005,0.9962,0.28632,0.99669,56.95076,0.99716,0.95285,0.99806,0.99918,0.99954,100.0,0.12,0.09,0.09,0.13,57.42,58.57,58.5,56.95,0.999,0.999,0.999,0.999,/tmpdir/crf_16.mpd,/videos/BigBuckBunny-2160.avi
15006,0.99246,0.28632,0.99663,55.77718,0.99715,0.9434,0.99618,0.99821,0.9989,99.31708,0.15,0.11,0.11,0.17,56.3,57.6,57.53,55.78,0.999,0.999,0.999,0.999,/tmpdir/crf_16.mpd,/videos/BigBuckBunny-2160.avi
15007,0.99366,0.29188,0.99663,55.92704,0.99715,0.9437,0.99676,0.99861,0.99922,99.56649,0.15,0.11,0.11,0.17,56.44,57.71,57.66,55.93,0.999,0.999,0.999,0.999,/tmpdir/crf_16.mpd,/videos/BigBuckBunny-2160.avi
15008,0.9912,0.29188,0.99661,55.51668,0.99715,0.94033,0.99598,0.99818,0.99889,99.08235,0.16,0.12,0.12,0.18,56.08,57.5,57.46,55.52,0.999,0.999,0.999,0.999,/tmpdir/crf_16.mpd,/videos/BigBuckBunny-2160.avi
15009,0.99529,0.25855,0.99668,56.73096,0.99716,0.95072,0.99794,0.99914,0.99953,99.90453,0.12,0.09,0.09,0.14,57.23,58.47,58.38,56.73,0.999,0.999,0.999,0.999,/tmpdir/crf_16.mpd,/videos/BigBuckBunny-2160.avi
15010,0.99283,0.25855,0.99664,55.92921,0.99715,0.94408,0.99648,0.99845,0.99913,99.39443,0.15,0.11,0.11,0.17,56.47,57.88,57.71,55.93,0.999,0.999,0.999,0.999,/tmpdir/crf_16.mpd,/videos/BigBuckBunny-2160.avi
15011,0.99279,0.22763,0.99661,55.52679,0.99715,0.94003,0.99612,0.99825,0.99896,99.34069,0.16,0.12,0.12,0.18,56.04,57.35,57.26,55.53,0.999,0.999,0.999,0.999,/tmpdir/crf_16.mpd,/videos/BigBuckBunny-2160.avi
15012,0.99526,0.22763,0.99667,56.6554,0.99716,0.94984,0.9978,0.99907,0.99949,99.87718,0.13,0.09,0.1,0.14,57.15,58.38,58.34,56.66,0.999,0.999,0.999,0.999,/tmpdir/crf_16.mpd,/videos/BigBuckBunny-2160.avi
15013,0.99755,0.21039,0.99679,59.5846,0.99718,0.97193,0.99915,0.99965,0.99983,100.0,0.07,0.05,0.06,0.07,60.0,61.31,60.63,59.58,0.999,0.999,0.999,0.999,/tmpdir/crf_16.mpd,/videos/BigBuckBunny-2160.avi
15014,0.99304,0.21039,0.99665,56.04325,0.99715,0.94782,0.99625,0.99821,0.99886,99.39879,0.14,0.08,0.09,0.16,56.74,58.84,58.38,56.04,0.999,0.999,0.999,0.999,/tmpdir/crf_16.mpd,/videos/BigBuckBunny-2160.avi
15015,0.99263,0.18339,0.99664,55.93754,0.99716,0.94435,0.99661,0.9985,0.99912,99.32649,0.14,0.09,0.1,0.17,56.64,58.83,58.21,55.94,0.999,0.999,0.999,0.999,/tmpdir/crf_16.mpd,/videos/BigBuckBunny-2160.avi
15016,0.99125,0.18339,0.99662,55.60927,0.99715,0.9419,0.99592,0.99812,0.99885,99.04356,0.15,0.09,0.11,0.18,56.3,58.45,57.88,55.61,0.999,0.999,0.999,0.999,/tmpdir/crf_16.mpd,/videos/BigBuckBunny-2160.avi
15017,0.99563,0.19101,0.99671,57.19992,0.99717,0.95537,0.99817,0.99922,0.99956,99.95754,0.11,0.07,0.08,0.12,57.85,59.91,59.2,57.2,0.999,0.999,0.999,0.999,/tmpdir/crf_16.mpd,/videos/BigBuckBunny-2160.avi
15018,0.99186,0.19101,0.99665,55.92018,0.99715,0.94627,0.9962,0.99822,0.99895,99.18262,0.14,0.09,0.1,0.17,56.59,58.58,58.11,55.92,0.999,0.999,0.999,0.999,/tmpdir/crf_16.mpd,/videos/BigBuckBunny-2160.avi
15019,0.99243,0.15145,0.99665,55.93997,0.99716,0.94474,0.99662,0.99845,0.99908,99.27462,0.14,0.09,0.1,0.17,56.61,58.64,58.14,55.94,0.999,0.999,0.999,0.999,/tmpdir/crf_16.mpd,/videos/BigBuckBunny-2160.avi
15020,0.99161,0.15145,0.99662,55.67268,0.99715,0.94275,0.9961,0.99819,0.99889,99.10161,0.15,0.1,0.11,0.18,56.32,58.24,57.81,55.67,0.999,0.999,0.999,0.999,/tmpdir/crf_16.mpd,/videos/BigBuckBunny-2160.avi
15021,0.99521,0.26622,0.9967,56.93513,0.99718,0.95283,0.99798,0.99916,0.99953,99.90167,0.11,0.07,0.08,0.13,57.58,59.59,58.91,56.94,0.999,0.999,0.999,0.999,/tmpdir/crf_16.mpd,/videos/BigBuckBunny-2160.avi
15022,0.99191,0.26622,0.99665,55.86808,0.99717,0.94489,0.99621,0.99826,0.99896,99.22155,0.15,0.1,0.11,0.17,56.46,58.28,57.69,55.87,0.999,0.999,0.999,0.999,/tmpdir/crf_16.mpd,/videos/BigBuckBunny-2160.avi
15023,0.99296,0.46787,0.99666,55.72877,0.99718,0.94314,0.99616,0.99821,0.99893,99.4884,0.15,0.1,0.11,0.17,56.35,58.24,57.67,55.73,0.999,0.999,0.999,0.999,/tmpdir/crf_16.mpd,/videos/BigBuckBunny-2160.avi
15024,0.99275,0.46787,0.99665,55.34435,0.99719,0.93984,0.99546,0.9979,0.99871,99.41551,0.17,0.11,0.13,0.19,55.93,57.73,57.11,55.34,0.999,0.999,0.999,0.999,/tmpdir/crf_16.mpd,/videos/BigBuckBunny-2160.avi
15025,0.9957,1.38794,0.99676,56.41308,0.99728,0.94765,0.99712,0.99876,0.99933,100.0,0.13,0.09,0.1,0.15,56.94,58.52,57.98,56.41,0.999,0.999,0.999,0.999,/tmpdir/crf_16.mpd,/videos/BigBuckBunny-2160.avi
15026,0.99104,1.38794,0.99665,54.74122,0.99727,0.93131,0.99398,0.99711,0.99826,99.46269,0.19,0.12,0.14,0.22,55.35,57.18,56.63,54.74,0.998,0.999,0.999,0.998,/tmpdir/crf_16.mpd,/videos/BigBuckBunny-2160.avi
15027,0.99259,1.40519,0.99668,55.14522,0.99727,0.93444,0.99564,0.9981,0.99896,99.83081,0.17,0.12,0.13,0.2,55.74,57.48,56.99,55.15,0.998,0.999,0.999,0.998,/tmpdir/crf_16.mpd,/videos/BigBuckBunny-2160.avi
15028,0.99119,1.40519,0.99662,54.50968,0.99726,0.92769,0.99434,0.99756,0.99863,99.52216,0.2,0.13,0.14,0.23,55.16,57.07,56.66,54.51,0.998,0.999,0.999,0.998,/tmpdir/crf_16.mpd,/videos/BigBuckBunny-2160.avi
15029,0.99491,1.3135,0.99676,55.76152,0.99731,0.94058,0.99647,0.99849,0.99919,100.0,0.15,0.1,0.11,0.17,56.36,58.13,57.61,55.76,0.999,0.999,0.999,0.999,/tmpdir/crf_16.mpd,/videos/BigBuckBunny-2160.avi
15030,0.99151,1.3135,0.99666,54.35002,0.99731,0.9254,0.99367,0.99724,0.99846,99.50771,0.21,0.13,0.15,0.24,54.99,56.9,56.39,54.35,0.998,0.999,0.998,0.998,/tmpdir/crf_16.mpd,/videos/BigBuckBunny-2160.avi
15031,0.99217,1.56913,0.9967,54.2856,0.99735,0.92346,0.99444,0.99763,0.99869,99.76773,0.21,0.14,0.15,0.24,54.91,56.76,56.25,54.29,0.998,0.999,0.998,0.998,/tmpdir/crf_16.mpd,/videos/BigBuckBunny-2160.avi
15032,0.99121,1.56913,0.99669,54.06907,0.99736,0.92098,0.99324,0.99697,0.99824,99.54173,0.22,0.15,0.17,0.25,54.68,56.52,55.95,54.07,0.998,0.999,0.998,0.998,/tmpdir/crf_16.mpd,/videos/BigBuckBunny-2160.avi
15033,0.99499,1.69803,0.99686,55.11557,0.99748,0.93239,0.9955,0.99803,0.99895,100.0,0.18,0.13,0.14,0.2,55.63,57.13,56.67,55.12,0.998,0.999,0.998,0.998,/tmpdir/crf_16.mpd,/videos/BigBuckBunny-2160.avi
15034,0.99125,1.69803,0.99673,53.7285,0.99747,0.91618,0.99183,0.99622,0.99782,99.54721,0.24,0.15,0.17,0.28,54.36,56.23,55.77,53.73,0.998,0.998,0.998,0.998,/tmpdir/crf_16.mpd,/videos/BigBuckBunny-2160.avi
15035,0.99215,2.20628,0.99677,54.06095,0.99747,0.91986,0.99407,0.99743,0.99858,100.0,0.22,0.15,0.16,0.26,54.67,56.43,56.05,54.06,0.998,0.998,0.998,0.998,/tmpdir/crf_16.mpd,/videos/BigBuckBunny-2160.avi
15036,0.99156,2.20628,0.99673,53.81936,0.99745,0.91814,0.99326,0.99702,0.99831,99.91715,0.23,0.15,0.17,0.27,54.44,56.24,55.87,53.82,0.998,0.998,0.998,0.998,/tmpdir/crf_16.mpd,/videos/BigBuckBunny-2160.avi
15037,0.99465,2.08251,0.99688,54.89902,0.99751,0.93195,0.99568,0.99815,0.99899,100.0,0.19,0.13,0.14,0.21,55.44,56.96,56.59,54.9,0.998,0.998,0.998,0.998,/tmpdir/crf_16.mpd,/videos/BigBuckBunny-2160.avi
15038,0.99048,2.08251,0.99677,53.89669,0.99748,0.92056,0.99287,0.99674,0.99808,99.64801,0.23,0.16,0.17,0.27,54.48,56.14,55.73,53.9,0.998,0.998,0.998,0.998,/tmpdir/crf_16.mpd,/videos/BigBuckBunny-2160.avi
15039,0.99226,2.05399,0.99678,53.94644,0.99748,0.9195,0.99428,0.99757,0.99861,100.0,0.23,0.15,0.17,0.26,54.53,56.25,55.75,53.95,0.998,0.998,0.998,0.998,/tmpdir/crf_16.mpd,/videos/BigBuckBunny-2160.avi
15040,0.99083,2.05399,0.99674,53.73207,0.99747,0.91637,0.99303,0.99696,0.99829,99.70242,0.24,0.16,0.18,0.28,54.31,56.06,55.49,53.73,0.998,0.998,0.998,0.998,/tmpdir/crf_16.mpd,/videos/BigBuckBunny-2160.avi
15041,0.99396,1.74842,0.99688,54.64658,0.99755,0.92641,0.99482,0.99775,0.99879,100.0,0.2,0.14,0.15,0.22,55.18,56.78,56.26,54.65,0.998,0.998,0.998,0.998,/tmpdir/crf_16.mpd,/videos/BigBuckBunny-2160.avi
15042,0.9904,1.74842,0.99676,53.59055,0.99752,0.91389,0.99178,0.99625,0.99792,99.42186,0.25,0.16,0.18,0.28,54.21,56.09,55.51,53.59,0.998,0.998,0.998,0.998,/tmpdir/crf_16.mpd,/videos/BigBuckBunny-2160.avi
15043,0.9918,2.13287,0.99678,53.94444,0.99749,0.91789,0.99386,0.99738,0.99861,99.95103,0.23,0.16,0.17,0.26,54.53,56.2,55.82,53.94,0.998,0.998,0.998,0.998,/tmpdir/crf_16.mpd,/videos/BigBuckBunny-2160.avi
15044,0.99068,2.13287,0.99674,53.74094,0.99746,0.91671,0.99321,0.99698,0.99824,99.71421,0.24,0.16,0.17,0.27,54.36,56.13,55.76,53.74,0.998,0.998,0.998,0.998,/tmpdir/crf_16.mpd,/videos/BigBuckBunny-2160.avi
15045,0.99392,1.97651,0.99688,54.7566,0.99751,0.92971,0.99549,0.99808,0.99896,100.0,0.19,0.13,0.15,0.22,55.3,56.85,56.46,54.76,0.998,0.998,0.998,0.998,/tmpdir/crf_16.mpd,/videos/BigBuckBunny-2160.avi
15046,0.99073,1.97651,0.99677,53.79469,0.99748,0.91923,0.99303,0.99688,0.99821,99.6471,0.24,0.16,0.18,0.27,54.39,56.14,55.67,53.79,0.998,0.998,0.998,0.998,/tmpdir/crf_16.mpd,/videos/BigBuckBunny-2160.avi
15047,0.99268,1.97353,0.99678,53.95434,0.99748,0.91908,0.9942,0.99755,0.99865,100.0,0.23,0.15,0.17,0.26,54.53,56.24,55.74,53.95,0.998,0.998,0.998,0.998,/tmpdir/crf_16.mpd,/videos/BigBuckBunny-2160.avi
15048,0.99067,1.97353,0.99673,53.65419,0.99747,0.91462,0.99291,0.99702,0.99844,99.6407,0.25,0.17,0.18,0.28,54.23,55.93,55.47,53.65,0.998,0.998,0.998,0.998,/tmpdir/crf_16.mpd,/videos/BigBuckBunny-2160.avi
15049,0.99368,1.59552,0.99687,54.48887,0.99755,0.92391,0.99461,0.99771,0.99884,100.0,0.2,0.14,0.16,0.23,55.03,56.62,56.14,54.49,0.998,0.998,0.998,0.998,/tmpdir/crf_16.mpd,/videos/BigBuckBunny-2160.avi
15050,0.99082,1.59552,0.99675,53.47475,0.99752,0.91221,0.99171,0.99627,0.99794,99.41728,0.26,0.17,0.19,0.29,54.05,55.73,55.25,53.47,0.998,0.998,0.998,0.998,/tmpdir/crf_16.mpd,/videos/BigBuckBunny-2160.avi
15051,0.99237,2.08003,0.99677,53.86337,0.99749,0.91724,0.99381,0.99736,0.99861,100.0,0.23,0.16,0.18,0.27,54.43,56.06,55.68,53.86,0.998,0.998,0.998,0.998,/tmpdir/crf_16.mpd,/videos/BigBuckBunny-2160.avi
15052,0.99046,2.08003,0.99672,53.55833,0.99745,0.91481,0.99296,0.99695,0.99831,99.64683,0.25,0.17,0.18,0.29,54.16,55.91,55.51,53.56,0.998,0.998,0.998,0.998,/tmpdir/crf_16.mpd,/videos/BigBuckBunny-2160.avi
15053,0.99302,1.83325,0.99685,54.42088,0.9975,0.92534,0.99494,0.99784,0.99881,100.0,0.21,0.14,0.15,0.23,55.0,56.58,56.32,54.42,0.998,0.998,0.998,0.998,/tmpdir/crf_16.mpd,/videos/BigBuckBunny-2160.avi
15054,0.99103,1.83325,0.99676,53.66252,0.99747,0.91784,0.99259,0.99665,0.99809,99.61041,0.24,0.17,0.18,0.28,54.25,55.89,55.59,53.66,0.998,0.998,0.998,0.998,/tmpdir/crf_16.mpd,/videos/BigBuckBunny-2160.avi
15055,0.99306,1.83182,0.99677,53.86903,0.99747,0.91848,0.99421,0.9976,0.99872,100.0,0.23,0.16,0.18,0.27,54.43,56.02,55.64,53.87,0.998,0.998,0.998,0.998,/tmpdir/crf_16.mpd,/videos/BigBuckBunny-2160.avi
15056,0.99048,1.83182,0.99672,53.5309,0.99746,0.91356,0.99299,0.99704,0.99842,99.53181,0.25,0.17,0.18,0.29,54.14,55.9,55.46,53.53,0.998,0.998,0.998,0.998,/tmpdir/crf_16.mpd,/videos/BigBuckBunny-2160.avi
15057,0.99357,1.36171,0.99686,54.38547,0.99755,0.92335,0.99499,0.99792,0.99898,99.94168,0.21,0.14,0.16,0.24,54.93,56.52,56.07,54.39,0.998,0.998,0.998,0.998,/tmpdir/crf_16.mpd,/videos/BigBuckBunny-2160.avi
15058,0.98943,1.36171,0.99672,53.17799,0.99751,0.90842,0.99153,0.9963,0.99803,99.05123,0.27,0.17,0.19,0.31,53.82,55.74,55.28,53.18,0.998,0.998,0.998,0.998,/tmpdir/crf_16.mpd,/videos/BigBuckBunny-2160.avi
15059,0.99168,1.97135,0.99677,53.66738,0.99749,0.91462,0.99375,0.99739,0.99866,99.84221,0.24,0.16,0.17,0.28,54.29,56.04,55.72,53.67,0.998,0.998,0.998,0.998,/tmpdir/crf_16.mpd,/videos/BigBuckBunny-2160.avi
15060,0.98982,1.97135,0.99671,53.42507,0.99745,0.9129,0.99304,0.99697,0.99829,99.47057,0.25,0.16,0.17,0.3,54.1,56.06,55.74,53.43,0.998,0.998,0.998,0.998,/tmpdir/crf_16.mpd,/videos/BigBuckBunny-2160.avi
15061,0.99347,1.59266,0.99687,54.52964,0.9975,0.9277,0.99586,0.99835,0.99915,100.0,0.2,0.14,0.15,0.23,55.09,56.59,56.37,54.53,0.998,0.998,0.998,0.998,/tmpdir/crf_16.mpd,/videos/BigBuckBunny-2160.avi
15062,0.98966,1.59266,0.99676,53.51739,0.99747,0.91573,0.99264,0.99674,0.99816,99.2489,0.25,0.16,0.18,0.29,54.15,55.97,55.6,53.52,0.998,0.998,0.998,0.998,/tmpdir/crf_16.mpd,/videos/BigBuckBunny-2160.avi
15063,0.99223,1.61141,0.99676,53.67537,0.99747,0.91601,0.99411,0.9975,0.99861,99.76661,0.24,0.16,0.18,0.28,54.27,55.98,55.62,53.68,0.998,0.998,0.998,0.998,/tmpdir/crf_16.mpd,/videos/BigBuckBunny-2160.avi
15064,0.99118,1.61141,0.99672,53.51874,0.99746,0.91377,0.99295,0.99694,0.99833,99.53899,0.25,0.17,0.19,0.29,54.11,55.82,55.42,53.52,0.998,0.998,0.998,0.998,/tmpdir/crf_16.mpd,/videos/BigBuckBunny-2160.avi
15065,0.99392,1.11565,0.99687,54.34807,0.99755,0.92368,0.99543,0.9981,0.99905,99.89649,0.21,0.15,0.16,0.24,54.9,56.46,56.13,54.35,0.998,0.998,0.998,0.998,/tmpdir/crf_16.mpd,/videos/BigBuckBunny-2160.avi
15066,0.98935,1.11565,0.99672,52.93422,0.99751,0.90674,0.99194,0.99639,0.998,98.91318,0.28,0.18,0.2,0.33,53.59,55.52,55.1,52.93,0.998,0.998,0.998,0.998,/tmpdir/crf_16.mpd,/videos/BigBuckBunny-2160.avi
15067,0.99206,1.83933,0.99676,53.6143,0.99749,0.91492,0.99395,0.99748,0.99865,99.84732,0.25,0.17,0.18,0.28,54.21,55.85,55.61,53.61,0.998,0.998,0.998,0.998,/tmpdir/crf_16.mpd,/videos/BigBuckBunny-2160.avi
15068,0.99054,1.83933,0.99672,53.37994,0.99745,0.91237,0.99305,0.99704,0.99838,99.54024,0.26,0.17,0.18,0.3,54.0,55.74,55.47,53.38,0.998,0.998,0.998,0.998,/tmpdir/crf_16.mpd,/videos/BigBuckBunny-2160.avi
15069,0.99413,1.30397,0.99688,54.65209,0.99749,0.929,0.99627,0.99852,0.99925,100.0,0.2,0.14,0.15,0.22,55.2,56.65,56.47,54.65,0.998,0.998,0.998,0.998,/tmpdir/crf_16.mpd,/videos/BigBuckBunny-2160.avi
15070,0.99038,1.30397,0.99676,53.43676,0.99746,0.91589,0.99301,0.99692,0.99829,99.25106,0.26,0.17,0.18,0.29,54.06,55.81,55.51,53.44,0.998,0.998,0.998,0.998,/tmpdir/crf_16.mpd,/videos/BigBuckBunny-2160.avi
15071,0.99177,1.42504,0.99676,53.54273,0.99747,0.91539,0.99375,0.99728,0.99845,99.57486,0.25,0.17,0.19,0.29,54.14,55.88,55.42,53.54,0.998,0.998,0.998,0.998,/tmpdir/crf_16.mpd,/videos/BigBuckBunny-2160.avi
15072,0.99067,1.42504,0.99672,53.35763,0.99746,0.9126,0.99266,0.99676,0.99819,99.33902,0.26,0.18,0.2,0.3,53.94,55.65,55.2,53.36,0.998,0.998,0.998,0.998,/tmpdir/crf_16.mpd,/videos/BigBuckBunny-2160.avi
15073,0.99345,0.90169,0.99688,54.10532,0.99755,0.92091,0.99558,0.99813,0.99902,99.70206,0.22,0.15,0.16,0.25,54.68,56.31,55.96,54.11,0.998,0.998,0.998,0.998,/tmpdir/crf_16.mpd,/videos/BigBuckBunny-2160.avi
15074,0.98937,0.90169,0.99673,52.82693,0.9975,0.9058,0.99186,0.9963,0.99794,98.80514,0.29,0.18,0.2,0.34,53.49,55.47,55.03,52.83,0.998,0.998,0.998,0.998,/tmpdir/crf_16.mpd,/videos/BigBuckBunny-2160.avi
15075,0.99146,1.78222,0.99676,53.41312,0.99748,0.91263,0.9939,0.99736,0.9985,99.69181,0.26,0.17,0.19,0.3,54.03,55.8,55.44,53.41,0.998,0.998,0.998,0.998,/tmpdir/crf_16.mpd,/videos/BigBuckBunny-2160.avi
15076,0.99047,1.68464,0.99672,53.21854,0.99745,0.91057,0.99293,0.99676,0.99811,99.41894,0.27,0.17,0.18,0.31,53.89,55.79,55.5,53.22,0.998,0.998,0.998,0.998,/tmpdir/crf_16.mpd,/videos/BigBuckBunny-2160.avi
15077,0.99349,1.14287,0.99686,54.46569,0.99749,0.92695,0.99606,0.9984,0.99915,99.86087,0.2,0.14,0.15,0.23,55.05,56.61,56.48,54.47,0.998,0.998,0.998,0.998,/tmpdir/crf_16.mpd,/videos/BigBuckBunny-2160.avi
15078,0.99016,1.14287,0.99674,53.23983,0.99745,0.91347,0.99286,0.99677,0.9981,99.11013,0.27,0.17,0.19,0.31,53.9,55.79,55.45,53.24,0.998,0.998,0.998,0.998,/tmpdir/crf_16.mpd,/videos/BigBuckBunny-2160.avi
15079,0.99174,1.31076,0.99676,53.43663,0.99747,0.9134,0.99408,0.99744,0.99857,99.5192,0.26,0.17,0.18,0.29,54.07,55.88,55.5,53.44,0.998,0.998,0.998,0.998,/tmpdir/crf_16.mpd,/videos/BigBuckBunny-2160.avi
15080,0.99026,1.31076,0.99672,53.19896,0.99746,0.91005,0.99292,0.99686,0.99824,99.20895,0.27,0.18,0.19,0.31,53.83,55.65,55.28,53.2,0.998,0.998,0.998,0.998,/tmpdir/crf_16.mpd,/videos/BigBuckBunny-2160.avi
15081,0.99309,0.77162,0.99687,53.87839,0.99755,0.91824,0.99541,0.99809,0.99899,99.56462,0.23,0.15,0.17,0.27,54.5,56.27,55.94,53.88,0.998,0.998,0.998,0.998,/tmpdir/crf_16.mpd,/videos/BigBuckBunny-2160.avi
15082,0.98891,0.77162,0.99674,52.73557,0.99751,0.9042,0.99238,0.99654,0.99803,98.66955,0.29,0.18,0.19,0.35,53.46,55.61,55.24,52.74,0.998,0.998,0.998,0.998,/tmpdir/crf_16.mpd,/videos/BigBuckBunny-2160.avi
15083,0.99151,1.63162,0.99676,53.26523,0.99748,0.91029,0.99393,0.99738,0.99856,99.6236,0.26,0.17,0.18,0.31,53.92,55.77,55.51,53.27,0.998,0.998,0.998,0.998,/tmpdir/crf_16.mpd,/videos/BigBuckBunny-2160.avi
15084,0.99048,1.55447,0.99672,53.15592,0.99745,0.90961,0.99316,0.99697,0.99826,99.37023,0.27,0.17,0.18,0.31,53.83,55.74,55.47,53.16,0.998,0.998,0.998,0.998,/tmpdir/crf_16.mpd,/videos/BigBuckBunny-2160.avi
15085,0.99314,1.00699,0.99685,54.20258,0.99749,0.92342,0.99579,0.99827,0.99909,99.71372,0.21,0.15,0.15,0.25,54.83,56.52,56.36,54.2,0.998,0.998,0.998,0.998,/tmpdir/crf_16.mpd,/videos/BigBuckBunny-2160.avi
15086,0.99035,1.00699,0.99674,53.15108,0.99745,0.91197,0.99298,0.99682,0.99819,99.08053,0.27,0.17,0.19,0.31,53.83,55.8,55.45,53.15,0.998,0.998,0.998,0.998,/tmpdir/crf_16.mpd,/videos/BigBuckBunny-2160.avi
15087,0.99172,1.30292,0.99676,53.3815,0.99746,0.91299,0.99388,0.99736,0.99859,99.5108,0.26,0.17,0.19,0.3,54.01,55.84,55.45,53.38,0.998,0.998,0.998,0.998,/tmpdir/crf_16.mpd,/videos/BigBuckBunny-2160.avi
15088,0.99092,1.30292,0.99672,53.16096,0.99746,0.90922,0.99296,0.99687,0.99821,99.31797,0.27,0.18,0.2,0.31,53.78,55.58,55.21,53.16,0.998,0.998,0.998,0.998,/tmpdir/crf_16.mpd,/videos/BigBuckBunny-2160.avi
15089,0.9927,0.6706,0.99685,53.61922,0.99754,0.91487,0.99512,0.998,0.99894,99.43006,0.24,0.16,0.17,0.28,54.28,56.19,55.84,53.62,0.998,0.998,0.998,0.998,/tmpdir/crf_16.mpd,/videos/BigBuckBunny-2160.avi
15090,0.98935,0.6706,0.99673,52.57304,0.9975,0.90149,0.9919,0.99632,0.99794,98.6793,0.31,0.19,0.21,0.36,53.28,55.43,54.94,52.57,0.998,0.998,0.998,0.998,/tmpdir/crf_16.mpd,/videos/BigBuckBunny-2160.avi
15091,0.99254,1.83761,0.99675,53.20127,0.99749,0.90905,0.99387,0.99741,0.9986,99.90778,0.27,0.18,0.19,0.31,53.84,55.68,55.33,53.2,0.998,0.998,0.998,0.998,/tmpdir/crf_16.mpd,/videos/BigBuckBunny-2160.avi
15092,0.99073,1.83761,0.99671,53.11109,0.99746,0.90935,0.99292,0.99689,0.99826,99.55127,0.28,0.18,0.2,0.32,53.74,55.52,55.17,53.11,0.998,0.998,0.998,0.998,/tmpdir/crf_16.mpd,/videos/BigBuckBunny-2160.avi
15093,0.99373,1.09618,0.99683,53.98727,0.99749,0.92128,0.99568,0.99822,0.999,99.84611,0.22,0.15,0.16,0.26,54.61,56.33,56.12,53.99,0.998,0.998,0.998,0.998,/tmpdir/crf_16.mpd,/videos/BigBuckBunny-2160.avi
15094,0.98963,1.09618,0.99673,52.98441,0.99746,0.9094,0.99261,0.9967,0.99806,98.9741,0.28,0.18,0.2,0.33,53.63,55.51,55.14,52.98,0.998,0.998,0.998,0.998,/tmpdir/crf_16.mpd,/videos/BigBuckBunny-2160.avi
15095,0.99072,1.57127,0.99676,53.2843,0.99748,0.91154,0.99371,0.99727,0.99849,99.45014,0.27,0.18,0.19,0.31,53.89,55.67,55.23,53.28,0.998,0.998,0.998,0.998,/tmpdir/crf_16.mpd,/videos/BigBuckBunny-2160.avi
15096,0.98952,1.57127,0.99672,53.05623,0.99747,0.90765,0.99248,0.99671,0.99816,99.18848,0.28,0.19,0.21,0.32,53.65,55.39,54.93,53.06,0.998,0.998,0.998,0.998,/tmpdir/crf_16.mpd,/videos/BigBuckBunny-2160.avi
15097,0.99399,0.91368,0.9969,53.82662,0.99757,0.9189,0.99591,0.99834,0.9991,99.80772,0.24,0.16,0.17,0.27,54.42,56.12,55.71,53.83,0.998,0.998,0.998,0.998,/tmpdir/crf_16.mpd,/videos/BigBuckBunny-2160.avi
15098,0.99021,0.91368,0.99674,52.65455,0.99753,0.90358,0.99196,0.99638,0.99793,98.95514,0.3,0.19,0.22,0.35,53.31,55.26,54.76,52.65,0.998,0.998,0.998,0.998,/tmpdir/crf_16.mpd,/videos/BigBuckBunny-2160.avi
15099,0.99172,1.70778,0.99677,53.23711,0.9975,0.90994,0.99375,0.99736,0.99856,99.6978,0.27,0.18,0.19,0.31,53.87,55.69,55.32,53.24,0.998,0.998,0.998,0.998,/tmpdir/crf_16.mpd,/videos/BigBuckBunny-2160.avi
15100,0.99054,1.67818,0.99673,53.1299,0.99746,0.90911,0.99306,0.99698,0.9983,99.44351,0.27,0.18,0.2,0.32,53.76,55.59,55.2,53.13,0.998,0.998,0.998,0.998,/tmpdir/crf_16.mpd,/videos/BigBuckBunny-2160.avi
15101,0.99382,0.91371,0.99687,54.25236,0.9975,0.9245,0.99616,0.99848,0.99924,99.80904,0.21,0.15,0.15,0.24,54.85,56.41,56.29,54.25,0.998,0.998,0.998,0.998,/tmpdir/crf_16.mpd,/videos/BigBuckBunny-2160.avi
15102,0.98936,0.91371,0.99676,53.16451,0.99747,0.91229,0.99296,0.99679,0.9981,98.85553,0.27,0.18,0.19,0.31,53.8,55.64,55.23,53.16,0.998,0.998,0.998,0.998,/tmpdir/crf_16.mpd,/videos/BigBuckBunny-2160.avi
15103,0.99104,1.29349,0.99677,53.28458,0.99748,0.91246,0.99378,0.99724,0.99839,99.36763,0.26,0.18,0.19,0.31,53.91,55.69,55.37,53.28,0.998,0.998,0.998,0.998,/tmpdir/crf_16.mpd,/videos/BigBuckBunny-2160.avi
15104,0.98984,1.29349,0.99673,53.13482,0.99747,0.90952,0.9929,0.99685,0.99813,99.11784,0.28,0.18,0.2,0.32,53.74,55.47,55.08,53.13,0.998,0.998,0.998,0.998,/tmpdir/crf_16.mpd,/videos/BigBuckBunny-2160.avi
15105,0.99385,0.65555,0.99689,53.71806,0.99757,0.91685,0.99598,0.9984,0.99915,99.65885,0.24,0.16,0.17,0.28,54.35,56.12,55.83,53.72,0.998,0.998,0.998,0.998,/tmpdir/crf_16.mpd,/videos/BigBuckBunny-2160.avi
15106,0.98989,0.65555,0.99675,52.63777,0.99753,0.90369,0.99233,0.99648,0.99792,98.77879,0.3,0.19,0.21,0.35,53.31,55.27,54.87,52.64,0.998,0.998,0.998,0.998,/tmpdir/crf_16.mpd,/videos/BigBuckBunny-2160.avi
15107,0.99138,1.57371,0.99677,53.28875,0.9975,0.91094,0.99391,0.99746,0.99863,99.58059,0.26,0.17,0.19,0.3,53.92,55.74,55.39,53.29,0.998,0.998,0.998,0.998,/tmpdir/crf_16.mpd,/videos/BigBuckBunny-2160.avi
15108,0.99067,1.45564,0.99673,53.2123,0.99746,0.91015,0.99304,0.99688,0.99822,99.35163,0.27,0.18,0.2,0.31,53.82,55.55,55.16,53.21,0.998,0.998,0.998,0.998,/tmpdir/crf_16.mpd,/videos/BigBuckBunny-2160.avi
15109,0.99428,0.75869,0.99686,54.11886,0.9975,0.92293,0.99604,0.99842,0.99915,99.80563,0.22,0.15,0.15,0.25,54.74,56.43,56.27,54.12,0.998,0.998,0.998,0.998,/tmpdir/crf_16.mpd,/videos/BigBuckBunny-2160.avi
15110,0.99015,0.75869,0.99675,53.06801,0.99747,0.9106,0.99313,0.99689,0.99814,98.92059,0.28,0.18,0.19,0.32,53.72,55.66,55.24,53.07,0.998,0.998,0.998,0.998,/tmpdir/crf_16.mpd,/videos/BigBuckBunny-2160.avi
15111,0.99186,1.25167,0.99677,53.27367,0.99748,0.91113,0.99403,0.99742,0.99859,99.5063,0.27,0.17,0.19,0.31,53.9,55.71,55.31,53.27,0.998,0.998,0.998,0.998,/tmpdir/crf_16.mpd,/videos/BigBuckBunny-2160.avi
15112,0.99149,1.25167,0.99673,53.11553,0.99747,0.90866,0.99297,0.99698,0.99833,99.40333,0.28,0.18,0.2,0.32,53.73,55.48,55.1,53.12,0.998,0.998,0.998,0.998,/tmpdir/crf_16.mpd,/videos/BigBuckBunny-2160.avi
15113,0.99381,0.55169,0.99687,53.48434,0.99757,0.91343,0.99554,0.99822,0.99909,99.58382,0.25,0.16,0.17,0.29,54.16,56.09,55.77,53.48,0.998,0.998,0.998,0.998,/tmpdir/crf_16.mpd,/videos/BigBuckBunny-2160.avi
15114,0.99008,0.55169,0.99676,52.63283,0.99754,0.90361,0.99232,0.99648,0.99794,98.76345,0.3,0.19,0.21,0.35,53.31,55.29,54.91,52.63,0.998,0.998,0.998,0.998,/tmpdir/crf_16.mpd,/videos/BigBuckBunny-2160.avi
15115,0.99198,1.53833,0.99677,53.31114,0.9975,0.91099,0.99394,0.99741,0.99857,99.66493,0.26,0.18,0.19,0.3,53.93,55.69,55.36,53.31,0.998,0.998,0.998,0.998,/tmpdir/crf_16.mpd,/videos/BigBuckBunny-2160.avi
15116,0.99092,1.39666,0.99673,53.17295,0.99746,0.90977,0.99338,0.99701,0.99824,99.37105,0.27,0.18,0.2,0.31,53.79,55.6,55.19,53.17,0.998,0.998,0.998,0.998,/tmpdir/crf_16.mpd,/videos/BigBuckBunny-2160.avi
15117,0.99379,0.72339,0.99682,53.81793,0.99749,0.9189,0.99568,0.99823,0.99904,99.67569,0.23,0.15,0.16,0.27,54.48,56.29,56.15,53.82,0.998,0.998,0.998,0.998,/tmpdir/crf_16.mpd,/videos/BigBuckBunny-2160.avi
15118,0.99075,0.72339,0.99676,53.14027,0.99747,0.912,0.99349,0.99707,0.99826,99.02814,0.27,0.17,0.19,0.32,53.82,55.8,55.43,53.14,0.998,0.998,0.998,0.998,/tmpdir/crf_16.mpd,/videos/BigBuckBunny-2160.avi
15119,0.99047,1.26878,0.99674,53.08337,0.99747,0.9093,0.99316,0.99691,0.99816,99.22025,0.28,0.18,0.2,0.32,53.72,55.55,55.19,53.08,0.998,0.998,0.998,0.998,/tmpdir/crf_16.mpd,/videos/BigBuckBunny-2160.avi
15120,0.99407,1.26878,0.99679,53.78268,0.99749,0.9165,0.9954,0.99819,0.99905,99.9773,0.23,0.15,0.16,0.27,54.43,56.26,55.99,53.78,0.998,0.998,0.998,0.998,/tmpdir/crf_16.mpd,/videos/BigBuckBunny-2160.avi
15121,0.99642,0.49147,0.99707,56.16814,0.9976,0.94702,0.99786,0.99909,0.99949,100.0,0.14,0.1,0.11,0.16,56.7,58.32,57.73,56.17,0.999,0.999,0.999,0.999,/tmpdir/crf_16.mpd,/videos/BigBuckBunny-2160.avi
15122,0.99055,0.49147,0.99683,53.19907,0.99754,0.91432,0.99299,0.99672,0.99804,98.86794,0.26,0.14,0.16,0.31,54.02,56.69,56.05,53.2,0.998,0.999,0.998,0.998,/tmpdir/crf_16.mpd,/videos/BigBuckBunny-2160.avi
15123,0.99233,1.67031,0.99678,53.47252,0.99749,0.91518,0.99398,0.99739,0.99854,99.8024,0.24,0.14,0.16,0.29,54.25,56.75,56.14,53.47,0.998,0.999,0.998,0.998,/tmpdir/crf_16.mpd,/videos/BigBuckBunny-2160.avi
15124,0.9908,1.67031,0.99671,53.22377,0.99745,0.91149,0.99258,0.99665,0.99802,99.46394,0.26,0.15,0.17,0.31,53.99,56.47,55.8,53.22,0.998,0.999,0.998,0.998,/tmpdir/crf_16.mpd,/videos/BigBuckBunny-2160.avi
15125,0.99365,1.0964,0.99684,54.17667,0.99749,0.92427,0.99573,0.99823,0.99904,99.84469,0.21,0.12,0.14,0.25,54.92,57.27,56.66,54.18,0.998,0.999,0.998,0.998,/tmpdir/crf_16.mpd,/videos/BigBuckBunny-2160.avi
15126,0.98952,1.0964,0.99671,52.96376,0.99746,0.91006,0.99262,0.99679,0.99821,98.96977,0.27,0.15,0.18,0.33,53.77,56.41,55.7,52.96,0.998,0.998,0.998,0.998,/tmpdir/crf_16.mpd,/videos/BigBuckBunny-2160.avi
15127,0.99164,1.48755,0.99674,53.28168,0.99747,0.91192,0.99396,0.99747,0.9986,99.58672,0.26,0.15,0.17,0.31,54.03,56.41,55.81,53.28,0.998,0.998,0.998,0.998,/tmpdir/crf_16.mpd,/videos/BigBuckBunny-2160.avi
15128,0.99166,1.48755,0.99667,52.89487,0.99746,0.9054,0.99252,0.99671,0.99811,99.51619,0.28,0.16,0.19,0.33,53.65,56.09,55.4,52.89,0.998,0.998,0.998,0.997,/tmpdir/crf_16.mpd,/videos/BigBuckBunny-2160.avi
15129,0.99367,1.00595,0.99686,53.85495,0.99756,0.91959,0.99513,0.99796,0.9989,99.77267,0.22,0.13,0.15,0.27,54.63,57.15,56.42,53.85,0.998,0.999,0.998,0.998,/tmpdir/crf_16.mpd,/videos/BigBuckBunny-2160.avi
15130,0.99054,1.00595,0.99675,52.87063,0.99753,0.90779,0.99192,0.99624,0.99779,99.05762,0.28,0.16,0.19,0.34,53.62,56.06,55.29,52.87,0.998,0.998,0.998,0.998,/tmpdir/crf_16.mpd,/videos/BigBuckBunny-2160.avi
15131,0.99215,1.92676,0.99676,53.32616,0.99749,0.91245,0.99349,0.9972,0.99842,99.87533,0.26,0.15,0.18,0.3,54.04,56.3,55.65,53.33,0.998,0.998,0.998,0.998,/tmpdir/crf_16.mpd,/videos/BigBuckBunny-2160.avi
15132,0.9909,1.47384,0.99672,53.22288,0.99745,0.91212,0.99286,0.99676,0.99812,99.39728,0.26,0.16,0.19,0.31,53.92,56.16,55.43,53.22,0.998,0.998,0.998,0.998,/tmpdir/crf_16.mpd,/videos/BigBuckBunny-2160.avi
15133,0.99358,0.81182,0.99686,54.27629,0.99749,0.92533,0.99599,0.9984,0.99918,99.71555,0.21,0.13,0.14,0.24,54.97,57.08,56.59,54.28,0.998,0.999,0.998,0.998,/tmpdir/crf_16.mpd,/videos/BigBuckBunny-2160.avi
15134,0.98993,0.81182,0.99675,53.12836,0.99746,0.9126,0.99286,0.99674,0.99807,98.90554,0.27,0.16,0.18,0.32,53.86,56.17,55.55,53.13,0.998,0.998,0.998,0.998,/tmpdir/crf_16.mpd,/videos/BigBuckBunny-2160.avi
15135,0.99119,1.49418,0.99676,53.37091,0.99747,0.91422,0.9938,0.9973,0.99848,99.50465,0.26,0.16,0.18,0.3,54.04,56.14,55.53,53.37,0.998,0.998,0.998,0.998,/tmpdir/crf_16.mpd,/videos/BigBuckBunny-2160.avi
15136,0.99077,1.49418,0.99673,53.18268,0.99746,0.91086,0.99282,0.99675,0.99808,99.37791,0.27,0.16,0.19,0.31,53.85,55.97,55.3,53.18,0.998,0.998,0.998,0.998,/tmpdir/crf_16.mpd,/videos/BigBuckBunny-2160.avi
15137,0.99352,0.68648,0.99691,54.02552,0.99757,0.92249,0.99573,0.99824,0.99908,99.6261,0.22,0.13,0.15,0.26,54.72,56.91,56.29,54.03,0.998,0.998,0.998,0.998,/tmpdir/crf_16.mpd,/videos/BigBuckBunny-2160.avi
15138,0.99024,0.68648,0.99677,52.93541,0.99753,0.90966,0.99236,0.99643,0.99789,98.86994,0.28,0.17,0.19,0.33,53.65,55.91,55.28,52.94,0.998,0.998,0.998,0.998,/tmpdir/crf_16.mpd,/videos/BigBuckBunny-2160.avi
15139,0.9922,1.58821,0.99677,53.44578,0.99749,0.91405,0.99411,0.99745,0.99856,99.73834,0.25,0.16,0.18,0.29,54.09,56.09,55.5,53.45,0.998,0.998,0.998,0.998,/tmpdir/crf_16.mpd,/videos/BigBuckBunny-2160.avi
15140,0.99107,1.49924,0.99672,53.24352,0.99745,0.91192,0.99337,0.99709,0.99831,99.46123,0.27,0.17,0.19,0.31,53.89,55.89,55.24,53.24,0.998,0.998,0.998,0.998,/tmpdir/crf_16.mpd,/videos/BigBuckBunny-2160.avi
15141,0.9933,0.72972,0.99685,54.15757,0.99748,0.92422,0.99597,0.99842,0.9992,99.62573,0.21,0.14,0.15,0.25,54.81,56.77,56.28,54.16,0.998,0.998,0.998,0.998,/tmpdir/crf_16.mpd,/videos/BigBuckBunny-2160.avi
15142,0.99012,0.72972,0.99676,53.08307,0.99746,0.9118,0.99302,0.99684,0.99811,98.90249,0.27,0.16,0.19,0.32,53.79,55.97,55.41,53.08,0.998,0.998,0.998,0.998,/tmpdir/crf_16.mpd,/videos/BigBuckBunny-2160.avi
15143,0.99121,1.44113,0.99675,53.20653,0.99747,0.91172,0.99377,0.99736,0.99858,99.4823,0.27,0.17,0.19,0.31,53.88,55.95,55.41,53.21,0.998,0.998,0.998,0.998,/tmpdir/crf_16.mpd,/videos/BigBuckBunny-2160.avi
15144,0.99024,1.44113,0.99671,53.01322,0.99747,0.90761,0.99267,0.99685,0.99826,99.26134,0.28,0.18,0.2,0.32,53.68,55.68,55.18,53.01,0.998,0.998,0.998,0.998,/tmpdir/crf_16.mpd,/videos/BigBuckBunny-2160.avi
15145,0.99398,0.89638,0.99688,53.70657,0.99757,0.91831,0.99564,0.99822,0.99904,99.78914,0.24,0.15,0.17,0.28,54.36,56.29,55.81,53.71,0.998,0.998,0.998,0.998,/tmpdir/crf_16.mpd,/videos/BigBuckBunny-2160.avi
15146,0.98934,0.89638,0.99675,52.60439,0.99754,0.90335,0.99151,0.99607,0.99769,98.76636,0.3,0.18,0.21,0.36,53.31,55.54,54.91,52.6,0.998,0.998,0.998,0.998,/tmpdir/crf_16.mpd,/videos/BigBuckBunny-2160.avi
15147,0.9917,1.6905,0.99677,53.14043,0.9975,0.90916,0.99376,0.99735,0.99852,99.6793,0.27,0.17,0.19,0.32,53.83,55.91,55.41,53.14,0.998,0.998,0.998,0.998,/tmpdir/crf_16.mpd,/videos/BigBuckBunny-2160.avi
15148,0.98941,1.57992,0.99671,52.96265,0.99747,0.90663,0.99278,0.99693,0.99832,99.18639,0.28,0.17,0.19,0.33,53.68,55.84,55.36,52.96,0.998,0.998,0.998,0.998,/tmpdir/crf_16.mpd,/videos/BigBuckBunny-2160.avi
15149,0.99387,0.813,0.99688,54.17812,0.99752,0.92406,0.99599,0.9983,0.99903,99.75129,0.22,0.14,0.16,0.25,54.79,56.57,56.19,54.18,0.998,0.998,0.998,0.998,/tmpdir/crf_16.mpd,/videos/BigBuckBunny-2160.avi
15150,0.9898,0.813,0.99677,53.03427,0.99749,0.91081,0.99268,0.99666,0.99802,98.871,0.28,0.18,0.19,0.32,53.7,55.69,55.24,53.03,0.998,0.998,0.998,0.998,/tmpdir/crf_16.mpd,/videos/BigBuckBunny-2160.avi
15151,0.99153,1.67615,0.99677,53.30495,0.99749,0.91246,0.99386,0.99733,0.99849,99.64975,0.26,0.17,0.19,0.3,53.96,55.95,55.39,53.3,0.998,0.998,0.998,0.998,/tmpdir/crf_16.mpd,/videos/BigBuckBunny-2160.avi
15152,0.99057,1.75649,0.99675,53.16964,0.99748,0.91137,0.9928,0.99678,0.99817,99.47973,0.27,0.18,0.2,0.31,53.77,55.59,55.03,53.17,0.998,0.998,0.998,0.998,/tmpdir/crf_16.mpd,/videos/BigBuckBunny-2160.avi
15153,0.99421,0.63788,0.99691,53.79976,0.99758,0.91893,0.99576,0.99823,0.99903,99.70948,0.23,0.15,0.17,0.27,54.42,56.28,55.79,53.8,0.998,0.998,0.998,0.998,/tmpdir/crf_16.mpd,/videos/BigBuckBunny-2160.avi
15154,0.99004,0.63788,0.99678,52.73706,0.99754,0.90641,0.99225,0.99644,0.99791,98.80277,0.3,0.19,0.21,0.35,53.4,55.43,54.84,52.74,0.998,0.998,0.998,0.998,/tmpdir/crf_16.mpd,/videos/BigBuckBunny-2160.avi
15155,0.99219,1.84994,0.99679,53.37544,0.9975,0.91397,0.99403,0.99737,0.9985,99.85985,0.26,0.17,0.19,0.3,53.99,55.82,55.3,53.38,0.998,0.998,0.998,0.998,/tmpdir/crf_16.mpd,/videos/BigBuckBunny-2160.avi
15156,0.99061,1.74661,0.99674,53.29396,0.99747,0.91285,0.99341,0.997,0.99823,99.49698,0.26,0.17,0.2,0.3,53.9,55.7,55.22,53.29,0.998,0.998,0.998,0.998,/tmpdir/crf_16.mpd,/videos/BigBuckBunny-2160.avi
15157,0.99428,0.86046,0.99688,54.15228,0.99752,0.92447,0.99594,0.99833,0.99907,99.85017,0.22,0.14,0.16,0.25,54.77,56.52,56.18,54.15,0.998,0.998,0.998,0.998,/tmpdir/crf_16.mpd,/videos/BigBuckBunny-2160.avi
15158,0.99051,0.86046,0.99677,53.0474,0.99749,0.91156,0.99302,0.99683,0.99814,99.03416,0.28,0.18,0.2,0.32,53.68,55.58,55.09,53.05,0.998,0.998,0.998,0.998,/tmpdir/crf_16.mpd,/videos/BigBuckBunny-2160.avi
15159,0.99164,1.63549,0.99678,53.32956,0.99749,0.91297,0.99386,0.99729,0.99848,99.64999,0.26,0.17,0.19,0.3,53.95,55.84,55.28,53.33,0.998,0.998,0.998,0.998,/tmpdir/crf_16.mpd,/videos/BigBuckBunny-2160.avi
15160,0.99068,1.76662,0.99675,53.12099,0.99748,0.91061,0.99278,0.99666,0.99805,99.49088,0.28,0.18,0.21,0.32,53.72,55.59,54.95,53.12,0.998,0.998,0.998,0.998,/tmpdir/crf_16.mpd,/videos/BigBuckBunny-2160.avi
15161,0.99388,0.64451,0.9969,53.70708,0.99758,0.91769,0.99553,0.99818,0.99904,99.6487,0.24,0.15,0.17,0.28,54.36,56.29,55.82,53.71,0.998,0.998,0.998,0.998,/tmpdir/crf_16.mpd,/videos/BigBuckBunny-2160.avi
15162,0.99064,0.64451,0.9968,52.84336,0.99755,0.90762,0.99258,0.99661,0.99807,98.93246,0.29,0.19,0.21,0.34,53.47,55.34,54.86,52.84,0.998,0.998,0.998,0.998,/tmpdir/crf_16.mpd,/videos/BigBuckBunny-2160.avi
15163,0.99129,1.78982,0.99678,53.28745,0.9975,0.91208,0.99407,0.99747,0.99857,99.67214,0.27,0.18,0.2,0.31,53.89,55.69,55.18,53.29,0.998,0.998,0.998,0.998,/tmpdir/crf_16.mpd,/videos/BigBuckBunny-2160.avi
15164,0.99075,1.59794,0.99674,53.19973,0.99747,0.91101,0.99308,0.99689,0.99814,99.43297,0.27,0.18,0.2,0.31,53.81,55.61,55.17,53.2,0.998,0.998,0.998,0.998,/tmpdir/crf_16.mpd,/videos/BigBuckBunny-2160.avi
15165,0.99354,0.74473,0.99687,54.04441,0.99752,0.922,0.9958,0.99829,0.9991,99.6573,0.22,0.15,0.16,0.26,54.68,56.5,56.18,54.04,0.998,0.998,0.998,0.998,/tmpdir/crf_16.mpd,/videos/BigBuckBunny-2160.avi
15166,0.98993,0.74473,0.99677,52.92211,0.99749,0.90926,0.99292,0.99681,0.99812,98.8686,0.29,0.18,0.2,0.33,53.58,55.57,55.04,52.92,0.998,0.998,0.998,0.998,/tmpdir/crf_16.mpd,/videos/BigBuckBunny-2160.avi
15167,0.99052,1.48916,0.99677,53.28303,0.99749,0.91182,0.99393,0.99739,0.99855,99.3826,0.27,0.17,0.2,0.31,53.9,55.71,55.23,53.28,0.998,0.998,0.998,0.998,/tmpdir/crf_16.mpd,/videos/BigBuckBunny-2160.avi
15168,0.99053,1.67249,0.99675,53.10802,0.99748,0.90947,0.99278,0.99673,0.99811,99.41977,0.28,0.19,0.21,0.32,53.69,55.43,54.92,53.11,0.998,0.998,0.998,0.998,/tmpdir/crf_16.mpd,/videos/BigBuckBunny-2160.avi
15169,0.99399,0.8071,0.99689,53.65818,0.99758,0.91757,0.99551,0.99821,0.99907,99.74767,0.24,0.16,0.18,0.28,54.29,56.16,55.67,53.66,0.998,0.998,0.998,0.998,/tmpdir/crf_16.mpd,/videos/BigBuckBunny-2160.avi
15170,0.99048,0.8071,0.99679,52.81367,0.99755,0.90734,0.99255,0.99659,0.99799,98.97374,0.29,0.19,0.21,0.34,53.45,55.41,54.84,52.81,0.998,0.998,0.998,0.998,/tmpdir/crf_16.mpd,/videos/BigBuckBunny-2160.avi
15171,0.99106,1.98778,0.99678,53.21718,0.99751,0.9106,0.99382,0.99731,0.99846,99.7129,0.27,0.17,0.19,0.31,53.85,55.76,55.24,53.22,0.998,0.998,0.998,0.998,/tmpdir/crf_16.mpd,/videos/BigBuckBunny-2160.avi
15172,0.99056,1.98778,0.99673,53.30849,0.99747,0.912,0.9925,0.99673,0.99814,99.59104,0.26,0.18,0.2,0.3,53.9,55.63,55.17,53.31,0.998,0.998,0.998,0.998,/tmpdir/crf_16.mpd,/videos/BigBuckBunny-2160.avi
15173,0.99368,1.80784,0.99684,54.17346,0.99751,0.92365,0.99485,0.99783,0.99882,100.0,0.22,0.15,0.16,0.25,54.77,56.47,56.06,54.17,0.998,0.998,0.998,0.998,/tmpdir/crf_16.mpd,/videos/BigBuckBunny-2160.avi
15174,0.99053,1.80784,0.99676,53.37768,0.99747,0.91522,0.99264,0.99674,0.99817,99.50932,0.26,0.17,0.19,0.3,53.97,55.72,55.25,53.38,0.998,0.998,0.998,0.998,/tmpdir/crf_16.mpd,/videos/BigBuckBunny-2160.avi
15175,0.9915,1.93492,0.99677,53.64358,0.99747,0.91624,0.9938,0.99733,0.99857,99.79054,0.25,0.17,0.19,0.28,54.2,55.8,55.35,53.64,0.998,0.998,0.998,0.998,/tmpdir/crf_16.mpd,/videos/BigBuckBunny-2160.avi
15176,0.98973,1.93492,0.99674,53.1789,0.99747,0.91053,0.99237,0.99671,0.99822,99.41861,0.27,0.19,0.21,0.31,53.74,55.42,54.86,53.18,0.998,0.998,0.998,0.998,/tmpdir/crf_16.mpd,/videos/BigBuckBunny-2160.avi
15177,0.99362,1.51706,0.99689,54.37767,0.99756,0.92494,0.99498,0.9978,0.99885,100.0,0.21,0.15,0.17,0.24,54.88,56.3,55.91,54.38,0.998,0.998,0.998,0.998,/tmpdir/crf_16.mpd,/videos/BigBuckBunny-2160.avi
15178,0.98929,1.51706,0.99676,53.10082,0.99753,0.90895,0.99172,0.99624,0.99782,99.08966,0.28,0.19,0.21,0.32,53.67,55.37,54.87,53.1,0.998,0.998,0.998,0.998,/tmpdir/crf_16.mpd,/videos/BigBuckBunny-2160.avi
15179,0.99124,1.91498,0.99677,53.35982,0.9975,0.91229,0.99377,0.99738,0.99864,99.72777,0.26,0.18,0.2,0.3,53.95,55.63,55.22,53.36,0.998,0.998,0.998,0.998,/tmpdir/crf_16.mpd,/videos/BigBuckBunny-2160.avi
15180,0.98983,1.91498,0.99672,52.85779,0.99748,0.90644,0.99223,0.99661,0.99817,99.40825,0.29,0.19,0.21,0.34,53.49,55.33,54.89,52.86,0.998,0.998,0.998,0.998,/tmpdir/crf_16.mpd,/videos/BigBuckBunny-2160.avi
15181,0.99335,1.17664,0.99687,54.08087,0.99753,0.92212,0.99536,0.99808,0.99897,99.81497,0.22,0.16,0.17,0.25,54.64,56.17,55.92,54.08,0.998,0.998,0.998,0.998,/tmpdir/crf_16.mpd,/videos/BigBuckBunny-2160.avi
15182,0.99017,1.17664,0.99677,53.03218,0.9975,0.91007,0.9922,0.99655,0.99804,99.10713,0.28,0.19,0.2,0.32,53.66,55.44,55.08,53.03,0.998,0.998,0.998,0.998,/tmpdir/crf_16.mpd,/videos/BigBuckBunny-2160.avi
15183,0.99123,2.37794,0.9968,53.24137,0.99752,0.91201,0.99323,0.99699,0.99825,99.92249,0.27,0.19,0.2,0.31,53.81,55.41,55.08,53.24,0.998,0.998,0.998,0.998,/tmpdir/crf_16.mpd,/videos/BigBuckBunny-2160.avi
15184,0.99019,2.40402,0.99676,53.14735,0.99749,0.91143,0.99256,0.99668,0.99808,99.72959,0.27,0.18,0.2,0.32,53.76,55.49,55.14,53.15,0.998,0.998,0.998,0.998,/tmpdir/crf_16.mpd,/videos/BigBuckBunny-2160.avi
15185,0.99428,1.59266,0.9969,54.30737,0.99756,0.92413,0.9954,0.99802,0.99891,100.0,0.21,0.15,0.16,0.24,54.84,56.35,55.96,54.31,0.998,0.998,0.998,0.998,/tmpdir/crf_16.mpd,/videos/BigBuckBunny-2160.avi
15186,0.99099,1.59266,0.99679,53.39294,0.99752,0.91443,0.99275,0.99671,0.99803,99.47198,0.26,0.18,0.19,0.3,53.97,55.61,55.26,53.39,0.998,0.998,0.998,0.998,/tmpdir/crf_16.mpd,/videos/BigBuckBunny-2160.avi
15187,0.99174,2.04142,0.99679,53.40009,0.99749,0.91418,0.99375,0.9973,0.99848,99.87307,0.26,0.17,0.19,0.3,54.02,55.84,55.44,53.4,0.998,0.998,0.998,0.998,/tmpdir/crf_16.mpd,/videos/BigBuckBunny-2160.avi
15188,0.99005,1.79125,0.99675,53.06956,0.99748,0.90984,0.99237,0.99663,0.99808,99.3901,0.28,0.19,0.2,0.32,53.68,55.37,55.14,53.07,0.998,0.998,0.998,0.998,/tmpdir/crf_16.mpd,/videos/BigBuckBunny-2160.avi
15189,0.99368,1.79125,0.99687,54.0911,0.99751,0.92257,0.99539,0.99805,0.99892,100.0,0.22,0.16,0.17,0.25,54.66,56.19,55.94,54.09,0.998,0.998,0.998,0.998,/tmpdir/crf_16.mpd,/videos/BigBuckBunny-2160.avi
15190,0.99091,1.81143,0.99676,53.13384,0.99748,0.91091,0.99283,0.99682,0.99818,99.56793,0.27,0.18,0.2,0.32,53.76,55.56,55.22,53.13,0.998,0.998,0.998,0.998,/tmpdir/crf_16.mpd,/videos/BigBuckBunny-2160.avi
15191,0.99163,2.28891,0.99676,53.32753,0.99748,0.91186,0.99388,0.99737,0.9985,99.97355,0.26,0.17,0.19,0.3,53.95,55.74,55.38,53.33,0.998,0.998,0.998,0.998,/tmpdir/crf_16.mpd,/videos/BigBuckBunny-2160.avi
15192,0.99075,1.76515,0.99674,53.01696,0.99749,0.90804,0.99255,0.99667,0.99805,99.49428,0.28,0.19,0.2,0.32,53.64,55.45,55.08,53.02,0.998,0.998,0.998,0.998,/tmpdir/crf_16.mpd,/videos/BigBuckBunny-2160.avi
15193,0.9941,1.76515,0.99684,54.14807,0.99751,0.92168,0.99546,0.99806,0.99893,100.0,0.22,0.15,0.16,0.25,54.75,56.45,56.15,54.15,0.998,0.998,0.998,0.998,/tmpdir/crf_16.mpd,/videos/BigBuckBunny-2160.avi
15194,0.99034,2.15503,0.99676,53.35655,0.99746,0.91337,0.99363,0.99717,0.99839,99.67029,0.26,0.16,0.18,0.3,54.04,56.03,55.65,53.36,0.998,0.998,0.998,0.998,/tmpdir/crf_16.mpd,/videos/BigBuckBunny-2160.avi
15195,0.98996,1.43801,0.99675,52.89205,0.99749,0.90711,0.99279,0.99683,0.99823,99.20618,0.29,0.18,0.2,0.33,53.55,55.46,55.1,52.89,0.998,0.998,0.998,0.998,/tmpdir/crf_16.mpd,/videos/BigBuckBunny-2160.avi
15196,0.99344,1.43801,0.99686,54.01156,0.99751,0.92138,0.99523,0.99789,0.99881,99.93703,0.22,0.15,0.16,0.26,54.62,56.38,55.97,54.01,0.998,0.998,0.998,0.998,/tmpdir/crf_16.mpd,/videos/BigBuckBunny-2160.avi
15197,0.991,2.49709,0.9967,52.99385,0.99745,0.90766,0.99266,0.99668,0.99806,99.90755,0.28,0.18,0.19,0.33,53.68,55.66,55.32,52.99,0.998,0.998,0.998,0.998,/tmpdir/crf_16.mpd,/videos/BigBuckBunny-2160.avi
15198,0.99244,2.49709,0.99676,53.20873,0.9975,0.91026,0.9931,0.99694,0.99827,100.0,0.27,0.18,0.19,0.31,53.86,55.66,55.43,53.21,0.998,0.998,0.998,0.998,/tmpdir/crf_16.mpd,/videos/BigBuckBunny-2160.avi
15199,0.99068,1.56598,0.99672,52.91936,0.99748,0.90708,0.99255,0.99661,0.998,99.37692,0.28,0.18,0.19,0.33,53.62,55.64,55.38,52.92,0.998,0.998,0.998,0.998,/tmpdir/crf_16.mpd,/videos/BigBuckBunny-2160.avi
15200,0.99344,1.56598,0.99685,53.925,0.99752,0.91898,0.99538,0.99801,0.99893,100.0,0.23,0.16,0.17,0.26,54.53,56.22,55.95,53.92,0.998,0.998,0.998,0.998,/tmpdir/crf_16.mpd,/videos/BigBuckBunny-2160.avi
15201,0.99102,2.07638,0.9967,52.85657,0.99747,0.90653,0.99249,0.99663,0.9981,99.69656,0.29,0.18,0.2,0.34,53.53,55.49,55.16,52.86,0.998,0.998,0.998,0.998,/tmpdir/crf_16.mpd,/videos/BigBuckBunny-2160.avi
15202,0.99254,1.20205,0.99675,53.32914,0.99747,0.91156,0.99394,0.99735,0.99854,99.59846,0.26,0.17,0.18,0.3,53.99,55.86,55.59,53.33,0.998,0.998,0.998,0.998,/tmpdir/crf_16.mpd,/videos/BigBuckBunny-2160.avi
15203,0.99126,1.20205,0.9967,52.96067,0.99746,0.90711,0.99286,0.99681,0.9982,99.31973,0.28,0.18,0.19,0.33,53.65,55.63,55.32,52.96,0.998,0.998,0.998,0.998,/tmpdir/crf_16.mpd,/videos/BigBuckBunny-2160.avi
15204,0.99404,1.75258,0.99685,54.00194,0.9975,0.92083,0.99586,0.99829,0.99907,100.0,0.23,0.15,0.16,0.26,54.6,56.26,56.02,54.0,0.998,0.998,0.998,0.998,/tmpdir/crf_16.mpd,/videos/BigBuckBunny-2160.avi
15205,0.99083,1.93961,0.99676,52.99659,0.99749,0.91001,0.99272,0.99661,0.99794,99.59263,0.28,0.19,0.19,0.33,53.64,55.42,55.24,53.0,0.998,0.998,0.998,0.998,/tmpdir/crf_16.mpd,/videos/BigBuckBunny-2160.avi
15206,0.99406,1.93961,0.99687,54.02986,0.99751,0.9223,0.99565,0.99815,0.99899,100.0,0.22,0.15,0.17,0.26,54.61,56.25,55.92,54.03,0.998,0.998,0.998,0.998,/tmpdir/crf_16.mpd,/videos/BigBuckBunny-2160.avi
15207,0.99049,0.69789,0.99673,52.9441,0.99747,0.90709,0.99276,0.99677,0.99816,98.93906,0.28,0.18,0.19,0.33,53.61,55.51,55.25,52.94,0.998,0.998,0.998,0.998,/tmpdir/crf_16.mpd,/videos/BigBuckBunny-2160.avi
15208,0.9919,0.69789,0.99677,53.3605,0.99748,0.91206,0.99396,0.99726,0.99836,99.23214,0.26,0.17,0.18,0.3,54.0,55.79,55.56,53.36,0.998,0.998,0.998,0.998,/tmpdir/crf_16.mpd,/videos/BigBuckBunny-2160.avi
15209,0.9895,1.5515,0.99674,52.90029,0.99747,0.90773,0.99258,0.99662,0.99809,99.16797,0.28,0.18,0.19,0.33,53.59,55.56,55.32,52.9,0.998,0.998,0.998,0.998,/tmpdir/crf_16.mpd,/videos/BigBuckBunny-2160.avi
15210,0.99239,1.5515,0.99684,53.60516,0.9975,0.91712,0.995,0.99787,0.99887,99.79615,0.24,0.16,0.17,0.28,54.24,56.02,55.75,53.61,0.998,0.998,0.998,0.998,/tmpdir/crf_16.mpd,/videos/BigBuckBunny-2160.avi
15211,0.98948,1.7313,0.99674,52.86918,0.99747,0.90714,0.99261,0.99662,0.99803,99.24713,0.29,0.18,0.2,0.34,53.53,55.51,55.07,52.87,0.998,0.998,0.998,0.998,/tmpdir/crf_16.mpd,/videos/BigBuckBunny-2160.avi
15212,0.99187,1.7313,0.99676,53.46932,0.99745,0.91492,0.99417,0.99737,0.99845,99.7446,0.25,0.17,0.18,0.29,54.08,55.85,55.47,53.47,0.998,0.998,0.998,0.998,/tmpdir/crf_16.mpd,/videos/BigBuckBunny-2160.avi
15213,0.99037,2.14413,0.99676,53.53633,0.99748,0.91534,0.99292,0.99669,0.99801,99.63706,0.25,0.17,0.18,0.29,54.13,55.85,55.47,53.54,0.998,0.998,0.998,0.998,/tmpdir/crf_16.mpd,/videos/BigBuckBunny-2160.avi
15214,0.9936,2.99729,0.99685,54.79081,0.99749,0.92991,0.99522,0.99789,0.99882,100.0,0.19,0.14,0.15,0.22,55.3,56.69,56.37,54.79,0.998,0.998,0.998,0.998,/tmpdir/crf_16.mpd,/videos/BigBuckBunny-2160.avi
15215,0.99116,1.63299,0.99675,53.35108,0.99746,0.91429,0.99289,0.99681,0.99821,99.53548,0.26,0.18,0.2,0.3,53.93,55.53,55.22,53.35,0.998,0.998,0.998,0.998,/tmpdir/crf_16.mpd,/videos/BigBuckBunny-2160.avi
15216,0.9927,1.63299,0.99678,53.5484,0.99747,0.91593,0.99388,0.99729,0.99845,99.84296,0.25,0.17,0.19,0.29,54.13,55.76,55.43,53.55,0.998,0.998,0.998,0.998,/tmpdir/crf_16.mpd,/videos/BigBuckBunny-2160.avi
15217,0.98951,1.33306,0.99673,52.73549,0.99748,0.90605,0.99228,0.99655,0.99802,99.05129,0.3,0.19,0.2,0.35,53.4,55.32,55.02,52.74,0.998,0.998,0.998,0.998,/tmpdir/crf_16.mpd,/videos/BigBuckBunny-2160.avi
15218,0.99281,1.33306,0.99684,53.73403,0.99751,0.91877,0.99497,0.99787,0.99882,99.76654,0.24,0.17,0.18,0.28,54.32,55.95,55.68,53.73,0.998,0.998,0.998,0.998,/tmpdir/crf_16.mpd,/videos/BigBuckBunny-2160.avi
15219,0.9896,1.58751,0.99676,52.94276,0.99749,0.90853,0.99218,0.99651,0.99798,99.19611,0.29,0.2,0.21,0.33,53.53,55.18,54.88,52.94,0.998,0.998,0.998,0.998,/tmpdir/crf_16.mpd,/videos/BigBuckBunny-2160.avi
15220,0.99135,1.59443,0.9968,53.27693,0.99751,0.91289,0.99351,0.99713,0.99838,99.56545,0.27,0.19,0.2,0.31,53.84,55.42,55.11,53.28,0.998,0.998,0.998,0.998,/tmpdir/crf_16.mpd,/videos/BigBuckBunny-2160.avi
15221,0.98995,1.78567,0.99673,52.82353,0.99749,0.90733,0.9922,0.99654,0.99803,99.35651,0.3,0.2,0.22,0.34,53.43,55.2,54.76,52.82,0.998,0.998,0.998,0.998,/tmpdir/crf_16.mpd,/videos/BigBuckBunny-2160.avi
15222,0.99111,1.78567,0.99675,53.04926,0.99748,0.90993,0.99335,0.99711,0.9984,99.61042,0.28,0.18,0.19,0.32,53.71,55.66,55.24,53.05,0.998,0.998,0.998,0.998,/tmpdir/crf_16.mpd,/videos/BigBuckBunny-2160.avi
15223,1.0,0.0,0.99996,60.0,0.99996,1.0,1.0,1.0,1.0,100.0,0.0,0.0,0.0,0.0,inf,inf,inf,inf,1.0,1.0,1.0,1.0,/tmpdir/crf_16.mpd,/videos/BigBuckBunny-2160.avi
15224,1.0,0.0,0.99996,60.0,0.99996,1.0,1.0,1.0,1.0,100.0,0.0,0.0,0.0,0.0,inf,inf,inf,inf,1.0,1.0,1.0,1.0,/tmpdir/crf_16.mpd,/videos/BigBuckBunny-2160.avi
15225,1.0,0.0,0.99996,60.0,0.99996,1.0,1.0,1.0,1.0,100.0,0.0,0.0,0.0,0.0,inf,inf,inf,inf,1.0,1.0,1.0,1.0,/tmpdir/crf_16.mpd,/videos/BigBuckBunny-2160.avi
15226,1.0,0.0,0.99996,60.0,0.99996,1.0,1.0,1.0,1.0,100.0,0.0,0.0,0.0,0.0,inf,inf,inf,inf,1.0,1.0,1.0,1.0,/tmpdir/crf_16.mpd,/videos/BigBuckBunny-2160.avi
15227,1.0,0.0,0.99996,60.0,0.99996,1.0,1.0,1.0,1.0,100.0,0.0,0.0,0.0,0.0,inf,inf,inf,inf,1.0,1.0,1.0,1.0,/tmpdir/crf_16.mpd,/videos/BigBuckBunny-2160.avi
15228,1.0,0.0,0.99996,60.0,0.99996,1.0,1.0,1.0,1.0,100.0,0.0,0.0,0.0,0.0,inf,inf,inf,inf,1.0,1.0,1.0,1.0,/tmpdir/crf_16.mpd,/videos/BigBuckBunny-2160.avi
15229,1.0,0.0,0.99996,60.0,0.99996,1.0,1.0,1.0,1.0,100.0,0.0,0.0,0.0,0.0,inf,inf,inf,inf,1.0,1.0,1.0,1.0,/tmpdir/crf_16.mpd,/videos/BigBuckBunny-2160.avi
15230,1.0,0.0,0.99996,60.0,0.99996,1.0,1.0,1.0,1.0,100.0,0.0,0.0,0.0,0.0,inf,inf,inf,inf,1.0,1.0,1.0,1.0,/tmpdir/crf_16.mpd,/videos/BigBuckBunny-2160.avi

